timestamp,event,pod_name,pod_uid,priority,time_s
2026/02/05/10:21:40,apply-time,rs-000055-vkcl6,398abc4c-1d90-43bf-af41-972a5aa229c2,1,9.705534
2026/02/05/10:21:40,running-time,rs-000055-vkcl6,398abc4c-1d90-43bf-af41-972a5aa229c2,1,9.705534
2026/02/05/10:21:40,apply-time,rs-000058-shs2h,2c6f1419-cac5-4b73-a02b-ff0f539f090e,3,9.705534
2026/02/05/10:21:40,running-time,rs-000058-shs2h,2c6f1419-cac5-4b73-a02b-ff0f539f090e,3,9.705534
2026/02/05/10:21:41,apply-time,rs-000055-2zrsd,c9fc44ab-247c-40be-aa39-fef0654df95d,1,10.705534
2026/02/05/10:21:41,running-time,rs-000055-2zrsd,c9fc44ab-247c-40be-aa39-fef0654df95d,1,10.705534
2026/02/05/10:21:42,apply-time,rs-000064-bj4jq,4a522706-0584-496b-8cf2-b8972e085c8e,4,11.705534
2026/02/05/10:21:42,running-time,rs-000064-bj4jq,4a522706-0584-496b-8cf2-b8972e085c8e,4,11.705534
2026/02/05/10:21:42,apply-time,rs-000064-d6px6,52d28cfb-4e62-4437-ade0-d4385b60535b,4,11.705534
2026/02/05/10:21:42,running-time,rs-000064-d6px6,52d28cfb-4e62-4437-ade0-d4385b60535b,4,11.705534
2026/02/05/10:21:42,apply-time,rs-000065-gcl5l,4d131640-00c0-4233-9f98-29182a04b120,1,11.705534
2026/02/05/10:21:42,running-time,rs-000065-gcl5l,4d131640-00c0-4233-9f98-29182a04b120,1,11.705534
2026/02/05/10:21:42,apply-time,rs-000065-nzxsz,0d72d3b7-aba3-4d0c-a793-df29767073fd,1,11.705534
2026/02/05/10:21:42,running-time,rs-000065-nzxsz,0d72d3b7-aba3-4d0c-a793-df29767073fd,1,11.705534
2026/02/05/10:21:42,apply-time,rs-000065-tmhnp,a7b63643-697b-425f-a4ac-ea3a88e39be6,1,11.705534
2026/02/05/10:21:42,running-time,rs-000065-tmhnp,a7b63643-697b-425f-a4ac-ea3a88e39be6,1,11.705534
2026/02/05/10:21:43,apply-time,rs-000066-976zk,beeca604-3cba-4f9f-a4d7-b0e180822f57,2,12.705534
2026/02/05/10:21:43,running-time,rs-000066-976zk,beeca604-3cba-4f9f-a4d7-b0e180822f57,2,12.705534
2026/02/05/10:21:43,apply-time,rs-000067-cs4rx,b05f7725-1498-4e77-b71a-387ef07aeecf,2,12.705534
2026/02/05/10:21:43,apply-time,rs-000067-trjz5,9f48ba9e-8a2c-4f26-b7cc-d148bdc4c854,2,12.705534
2026/02/05/10:21:43,running-time,rs-000067-trjz5,9f48ba9e-8a2c-4f26-b7cc-d148bdc4c854,2,12.705534
2026/02/05/10:21:43,apply-time,rs-000067-ttg6g,9613765b-638b-451b-bcd0-9e8d0487c523,2,12.705534
2026/02/05/10:21:43,running-time,rs-000067-ttg6g,9613765b-638b-451b-bcd0-9e8d0487c523,2,12.705534
2026/02/05/10:21:43,apply-time,rs-000069-8wszv,89d0358e-5f9b-41b2-94c4-92ab2f208bd2,2,12.705534
2026/02/05/10:21:43,apply-time,rs-000070-pj574,647a68ab-9722-4e52-a401-dd503290c7d5,2,12.705534
2026/02/05/10:21:43,running-time,rs-000070-pj574,647a68ab-9722-4e52-a401-dd503290c7d5,2,12.705534
2026/02/05/10:21:44,running-time,rs-000067-cs4rx,b05f7725-1498-4e77-b71a-387ef07aeecf,2,12.705534
2026/02/05/10:21:44,apply-time,rs-000068-dx9rp,4cf92bb9-137d-4e78-b919-9ae799b14f53,1,13.705534
2026/02/05/10:21:44,apply-time,rs-000068-k4xlk,b33a0326-c3b2-45c0-9cd8-b93e174a2abc,1,13.705534
2026/02/05/10:21:45,running-time,rs-000068-dx9rp,4cf92bb9-137d-4e78-b919-9ae799b14f53,1,14.705534
2026/02/05/10:21:45,running-time,rs-000068-k4xlk,b33a0326-c3b2-45c0-9cd8-b93e174a2abc,1,14.705534
2026/02/05/10:21:49,apply-time,rs-000071-jwwf7,e2cad2fe-a0e4-4031-905d-bb71ac88384a,1,18.705534
2026/02/05/10:21:49,apply-time,rs-000071-stnj9,16a87743-15b5-4421-a057-60f36bedd3c0,1,18.705534
2026/02/05/10:21:58,apply-time,rs-000072-4qprr,de99de02-3ff6-495f-8537-24cd7f399662,2,27.705534
2026/02/05/10:21:58,apply-time,rs-000072-zd69g,260ed49e-82f0-47b4-9b0a-1fc8dd02dd51,2,27.705534
2026/02/05/10:21:58,apply-time,rs-000073-g5dvd,a01d98b9-20fc-4fab-b8f1-1ef9acd10069,4,27.705534
2026/02/05/10:21:58,apply-time,rs-000073-g5fsn,cad49635-834a-4d28-b229-09bce8b4d93a,4,27.705534
2026/02/05/10:21:58,apply-time,rs-000074-l8nwr,a82eaa6e-28f6-4b39-993d-a48dd065b6e9,3,27.705534
2026/02/05/10:21:58,running-time,rs-000074-l8nwr,a82eaa6e-28f6-4b39-993d-a48dd065b6e9,3,27.705534
2026/02/05/10:21:58,apply-time,rs-000074-ttfsz,ad38b34d-d453-4dbd-ace8-17473d987dde,3,27.705534
2026/02/05/10:21:58,running-time,rs-000074-ttfsz,ad38b34d-d453-4dbd-ace8-17473d987dde,3,27.705534
2026/02/05/10:21:58,apply-time,rs-000074-xjsxr,b595d27a-c892-4cc9-8626-8b5eb43bb483,3,27.705534
2026/02/05/10:21:58,running-time,rs-000074-xjsxr,b595d27a-c892-4cc9-8626-8b5eb43bb483,3,27.705534
2026/02/05/10:21:58,apply-time,rs-000075-bmt4q,dbb0b3a7-7896-466b-8ac3-44e6e0d4f8dd,3,27.705534
2026/02/05/10:21:58,running-time,rs-000075-bmt4q,dbb0b3a7-7896-466b-8ac3-44e6e0d4f8dd,3,27.705534
2026/02/05/10:21:58,apply-time,rs-000076-6n9dv,f167f3e6-449d-454b-95ce-f08e3e38ce2a,4,27.705534
2026/02/05/10:21:58,running-time,rs-000076-6n9dv,f167f3e6-449d-454b-95ce-f08e3e38ce2a,4,27.705534
2026/02/05/10:21:58,apply-time,rs-000077-psj5k,cecc35c4-e640-4e9f-9834-559c41269594,2,27.705534
2026/02/05/10:21:58,running-time,rs-000077-psj5k,cecc35c4-e640-4e9f-9834-559c41269594,2,27.705534
2026/02/05/10:21:58,apply-time,rs-000077-sxtr5,1f661e89-1622-4725-8a5b-ffc039ce5ba9,2,27.705534
2026/02/05/10:21:58,running-time,rs-000077-sxtr5,1f661e89-1622-4725-8a5b-ffc039ce5ba9,2,27.705534
2026/02/05/10:21:58,apply-time,rs-000078-2n4wg,df2f306c-ee69-4536-8350-2632482f5880,1,27.705534
2026/02/05/10:21:58,running-time,rs-000078-2n4wg,df2f306c-ee69-4536-8350-2632482f5880,1,27.705534
2026/02/05/10:21:58,apply-time,rs-000078-45spz,fb1c5d2f-7039-4038-a75c-91cf5442a5c5,1,27.705534
2026/02/05/10:21:58,running-time,rs-000078-45spz,fb1c5d2f-7039-4038-a75c-91cf5442a5c5,1,27.705534
2026/02/05/10:21:58,apply-time,rs-000078-w5wr6,8f633e0b-3744-4fbe-b691-d9f89e617454,1,27.705534
2026/02/05/10:21:58,running-time,rs-000078-w5wr6,8f633e0b-3744-4fbe-b691-d9f89e617454,1,27.705534
2026/02/05/10:21:58,apply-time,rs-000079-5rw76,efe9c9e4-8fb3-46c1-8f84-a8adf18a957b,3,27.705534
2026/02/05/10:21:58,running-time,rs-000079-5rw76,efe9c9e4-8fb3-46c1-8f84-a8adf18a957b,3,27.705534
2026/02/05/10:21:59,apply-time,rs-000080-c5kh2,00905b06-698a-4bf0-89c6-b5e5e16ccfa7,3,28.705534
2026/02/05/10:21:59,running-time,rs-000080-c5kh2,00905b06-698a-4bf0-89c6-b5e5e16ccfa7,3,28.705534
2026/02/05/10:22:10,apply-time,rs-000081-wzfr7,ae820704-a69c-416e-815e-4578cee0f3ca,1,39.705534
2026/02/05/10:22:10,running-time,rs-000081-wzfr7,ae820704-a69c-416e-815e-4578cee0f3ca,1,39.705534
2026/02/05/10:22:10,apply-time,rs-000081-znmk5,1beec736-aa76-4c6f-b399-a85c1787c14a,1,39.705534
2026/02/05/10:22:10,running-time,rs-000081-znmk5,1beec736-aa76-4c6f-b399-a85c1787c14a,1,39.705534
2026/02/05/10:22:10,apply-time,rs-000082-gsqwp,bf9f3a30-b112-4f3d-9d36-1bdb5db2e4cb,4,39.705534
2026/02/05/10:22:10,running-time,rs-000082-gsqwp,bf9f3a30-b112-4f3d-9d36-1bdb5db2e4cb,4,39.705534
2026/02/05/10:22:10,apply-time,rs-000083-5l5mw,70d57aaa-ff6e-421c-975a-8e533d719d4c,2,39.705534
2026/02/05/10:22:10,running-time,rs-000083-5l5mw,70d57aaa-ff6e-421c-975a-8e533d719d4c,2,39.705534
2026/02/05/10:22:16,apply-time,rs-000084-k7pp7,9d1dc1ba-724b-49c8-aeb4-028076d4f87c,4,45.705534
2026/02/05/10:22:16,apply-time,rs-000084-tkf2q,fbddab0c-0aee-4626-9317-902ba82be798,4,45.705534
2026/02/05/10:22:16,apply-time,rs-000085-7tzcp,a562f0a7-49e6-4c07-9a88-5e5c3bd13323,3,45.705534
2026/02/05/10:22:16,running-time,rs-000085-7tzcp,a562f0a7-49e6-4c07-9a88-5e5c3bd13323,3,45.705534
2026/02/05/10:22:16,apply-time,rs-000086-9n8v5,a0e8afe9-fb30-4199-93a3-c10a3265e61d,4,45.705534
2026/02/05/10:22:16,running-time,rs-000086-9n8v5,a0e8afe9-fb30-4199-93a3-c10a3265e61d,4,45.705534
2026/02/05/10:22:16,apply-time,rs-000087-fvn79,0e1271fe-2b3b-48fb-8b5b-8abfc0ca55d4,2,45.705534
2026/02/05/10:22:16,running-time,rs-000087-fvn79,0e1271fe-2b3b-48fb-8b5b-8abfc0ca55d4,2,45.705534
2026/02/05/10:22:16,apply-time,rs-000087-js6tj,587d4ce3-fd0a-4281-a501-c9cc0e639c03,2,45.705534
2026/02/05/10:22:16,running-time,rs-000087-js6tj,587d4ce3-fd0a-4281-a501-c9cc0e639c03,2,45.705534
2026/02/05/10:22:16,apply-time,rs-000087-qtrxg,e619f567-64f3-489c-ad2f-394e2b0dc86e,2,45.705534
2026/02/05/10:22:16,running-time,rs-000087-qtrxg,e619f567-64f3-489c-ad2f-394e2b0dc86e,2,45.705534
2026/02/05/10:22:30,apply-time,rs-000088-mwv8j,13b7f165-7dda-4a68-b44b-933330273661,2,59.705534
2026/02/05/10:22:30,running-time,rs-000088-mwv8j,13b7f165-7dda-4a68-b44b-933330273661,2,59.705534
2026/02/05/10:22:30,apply-time,rs-000088-vcw7n,c138e716-bf8a-4661-9baa-d63d2a9405fa,2,59.705534
2026/02/05/10:22:30,running-time,rs-000088-vcw7n,c138e716-bf8a-4661-9baa-d63d2a9405fa,2,59.705534
2026/02/05/10:22:30,apply-time,rs-000089-2nk9j,e569b884-a0d1-4bdc-9bed-ecc9f1ef0d29,2,59.705534
2026/02/05/10:22:30,running-time,rs-000089-2nk9j,e569b884-a0d1-4bdc-9bed-ecc9f1ef0d29,2,59.705534
2026/02/05/10:22:30,apply-time,rs-000089-6w8l8,e53b8dce-63b0-403b-850d-82cb7afbc2ae,2,59.705534
2026/02/05/10:22:30,running-time,rs-000089-6w8l8,e53b8dce-63b0-403b-850d-82cb7afbc2ae,2,59.705534
2026/02/05/10:22:30,apply-time,rs-000089-gbhp6,20a6420b-06d1-4234-8c9d-30bfa469f5ab,2,59.705534
2026/02/05/10:22:30,running-time,rs-000089-gbhp6,20a6420b-06d1-4234-8c9d-30bfa469f5ab,2,59.705534
2026/02/05/10:22:30,apply-time,rs-000090-6gzdc,3e1d7099-140c-4ae0-81e6-b2390a6a4002,1,59.705534
2026/02/05/10:22:30,running-time,rs-000090-6gzdc,3e1d7099-140c-4ae0-81e6-b2390a6a4002,1,59.705534
2026/02/05/10:22:30,apply-time,rs-000090-gfqq4,a31d7bf2-b73d-4516-a583-3b9afb3746e6,1,59.705534
2026/02/05/10:22:30,running-time,rs-000090-gfqq4,a31d7bf2-b73d-4516-a583-3b9afb3746e6,1,59.705534
2026/02/05/10:22:30,apply-time,rs-000091-lcnc4,bce406d0-48a9-464b-9e89-33a0e7c7ec12,3,59.705534
2026/02/05/10:22:30,running-time,rs-000091-lcnc4,bce406d0-48a9-464b-9e89-33a0e7c7ec12,3,59.705534
2026/02/05/10:22:30,apply-time,rs-000091-wl652,dadf4cb8-f565-4f7b-b2dd-bdb96fa3894b,3,59.705534
2026/02/05/10:22:30,running-time,rs-000091-wl652,dadf4cb8-f565-4f7b-b2dd-bdb96fa3894b,3,59.705534
2026/02/05/10:22:30,apply-time,rs-000091-xts7m,d32fd9b0-396d-4c9d-8281-c690245a4416,3,59.705534
2026/02/05/10:22:30,running-time,rs-000091-xts7m,d32fd9b0-396d-4c9d-8281-c690245a4416,3,59.705534
2026/02/05/10:22:34,apply-time,rs-000092-kdqcw,bf2ae00f-874d-470a-87a5-ea1fa51f8931,4,63.705534
2026/02/05/10:22:34,running-time,rs-000092-kdqcw,bf2ae00f-874d-470a-87a5-ea1fa51f8931,4,63.705534
2026/02/05/10:22:34,apply-time,rs-000092-tl7dc,2ea4b589-0820-469a-9e18-23a234dc2953,4,63.705534
2026/02/05/10:22:34,running-time,rs-000092-tl7dc,2ea4b589-0820-469a-9e18-23a234dc2953,4,63.705534
2026/02/05/10:22:34,apply-time,rs-000093-bpjhn,ae805a00-5f8c-4a11-b926-35432ecca083,3,63.705534
2026/02/05/10:22:34,running-time,rs-000093-bpjhn,ae805a00-5f8c-4a11-b926-35432ecca083,3,63.705534
2026/02/05/10:22:34,apply-time,rs-000094-85mbb,43427ed2-fb5f-4dec-a2f4-c73a03abac7f,4,63.705534
2026/02/05/10:22:34,apply-time,rs-000094-k56vl,004ce56f-f00b-4155-a07c-e0ee69e4f2b5,4,63.705534
2026/02/05/10:22:34,running-time,rs-000094-k56vl,004ce56f-f00b-4155-a07c-e0ee69e4f2b5,4,63.705534
2026/02/05/10:22:34,apply-time,rs-000094-ll46r,a8bccd2f-0947-4bc4-8b60-10447123195f,4,63.705534
2026/02/05/10:22:34,running-time,rs-000094-ll46r,a8bccd2f-0947-4bc4-8b60-10447123195f,4,63.705534
2026/02/05/10:22:35,apply-time,rs-000095-ftgd2,2c401468-1978-4342-be2a-8c231f88c21e,1,64.705534
2026/02/05/10:22:35,running-time,rs-000095-ftgd2,2c401468-1978-4342-be2a-8c231f88c21e,1,64.705534
2026/02/05/10:22:35,apply-time,rs-000096-z8vzz,bcdaa9a6-864d-46f0-8253-53c7d2f87c31,1,64.705534
2026/02/05/10:22:35,running-time,rs-000096-z8vzz,bcdaa9a6-864d-46f0-8253-53c7d2f87c31,1,64.705534
2026/02/05/10:22:35,apply-time,rs-000097-64kbf,f188e023-e42a-48f1-a616-e9519998bc3b,4,64.705534
2026/02/05/10:22:35,running-time,rs-000097-64kbf,f188e023-e42a-48f1-a616-e9519998bc3b,4,64.705534
2026/02/05/10:22:35,apply-time,rs-000098-9hdxs,f9866bf2-45cd-431b-9676-861372838e86,2,64.705534
2026/02/05/10:22:35,apply-time,rs-000098-cgjsv,28b38beb-2e5a-4f0a-8728-986214439538,2,64.705534
2026/02/05/10:22:35,apply-time,rs-000098-m4jhs,fa5a6bbb-b480-4a7a-8c4a-d2f0fb754a18,2,64.705534
2026/02/05/10:22:35,apply-time,rs-000099-m64sl,0476d2d2-3f1e-4326-a813-92ab83fb09e7,2,64.705534
2026/02/05/10:22:35,running-time,rs-000099-m64sl,0476d2d2-3f1e-4326-a813-92ab83fb09e7,2,64.705534
2026/02/05/10:22:35,apply-time,rs-000099-rqzkg,be6dcd4c-8096-4699-98b1-f4cc73a04c3b,2,64.705534
2026/02/05/10:22:35,running-time,rs-000099-rqzkg,be6dcd4c-8096-4699-98b1-f4cc73a04c3b,2,64.705534
2026/02/05/10:22:35,apply-time,rs-000100-vv9gl,0e0de62d-2773-495a-9589-07cc45b061c1,2,64.705534
2026/02/05/10:22:35,running-time,rs-000100-vv9gl,0e0de62d-2773-495a-9589-07cc45b061c1,2,64.705534
2026/02/05/10:22:35,apply-time,rs-000101-8gvnc,b27a7cfd-e792-403a-b613-ebef6835de50,1,64.705534
2026/02/05/10:22:35,running-time,rs-000101-8gvnc,b27a7cfd-e792-403a-b613-ebef6835de50,1,64.705534
2026/02/05/10:22:35,apply-time,rs-000101-lltcw,d95c7c22-0691-4729-b8fd-5e70b7445ace,1,64.705534
2026/02/05/10:22:35,running-time,rs-000101-lltcw,d95c7c22-0691-4729-b8fd-5e70b7445ace,1,64.705534
2026/02/05/10:22:35,apply-time,rs-000103-vcctb,9b2c0aa8-55e4-47e7-8e9a-f8c2a6bad487,1,65.705534
2026/02/05/10:22:35,running-time,rs-000103-vcctb,9b2c0aa8-55e4-47e7-8e9a-f8c2a6bad487,1,65.705534
2026/02/05/10:22:36,running-time,rs-000098-cgjsv,28b38beb-2e5a-4f0a-8728-986214439538,2,65.705534
2026/02/05/10:22:36,apply-time,rs-000102-hbsjx,ea2e3276-ba20-44bd-bbff-cf932a035af7,1,65.705534
2026/02/05/10:22:36,running-time,rs-000102-hbsjx,ea2e3276-ba20-44bd-bbff-cf932a035af7,1,65.705534
2026/02/05/10:22:36,apply-time,rs-000102-mqmrs,e3d4dd42-42fa-4419-95d7-3945bba0db29,1,65.705534
2026/02/05/10:22:36,running-time,rs-000102-mqmrs,e3d4dd42-42fa-4419-95d7-3945bba0db29,1,65.705534
2026/02/05/10:22:36,apply-time,rs-000103-47wnn,0ef1870a-b6d9-4867-bab3-403f10757dc3,1,65.705534
2026/02/05/10:22:36,running-time,rs-000103-47wnn,0ef1870a-b6d9-4867-bab3-403f10757dc3,1,65.705534
2026/02/05/10:22:36,apply-time,rs-000103-xhrlc,a991853b-9d3c-4422-9a32-5d4a4b0ca53b,1,65.705534
2026/02/05/10:22:36,running-time,rs-000103-xhrlc,a991853b-9d3c-4422-9a32-5d4a4b0ca53b,1,65.705534
2026/02/05/10:22:36,apply-time,rs-000104-gz42b,2e66a1e9-cbef-4331-9246-43e9b3489cf8,1,65.705534
2026/02/05/10:22:36,running-time,rs-000104-gz42b,2e66a1e9-cbef-4331-9246-43e9b3489cf8,1,65.705534
2026/02/05/10:22:36,apply-time,rs-000104-llpb4,6cbfcfc2-3daf-4a3d-adf8-d258802b6a24,1,65.705534
2026/02/05/10:22:36,apply-time,rs-000104-nmx9m,0357f4d4-ec2c-42d1-a6f6-aa65127c1f00,1,65.705534
2026/02/05/10:22:36,apply-time,rs-000105-9jbj7,73f04285-8501-4823-9434-a5bb41249967,1,65.705534
2026/02/05/10:22:36,apply-time,rs-000105-kmxjx,3a1d41b5-4f08-4410-a22b-147dafaa78db,1,65.705534
2026/02/05/10:22:36,running-time,rs-000105-kmxjx,3a1d41b5-4f08-4410-a22b-147dafaa78db,1,65.705534
2026/02/05/10:22:36,apply-time,rs-000105-rrj6v,fdfb1083-4b25-47a0-9ad2-35dab56592d1,1,66.705534
2026/02/05/10:22:36,apply-time,rs-000106-pv8rc,c97ed496-1d03-44f9-a074-eef68ffd662a,3,65.705534
2026/02/05/10:22:36,apply-time,rs-000106-xcb7d,2823c739-984b-44b8-9ac6-b8b6398584ae,3,65.705534
2026/02/05/10:22:37,running-time,rs-000104-llpb4,6cbfcfc2-3daf-4a3d-adf8-d258802b6a24,1,66.705534
2026/02/05/10:22:37,running-time,rs-000104-nmx9m,0357f4d4-ec2c-42d1-a6f6-aa65127c1f00,1,66.705534
2026/02/05/10:22:37,running-time,rs-000105-9jbj7,73f04285-8501-4823-9434-a5bb41249967,1,66.705534
2026/02/05/10:22:37,running-time,rs-000105-rrj6v,fdfb1083-4b25-47a0-9ad2-35dab56592d1,1,66.705534
2026/02/05/10:22:40,apply-time,rs-000108-kp8ff,66a532a2-3bf2-40db-b7e6-8ee9717b484e,2,69.705534
2026/02/05/10:22:40,running-time,rs-000108-kp8ff,66a532a2-3bf2-40db-b7e6-8ee9717b484e,2,69.705534
2026/02/05/10:22:40,apply-time,rs-000109-7x8kt,3dcbc8b0-bffd-45a5-8d5e-77b4b34bbdc5,2,69.705534
2026/02/05/10:22:40,running-time,rs-000109-7x8kt,3dcbc8b0-bffd-45a5-8d5e-77b4b34bbdc5,2,69.705534
2026/02/05/10:22:40,apply-time,rs-000110-542h4,2eacdc72-c17a-4f98-97fd-4d76b201c8ca,3,69.705534
2026/02/05/10:22:40,running-time,rs-000110-542h4,2eacdc72-c17a-4f98-97fd-4d76b201c8ca,3,69.705534
2026/02/05/10:22:40,apply-time,rs-000110-bjq42,441fba8b-4bca-4e39-a5fe-8980c2f2d676,3,69.705534
2026/02/05/10:22:40,running-time,rs-000110-bjq42,441fba8b-4bca-4e39-a5fe-8980c2f2d676,3,69.705534
2026/02/05/10:22:40,apply-time,rs-000111-2thlq,ac2ad948-0de0-48b1-9d7d-09898c9036b5,1,69.705534
2026/02/05/10:22:40,running-time,rs-000111-2thlq,ac2ad948-0de0-48b1-9d7d-09898c9036b5,1,69.705534
2026/02/05/10:22:40,apply-time,rs-000111-8dz7f,f141caa9-2c7a-4c46-aa24-c1d2c716300e,1,69.705534
2026/02/05/10:22:40,running-time,rs-000111-8dz7f,f141caa9-2c7a-4c46-aa24-c1d2c716300e,1,69.705534
2026/02/05/10:22:40,apply-time,rs-000111-r8xv6,97d04f94-a655-43c8-8805-96bf08896571,1,69.705534
2026/02/05/10:22:40,running-time,rs-000111-r8xv6,97d04f94-a655-43c8-8805-96bf08896571,1,69.705534
2026/02/05/10:22:40,apply-time,rs-000112-9mjms,8a9857c5-9ce9-411f-999e-d5bbe789ad1f,3,69.705534
2026/02/05/10:22:40,running-time,rs-000112-9mjms,8a9857c5-9ce9-411f-999e-d5bbe789ad1f,3,69.705534
2026/02/05/10:22:40,apply-time,rs-000112-hnrzf,62b0ceaa-27de-4834-af11-47e76d066754,3,69.705534
2026/02/05/10:22:40,running-time,rs-000112-hnrzf,62b0ceaa-27de-4834-af11-47e76d066754,3,69.705534
2026/02/05/10:22:40,apply-time,rs-000112-jkxpf,3c2956aa-3c73-4a28-b453-a328e2fb801f,3,69.705534
2026/02/05/10:22:40,running-time,rs-000112-jkxpf,3c2956aa-3c73-4a28-b453-a328e2fb801f,3,69.705534
2026/02/05/10:22:40,apply-time,rs-000113-4kbnn,77926ca8-b9e5-411c-bc8e-71a06a3b409b,3,69.705534
2026/02/05/10:22:40,running-time,rs-000113-4kbnn,77926ca8-b9e5-411c-bc8e-71a06a3b409b,3,69.705534
2026/02/05/10:22:40,apply-time,rs-000114-5kgs8,fd915970-ac47-4f68-9dc4-8018b77e8906,2,69.705534
2026/02/05/10:22:40,running-time,rs-000114-5kgs8,fd915970-ac47-4f68-9dc4-8018b77e8906,2,69.705534
2026/02/05/10:22:41,apply-time,rs-000113-n2g5r,8e4be7f9-95b4-4dfe-9eee-ed89d47d312a,3,70.705534
2026/02/05/10:22:41,running-time,rs-000113-n2g5r,8e4be7f9-95b4-4dfe-9eee-ed89d47d312a,3,70.705534
2026/02/05/10:22:41,apply-time,rs-000115-ph2kw,72a49608-8eb5-4108-aa21-15b74ae50c1d,3,70.705534
2026/02/05/10:22:41,apply-time,rs-000115-qbtpb,f1bf2f2a-5450-439c-8db1-5f3859b9eaaf,3,70.705534
2026/02/05/10:22:41,apply-time,rs-000115-wf696,38ffcd67-e0dc-4ae0-8a1d-9c5d09922cca,3,70.705534
2026/02/05/10:22:41,apply-time,rs-000116-2cfx5,56802ea1-21c6-4a8e-8657-ced699ea2da2,1,70.705534
2026/02/05/10:22:41,running-time,rs-000116-2cfx5,56802ea1-21c6-4a8e-8657-ced699ea2da2,1,70.705534
2026/02/05/10:22:41,apply-time,rs-000116-54lxf,5b9abc18-d184-4e74-9d84-372d3f6046ed,1,70.705534
2026/02/05/10:22:41,running-time,rs-000116-54lxf,5b9abc18-d184-4e74-9d84-372d3f6046ed,1,70.705534
2026/02/05/10:22:41,apply-time,rs-000117-cgnss,0a7db324-1cea-4b34-86e0-b4fd817b5275,3,70.705534
2026/02/05/10:22:41,running-time,rs-000117-cgnss,0a7db324-1cea-4b34-86e0-b4fd817b5275,3,70.705534
2026/02/05/10:22:41,apply-time,rs-000117-vjqzj,a3d7e5a6-be1f-41a4-9dd6-17aee17720dd,3,70.705534
2026/02/05/10:22:41,running-time,rs-000117-vjqzj,a3d7e5a6-be1f-41a4-9dd6-17aee17720dd,3,70.705534
2026/02/05/10:22:41,apply-time,rs-000118-7fb7r,42b18b93-4fb2-4f4b-a584-80f56dfdd86d,2,70.705534
2026/02/05/10:22:41,running-time,rs-000118-7fb7r,42b18b93-4fb2-4f4b-a584-80f56dfdd86d,2,70.705534
2026/02/05/10:22:41,apply-time,rs-000118-hpwrq,4ef5847c-4287-4143-bcfb-c8eb6ac3a0bf,2,70.705534
2026/02/05/10:22:41,running-time,rs-000118-hpwrq,4ef5847c-4287-4143-bcfb-c8eb6ac3a0bf,2,70.705534
2026/02/05/10:22:41,apply-time,rs-000119-tpntx,e0802973-cbdf-473a-ac92-588df7c29821,4,70.705534
2026/02/05/10:22:41,running-time,rs-000119-tpntx,e0802973-cbdf-473a-ac92-588df7c29821,4,70.705534
2026/02/05/10:22:42,apply-time,rs-000119-j7xcz,018b20b3-bec5-47e0-b60a-211d96ad2687,4,71.705534
2026/02/05/10:22:42,running-time,rs-000119-j7xcz,018b20b3-bec5-47e0-b60a-211d96ad2687,4,71.705534
2026/02/05/10:22:44,apply-time,rs-000120-m9lcl,16621eff-22a7-4fe7-8fe6-4ab3740f19c8,3,73.705534
2026/02/05/10:22:44,running-time,rs-000120-m9lcl,16621eff-22a7-4fe7-8fe6-4ab3740f19c8,3,73.705534
2026/02/05/10:22:44,apply-time,rs-000120-msbdr,6097828f-616b-4439-8b10-78783df5a842,3,73.705534
2026/02/05/10:22:44,running-time,rs-000120-msbdr,6097828f-616b-4439-8b10-78783df5a842,3,73.705534
2026/02/05/10:22:45,apply-time,rs-000121-gqnn9,bb10a024-2bb3-4ab0-a339-66c455bd3130,2,74.705534
2026/02/05/10:22:45,running-time,rs-000121-gqnn9,bb10a024-2bb3-4ab0-a339-66c455bd3130,2,74.705534
2026/02/05/10:22:45,apply-time,rs-000122-j22c5,eee55ba1-1718-4ba8-a5cf-5d80c97fa666,2,74.705534
2026/02/05/10:22:45,apply-time,rs-000122-qnrh2,bea09b01-0a05-4f1f-82b3-6f517fd1d9c9,2,74.705534
2026/02/05/10:22:45,running-time,rs-000122-qnrh2,bea09b01-0a05-4f1f-82b3-6f517fd1d9c9,2,74.705534
2026/02/05/10:22:45,apply-time,rs-000122-zlpw6,6d929f18-8fdf-4687-bdde-257307c9936b,2,74.705534
2026/02/05/10:22:45,running-time,rs-000122-zlpw6,6d929f18-8fdf-4687-bdde-257307c9936b,2,74.705534
2026/02/05/10:22:45,apply-time,rs-000123-q8xk7,10701194-c8d7-4be7-b848-a92e74e147d0,2,74.705534
2026/02/05/10:22:45,running-time,rs-000123-q8xk7,10701194-c8d7-4be7-b848-a92e74e147d0,2,74.705534
2026/02/05/10:22:45,apply-time,rs-000123-qpcjv,9539c0fa-af35-40ab-a7be-ee6cb0055369,2,74.705534
2026/02/05/10:22:45,running-time,rs-000123-qpcjv,9539c0fa-af35-40ab-a7be-ee6cb0055369,2,74.705534
2026/02/05/10:22:46,running-time,rs-000122-j22c5,eee55ba1-1718-4ba8-a5cf-5d80c97fa666,2,75.705534
2026/02/05/10:22:46,apply-time,rs-000124-86b2m,1055cd13-3444-4f69-b6cc-2bf1f9e22fea,2,75.705534
2026/02/05/10:22:46,running-time,rs-000124-86b2m,1055cd13-3444-4f69-b6cc-2bf1f9e22fea,2,75.705534
2026/02/05/10:22:46,apply-time,rs-000125-mdxg7,d1e03a34-21bf-4675-9b99-023c9c6cc796,3,75.705534
2026/02/05/10:22:46,running-time,rs-000125-mdxg7,d1e03a34-21bf-4675-9b99-023c9c6cc796,3,75.705534
2026/02/05/10:22:46,apply-time,rs-000125-zvmlr,0e19cf58-6609-406d-91e9-afe6f091c475,3,75.705534
2026/02/05/10:22:46,running-time,rs-000125-zvmlr,0e19cf58-6609-406d-91e9-afe6f091c475,3,75.705534
2026/02/05/10:22:46,apply-time,rs-000126-5275d,79f640ff-57c1-4c51-9cfc-abe3867c844b,1,75.705534
2026/02/05/10:22:46,running-time,rs-000126-5275d,79f640ff-57c1-4c51-9cfc-abe3867c844b,1,75.705534
2026/02/05/10:22:46,apply-time,rs-000126-7gbdw,56cabcfe-1f47-46ca-8f51-c14c3f7d3266,1,75.705534
2026/02/05/10:22:46,running-time,rs-000126-7gbdw,56cabcfe-1f47-46ca-8f51-c14c3f7d3266,1,75.705534
2026/02/05/10:22:46,apply-time,rs-000126-h6957,f2fe5a5e-2fee-429b-a02f-798eec4691a4,1,75.705534
2026/02/05/10:22:46,running-time,rs-000126-h6957,f2fe5a5e-2fee-429b-a02f-798eec4691a4,1,75.705534
2026/02/05/10:22:46,apply-time,rs-000127-8hcl6,635bd90d-6f13-4b27-9284-13f071f0f829,3,75.705534
2026/02/05/10:22:46,running-time,rs-000127-8hcl6,635bd90d-6f13-4b27-9284-13f071f0f829,3,75.705534
2026/02/05/10:22:46,apply-time,rs-000127-wnqs9,444c2e51-2791-4a2e-b538-f879693dbd9b,3,75.705534
2026/02/05/10:22:46,running-time,rs-000127-wnqs9,444c2e51-2791-4a2e-b538-f879693dbd9b,3,75.705534
2026/02/05/10:22:46,apply-time,rs-000127-zhxv2,e925bb3a-5a40-4055-b9cb-e61b79501d6e,3,75.705534
2026/02/05/10:22:46,running-time,rs-000127-zhxv2,e925bb3a-5a40-4055-b9cb-e61b79501d6e,3,75.705534
2026/02/05/10:22:46,apply-time,rs-000128-kgbts,350deca7-494d-4b57-ad6d-b09482742194,1,75.705534
2026/02/05/10:22:46,apply-time,rs-000128-mngvm,82358fe5-4d4b-4b9e-9c96-502c912cf8b0,1,75.705534
2026/02/05/10:22:46,apply-time,rs-000128-rc75s,a203f935-6835-4722-9be2-c47ffd83e522,1,75.705534
2026/02/05/10:22:46,running-time,rs-000128-rc75s,a203f935-6835-4722-9be2-c47ffd83e522,1,75.705534
2026/02/05/10:22:47,running-time,rs-000128-kgbts,350deca7-494d-4b57-ad6d-b09482742194,1,76.705534
2026/02/05/10:22:47,running-time,rs-000128-mngvm,82358fe5-4d4b-4b9e-9c96-502c912cf8b0,1,76.705534
2026/02/05/10:22:47,apply-time,rs-000129-flbsf,edee290c-0d20-478f-8086-d78490ae66f5,3,76.705534
2026/02/05/10:22:47,running-time,rs-000129-flbsf,edee290c-0d20-478f-8086-d78490ae66f5,3,76.705534
2026/02/05/10:22:47,apply-time,rs-000129-xk4df,e7a11b5a-f070-4cdd-a3ab-da6eeb422793,3,76.705534
2026/02/05/10:22:47,apply-time,rs-000130-w8vxs,7850fae4-a430-4bdf-96c2-314ab55ff1ab,4,76.705534
2026/02/05/10:22:47,running-time,rs-000130-w8vxs,7850fae4-a430-4bdf-96c2-314ab55ff1ab,4,76.705534
2026/02/05/10:22:48,running-time,rs-000129-xk4df,e7a11b5a-f070-4cdd-a3ab-da6eeb422793,3,77.705534
2026/02/05/10:23:02,apply-time,rs-000131-xd6rj,8ad1fd88-9e75-4254-8bab-5804e05ef843,1,91.705534
2026/02/05/10:23:02,running-time,rs-000131-xd6rj,8ad1fd88-9e75-4254-8bab-5804e05ef843,1,91.705534
2026/02/05/10:23:02,apply-time,rs-000132-d454s,cf376568-c1e7-4be4-87c8-6cc5d85d049a,1,91.705534
2026/02/05/10:23:02,running-time,rs-000132-d454s,cf376568-c1e7-4be4-87c8-6cc5d85d049a,1,91.705534
2026/02/05/10:23:02,apply-time,rs-000132-nbksm,39e96cdc-25cc-47dd-870f-92086ca854b0,1,91.705534
2026/02/05/10:23:02,running-time,rs-000132-nbksm,39e96cdc-25cc-47dd-870f-92086ca854b0,1,91.705534
2026/02/05/10:23:02,apply-time,rs-000132-x62fx,3d58e5a7-1ea5-4685-9f1f-3f21bde346ce,1,91.705534
2026/02/05/10:23:02,running-time,rs-000132-x62fx,3d58e5a7-1ea5-4685-9f1f-3f21bde346ce,1,91.705534
2026/02/05/10:23:02,apply-time,rs-000133-77mpx,02315758-a64c-4a58-b965-ae7922f6eeef,4,91.705534
2026/02/05/10:23:02,running-time,rs-000133-77mpx,02315758-a64c-4a58-b965-ae7922f6eeef,4,91.705534
2026/02/05/10:23:02,apply-time,rs-000133-hr6pj,5d64a94a-4f73-4f19-98ec-c9288269622b,4,91.705534
2026/02/05/10:23:02,running-time,rs-000133-hr6pj,5d64a94a-4f73-4f19-98ec-c9288269622b,4,91.705534
2026/02/05/10:23:02,apply-time,rs-000134-hdgfh,aed73a5a-9e8f-4938-847d-3bd7aa079a7a,1,91.705534
2026/02/05/10:23:02,running-time,rs-000134-hdgfh,aed73a5a-9e8f-4938-847d-3bd7aa079a7a,1,91.705534
2026/02/05/10:23:02,apply-time,rs-000135-54vvr,c290c35a-4271-4002-a38b-6cac0977138a,1,91.705534
2026/02/05/10:23:02,running-time,rs-000135-54vvr,c290c35a-4271-4002-a38b-6cac0977138a,1,91.705534
2026/02/05/10:23:02,apply-time,rs-000135-zpfzh,c9f25192-a74c-419e-b9c1-1257d10607c8,1,91.705534
2026/02/05/10:23:02,running-time,rs-000135-zpfzh,c9f25192-a74c-419e-b9c1-1257d10607c8,1,91.705534
2026/02/05/10:23:03,apply-time,rs-000136-dvkmr,e660e43c-7c46-4602-9325-708a32fe7905,3,92.705534
2026/02/05/10:23:03,running-time,rs-000136-dvkmr,e660e43c-7c46-4602-9325-708a32fe7905,3,92.705534
2026/02/05/10:23:03,apply-time,rs-000136-xvprc,7548819c-6ca4-40e9-8b98-52eab6d89167,3,92.705534
2026/02/05/10:23:03,running-time,rs-000136-xvprc,7548819c-6ca4-40e9-8b98-52eab6d89167,3,92.705534
2026/02/05/10:23:03,apply-time,rs-000137-njpz4,0558c75b-f517-4746-bd68-56f8bbd2c7f1,2,92.705534
2026/02/05/10:23:03,running-time,rs-000137-njpz4,0558c75b-f517-4746-bd68-56f8bbd2c7f1,2,92.705534
2026/02/05/10:23:06,apply-time,rs-000138-rgtsp,9de2a33e-a1db-4849-af3d-d11d63b70a2a,2,95.705534
2026/02/05/10:23:06,running-time,rs-000138-rgtsp,9de2a33e-a1db-4849-af3d-d11d63b70a2a,2,95.705534
2026/02/05/10:23:06,apply-time,rs-000139-92mkf,a5467457-2aa6-4f9d-ae08-5ae64a393e25,1,95.705534
2026/02/05/10:23:06,running-time,rs-000139-92mkf,a5467457-2aa6-4f9d-ae08-5ae64a393e25,1,95.705534
2026/02/05/10:23:06,apply-time,rs-000139-wxgt6,8d98bb45-42da-4086-bb3a-20cccaf4db2a,1,95.705534
2026/02/05/10:23:06,running-time,rs-000139-wxgt6,8d98bb45-42da-4086-bb3a-20cccaf4db2a,1,95.705534
2026/02/05/10:23:06,apply-time,rs-000140-75tsv,7126daea-0771-4d5d-b394-dfdc49d05565,4,95.705534
2026/02/05/10:23:06,running-time,rs-000140-75tsv,7126daea-0771-4d5d-b394-dfdc49d05565,4,95.705534
2026/02/05/10:23:06,apply-time,rs-000140-sz4qt,daa38584-dfb9-4ed3-9c96-9eedc633cdd8,4,95.705534
2026/02/05/10:23:06,running-time,rs-000140-sz4qt,daa38584-dfb9-4ed3-9c96-9eedc633cdd8,4,95.705534
2026/02/05/10:23:06,apply-time,rs-000140-vcmgl,10fbf826-8bb8-4e6d-a518-37a7512770fc,4,95.705534
2026/02/05/10:23:06,running-time,rs-000140-vcmgl,10fbf826-8bb8-4e6d-a518-37a7512770fc,4,95.705534
2026/02/05/10:23:06,apply-time,rs-000141-5bvcv,ba12cfaf-a6ab-4ea5-956b-c84cc367b9da,1,95.705534
2026/02/05/10:23:06,running-time,rs-000141-5bvcv,ba12cfaf-a6ab-4ea5-956b-c84cc367b9da,1,95.705534
2026/02/05/10:23:06,apply-time,rs-000141-8pwvg,a03bf92a-3e9d-480d-a7ae-687d9cb63c93,1,95.705534
2026/02/05/10:23:06,running-time,rs-000141-8pwvg,a03bf92a-3e9d-480d-a7ae-687d9cb63c93,1,95.705534
2026/02/05/10:23:06,apply-time,rs-000142-6tnzc,cd74d43e-c584-4eb6-a765-c30aad369bad,2,95.705534
2026/02/05/10:23:06,running-time,rs-000142-6tnzc,cd74d43e-c584-4eb6-a765-c30aad369bad,2,95.705534
2026/02/05/10:23:06,apply-time,rs-000142-lh4vf,1f0d74ce-49ed-4a87-bb6e-4f5eeb177fb1,2,95.705534
2026/02/05/10:23:06,running-time,rs-000142-lh4vf,1f0d74ce-49ed-4a87-bb6e-4f5eeb177fb1,2,95.705534
2026/02/05/10:23:06,apply-time,rs-000143-7gxkg,2060a0cd-fb90-4b91-b070-49bb9d9076d8,3,95.705534
2026/02/05/10:23:06,running-time,rs-000143-7gxkg,2060a0cd-fb90-4b91-b070-49bb9d9076d8,3,95.705534
2026/02/05/10:23:06,apply-time,rs-000143-7pt4h,8d759111-9fc1-43ce-ba80-1c7d60de4ef5,3,95.705534
2026/02/05/10:23:06,running-time,rs-000143-7pt4h,8d759111-9fc1-43ce-ba80-1c7d60de4ef5,3,95.705534
2026/02/05/10:23:07,apply-time,rs-000144-f7nk7,2e691f12-da28-4882-939c-11a44e82e565,4,96.705534
2026/02/05/10:23:07,apply-time,rs-000145-nx6pd,e1eade62-8e78-433d-86fe-d598568a70b5,2,96.705534
2026/02/05/10:23:07,running-time,rs-000145-nx6pd,e1eade62-8e78-433d-86fe-d598568a70b5,2,96.705534
2026/02/05/10:23:07,apply-time,rs-000145-ttc4q,058e76c1-54ca-40db-83e8-a6c2af4ee265,2,96.705534
2026/02/05/10:23:07,running-time,rs-000145-ttc4q,058e76c1-54ca-40db-83e8-a6c2af4ee265,2,96.705534
2026/02/05/10:23:08,running-time,rs-000144-f7nk7,2e691f12-da28-4882-939c-11a44e82e565,4,98.705534
2026/02/05/10:23:08,apply-time,rs-000146-68pcx,22f930bb-776d-4cb5-bce7-04784b99b88d,2,97.705534
2026/02/05/10:23:08,running-time,rs-000146-68pcx,22f930bb-776d-4cb5-bce7-04784b99b88d,2,97.705534
2026/02/05/10:23:08,apply-time,rs-000147-bn4jj,c7020f1c-330a-45ca-8cd6-a783b69a1b90,4,97.705534
2026/02/05/10:23:08,running-time,rs-000147-bn4jj,c7020f1c-330a-45ca-8cd6-a783b69a1b90,4,97.705534
2026/02/05/10:23:13,apply-time,rs-000148-6j5qv,8adfe491-9f29-4210-b204-b7d8643f6940,2,102.705534
2026/02/05/10:23:13,running-time,rs-000148-6j5qv,8adfe491-9f29-4210-b204-b7d8643f6940,2,102.705534
2026/02/05/10:23:13,apply-time,rs-000148-fmpg9,51872021-bcdf-41c6-86e6-c49f97aa7c32,2,102.705534
2026/02/05/10:23:13,running-time,rs-000148-fmpg9,51872021-bcdf-41c6-86e6-c49f97aa7c32,2,102.705534
2026/02/05/10:23:13,apply-time,rs-000148-rpz4v,51bd423d-e69f-466b-bcc1-11443641964b,2,102.705534
2026/02/05/10:23:13,running-time,rs-000148-rpz4v,51bd423d-e69f-466b-bcc1-11443641964b,2,102.705534
2026/02/05/10:23:13,apply-time,rs-000149-5dt8g,d4be679d-d67d-4449-8978-0dc95a1ac9ec,4,102.705534
2026/02/05/10:23:13,running-time,rs-000149-5dt8g,d4be679d-d67d-4449-8978-0dc95a1ac9ec,4,102.705534
2026/02/05/10:23:13,apply-time,rs-000149-mf5p6,ca144889-6706-4f90-93ae-87a1b5b2dc4c,4,102.705534
2026/02/05/10:23:13,running-time,rs-000149-mf5p6,ca144889-6706-4f90-93ae-87a1b5b2dc4c,4,102.705534
2026/02/05/10:23:13,apply-time,rs-000150-c5k4l,627fe89a-3ccc-44f0-9425-bd56e4a1b8bb,2,102.705534
2026/02/05/10:23:13,running-time,rs-000150-c5k4l,627fe89a-3ccc-44f0-9425-bd56e4a1b8bb,2,102.705534
2026/02/05/10:23:13,apply-time,rs-000151-4zgwq,6f360605-688b-4b5c-976c-b0d9edab4316,1,102.705534
2026/02/05/10:23:13,running-time,rs-000151-4zgwq,6f360605-688b-4b5c-976c-b0d9edab4316,1,102.705534
2026/02/05/10:23:13,apply-time,rs-000151-wqjrx,21b4adc4-867a-4e5f-a08a-13bdf43cef03,1,102.705534
2026/02/05/10:23:13,running-time,rs-000151-wqjrx,21b4adc4-867a-4e5f-a08a-13bdf43cef03,1,102.705534
2026/02/05/10:23:13,apply-time,rs-000152-jst6t,f0eb0bd1-06bf-46bb-8ad6-d2f281d9e41c,1,102.705534
2026/02/05/10:23:13,running-time,rs-000152-jst6t,f0eb0bd1-06bf-46bb-8ad6-d2f281d9e41c,1,102.705534
2026/02/05/10:23:13,apply-time,rs-000153-jbwj8,e85a87ae-e4ee-40c8-9701-e77b53e4ddb5,1,103.705534
2026/02/05/10:23:14,apply-time,rs-000153-98kvl,21a1dfd7-b076-423f-9370-46548b792c4c,1,103.705534
2026/02/05/10:23:14,apply-time,rs-000153-gfh9s,590e26d7-9313-4218-86ff-0fb26b0fa86c,1,103.705534
2026/02/05/10:23:14,apply-time,rs-000154-btmhf,7500d84f-3af4-47a6-8c59-2d5d5f5859a6,4,103.705534
2026/02/05/10:23:14,running-time,rs-000154-btmhf,7500d84f-3af4-47a6-8c59-2d5d5f5859a6,4,103.705534
2026/02/05/10:23:14,apply-time,rs-000154-d2p78,6a41777e-00e7-4e3c-8dd4-9a6827dfdac6,4,103.705534
2026/02/05/10:23:14,running-time,rs-000154-d2p78,6a41777e-00e7-4e3c-8dd4-9a6827dfdac6,4,103.705534
2026/02/05/10:23:15,apply-time,rs-000155-r7fvl,860c26fb-2892-4225-a54f-8441e6c5136b,1,104.705534
2026/02/05/10:23:15,running-time,rs-000155-r7fvl,860c26fb-2892-4225-a54f-8441e6c5136b,1,104.705534
2026/02/05/10:23:15,apply-time,rs-000156-7vmvh,cf882ac9-4451-49f2-9b30-430a7b0fb6b0,3,104.705534
2026/02/05/10:23:15,running-time,rs-000156-7vmvh,cf882ac9-4451-49f2-9b30-430a7b0fb6b0,3,104.705534
2026/02/05/10:23:15,apply-time,rs-000156-nr47h,8dd3d56d-aaca-4322-9235-0a23f56d3900,3,104.705534
2026/02/05/10:23:15,running-time,rs-000156-nr47h,8dd3d56d-aaca-4322-9235-0a23f56d3900,3,104.705534
2026/02/05/10:23:15,apply-time,rs-000156-x749v,269a6dad-10b9-48cb-9f17-f66d3473bd0b,3,104.705534
2026/02/05/10:23:15,running-time,rs-000156-x749v,269a6dad-10b9-48cb-9f17-f66d3473bd0b,3,104.705534
2026/02/05/10:23:16,apply-time,rs-000157-tck4m,a81be18a-d6be-4d89-ae16-f69babc541a2,2,105.705534
2026/02/05/10:23:16,running-time,rs-000157-tck4m,a81be18a-d6be-4d89-ae16-f69babc541a2,2,105.705534
2026/02/05/10:23:16,apply-time,rs-000157-z2mx9,0f13d8fa-7c5b-42a5-9df0-ef7f7a317f94,2,105.705534
2026/02/05/10:23:16,running-time,rs-000157-z2mx9,0f13d8fa-7c5b-42a5-9df0-ef7f7a317f94,2,105.705534
2026/02/05/10:23:16,apply-time,rs-000158-5nlg5,3ab039b6-d65e-4f3d-bd9d-650970e581c2,2,105.705534
2026/02/05/10:23:16,apply-time,rs-000158-j4pf6,9f9d91b9-b6f2-489e-92b6-ac17424d080c,2,105.705534
2026/02/05/10:23:17,apply-time,rs-000159-gcc7x,b80fa371-483b-4c05-be3d-25d8e0762dea,1,106.705534
2026/02/05/10:23:17,running-time,rs-000159-gcc7x,b80fa371-483b-4c05-be3d-25d8e0762dea,1,106.705534
2026/02/05/10:23:17,apply-time,rs-000160-t79ml,0d0ad245-ed76-47d2-8f82-a597a51b2af8,3,106.705534
2026/02/05/10:23:17,running-time,rs-000160-t79ml,0d0ad245-ed76-47d2-8f82-a597a51b2af8,3,106.705534
2026/02/05/10:23:22,apply-time,rs-000161-nqk8g,714e5a38-30e1-450b-91fb-7d350258e7ab,3,111.705534
2026/02/05/10:23:22,running-time,rs-000161-nqk8g,714e5a38-30e1-450b-91fb-7d350258e7ab,3,111.705534
2026/02/05/10:23:22,apply-time,rs-000162-kdr9v,2caa527e-b02b-4ae9-bbd8-bc3316d818a8,3,111.705534
2026/02/05/10:23:22,running-time,rs-000162-kdr9v,2caa527e-b02b-4ae9-bbd8-bc3316d818a8,3,111.705534
2026/02/05/10:23:22,apply-time,rs-000162-vvhn5,34053b70-94cd-4a07-9da0-431730a068f1,3,111.705534
2026/02/05/10:23:22,running-time,rs-000162-vvhn5,34053b70-94cd-4a07-9da0-431730a068f1,3,111.705534
2026/02/05/10:23:22,apply-time,rs-000163-dvnf2,264e3843-efc1-4d14-9554-a6fcf0ba4e4c,1,111.705534
2026/02/05/10:23:22,running-time,rs-000163-dvnf2,264e3843-efc1-4d14-9554-a6fcf0ba4e4c,1,111.705534
2026/02/05/10:23:22,apply-time,rs-000163-szczk,b9b7dcf0-7dde-413c-bfa0-3c0b9142319b,1,111.705534
2026/02/05/10:23:22,running-time,rs-000163-szczk,b9b7dcf0-7dde-413c-bfa0-3c0b9142319b,1,111.705534
2026/02/05/10:23:22,apply-time,rs-000164-9wzp7,11456b52-9e56-40ce-9c48-015ae78f36bd,3,111.705534
2026/02/05/10:23:22,apply-time,rs-000164-cb7td,80c17701-612e-4932-99e0-a96fe543c485,3,111.705534
2026/02/05/10:23:22,apply-time,rs-000164-lwr4m,4eeeed74-6947-482c-a330-b8facfc90bc9,3,111.705534
2026/02/05/10:23:23,running-time,rs-000164-cb7td,80c17701-612e-4932-99e0-a96fe543c485,3,112.705534
2026/02/05/10:23:24,apply-time,rs-000165-fdbxc,d6b50268-789e-4db2-8c31-98751942a135,2,113.705534
2026/02/05/10:23:24,running-time,rs-000165-fdbxc,d6b50268-789e-4db2-8c31-98751942a135,2,113.705534
2026/02/05/10:23:24,apply-time,rs-000166-2w25f,a63d8587-5909-4f44-9561-ba219a73036e,1,113.705534
2026/02/05/10:23:24,running-time,rs-000166-2w25f,a63d8587-5909-4f44-9561-ba219a73036e,1,113.705534
2026/02/05/10:23:24,apply-time,rs-000166-5t26d,279bacbb-3b4c-4382-9e19-cd88e6ce4440,1,113.705534
2026/02/05/10:23:24,apply-time,rs-000166-fmnlf,d6ba699a-f5a6-43c1-afe2-df5747d78e8b,1,113.705534
2026/02/05/10:23:24,apply-time,rs-000167-tc7ml,055d6d6a-c089-4c3d-badf-caddec2d0ee0,1,113.705534
2026/02/05/10:23:25,running-time,rs-000166-fmnlf,d6ba699a-f5a6-43c1-afe2-df5747d78e8b,1,115.705534
2026/02/05/10:23:26,running-time,rs-000166-5t26d,279bacbb-3b4c-4382-9e19-cd88e6ce4440,1,115.705534
2026/02/05/10:23:27,running-time,rs-000164-9wzp7,11456b52-9e56-40ce-9c48-015ae78f36bd,3,116.705534
2026/02/05/10:23:27,running-time,rs-000164-lwr4m,4eeeed74-6947-482c-a330-b8facfc90bc9,3,116.705534
2026/02/05/10:23:31,apply-time,rs-000168-78ctq,6f2ccb61-d104-4fdd-8ba9-0a29a6a19dd4,1,120.705534
2026/02/05/10:23:31,apply-time,rs-000168-jmg76,c740d6c8-da25-4c18-a644-3b6f0deac85e,1,120.705534
2026/02/05/10:23:31,running-time,rs-000168-jmg76,c740d6c8-da25-4c18-a644-3b6f0deac85e,1,120.705534
2026/02/05/10:23:31,apply-time,rs-000169-tg6s5,ee5f0291-ce1d-4318-b9ed-78758508353a,2,120.705534
2026/02/05/10:23:31,running-time,rs-000169-tg6s5,ee5f0291-ce1d-4318-b9ed-78758508353a,2,120.705534
2026/02/05/10:23:31,apply-time,rs-000169-z2575,d88b8703-019b-4ce7-a878-106dbd34bc3d,2,120.705534
2026/02/05/10:23:31,running-time,rs-000169-z2575,d88b8703-019b-4ce7-a878-106dbd34bc3d,2,120.705534
2026/02/05/10:23:31,apply-time,rs-000170-5l86p,31e468ee-bbbc-4d88-bc7a-c32674adc2ed,1,120.705534
2026/02/05/10:23:31,running-time,rs-000170-5l86p,31e468ee-bbbc-4d88-bc7a-c32674adc2ed,1,120.705534
2026/02/05/10:23:31,apply-time,rs-000170-kpnm8,b6400398-ad69-4aeb-b204-a3aa486e411a,1,120.705534
2026/02/05/10:23:31,running-time,rs-000170-kpnm8,b6400398-ad69-4aeb-b204-a3aa486e411a,1,120.705534
2026/02/05/10:23:31,apply-time,rs-000171-4lq6s,0889fdb8-4218-4a63-ac5a-4f09b1e37d10,4,120.705534
2026/02/05/10:23:31,running-time,rs-000171-4lq6s,0889fdb8-4218-4a63-ac5a-4f09b1e37d10,4,120.705534
2026/02/05/10:23:31,apply-time,rs-000171-6rhjh,0767f1c4-229f-4edb-a615-7b4e272eb71c,4,120.705534
2026/02/05/10:23:31,running-time,rs-000171-6rhjh,0767f1c4-229f-4edb-a615-7b4e272eb71c,4,120.705534
2026/02/05/10:23:31,apply-time,rs-000171-wtnfh,87a0391d-02b4-4f94-95ef-e367d9705da5,4,120.705534
2026/02/05/10:23:32,running-time,rs-000171-wtnfh,87a0391d-02b4-4f94-95ef-e367d9705da5,4,121.705534
2026/02/05/10:23:32,apply-time,rs-000172-29sx4,dfbb75e7-44c6-45f1-b612-638846a219b1,3,121.705534
2026/02/05/10:23:32,running-time,rs-000172-29sx4,dfbb75e7-44c6-45f1-b612-638846a219b1,3,121.705534
2026/02/05/10:23:32,apply-time,rs-000172-gn8vg,4b887c4c-e9b5-417f-996c-f04c277728b5,3,121.705534
2026/02/05/10:23:32,running-time,rs-000172-gn8vg,4b887c4c-e9b5-417f-996c-f04c277728b5,3,121.705534
2026/02/05/10:23:32,apply-time,rs-000173-mchvw,beedb2f0-916b-44f1-bc86-2bc22fe84b91,4,121.705534
2026/02/05/10:23:32,running-time,rs-000173-mchvw,beedb2f0-916b-44f1-bc86-2bc22fe84b91,4,121.705534
2026/02/05/10:23:32,apply-time,rs-000174-pdlqg,ba3a468e-7393-4402-a365-8f63df8f2c3b,1,121.705534
2026/02/05/10:23:32,running-time,rs-000174-pdlqg,ba3a468e-7393-4402-a365-8f63df8f2c3b,1,121.705534
2026/02/05/10:23:32,apply-time,rs-000174-qdlx9,27403d64-2b03-4227-aacd-d312a32589b6,1,121.705534
2026/02/05/10:23:32,running-time,rs-000174-qdlx9,27403d64-2b03-4227-aacd-d312a32589b6,1,121.705534
2026/02/05/10:23:36,apply-time,rs-000175-dz24l,f3b4254f-7a76-4ce2-af66-d47fcda0fddb,4,125.705534
2026/02/05/10:23:36,running-time,rs-000175-dz24l,f3b4254f-7a76-4ce2-af66-d47fcda0fddb,4,125.705534
2026/02/05/10:23:36,apply-time,rs-000175-fsf6m,a30a8976-bf53-475b-bb3a-50ea03a3f568,4,125.705534
2026/02/05/10:23:36,running-time,rs-000175-fsf6m,a30a8976-bf53-475b-bb3a-50ea03a3f568,4,125.705534
2026/02/05/10:23:36,apply-time,rs-000175-g6kfm,db4e8cda-4a94-47c6-b2f7-5e2d900f3dab,4,125.705534
2026/02/05/10:23:36,running-time,rs-000175-g6kfm,db4e8cda-4a94-47c6-b2f7-5e2d900f3dab,4,125.705534
2026/02/05/10:23:38,apply-time,rs-000176-8vfmj,df522a6d-953e-445a-aede-15eead3498d7,2,127.705534
2026/02/05/10:23:38,running-time,rs-000176-8vfmj,df522a6d-953e-445a-aede-15eead3498d7,2,127.705534
2026/02/05/10:23:38,apply-time,rs-000176-ztp66,c485428c-abfe-46b4-a730-9b770de22162,2,127.705534
2026/02/05/10:23:38,running-time,rs-000176-ztp66,c485428c-abfe-46b4-a730-9b770de22162,2,127.705534
2026/02/05/10:23:38,apply-time,rs-000177-p8g5l,68743473-e6eb-4342-b109-ec8f01f3f50c,2,127.705534
2026/02/05/10:23:38,running-time,rs-000177-p8g5l,68743473-e6eb-4342-b109-ec8f01f3f50c,2,127.705534
2026/02/05/10:23:38,apply-time,rs-000178-s4qgj,6ba2b801-6903-456a-90f9-02c90e074ece,2,127.705534
2026/02/05/10:23:38,apply-time,rs-000179-d28sr,20122551-ed96-4d1f-8aa8-1adca8f1111d,3,127.705534
2026/02/05/10:23:38,running-time,rs-000179-d28sr,20122551-ed96-4d1f-8aa8-1adca8f1111d,3,127.705534
2026/02/05/10:23:38,apply-time,rs-000180-z77zj,11513804-cf89-4e20-87ba-dbf4850999db,4,127.705534
2026/02/05/10:23:38,running-time,rs-000180-z77zj,11513804-cf89-4e20-87ba-dbf4850999db,4,127.705534
2026/02/05/10:23:48,running-time,rs-000158-j4pf6,9f9d91b9-b6f2-489e-92b6-ac17424d080c,2,137.705534
2026/02/05/10:23:49,apply-time,rs-000181-kq84m,86783ecd-34b4-4c38-a6a0-e63e9a8011fe,3,138.705534
2026/02/05/10:23:49,running-time,rs-000181-kq84m,86783ecd-34b4-4c38-a6a0-e63e9a8011fe,3,138.705534
2026/02/05/10:23:49,apply-time,rs-000182-n9g5s,49f648aa-fc65-4aac-bda1-44afe049c952,3,138.705534
2026/02/05/10:23:49,running-time,rs-000182-n9g5s,49f648aa-fc65-4aac-bda1-44afe049c952,3,138.705534
2026/02/05/10:23:49,apply-time,rs-000182-z5t42,ebe95573-59ac-435c-8e96-c8aea268f52f,3,138.705534
2026/02/05/10:23:49,running-time,rs-000182-z5t42,ebe95573-59ac-435c-8e96-c8aea268f52f,3,138.705534
2026/02/05/10:23:49,apply-time,rs-000182-zq9pw,7aa5674c-d55a-4842-86cd-d8c20b8acc65,3,138.705534
2026/02/05/10:23:49,running-time,rs-000182-zq9pw,7aa5674c-d55a-4842-86cd-d8c20b8acc65,3,138.705534
2026/02/05/10:23:50,apply-time,rs-000183-p94l7,b51e2063-2780-421a-8552-a37f6dd1fb67,2,139.705534
2026/02/05/10:23:50,running-time,rs-000183-p94l7,b51e2063-2780-421a-8552-a37f6dd1fb67,2,139.705534
2026/02/05/10:23:50,apply-time,rs-000184-89mph,4c7105b3-1aad-454b-a042-c82f77971aa6,3,139.705534
2026/02/05/10:23:50,running-time,rs-000184-89mph,4c7105b3-1aad-454b-a042-c82f77971aa6,3,139.705534
2026/02/05/10:23:50,apply-time,rs-000185-8b4tc,b8ccf044-fb2f-4afc-9021-322c212205b9,2,139.705534
2026/02/05/10:23:50,running-time,rs-000185-8b4tc,b8ccf044-fb2f-4afc-9021-322c212205b9,2,139.705534
2026/02/05/10:23:50,apply-time,rs-000185-ftvfz,c45e4e16-dde8-4ec6-b41d-dbee4d1167db,2,139.705534
2026/02/05/10:23:50,running-time,rs-000185-ftvfz,c45e4e16-dde8-4ec6-b41d-dbee4d1167db,2,139.705534
2026/02/05/10:23:57,apply-time,rs-000186-jxf6f,be3a8e3d-318e-4020-bf0c-87b4999bc2be,2,146.705534
2026/02/05/10:23:57,running-time,rs-000186-jxf6f,be3a8e3d-318e-4020-bf0c-87b4999bc2be,2,146.705534
2026/02/05/10:23:57,apply-time,rs-000187-5rnz2,d679ee2d-e73a-4d8d-91bd-12aa537c1967,1,146.705534
2026/02/05/10:23:57,running-time,rs-000187-5rnz2,d679ee2d-e73a-4d8d-91bd-12aa537c1967,1,146.705534
2026/02/05/10:23:57,apply-time,rs-000188-m67nr,8f892c25-2255-4bf3-9e71-1ac983b6a295,1,146.705534
2026/02/05/10:23:57,running-time,rs-000188-m67nr,8f892c25-2255-4bf3-9e71-1ac983b6a295,1,146.705534
2026/02/05/10:23:57,apply-time,rs-000189-mqkqk,47c73ea6-9d7a-4b51-a134-cf05df6ed129,2,146.705534
2026/02/05/10:23:57,running-time,rs-000189-mqkqk,47c73ea6-9d7a-4b51-a134-cf05df6ed129,2,146.705534
2026/02/05/10:23:57,apply-time,rs-000189-qpwzt,4c61fd02-dc99-4af3-a619-56ec329ec1d3,2,146.705534
2026/02/05/10:23:57,running-time,rs-000189-qpwzt,4c61fd02-dc99-4af3-a619-56ec329ec1d3,2,146.705534
2026/02/05/10:23:57,apply-time,rs-000190-2cqs9,edeb89b7-79a2-4723-ad82-cf5be8e3ea8a,1,147.705534
2026/02/05/10:23:57,running-time,rs-000190-2cqs9,edeb89b7-79a2-4723-ad82-cf5be8e3ea8a,1,147.705534
2026/02/05/10:23:57,apply-time,rs-000190-w8n4p,69a5efd9-f5b3-475b-8a8c-f87433e7817e,1,147.705534
2026/02/05/10:23:57,running-time,rs-000190-w8n4p,69a5efd9-f5b3-475b-8a8c-f87433e7817e,1,147.705534
2026/02/05/10:24:12,apply-time,rs-000191-k89wj,ca21de19-8830-4c94-80c2-ce0ded21760d,1,161.705534
2026/02/05/10:24:12,running-time,rs-000191-k89wj,ca21de19-8830-4c94-80c2-ce0ded21760d,1,161.705534
2026/02/05/10:24:12,apply-time,rs-000192-ths8d,4ba8723b-34f2-49e7-822a-b0c0bda8eede,4,161.705534
2026/02/05/10:24:12,running-time,rs-000192-ths8d,4ba8723b-34f2-49e7-822a-b0c0bda8eede,4,161.705534
2026/02/05/10:24:12,apply-time,rs-000193-5lqtq,719783e4-0532-4c64-9a5c-2cc70874c76f,1,161.705534
2026/02/05/10:24:12,running-time,rs-000193-5lqtq,719783e4-0532-4c64-9a5c-2cc70874c76f,1,161.705534
2026/02/05/10:24:12,apply-time,rs-000193-5tq2v,352f83e1-da8d-4ab2-90bb-cf8fc6a8510c,1,161.705534
2026/02/05/10:24:12,running-time,rs-000193-5tq2v,352f83e1-da8d-4ab2-90bb-cf8fc6a8510c,1,161.705534
2026/02/05/10:24:13,apply-time,rs-000194-mq8bm,36786e90-1e18-4fa9-90d3-fff1d4230af4,3,162.705534
2026/02/05/10:24:13,running-time,rs-000194-mq8bm,36786e90-1e18-4fa9-90d3-fff1d4230af4,3,162.705534
2026/02/05/10:24:13,apply-time,rs-000194-qv2hg,dc594ee7-b598-40f2-b3b5-31a93348a263,3,162.705534
2026/02/05/10:24:13,running-time,rs-000194-qv2hg,dc594ee7-b598-40f2-b3b5-31a93348a263,3,162.705534
2026/02/05/10:24:13,apply-time,rs-000194-vshlf,46c866fc-d775-4847-a6e4-1a551ab9b75b,3,162.705534
2026/02/05/10:24:13,running-time,rs-000194-vshlf,46c866fc-d775-4847-a6e4-1a551ab9b75b,3,162.705534
2026/02/05/10:24:13,apply-time,rs-000195-gkvl6,18e2b6cd-14e3-41cf-b03f-6dcd0f419cc6,3,162.705534
2026/02/05/10:24:13,running-time,rs-000195-gkvl6,18e2b6cd-14e3-41cf-b03f-6dcd0f419cc6,3,162.705534
2026/02/05/10:24:13,apply-time,rs-000195-v2c89,ca20a457-f35f-4f87-8239-f657c2f289ee,3,162.705534
2026/02/05/10:24:13,running-time,rs-000195-v2c89,ca20a457-f35f-4f87-8239-f657c2f289ee,3,162.705534
2026/02/05/10:24:16,apply-time,rs-000196-lct5z,3b213cdf-f851-42b9-8730-2c1e54977276,3,165.705534
2026/02/05/10:24:16,running-time,rs-000196-lct5z,3b213cdf-f851-42b9-8730-2c1e54977276,3,165.705534
2026/02/05/10:24:16,apply-time,rs-000197-k8fl6,777da599-70a4-4952-af24-bdc6320da311,2,165.705534
2026/02/05/10:24:16,running-time,rs-000197-k8fl6,777da599-70a4-4952-af24-bdc6320da311,2,165.705534
2026/02/05/10:24:16,apply-time,rs-000197-n45rq,b30233fb-6b64-4ee0-82b4-e8bcabe0b444,2,165.705534
2026/02/05/10:24:16,running-time,rs-000197-n45rq,b30233fb-6b64-4ee0-82b4-e8bcabe0b444,2,165.705534
2026/02/05/10:24:16,apply-time,rs-000198-42lz5,6913abde-cf27-453b-a656-da8836eddee8,2,166.705534
2026/02/05/10:24:16,running-time,rs-000198-42lz5,6913abde-cf27-453b-a656-da8836eddee8,2,166.705534
2026/02/05/10:24:16,apply-time,rs-000199-4nx9l,d9b9528e-f8c2-47f0-9c9c-5e618da13b63,2,166.705534
2026/02/05/10:24:16,apply-time,rs-000199-5zggs,01e67a68-8dc7-4513-86f5-a416c54fbb44,2,166.705534
2026/02/05/10:24:16,running-time,rs-000199-5zggs,01e67a68-8dc7-4513-86f5-a416c54fbb44,2,166.705534
2026/02/05/10:24:16,apply-time,rs-000200-wcrz7,49b50293-c409-4c01-8913-beac43d4277b,3,166.705534
2026/02/05/10:24:16,apply-time,rs-000201-mz2tz,eee1b9c0-c3ef-439f-9690-5e773c46f34a,3,166.705534
2026/02/05/10:24:16,running-time,rs-000201-mz2tz,eee1b9c0-c3ef-439f-9690-5e773c46f34a,3,166.705534
2026/02/05/10:24:17,running-time,rs-000199-4nx9l,d9b9528e-f8c2-47f0-9c9c-5e618da13b63,2,166.705534
2026/02/05/10:24:17,running-time,rs-000200-wcrz7,49b50293-c409-4c01-8913-beac43d4277b,3,166.705534
2026/02/05/10:24:18,apply-time,rs-000202-knlt6,62afeb86-f9cb-46bc-b31a-95da212e2bcd,4,167.705534
2026/02/05/10:24:18,running-time,rs-000202-knlt6,62afeb86-f9cb-46bc-b31a-95da212e2bcd,4,168.705534
2026/02/05/10:24:18,apply-time,rs-000202-kw4xh,8b308d31-1837-48ab-88b6-0c4444291fb0,4,167.705534
2026/02/05/10:24:18,running-time,rs-000202-kw4xh,8b308d31-1837-48ab-88b6-0c4444291fb0,4,168.705534
2026/02/05/10:24:18,apply-time,rs-000203-594lb,5256d981-c1b2-47e4-828e-f19a7af5d4fb,2,167.705534
2026/02/05/10:24:18,running-time,rs-000203-594lb,5256d981-c1b2-47e4-828e-f19a7af5d4fb,2,167.705534
2026/02/05/10:24:18,apply-time,rs-000204-54xbk,610201ce-4a2f-4dac-a6d4-1571c40ddb40,2,167.705534
2026/02/05/10:24:18,running-time,rs-000204-54xbk,610201ce-4a2f-4dac-a6d4-1571c40ddb40,2,168.705534
2026/02/05/10:24:18,apply-time,rs-000204-dj6l4,4722d0ec-a8ca-4d8e-a2d3-f0c9144e090f,2,167.705534
2026/02/05/10:24:18,running-time,rs-000204-dj6l4,4722d0ec-a8ca-4d8e-a2d3-f0c9144e090f,2,168.705534
2026/02/05/10:24:20,apply-time,rs-000205-2nbbs,50d1872a-db26-4af2-a7c5-627b9902fe00,4,169.705534
2026/02/05/10:24:20,running-time,rs-000205-2nbbs,50d1872a-db26-4af2-a7c5-627b9902fe00,4,169.705534
2026/02/05/10:24:20,apply-time,rs-000205-knwnt,d65d1e0c-bc29-4240-8b93-3acca0969653,4,169.705534
2026/02/05/10:24:20,running-time,rs-000205-knwnt,d65d1e0c-bc29-4240-8b93-3acca0969653,4,169.705534
2026/02/05/10:24:20,apply-time,rs-000206-q6b6j,2373eadd-a6a3-4e0a-bb6a-4dc1b54f223b,3,169.705534
2026/02/05/10:24:20,apply-time,rs-000206-qsjck,6a1fa8ed-a07b-4a38-a103-eddc9ef51199,3,169.705534
2026/02/05/10:24:20,apply-time,rs-000207-fqqsx,15d4113a-964a-45f8-8f63-aea09eb8cd5b,2,169.705534
2026/02/05/10:24:20,running-time,rs-000207-fqqsx,15d4113a-964a-45f8-8f63-aea09eb8cd5b,2,169.705534
2026/02/05/10:24:20,apply-time,rs-000208-45ntp,af8122db-8888-4219-b992-5b05f3c9d599,2,169.705534
2026/02/05/10:24:20,running-time,rs-000208-45ntp,af8122db-8888-4219-b992-5b05f3c9d599,2,169.705534
2026/02/05/10:24:20,apply-time,rs-000209-2j8q8,7058c203-7ff1-45a0-ab01-143bfa446962,3,169.705534
2026/02/05/10:24:20,running-time,rs-000209-2j8q8,7058c203-7ff1-45a0-ab01-143bfa446962,3,169.705534
2026/02/05/10:24:20,apply-time,rs-000209-mx82z,cf628da9-2f7a-4607-8e69-a14c912dc2f9,3,169.705534
2026/02/05/10:24:20,running-time,rs-000209-mx82z,cf628da9-2f7a-4607-8e69-a14c912dc2f9,3,169.705534
2026/02/05/10:24:21,running-time,rs-000206-q6b6j,2373eadd-a6a3-4e0a-bb6a-4dc1b54f223b,3,170.705534
2026/02/05/10:24:21,apply-time,rs-000210-7929d,657814ca-7895-4dc3-9150-36a0f1a3142f,2,170.705534
2026/02/05/10:24:21,running-time,rs-000210-7929d,657814ca-7895-4dc3-9150-36a0f1a3142f,2,170.705534
2026/02/05/10:24:21,apply-time,rs-000210-bvvrc,8ca91907-a382-4682-bc1f-05fb3c8be79f,2,170.705534
2026/02/05/10:24:21,running-time,rs-000210-bvvrc,8ca91907-a382-4682-bc1f-05fb3c8be79f,2,170.705534
2026/02/05/10:24:26,running-time,rs-000206-qsjck,6a1fa8ed-a07b-4a38-a103-eddc9ef51199,3,175.705534
2026/02/05/10:24:30,apply-time,rs-000211-5gxzq,77404648-da19-4a90-a649-1989e96d1ff1,1,179.705534
2026/02/05/10:24:30,running-time,rs-000211-5gxzq,77404648-da19-4a90-a649-1989e96d1ff1,1,179.705534
2026/02/05/10:24:30,apply-time,rs-000211-n9hgt,b8883cd2-16ad-4fe1-ab3c-c24d87dbc9ff,1,179.705534
2026/02/05/10:24:30,running-time,rs-000211-n9hgt,b8883cd2-16ad-4fe1-ab3c-c24d87dbc9ff,1,179.705534
2026/02/05/10:24:30,apply-time,rs-000211-qzbhx,6ba91e0e-91ae-4c15-b488-99cfb5d90bdf,1,179.705534
2026/02/05/10:24:30,running-time,rs-000211-qzbhx,6ba91e0e-91ae-4c15-b488-99cfb5d90bdf,1,179.705534
2026/02/05/10:24:30,apply-time,rs-000212-clfx4,28c2d28d-39bf-4d48-80e5-4820c29a3fb4,3,179.705534
2026/02/05/10:24:32,running-time,rs-000212-clfx4,28c2d28d-39bf-4d48-80e5-4820c29a3fb4,3,181.705534
2026/02/05/10:24:36,apply-time,rs-000213-94j2d,a1a16fd0-7822-465d-b518-fbee97c6215a,4,185.705534
2026/02/05/10:24:36,running-time,rs-000213-94j2d,a1a16fd0-7822-465d-b518-fbee97c6215a,4,185.705534
2026/02/05/10:24:39,apply-time,rs-000214-5f2ps,cdb6ecd5-b0b7-4554-909a-ba3368c2d4d6,1,188.705534
2026/02/05/10:24:39,running-time,rs-000214-5f2ps,cdb6ecd5-b0b7-4554-909a-ba3368c2d4d6,1,188.705534
2026/02/05/10:24:39,apply-time,rs-000214-ql67h,5a591c2a-1bc3-4268-958d-da5177a46455,1,188.705534
2026/02/05/10:24:39,running-time,rs-000214-ql67h,5a591c2a-1bc3-4268-958d-da5177a46455,1,188.705534
2026/02/05/10:24:39,apply-time,rs-000214-rjf89,cbeeed6b-366a-457b-bc80-d4bd8e2b9dc3,1,188.705534
2026/02/05/10:24:39,running-time,rs-000214-rjf89,cbeeed6b-366a-457b-bc80-d4bd8e2b9dc3,1,188.705534
2026/02/05/10:24:39,apply-time,rs-000215-p4lcj,ab823e52-eb2c-4b36-acc6-7044df28bf54,3,188.705534
2026/02/05/10:24:39,running-time,rs-000215-p4lcj,ab823e52-eb2c-4b36-acc6-7044df28bf54,3,188.705534
2026/02/05/10:24:39,apply-time,rs-000216-76wvj,44ae0db2-81a6-405f-b9ea-7cbf5e2c942b,1,188.705534
2026/02/05/10:24:39,running-time,rs-000216-76wvj,44ae0db2-81a6-405f-b9ea-7cbf5e2c942b,1,188.705534
2026/02/05/10:24:39,apply-time,rs-000216-pjmt7,20a2daf0-ccf3-46ae-8e74-6fc376c92c82,1,188.705534
2026/02/05/10:24:39,running-time,rs-000216-pjmt7,20a2daf0-ccf3-46ae-8e74-6fc376c92c82,1,188.705534
2026/02/05/10:24:39,apply-time,rs-000216-qkn5n,31e334d6-26f6-4c60-959f-bcabbc3d2881,1,188.705534
2026/02/05/10:24:39,running-time,rs-000216-qkn5n,31e334d6-26f6-4c60-959f-bcabbc3d2881,1,188.705534
2026/02/05/10:24:39,apply-time,rs-000217-g89wr,7a8641f4-6489-4823-8c29-a21401abf339,1,188.705534
2026/02/05/10:24:39,running-time,rs-000217-g89wr,7a8641f4-6489-4823-8c29-a21401abf339,1,188.705534
2026/02/05/10:24:40,apply-time,rs-000218-5gzr6,6c0ffb98-5f46-4a2a-896a-2c282eece7bc,2,189.705534
2026/02/05/10:24:40,running-time,rs-000218-5gzr6,6c0ffb98-5f46-4a2a-896a-2c282eece7bc,2,189.705534
2026/02/05/10:24:40,apply-time,rs-000219-gf7ng,cbe74d35-5b48-4e15-8c3a-fbe12f5e2dcc,4,189.705534
2026/02/05/10:24:40,running-time,rs-000219-gf7ng,cbe74d35-5b48-4e15-8c3a-fbe12f5e2dcc,4,189.705534
2026/02/05/10:24:40,apply-time,rs-000219-pxjg7,417bfaed-7c1a-4e9f-89dc-3b5cdd7bc0bf,4,189.705534
2026/02/05/10:24:40,running-time,rs-000219-pxjg7,417bfaed-7c1a-4e9f-89dc-3b5cdd7bc0bf,4,189.705534
2026/02/05/10:24:40,apply-time,rs-000220-84btq,c5dc76df-57f8-4519-b300-6de861c491fe,1,189.705534
2026/02/05/10:24:40,running-time,rs-000220-84btq,c5dc76df-57f8-4519-b300-6de861c491fe,1,189.705534
2026/02/05/10:24:40,apply-time,rs-000220-xb7wm,cb96ab14-e9b6-452d-90d0-3fee5c64bf33,1,189.705534
2026/02/05/10:24:40,running-time,rs-000220-xb7wm,cb96ab14-e9b6-452d-90d0-3fee5c64bf33,1,189.705534
2026/02/05/10:24:40,apply-time,rs-000221-6j4rd,1ab2b067-5514-4f73-8896-2ecec0587cfe,3,189.705534
2026/02/05/10:24:40,apply-time,rs-000222-g29hs,553885d7-2740-4732-8f7d-cdc75cda7b83,3,189.705534
2026/02/05/10:24:40,running-time,rs-000222-g29hs,553885d7-2740-4732-8f7d-cdc75cda7b83,3,189.705534
2026/02/05/10:24:40,apply-time,rs-000223-4hxk7,1901bc5e-0f30-430f-a20c-9dc72e7c20e8,2,190.705534
2026/02/05/10:24:40,apply-time,rs-000224-2dlz4,db7232ca-88e3-44dd-9da5-7f81bd78a823,3,189.705534
2026/02/05/10:24:40,running-time,rs-000224-2dlz4,db7232ca-88e3-44dd-9da5-7f81bd78a823,3,189.705534
2026/02/05/10:24:40,apply-time,rs-000225-hksx6,b16eb6bb-5d7e-4506-a07e-849e01489544,1,189.705534
2026/02/05/10:24:40,running-time,rs-000225-hksx6,b16eb6bb-5d7e-4506-a07e-849e01489544,1,190.705534
2026/02/05/10:24:42,apply-time,rs-000221-25qmj,bf3d986f-7d89-42c4-b87a-58c907a8b34c,3,190.705534
2026/02/05/10:24:42,apply-time,rs-000221-r8nph,6681d0fd-807c-4528-b578-6bf4a6a4bba4,3,190.705534
2026/02/05/10:24:42,apply-time,rs-000225-wmndh,324fb125-646f-4012-8e6c-fa4cf3b699ae,1,190.705534
2026/02/05/10:24:42,running-time,rs-000225-wmndh,324fb125-646f-4012-8e6c-fa4cf3b699ae,1,190.705534
2026/02/05/10:24:42,apply-time,rs-000226-x8f6r,028a2f72-da3a-4f2a-ac1d-11086243227e,2,190.705534
2026/02/05/10:24:42,running-time,rs-000226-x8f6r,028a2f72-da3a-4f2a-ac1d-11086243227e,2,190.705534
2026/02/05/10:24:42,apply-time,rs-000227-6f2tj,e54b5c66-53c5-41ad-b886-2327790e8dbe,4,190.705534
2026/02/05/10:24:42,running-time,rs-000227-6f2tj,e54b5c66-53c5-41ad-b886-2327790e8dbe,4,190.705534
2026/02/05/10:24:42,apply-time,rs-000227-6gpq5,1f5c22f0-f5b0-47b4-a6f8-91e5a15defb8,4,190.705534
2026/02/05/10:24:42,running-time,rs-000227-6gpq5,1f5c22f0-f5b0-47b4-a6f8-91e5a15defb8,4,190.705534
2026/02/05/10:24:42,apply-time,rs-000227-kk4q8,1894c4d7-6955-44d4-ba72-cf8478595549,4,190.705534
2026/02/05/10:24:42,running-time,rs-000227-kk4q8,1894c4d7-6955-44d4-ba72-cf8478595549,4,190.705534
2026/02/05/10:24:46,running-time,rs-000221-r8nph,6681d0fd-807c-4528-b578-6bf4a6a4bba4,3,194.705534
2026/02/05/10:24:47,running-time,rs-000221-25qmj,bf3d986f-7d89-42c4-b87a-58c907a8b34c,3,195.705534
2026/02/05/10:24:47,running-time,rs-000221-6j4rd,1ab2b067-5514-4f73-8896-2ecec0587cfe,3,195.705534
2026/02/05/10:24:49,apply-time,rs-000228-gqjsm,b7bce81e-1c0a-4473-94d8-d70dea05ea14,2,197.705534
2026/02/05/10:24:49,running-time,rs-000228-gqjsm,b7bce81e-1c0a-4473-94d8-d70dea05ea14,2,197.705534
2026/02/05/10:24:49,apply-time,rs-000229-m5ds5,303c7ed4-7be1-45e1-854a-8f66d7ee1749,4,197.705534
2026/02/05/10:24:49,running-time,rs-000229-m5ds5,303c7ed4-7be1-45e1-854a-8f66d7ee1749,4,197.705534
2026/02/05/10:24:49,apply-time,rs-000229-mw5wz,a05bd453-c03f-4892-b49f-2b430798e016,4,197.705534
2026/02/05/10:24:49,running-time,rs-000229-mw5wz,a05bd453-c03f-4892-b49f-2b430798e016,4,197.705534
2026/02/05/10:24:49,apply-time,rs-000230-5kjps,7a9ce21b-2619-418c-8c8f-5abe0d944ee1,1,197.705534
2026/02/05/10:24:49,running-time,rs-000230-5kjps,7a9ce21b-2619-418c-8c8f-5abe0d944ee1,1,197.705534
2026/02/05/10:24:49,apply-time,rs-000230-cl79x,cc393d36-299c-4e30-858b-0e2e0bb9117a,1,197.705534
2026/02/05/10:24:49,running-time,rs-000230-cl79x,cc393d36-299c-4e30-858b-0e2e0bb9117a,1,197.705534
2026/02/05/10:24:49,apply-time,rs-000231-xdlxg,88085c87-be59-4b04-8ba3-ff23d082dff9,1,197.705534
2026/02/05/10:24:49,running-time,rs-000231-xdlxg,88085c87-be59-4b04-8ba3-ff23d082dff9,1,197.705534
2026/02/05/10:24:49,apply-time,rs-000232-2tmsx,8e70a5fb-e0f0-4373-b021-08aeefae1b23,2,197.705534
2026/02/05/10:24:49,running-time,rs-000232-2tmsx,8e70a5fb-e0f0-4373-b021-08aeefae1b23,2,197.705534
2026/02/05/10:24:49,apply-time,rs-000232-gtlkd,2f7a2572-c7a7-4047-b941-4b85b5e1af48,2,197.705534
2026/02/05/10:24:49,running-time,rs-000232-gtlkd,2f7a2572-c7a7-4047-b941-4b85b5e1af48,2,197.705534
2026/02/05/10:24:49,apply-time,rs-000232-wgk2j,57e2cc07-0f65-4aa2-8583-b2c38e0532e4,2,197.705534
2026/02/05/10:24:49,running-time,rs-000232-wgk2j,57e2cc07-0f65-4aa2-8583-b2c38e0532e4,2,197.705534
2026/02/05/10:24:49,apply-time,rs-000233-r7qhx,218e0a57-c6db-470b-9700-b71df59682b3,1,198.705534
2026/02/05/10:24:50,running-time,rs-000233-r7qhx,218e0a57-c6db-470b-9700-b71df59682b3,1,198.705534
2026/02/05/10:24:50,apply-time,rs-000234-rmpvl,9dc45f6b-fb56-480b-a168-860cfc270501,4,198.705534
2026/02/05/10:24:50,running-time,rs-000234-rmpvl,9dc45f6b-fb56-480b-a168-860cfc270501,4,198.705534
2026/02/05/10:24:55,apply-time,rs-000235-hn8mh,af5c7499-6112-43db-bf99-3140bb529f7d,2,203.705534
2026/02/05/10:24:55,running-time,rs-000235-hn8mh,af5c7499-6112-43db-bf99-3140bb529f7d,2,204.705534
2026/02/05/10:24:56,apply-time,rs-000236-6tg9r,15046eb0-da46-4db3-bee2-7bb133bdf713,3,204.705534
2026/02/05/10:24:56,running-time,rs-000236-6tg9r,15046eb0-da46-4db3-bee2-7bb133bdf713,3,204.705534
2026/02/05/10:24:56,apply-time,rs-000237-h577r,26463964-e6b0-4151-8c0a-012d22a00346,2,204.705534
2026/02/05/10:24:56,running-time,rs-000237-h577r,26463964-e6b0-4151-8c0a-012d22a00346,2,204.705534
2026/02/05/10:24:56,apply-time,rs-000238-54g5z,4b3cda21-41b9-4268-b3df-cbd3554cf988,1,204.705534
2026/02/05/10:24:56,apply-time,rs-000238-tj4g9,3c61c019-8f28-4f67-b375-908486293b94,1,204.705534
2026/02/05/10:24:56,running-time,rs-000238-tj4g9,3c61c019-8f28-4f67-b375-908486293b94,1,204.705534
2026/02/05/10:24:56,apply-time,rs-000239-pdtxl,a86c390a-79bf-49db-a89d-a4ac6f4d6365,1,204.705534
2026/02/05/10:24:56,running-time,rs-000239-pdtxl,a86c390a-79bf-49db-a89d-a4ac6f4d6365,1,204.705534
2026/02/05/10:24:56,apply-time,rs-000240-vlvt7,138f128c-40da-456f-ab59-2f4484743cdf,1,204.705534
2026/02/05/10:24:56,apply-time,rs-000240-wn5ds,718583e5-17d1-42c6-aa21-faf0b2edbf26,1,204.705534
2026/02/05/10:24:56,apply-time,rs-000241-d88xb,e7c8d4f2-2823-4153-bf9c-355eecd366a6,1,204.705534
2026/02/05/10:24:56,running-time,rs-000241-d88xb,e7c8d4f2-2823-4153-bf9c-355eecd366a6,1,204.705534
2026/02/05/10:24:56,apply-time,rs-000241-kjvkk,6cd7a758-7b0d-49d8-9714-3a2fc6c6eec6,1,204.705534
2026/02/05/10:24:56,running-time,rs-000241-kjvkk,6cd7a758-7b0d-49d8-9714-3a2fc6c6eec6,1,204.705534
2026/02/05/10:24:56,apply-time,rs-000241-zrwgz,c581799a-17be-4543-aa35-dd22d343a530,1,204.705534
2026/02/05/10:24:56,running-time,rs-000241-zrwgz,c581799a-17be-4543-aa35-dd22d343a530,1,204.705534
2026/02/05/10:24:57,apply-time,rs-000242-d8z7r,2b694a8d-44f2-41d9-b179-ea328c286482,1,205.705534
2026/02/05/10:24:57,running-time,rs-000242-d8z7r,2b694a8d-44f2-41d9-b179-ea328c286482,1,205.705534
2026/02/05/10:24:57,apply-time,rs-000242-tq8b2,50e7628a-7906-42c1-a13d-6c93afc9e17b,1,205.705534
2026/02/05/10:24:57,running-time,rs-000242-tq8b2,50e7628a-7906-42c1-a13d-6c93afc9e17b,1,205.705534
2026/02/05/10:24:57,apply-time,rs-000242-txzzh,3c9c28b8-0a00-4c79-beeb-297e1929c60e,1,205.705534
2026/02/05/10:24:57,running-time,rs-000242-txzzh,3c9c28b8-0a00-4c79-beeb-297e1929c60e,1,205.705534
2026/02/05/10:24:57,apply-time,rs-000243-44xc5,957967a3-14bb-4d6a-ab75-9b9300489cbb,1,205.705534
2026/02/05/10:24:57,running-time,rs-000243-44xc5,957967a3-14bb-4d6a-ab75-9b9300489cbb,1,205.705534
2026/02/05/10:24:57,apply-time,rs-000243-mg68s,c4348787-2a9a-467a-bef7-fa0327dddd9c,1,205.705534
2026/02/05/10:24:57,running-time,rs-000243-mg68s,c4348787-2a9a-467a-bef7-fa0327dddd9c,1,205.705534
2026/02/05/10:24:57,apply-time,rs-000243-nnqxs,3b5c0482-bf29-4b0f-9f2b-f115612a0920,1,205.705534
2026/02/05/10:24:57,running-time,rs-000243-nnqxs,3b5c0482-bf29-4b0f-9f2b-f115612a0920,1,205.705534
2026/02/05/10:24:57,apply-time,rs-000244-h2f67,937e4522-c6cf-4ae9-a82c-5071a5961327,2,205.705534
2026/02/05/10:24:57,running-time,rs-000244-h2f67,937e4522-c6cf-4ae9-a82c-5071a5961327,2,205.705534
2026/02/05/10:24:57,apply-time,rs-000244-j7sxh,7733d286-e776-4f6e-a469-b0a4ccb6da90,2,205.705534
2026/02/05/10:24:57,running-time,rs-000244-j7sxh,7733d286-e776-4f6e-a469-b0a4ccb6da90,2,205.705534
2026/02/05/10:24:57,apply-time,rs-000245-sr25d,427a239b-3a6a-4b95-a7b6-4b0da7c96b34,1,205.705534
2026/02/05/10:24:57,apply-time,rs-000246-9ssv9,9db9ff63-fc48-4506-baca-ea35298db8ce,4,206.705534
2026/02/05/10:24:58,running-time,rs-000238-54g5z,4b3cda21-41b9-4268-b3df-cbd3554cf988,1,206.705534
2026/02/05/10:24:58,apply-time,rs-000246-fq5k9,112cecaa-f658-404c-b8ee-1d62f03e9d16,4,206.705534
2026/02/05/10:24:58,apply-time,rs-000246-tqxzr,f3ffca9d-1af2-49d2-9e6d-5192997d27a2,4,206.705534
2026/02/05/10:24:58,apply-time,rs-000247-bjhmh,ce331157-b40d-4070-8fdc-e6a01a82ec78,3,206.705534
2026/02/05/10:24:58,running-time,rs-000247-bjhmh,ce331157-b40d-4070-8fdc-e6a01a82ec78,3,206.705534
2026/02/05/10:24:58,apply-time,rs-000247-lc67b,edea8ed8-c920-4c80-981b-774d20498fb3,3,206.705534
2026/02/05/10:24:58,running-time,rs-000247-lc67b,edea8ed8-c920-4c80-981b-774d20498fb3,3,206.705534
2026/02/05/10:24:58,apply-time,rs-000247-rwwhr,461856fe-8a56-4f20-8393-75273a3e04d1,3,206.705534
2026/02/05/10:24:58,running-time,rs-000247-rwwhr,461856fe-8a56-4f20-8393-75273a3e04d1,3,206.705534
2026/02/05/10:24:58,apply-time,rs-000248-drp24,a5491c1a-f564-4686-ac8b-8ab0de2a83d3,1,206.705534
2026/02/05/10:24:58,running-time,rs-000248-drp24,a5491c1a-f564-4686-ac8b-8ab0de2a83d3,1,206.705534
2026/02/05/10:24:58,apply-time,rs-000249-jnvxb,0435fb08-fc81-4452-a502-11a5d5ca6695,4,206.705534
2026/02/05/10:24:58,running-time,rs-000249-jnvxb,0435fb08-fc81-4452-a502-11a5d5ca6695,4,206.705534
2026/02/05/10:24:58,apply-time,rs-000249-jp499,73d5fc98-96e0-4904-893d-5e8c26b11c9e,4,207.705534
2026/02/05/10:24:58,running-time,rs-000249-jp499,73d5fc98-96e0-4904-893d-5e8c26b11c9e,4,207.705534
2026/02/05/10:24:58,apply-time,rs-000250-dvtd7,b8cb9e2f-4302-4bd6-8e12-a36f26dbeec2,1,206.705534
2026/02/05/10:24:58,running-time,rs-000250-dvtd7,b8cb9e2f-4302-4bd6-8e12-a36f26dbeec2,1,206.705534
2026/02/05/10:24:58,apply-time,rs-000251-vmssv,6a5621c4-c79a-4fb3-8a75-f2cd9ef47df8,1,207.705534
2026/02/05/10:24:58,running-time,rs-000251-vmssv,6a5621c4-c79a-4fb3-8a75-f2cd9ef47df8,1,207.705534
2026/02/05/10:24:59,running-time,rs-000245-sr25d,427a239b-3a6a-4b95-a7b6-4b0da7c96b34,1,207.705534
2026/02/05/10:24:59,apply-time,rs-000252-76rwv,870f93a4-7da7-470f-89bc-a7719b1f2286,3,207.705534
2026/02/05/10:24:59,apply-time,rs-000252-x5qm5,643fce98-e36f-4181-a277-9364452211e2,3,207.705534
2026/02/05/10:24:59,apply-time,rs-000252-xs5vk,42f601a3-0da9-45a5-aee2-87218aab8648,3,207.705534
2026/02/05/10:24:59,running-time,rs-000252-xs5vk,42f601a3-0da9-45a5-aee2-87218aab8648,3,207.705534
2026/02/05/10:25:01,apply-time,rs-000253-4zpd8,900a135f-cc15-4384-9172-e505ccdad960,3,209.705534
2026/02/05/10:25:01,running-time,rs-000253-4zpd8,900a135f-cc15-4384-9172-e505ccdad960,3,209.705534
2026/02/05/10:25:01,apply-time,rs-000253-5rwt6,3d032d36-0b66-4327-96ea-16a771aa66c4,3,209.705534
2026/02/05/10:25:01,running-time,rs-000253-5rwt6,3d032d36-0b66-4327-96ea-16a771aa66c4,3,209.705534
2026/02/05/10:25:01,apply-time,rs-000253-z65nh,5ea27ff2-6b0a-4aaf-b830-96b953905f1f,3,209.705534
2026/02/05/10:25:01,running-time,rs-000253-z65nh,5ea27ff2-6b0a-4aaf-b830-96b953905f1f,3,209.705534
2026/02/05/10:25:01,apply-time,rs-000254-9rkzz,56fa0bf2-94e5-4a43-ad27-d9d93ab2a884,2,209.705534
2026/02/05/10:25:01,running-time,rs-000254-9rkzz,56fa0bf2-94e5-4a43-ad27-d9d93ab2a884,2,209.705534
2026/02/05/10:25:01,apply-time,rs-000254-cbjhd,352826ad-a04b-42c4-a3ce-c432e43791be,2,209.705534
2026/02/05/10:25:01,running-time,rs-000254-cbjhd,352826ad-a04b-42c4-a3ce-c432e43791be,2,209.705534
2026/02/05/10:25:01,apply-time,rs-000255-7czl9,4d198f7e-89a3-465e-97e8-b6cd0feca503,4,209.705534
2026/02/05/10:25:01,apply-time,rs-000255-c9sfl,857fc2aa-63d4-421e-9f27-affcada45b0c,4,209.705534
2026/02/05/10:25:01,apply-time,rs-000255-h59tf,227bc603-a0a6-4b30-ae00-bca1f5cfc48e,4,209.705534
2026/02/05/10:25:01,apply-time,rs-000256-j4xxx,e641f66e-d272-401f-b37f-21710b0c337c,1,209.705534
2026/02/05/10:25:01,apply-time,rs-000256-jsfnt,37f06b55-46a4-4ce1-904a-7194502dd1ef,1,209.705534
2026/02/05/10:25:01,apply-time,rs-000256-m5fxp,abda4002-eefc-4351-bfa0-e21f78f56318,1,209.705534
2026/02/05/10:25:01,apply-time,rs-000257-7cv92,8d845004-fabc-4802-a135-ce2986e163cc,1,209.705534
2026/02/05/10:25:01,apply-time,rs-000258-4qp2w,732e1be0-d964-495a-8e2e-37e4cfa3e110,2,209.705534
2026/02/05/10:25:01,running-time,rs-000258-4qp2w,732e1be0-d964-495a-8e2e-37e4cfa3e110,2,210.705534
2026/02/05/10:25:01,apply-time,rs-000259-znst9,276dba72-d7e9-4e30-bbd4-d0f365d7d458,2,210.705534
2026/02/05/10:25:02,running-time,rs-000255-7czl9,4d198f7e-89a3-465e-97e8-b6cd0feca503,4,210.705534
2026/02/05/10:25:02,running-time,rs-000256-jsfnt,37f06b55-46a4-4ce1-904a-7194502dd1ef,1,210.705534
2026/02/05/10:25:02,apply-time,rs-000257-97wl8,9ef69267-f713-4330-8338-8d257375bc20,1,210.705534
2026/02/05/10:25:02,apply-time,rs-000257-w698l,2bbdea4d-e570-496d-8847-aa200312c099,1,210.705534
2026/02/05/10:25:02,apply-time,rs-000258-fsvfh,320d5d7a-dc01-4ca5-8ea0-9c25b714d523,2,210.705534
2026/02/05/10:25:02,apply-time,rs-000258-knhkc,8ac2f46e-2925-471e-bd30-8ae94f191741,2,210.705534
2026/02/05/10:25:02,apply-time,rs-000259-xc2mv,6a1c2502-78ed-479c-8f0a-4e19e7d8c45d,2,210.705534
2026/02/05/10:25:02,running-time,rs-000259-xc2mv,6a1c2502-78ed-479c-8f0a-4e19e7d8c45d,2,211.705534
2026/02/05/10:25:02,running-time,rs-000259-znst9,276dba72-d7e9-4e30-bbd4-d0f365d7d458,2,210.705534
2026/02/05/10:25:02,apply-time,rs-000260-7rbs7,1ab64f01-3954-40fe-9786-7b99a5240b67,1,210.705534
2026/02/05/10:25:02,apply-time,rs-000261-dpjkp,dd1fd3a9-a5ab-480e-8436-a3b7295614d8,4,210.705534
2026/02/05/10:25:02,running-time,rs-000261-dpjkp,dd1fd3a9-a5ab-480e-8436-a3b7295614d8,4,210.705534
2026/02/05/10:25:02,apply-time,rs-000262-n5tv5,726c9074-70e2-4f02-bd1e-5f584427b096,3,211.705534
2026/02/05/10:25:02,apply-time,rs-000263-rj6f5,78977902-2e86-4ea1-afa4-f9ea9b0b19b8,3,211.705534
2026/02/05/10:25:03,running-time,rs-000255-c9sfl,857fc2aa-63d4-421e-9f27-affcada45b0c,4,211.705534
2026/02/05/10:25:03,running-time,rs-000260-7rbs7,1ab64f01-3954-40fe-9786-7b99a5240b67,1,211.705534
2026/02/05/10:25:03,running-time,rs-000262-n5tv5,726c9074-70e2-4f02-bd1e-5f584427b096,3,211.705534
2026/02/05/10:25:03,running-time,rs-000263-rj6f5,78977902-2e86-4ea1-afa4-f9ea9b0b19b8,3,211.705534
2026/02/05/10:25:03,apply-time,rs-000264-jk9qz,23e43e29-b07e-4f44-8c15-82c7d5e6e77a,1,211.705534
2026/02/05/10:25:03,apply-time,rs-000265-fh8sb,f5a10c89-b70b-4e60-83dc-6b340b8319aa,3,211.705534
2026/02/05/10:25:03,apply-time,rs-000265-x5mvg,8e605102-a541-4809-be70-0f6f43f07db4,3,212.705534
2026/02/05/10:25:03,apply-time,rs-000265-zxqmt,c724442c-7713-4d7a-aba3-87835434409c,3,211.705534
2026/02/05/10:25:03,running-time,rs-000265-zxqmt,c724442c-7713-4d7a-aba3-87835434409c,3,211.705534
2026/02/05/10:25:03,apply-time,rs-000266-g66mv,57f932c1-af5f-493a-82c5-972da4d4916d,1,211.705534
2026/02/05/10:25:03,apply-time,rs-000266-wlt6r,2a37039a-4866-49a0-b241-5a80ebe93e37,1,211.705534
2026/02/05/10:25:03,running-time,rs-000266-wlt6r,2a37039a-4866-49a0-b241-5a80ebe93e37,1,211.705534
2026/02/05/10:25:03,apply-time,rs-000267-mlr8x,aa5d310b-e829-4f3f-b41d-a573a1d216a1,2,212.705534
2026/02/05/10:25:04,running-time,rs-000264-jk9qz,23e43e29-b07e-4f44-8c15-82c7d5e6e77a,1,212.705534
2026/02/05/10:25:04,running-time,rs-000265-fh8sb,f5a10c89-b70b-4e60-83dc-6b340b8319aa,3,212.705534
2026/02/05/10:25:04,apply-time,rs-000267-p5c49,936e93a5-bc8a-49f5-a2aa-5af1ada2a8c9,2,212.705534
2026/02/05/10:25:04,running-time,rs-000267-p5c49,936e93a5-bc8a-49f5-a2aa-5af1ada2a8c9,2,212.705534
2026/02/05/10:25:04,apply-time,rs-000267-zv9mt,b1d1cb66-8361-475c-a249-f8ae5a682d5f,2,212.705534
2026/02/05/10:25:04,running-time,rs-000267-zv9mt,b1d1cb66-8361-475c-a249-f8ae5a682d5f,2,213.705534
2026/02/05/10:25:04,apply-time,rs-000268-f69g8,1a7973e1-148e-474b-ba7a-71fc5be69381,3,212.705534
2026/02/05/10:25:05,running-time,rs-000252-76rwv,870f93a4-7da7-470f-89bc-a7719b1f2286,3,213.705534
2026/02/05/10:25:05,running-time,rs-000258-fsvfh,320d5d7a-dc01-4ca5-8ea0-9c25b714d523,2,213.705534
2026/02/05/10:25:05,running-time,rs-000258-knhkc,8ac2f46e-2925-471e-bd30-8ae94f191741,2,213.705534
2026/02/05/10:25:05,running-time,rs-000265-x5mvg,8e605102-a541-4809-be70-0f6f43f07db4,3,213.705534
2026/02/05/10:25:05,apply-time,rs-000269-k67sr,65520410-a9c7-4fe1-bb8b-089f63160c4e,4,214.705534
2026/02/05/10:25:05,apply-time,rs-000269-ldqld,2f15e79d-6b98-4201-8d57-c7f66c8782d5,4,213.705534
2026/02/05/10:25:05,running-time,rs-000269-ldqld,2f15e79d-6b98-4201-8d57-c7f66c8782d5,4,213.705534
2026/02/05/10:25:05,apply-time,rs-000269-qxhwx,27afefe6-7047-4293-93e0-a201206ec7ae,4,214.705534
2026/02/05/10:25:06,running-time,rs-000266-g66mv,57f932c1-af5f-493a-82c5-972da4d4916d,1,214.705534
2026/02/05/10:25:06,running-time,rs-000269-k67sr,65520410-a9c7-4fe1-bb8b-089f63160c4e,4,214.705534
2026/02/05/10:25:06,running-time,rs-000269-qxhwx,27afefe6-7047-4293-93e0-a201206ec7ae,4,214.705534
2026/02/05/10:25:07,running-time,rs-000246-9ssv9,9db9ff63-fc48-4506-baca-ea35298db8ce,4,216.705534
2026/02/05/10:25:07,running-time,rs-000246-fq5k9,112cecaa-f658-404c-b8ee-1d62f03e9d16,4,215.705534
2026/02/05/10:25:08,running-time,rs-000246-tqxzr,f3ffca9d-1af2-49d2-9e6d-5192997d27a2,4,217.705534
2026/02/05/10:25:09,running-time,rs-000223-4hxk7,1901bc5e-0f30-430f-a20c-9dc72e7c20e8,2,217.705534
2026/02/05/10:25:11,apply-time,rs-000270-j6tlp,661f5cc5-5b96-4c83-88e4-ee481597f1ac,3,219.705534
2026/02/05/10:25:11,running-time,rs-000270-j6tlp,661f5cc5-5b96-4c83-88e4-ee481597f1ac,3,219.705534
2026/02/05/10:25:11,apply-time,rs-000271-5qwwx,45ca1e64-e323-46ba-b5bf-6976ab528b71,4,219.705534
2026/02/05/10:25:11,running-time,rs-000271-5qwwx,45ca1e64-e323-46ba-b5bf-6976ab528b71,4,219.705534
2026/02/05/10:25:11,apply-time,rs-000271-hxzmb,e8af4c28-c485-4d58-8494-011203467318,4,219.705534
2026/02/05/10:25:11,running-time,rs-000271-hxzmb,e8af4c28-c485-4d58-8494-011203467318,4,219.705534
2026/02/05/10:25:11,apply-time,rs-000271-xwkrh,e2467645-7755-477d-8b73-b93acf876e42,4,219.705534
2026/02/05/10:25:11,running-time,rs-000271-xwkrh,e2467645-7755-477d-8b73-b93acf876e42,4,219.705534
2026/02/05/10:25:15,apply-time,rs-000272-7gjk2,1f9d2c94-6fa4-4d2d-8bdc-90d43f2d2302,1,223.705534
2026/02/05/10:25:15,running-time,rs-000272-7gjk2,1f9d2c94-6fa4-4d2d-8bdc-90d43f2d2302,1,223.705534
2026/02/05/10:25:15,apply-time,rs-000272-9n2gf,06c7742f-60bd-4474-befb-7ffa52abe07d,1,223.705534
2026/02/05/10:25:15,running-time,rs-000272-9n2gf,06c7742f-60bd-4474-befb-7ffa52abe07d,1,223.705534
2026/02/05/10:25:15,apply-time,rs-000272-pnn2z,b2540adb-4ac2-4e8a-b461-9255f6f07299,1,223.705534
2026/02/05/10:25:15,running-time,rs-000272-pnn2z,b2540adb-4ac2-4e8a-b461-9255f6f07299,1,223.705534
2026/02/05/10:25:15,apply-time,rs-000273-vkdbc,ccb510d2-8464-4f62-837c-df4870cf34fe,1,223.705534
2026/02/05/10:25:15,running-time,rs-000273-vkdbc,ccb510d2-8464-4f62-837c-df4870cf34fe,1,223.705534
2026/02/05/10:25:15,apply-time,rs-000274-l2qcx,0f734239-5d01-4cdb-88ae-0a2c1559d538,1,223.705534
2026/02/05/10:25:15,running-time,rs-000274-l2qcx,0f734239-5d01-4cdb-88ae-0a2c1559d538,1,223.705534
2026/02/05/10:25:15,apply-time,rs-000274-sf7zw,ff3b6815-a02a-43e4-a70a-baaa77b7e223,1,223.705534
2026/02/05/10:25:15,running-time,rs-000274-sf7zw,ff3b6815-a02a-43e4-a70a-baaa77b7e223,1,223.705534
2026/02/05/10:25:15,apply-time,rs-000275-hhpnp,fb22c177-dc09-4d62-b990-4dd357cf7a55,3,223.705534
2026/02/05/10:25:15,running-time,rs-000275-hhpnp,fb22c177-dc09-4d62-b990-4dd357cf7a55,3,223.705534
2026/02/05/10:25:15,apply-time,rs-000275-pmvrd,1460b33e-a9ce-4532-a417-882b09a32a0b,3,223.705534
2026/02/05/10:25:15,running-time,rs-000275-pmvrd,1460b33e-a9ce-4532-a417-882b09a32a0b,3,223.705534
2026/02/05/10:25:17,apply-time,rs-000276-lqs4r,2cb38663-2737-4550-85e3-896e3a6c0865,4,225.705534
2026/02/05/10:25:17,running-time,rs-000276-lqs4r,2cb38663-2737-4550-85e3-896e3a6c0865,4,225.705534
2026/02/05/10:25:17,apply-time,rs-000277-wjrnk,030bea12-7435-4f84-aed7-74dff66ab671,4,225.705534
2026/02/05/10:25:17,running-time,rs-000277-wjrnk,030bea12-7435-4f84-aed7-74dff66ab671,4,225.705534
2026/02/05/10:25:24,apply-time,rs-000278-746cj,e85ab844-7f44-4030-a3a2-9eccb6e65583,1,232.705534
2026/02/05/10:25:24,running-time,rs-000278-746cj,e85ab844-7f44-4030-a3a2-9eccb6e65583,1,232.705534
2026/02/05/10:25:24,apply-time,rs-000278-9ctvz,8b5702db-d6c4-4d75-aed4-6a85d981630f,1,232.705534
2026/02/05/10:25:24,running-time,rs-000278-9ctvz,8b5702db-d6c4-4d75-aed4-6a85d981630f,1,232.705534
2026/02/05/10:25:24,apply-time,rs-000278-bdmhf,c71ac945-4570-4aae-8c6e-eff534289372,1,232.705534
2026/02/05/10:25:24,running-time,rs-000278-bdmhf,c71ac945-4570-4aae-8c6e-eff534289372,1,232.705534
2026/02/05/10:25:27,apply-time,rs-000279-gsdnl,417bf410-2757-41ae-a3c0-fa24ca0ee2f2,4,236.705534
2026/02/05/10:25:28,apply-time,rs-000279-4svtj,411a559a-0936-4ffe-9def-8aec82f47f55,4,236.705534
2026/02/05/10:25:28,running-time,rs-000279-4svtj,411a559a-0936-4ffe-9def-8aec82f47f55,4,236.705534
2026/02/05/10:25:28,running-time,rs-000279-gsdnl,417bf410-2757-41ae-a3c0-fa24ca0ee2f2,4,236.705534
2026/02/05/10:25:28,apply-time,rs-000279-wjrqj,e63d1e65-6930-4bac-80a4-9df2621bee41,4,236.705534
2026/02/05/10:25:28,running-time,rs-000279-wjrqj,e63d1e65-6930-4bac-80a4-9df2621bee41,4,236.705534
2026/02/05/10:25:28,apply-time,rs-000280-64t6d,28fa23a7-c5fc-4d21-bc9d-19ac54d68555,3,236.705534
2026/02/05/10:25:28,apply-time,rs-000280-6dt7l,d8a2b026-9451-4a03-b691-3fadb35ebe3d,3,236.705534
2026/02/05/10:25:28,running-time,rs-000280-6dt7l,d8a2b026-9451-4a03-b691-3fadb35ebe3d,3,236.705534
2026/02/05/10:25:28,apply-time,rs-000280-vrqqj,f1e54557-ddcb-4598-8c90-a8270655a7ca,3,236.705534
2026/02/05/10:25:28,apply-time,rs-000281-hd9k2,5a879bde-421c-4adc-a0e5-eadfaad5ab62,2,236.705534
2026/02/05/10:25:28,running-time,rs-000281-hd9k2,5a879bde-421c-4adc-a0e5-eadfaad5ab62,2,236.705534
2026/02/05/10:25:28,apply-time,rs-000282-6qhmp,f2be1914-d553-4d35-b8a2-c2a9545d44ca,2,236.705534
2026/02/05/10:25:28,running-time,rs-000282-6qhmp,f2be1914-d553-4d35-b8a2-c2a9545d44ca,2,236.705534
2026/02/05/10:25:28,apply-time,rs-000282-kqkqj,30f3a01e-80fb-4a43-8f98-b8dca4bb5226,2,236.705534
2026/02/05/10:25:28,running-time,rs-000282-kqkqj,30f3a01e-80fb-4a43-8f98-b8dca4bb5226,2,236.705534
2026/02/05/10:25:28,apply-time,rs-000283-lmkk6,92aa9696-4f3c-41ae-a318-d0f4cd39a11b,2,237.705534
2026/02/05/10:25:28,running-time,rs-000283-lmkk6,92aa9696-4f3c-41ae-a318-d0f4cd39a11b,2,237.705534
2026/02/05/10:25:28,apply-time,rs-000283-n66jj,935a5c5f-e1be-40f3-890f-30ed58b4fd53,2,236.705534
2026/02/05/10:25:28,running-time,rs-000283-n66jj,935a5c5f-e1be-40f3-890f-30ed58b4fd53,2,236.705534
2026/02/05/10:25:28,apply-time,rs-000284-9ffpd,6ea70928-e5ad-4085-bebc-8fcb29d31e43,1,237.705534
2026/02/05/10:25:28,running-time,rs-000284-9ffpd,6ea70928-e5ad-4085-bebc-8fcb29d31e43,1,237.705534
2026/02/05/10:25:28,apply-time,rs-000284-pbvkk,d7518f8e-2fb0-40d5-9765-a573c51b8d97,1,236.705534
2026/02/05/10:25:28,running-time,rs-000284-pbvkk,d7518f8e-2fb0-40d5-9765-a573c51b8d97,1,236.705534
2026/02/05/10:25:28,apply-time,rs-000285-thrx5,879ddc46-4906-4e35-9df8-c9e9335574cd,2,236.705534
2026/02/05/10:25:28,running-time,rs-000285-thrx5,879ddc46-4906-4e35-9df8-c9e9335574cd,2,236.705534
2026/02/05/10:25:39,apply-time,rs-000286-mbzb8,da891753-bbfd-41a1-816e-8ce6103fd71a,4,248.705534
2026/02/05/10:25:39,running-time,rs-000286-mbzb8,da891753-bbfd-41a1-816e-8ce6103fd71a,4,248.705534
2026/02/05/10:25:39,apply-time,rs-000287-dftw9,3c71688d-b707-4e7a-a246-029c88b1f04f,1,248.705534
2026/02/05/10:25:39,running-time,rs-000287-dftw9,3c71688d-b707-4e7a-a246-029c88b1f04f,1,248.705534
2026/02/05/10:25:39,apply-time,rs-000287-g2st6,178524bb-6633-477e-9904-737331a171c4,1,248.705534
2026/02/05/10:25:39,apply-time,rs-000288-4n87p,9a57efbf-3726-4b0e-a1c8-bb6e2944a8dc,2,248.705534
2026/02/05/10:25:39,running-time,rs-000288-4n87p,9a57efbf-3726-4b0e-a1c8-bb6e2944a8dc,2,248.705534
2026/02/05/10:25:39,apply-time,rs-000288-b99b9,5d8588ba-24ae-46f7-8224-13282cc8b982,2,248.705534
2026/02/05/10:25:39,apply-time,rs-000289-8jf7v,6665a765-1bd9-49cc-88b3-9400f1c9a675,4,248.705534
2026/02/05/10:25:39,running-time,rs-000289-8jf7v,6665a765-1bd9-49cc-88b3-9400f1c9a675,4,248.705534
2026/02/05/10:25:39,apply-time,rs-000289-lcnd4,62d69b4b-c4be-443b-bf01-efff53d6eb75,4,248.705534
2026/02/05/10:25:39,apply-time,rs-000290-gctqq,e94f1680-5e05-4db5-bc00-80e00807f363,2,248.705534
2026/02/05/10:25:40,running-time,rs-000287-g2st6,178524bb-6633-477e-9904-737331a171c4,1,248.705534
2026/02/05/10:25:40,running-time,rs-000288-b99b9,5d8588ba-24ae-46f7-8224-13282cc8b982,2,248.705534
2026/02/05/10:25:40,running-time,rs-000289-lcnd4,62d69b4b-c4be-443b-bf01-efff53d6eb75,4,248.705534
2026/02/05/10:25:40,apply-time,rs-000291-nq4vl,9b17d7b6-61da-4837-9399-0d499dc46391,4,248.705534
2026/02/05/10:25:40,running-time,rs-000291-nq4vl,9b17d7b6-61da-4837-9399-0d499dc46391,4,248.705534
2026/02/05/10:25:40,apply-time,rs-000291-wt7fc,98e2b86c-ec4d-4fdc-82f1-79d1d61c2c55,4,248.705534
2026/02/05/10:25:40,running-time,rs-000291-wt7fc,98e2b86c-ec4d-4fdc-82f1-79d1d61c2c55,4,248.705534
2026/02/05/10:25:40,apply-time,rs-000291-zb4hb,f1010c22-d256-4efe-a518-3a55c4b3b0cf,4,248.705534
2026/02/05/10:25:40,running-time,rs-000291-zb4hb,f1010c22-d256-4efe-a518-3a55c4b3b0cf,4,248.705534
2026/02/05/10:25:40,apply-time,rs-000292-tfsvc,ca98a0ea-4244-4375-8ce5-3898190d7b4a,1,248.705534
2026/02/05/10:25:40,running-time,rs-000292-tfsvc,ca98a0ea-4244-4375-8ce5-3898190d7b4a,1,248.705534
2026/02/05/10:25:40,apply-time,rs-000293-hkgbt,a6941568-71ee-458a-a247-352f837090e9,3,248.705534
2026/02/05/10:25:40,running-time,rs-000293-hkgbt,a6941568-71ee-458a-a247-352f837090e9,3,248.705534
2026/02/05/10:25:40,apply-time,rs-000293-p5pgf,8b6996cf-2073-4d9a-97ca-ad55810a7021,3,249.705534
2026/02/05/10:25:40,running-time,rs-000293-p5pgf,8b6996cf-2073-4d9a-97ca-ad55810a7021,3,249.705534
2026/02/05/10:25:40,apply-time,rs-000293-s2wtv,068bc137-a429-45af-9db8-1a1cdf2e11ce,3,249.705534
2026/02/05/10:25:40,running-time,rs-000293-s2wtv,068bc137-a429-45af-9db8-1a1cdf2e11ce,3,249.705534
2026/02/05/10:25:40,apply-time,rs-000294-v9mnl,87b1cff5-6e4f-4b2c-b8d8-5870249d7f17,2,248.705534
2026/02/05/10:25:40,running-time,rs-000294-v9mnl,87b1cff5-6e4f-4b2c-b8d8-5870249d7f17,2,249.705534
2026/02/05/10:25:41,apply-time,rs-000294-jhcg6,8b7df962-4047-4270-80cb-b79e924a0ed2,2,249.705534
2026/02/05/10:25:41,running-time,rs-000294-jhcg6,8b7df962-4047-4270-80cb-b79e924a0ed2,2,249.705534
2026/02/05/10:25:41,apply-time,rs-000295-hwcmx,9915af1a-bbe7-4ff9-8fd0-2f55578c5691,1,249.705534
2026/02/05/10:25:41,running-time,rs-000295-hwcmx,9915af1a-bbe7-4ff9-8fd0-2f55578c5691,1,249.705534
2026/02/05/10:25:45,running-time,rs-000290-gctqq,e94f1680-5e05-4db5-bc00-80e00807f363,2,254.705534
2026/02/05/10:25:45,apply-time,rs-000296-8hptx,c3e2b3f2-6704-46bf-be23-301a7ec4b9f5,2,253.705534
2026/02/05/10:25:45,apply-time,rs-000296-h25m4,504d1c78-d946-44ce-9c99-e128cdf888f0,2,253.705534
2026/02/05/10:25:45,apply-time,rs-000296-sml8r,6143c0e6-5c7f-4474-9608-e8336421bf91,2,253.705534
2026/02/05/10:25:45,apply-time,rs-000297-jcghn,df8b43ce-e10a-468b-a361-744f03575f3c,3,253.705534
2026/02/05/10:25:45,running-time,rs-000297-jcghn,df8b43ce-e10a-468b-a361-744f03575f3c,3,253.705534
2026/02/05/10:25:45,apply-time,rs-000297-lf24f,92d2ed57-f31c-4b35-ac8a-7a91eccab688,3,253.705534
2026/02/05/10:25:45,running-time,rs-000297-lf24f,92d2ed57-f31c-4b35-ac8a-7a91eccab688,3,253.705534
2026/02/05/10:25:46,apply-time,rs-000298-frw2q,fd50e56b-865a-4e7d-93ad-849b868c0a3c,2,254.705534
2026/02/05/10:25:46,running-time,rs-000298-frw2q,fd50e56b-865a-4e7d-93ad-849b868c0a3c,2,254.705534
2026/02/05/10:25:46,apply-time,rs-000299-d24h5,d193cd65-53f0-4b2e-bde0-ba5c12a903b9,4,254.705534
2026/02/05/10:25:46,running-time,rs-000299-d24h5,d193cd65-53f0-4b2e-bde0-ba5c12a903b9,4,254.705534
2026/02/05/10:25:46,apply-time,rs-000300-jbnjc,e219f0e4-34a2-4dd3-9a2d-52c221d1ccd2,3,254.705534
2026/02/05/10:25:46,running-time,rs-000300-jbnjc,e219f0e4-34a2-4dd3-9a2d-52c221d1ccd2,3,254.705534
2026/02/05/10:25:46,apply-time,rs-000300-p9v9k,a1ae2d89-3e36-413c-9ef8-765f961164a7,3,254.705534
2026/02/05/10:25:46,running-time,rs-000300-p9v9k,a1ae2d89-3e36-413c-9ef8-765f961164a7,3,254.705534
2026/02/05/10:25:50,apply-time,rs-000301-5jb94,5594e5e1-eea6-4f51-a0e5-6cea5724123b,4,258.705534
2026/02/05/10:25:50,apply-time,rs-000301-l8n9n,c9eb42c4-4e52-47b4-b9c6-958419297521,4,258.705534
2026/02/05/10:25:50,running-time,rs-000301-l8n9n,c9eb42c4-4e52-47b4-b9c6-958419297521,4,258.705534
2026/02/05/10:25:50,apply-time,rs-000301-llq24,e2125aef-cf35-4568-bcfc-1aac9d195535,4,258.705534
2026/02/05/10:25:50,apply-time,rs-000302-rwjlh,c16070e3-9cea-42d3-b899-31524d7c6cd7,4,258.705534
2026/02/05/10:25:50,running-time,rs-000302-rwjlh,c16070e3-9cea-42d3-b899-31524d7c6cd7,4,258.705534
2026/02/05/10:25:50,apply-time,rs-000303-h5xts,60656b3c-9b39-4d1b-b06c-7edd8fbf4f0b,2,258.705534
2026/02/05/10:25:50,running-time,rs-000303-h5xts,60656b3c-9b39-4d1b-b06c-7edd8fbf4f0b,2,258.705534
2026/02/05/10:25:50,apply-time,rs-000303-zhb4g,ead89107-edb8-484e-8f30-d1259a21f11a,2,258.705534
2026/02/05/10:25:50,running-time,rs-000303-zhb4g,ead89107-edb8-484e-8f30-d1259a21f11a,2,258.705534
2026/02/05/10:25:55,running-time,rs-000301-5jb94,5594e5e1-eea6-4f51-a0e5-6cea5724123b,4,263.705534
2026/02/05/10:25:56,running-time,rs-000301-llq24,e2125aef-cf35-4568-bcfc-1aac9d195535,4,265.705534
2026/02/05/10:25:56,apply-time,rs-000304-42zgf,6c0af7b4-0a00-4aef-adc5-5cb9334ad2e7,1,264.705534
2026/02/05/10:25:56,running-time,rs-000304-42zgf,6c0af7b4-0a00-4aef-adc5-5cb9334ad2e7,1,264.705534
2026/02/05/10:25:56,apply-time,rs-000304-667n4,945f9f71-ab9e-43bb-9218-d2ef775fb8da,1,264.705534
2026/02/05/10:25:56,running-time,rs-000304-667n4,945f9f71-ab9e-43bb-9218-d2ef775fb8da,1,264.705534
2026/02/05/10:25:56,apply-time,rs-000304-sm5px,0da1dd5e-cacb-4f94-a46f-0b7055ca092e,1,264.705534
2026/02/05/10:25:56,running-time,rs-000304-sm5px,0da1dd5e-cacb-4f94-a46f-0b7055ca092e,1,264.705534
2026/02/05/10:25:56,apply-time,rs-000305-h5p8f,766c2db9-7f97-4b91-8c5e-6b3f217bff73,3,264.705534
2026/02/05/10:25:56,running-time,rs-000305-h5p8f,766c2db9-7f97-4b91-8c5e-6b3f217bff73,3,264.705534
2026/02/05/10:25:56,apply-time,rs-000305-q4p57,03592d5c-5cea-4b69-99cd-717c902db889,3,264.705534
2026/02/05/10:25:56,running-time,rs-000305-q4p57,03592d5c-5cea-4b69-99cd-717c902db889,3,264.705534
2026/02/05/10:25:56,apply-time,rs-000306-7g22b,9af9faad-3e45-4a7c-8082-65258618b625,3,264.705534
2026/02/05/10:25:56,running-time,rs-000306-7g22b,9af9faad-3e45-4a7c-8082-65258618b625,3,264.705534
2026/02/05/10:25:56,apply-time,rs-000307-cpfwj,af5dde70-3057-4e33-bd97-2121f17cda95,3,264.705534
2026/02/05/10:25:56,apply-time,rs-000307-rf9fj,2c8a8875-cff6-4399-a10e-c0ce4e34b77a,3,264.705534
2026/02/05/10:25:58,running-time,rs-000307-cpfwj,af5dde70-3057-4e33-bd97-2121f17cda95,3,266.705534
2026/02/05/10:25:58,running-time,rs-000307-rf9fj,2c8a8875-cff6-4399-a10e-c0ce4e34b77a,3,266.705534
2026/02/05/10:26:02,apply-time,rs-000308-lxcbf,2ee3a567-21ab-45b6-8a37-604cf655a4c5,1,270.705534
2026/02/05/10:26:02,running-time,rs-000308-lxcbf,2ee3a567-21ab-45b6-8a37-604cf655a4c5,1,270.705534
2026/02/05/10:26:02,apply-time,rs-000308-qbqpl,21aceaa6-d342-4826-82c6-36125a72398e,1,270.705534
2026/02/05/10:26:02,running-time,rs-000308-qbqpl,21aceaa6-d342-4826-82c6-36125a72398e,1,270.705534
2026/02/05/10:26:02,apply-time,rs-000308-vgd2f,30cdeb2e-b2e6-4cb4-9e62-2cbf9695493d,1,270.705534
2026/02/05/10:26:02,running-time,rs-000308-vgd2f,30cdeb2e-b2e6-4cb4-9e62-2cbf9695493d,1,270.705534
2026/02/05/10:26:02,apply-time,rs-000309-6cmkq,c207171c-3956-46f7-8afd-ca2d9ebab215,1,270.705534
2026/02/05/10:26:02,running-time,rs-000309-6cmkq,c207171c-3956-46f7-8afd-ca2d9ebab215,1,270.705534
2026/02/05/10:26:02,apply-time,rs-000309-gmdkb,c645f7d0-b80b-46b2-a03c-1e4a6c4ea362,1,270.705534
2026/02/05/10:26:02,running-time,rs-000309-gmdkb,c645f7d0-b80b-46b2-a03c-1e4a6c4ea362,1,270.705534
2026/02/05/10:26:02,apply-time,rs-000309-x6nnl,c9f801da-6020-44ee-9e2d-99a5be4edd57,1,270.705534
2026/02/05/10:26:02,running-time,rs-000309-x6nnl,c9f801da-6020-44ee-9e2d-99a5be4edd57,1,270.705534
2026/02/05/10:26:02,apply-time,rs-000310-n7xnf,39211ed8-47a9-40b4-b2a3-34bbe637241e,1,270.705534
2026/02/05/10:26:02,running-time,rs-000310-n7xnf,39211ed8-47a9-40b4-b2a3-34bbe637241e,1,270.705534
2026/02/05/10:26:02,apply-time,rs-000311-62wps,7a149a54-c6ac-45a2-be39-c47f1027810d,4,270.705534
2026/02/05/10:26:02,running-time,rs-000311-62wps,7a149a54-c6ac-45a2-be39-c47f1027810d,4,271.705534
2026/02/05/10:26:02,apply-time,rs-000311-d6xzd,304d2178-9462-42c6-b34b-85a42c5653f4,4,270.705534
2026/02/05/10:26:02,running-time,rs-000311-d6xzd,304d2178-9462-42c6-b34b-85a42c5653f4,4,271.705534
2026/02/05/10:26:02,apply-time,rs-000311-h8mwm,b7aee877-1106-4781-a4b5-f72e4d5b0f57,4,270.705534
2026/02/05/10:26:02,running-time,rs-000311-h8mwm,b7aee877-1106-4781-a4b5-f72e4d5b0f57,4,271.705534
2026/02/05/10:26:02,apply-time,rs-000312-hlzxm,e2dac226-46f7-441a-b413-7e74e76df7e5,3,270.705534
2026/02/05/10:26:02,running-time,rs-000312-hlzxm,e2dac226-46f7-441a-b413-7e74e76df7e5,3,271.705534
2026/02/05/10:26:02,apply-time,rs-000312-jstx6,6e8bcac5-b753-4726-9740-f8e4727d1194,3,271.705534
2026/02/05/10:26:02,apply-time,rs-000312-z2cqf,31813409-d628-4b64-848d-cd9cdb7ead17,3,271.705534
2026/02/05/10:26:03,running-time,rs-000312-jstx6,6e8bcac5-b753-4726-9740-f8e4727d1194,3,271.705534
2026/02/05/10:26:03,running-time,rs-000312-z2cqf,31813409-d628-4b64-848d-cd9cdb7ead17,3,271.705534
2026/02/05/10:26:08,apply-time,rs-000313-f6sqh,a037d132-21b9-4f4d-9bd3-f78037f62711,1,276.705534
2026/02/05/10:26:08,running-time,rs-000313-f6sqh,a037d132-21b9-4f4d-9bd3-f78037f62711,1,276.705534
2026/02/05/10:26:08,apply-time,rs-000313-g88c8,1cb0550e-587f-4431-873b-4dd1387f24b7,1,276.705534
2026/02/05/10:26:08,running-time,rs-000313-g88c8,1cb0550e-587f-4431-873b-4dd1387f24b7,1,276.705534
2026/02/05/10:26:08,apply-time,rs-000313-vwnlf,3415d36a-64ff-42e6-9a29-ebe9aa4dd858,1,276.705534
2026/02/05/10:26:08,running-time,rs-000313-vwnlf,3415d36a-64ff-42e6-9a29-ebe9aa4dd858,1,276.705534
2026/02/05/10:26:08,apply-time,rs-000314-5sjft,78843adc-ff7a-4951-8b4b-ca59a3b6b83e,4,276.705534
2026/02/05/10:26:08,running-time,rs-000314-5sjft,78843adc-ff7a-4951-8b4b-ca59a3b6b83e,4,276.705534
2026/02/05/10:26:08,apply-time,rs-000315-2tv87,8a024529-8d40-4cb6-932e-54b3c7f6c150,2,276.705534
2026/02/05/10:26:08,running-time,rs-000315-2tv87,8a024529-8d40-4cb6-932e-54b3c7f6c150,2,276.705534
2026/02/05/10:26:08,apply-time,rs-000315-crm9b,c069601d-5271-49d1-8ce1-210e61468578,2,276.705534
2026/02/05/10:26:08,running-time,rs-000315-crm9b,c069601d-5271-49d1-8ce1-210e61468578,2,276.705534
2026/02/05/10:26:08,apply-time,rs-000315-rjfxk,b9d4a988-128d-4421-9b41-a6fc31a9f011,2,276.705534
2026/02/05/10:26:08,running-time,rs-000315-rjfxk,b9d4a988-128d-4421-9b41-a6fc31a9f011,2,276.705534
2026/02/05/10:26:08,apply-time,rs-000316-6zb5z,00271e54-f644-4418-a7a9-7cb7725a948e,1,276.705534
2026/02/05/10:26:08,running-time,rs-000316-6zb5z,00271e54-f644-4418-a7a9-7cb7725a948e,1,276.705534
2026/02/05/10:26:08,apply-time,rs-000317-74swd,b1cde297-f1cd-4f9f-95e9-a2f52c997eee,3,276.705534
2026/02/05/10:26:08,running-time,rs-000317-74swd,b1cde297-f1cd-4f9f-95e9-a2f52c997eee,3,276.705534
2026/02/05/10:26:08,apply-time,rs-000317-x2l6q,a0c12241-ce1f-475e-923a-edf155d22b7b,3,276.705534
2026/02/05/10:26:08,running-time,rs-000317-x2l6q,a0c12241-ce1f-475e-923a-edf155d22b7b,3,276.705534
2026/02/05/10:26:08,apply-time,rs-000318-8pxcc,297e942d-176e-4f96-b657-b21ddaff20a2,2,277.705534
2026/02/05/10:26:08,running-time,rs-000318-8pxcc,297e942d-176e-4f96-b657-b21ddaff20a2,2,277.705534
2026/02/05/10:26:08,apply-time,rs-000318-rzxl5,490ee879-7006-4cf4-9b8d-b256bda8f5e8,2,276.705534
2026/02/05/10:26:08,running-time,rs-000318-rzxl5,490ee879-7006-4cf4-9b8d-b256bda8f5e8,2,276.705534
2026/02/05/10:26:22,apply-time,rs-000319-4nt8t,7da8d7ec-66dc-426b-90c9-ff941913b0c3,2,290.705534
2026/02/05/10:26:22,running-time,rs-000319-4nt8t,7da8d7ec-66dc-426b-90c9-ff941913b0c3,2,290.705534
2026/02/05/10:26:22,apply-time,rs-000319-5j5ls,4e1fb317-e029-4534-8ec1-6756f4400624,2,290.705534
2026/02/05/10:26:22,running-time,rs-000319-5j5ls,4e1fb317-e029-4534-8ec1-6756f4400624,2,290.705534
2026/02/05/10:26:22,apply-time,rs-000319-svlkc,ae608790-ea35-40ee-b72f-a26c6c841776,2,290.705534
2026/02/05/10:26:22,running-time,rs-000319-svlkc,ae608790-ea35-40ee-b72f-a26c6c841776,2,290.705534
2026/02/05/10:26:22,apply-time,rs-000320-5fcjt,900fbfbd-a4db-4ea1-9abf-e981c0bcf8bc,2,290.705534
2026/02/05/10:26:22,running-time,rs-000320-5fcjt,900fbfbd-a4db-4ea1-9abf-e981c0bcf8bc,2,290.705534
2026/02/05/10:26:22,apply-time,rs-000320-wpklm,60fb72f2-ef75-48f5-a037-007ab7a84486,2,290.705534
2026/02/05/10:26:22,running-time,rs-000320-wpklm,60fb72f2-ef75-48f5-a037-007ab7a84486,2,290.705534
2026/02/05/10:26:22,apply-time,rs-000321-9jss7,732ee93f-4aec-4509-a50f-3e6219471bf1,4,290.705534
2026/02/05/10:26:22,running-time,rs-000321-9jss7,732ee93f-4aec-4509-a50f-3e6219471bf1,4,290.705534
2026/02/05/10:26:27,apply-time,rs-000322-zb4l2,33253b0c-2fd4-4baf-b358-01deed698802,2,295.705534
2026/02/05/10:26:27,running-time,rs-000322-zb4l2,33253b0c-2fd4-4baf-b358-01deed698802,2,295.705534
2026/02/05/10:26:27,apply-time,rs-000323-bwdkj,2bb36cc7-c319-47a2-a707-c50b50e38cb5,3,295.705534
2026/02/05/10:26:27,running-time,rs-000323-bwdkj,2bb36cc7-c319-47a2-a707-c50b50e38cb5,3,295.705534
2026/02/05/10:26:27,apply-time,rs-000323-pff4v,bb7437c4-574c-4dfc-9a7f-4ea862b9ea81,3,295.705534
2026/02/05/10:26:27,running-time,rs-000323-pff4v,bb7437c4-574c-4dfc-9a7f-4ea862b9ea81,3,295.705534
2026/02/05/10:26:27,apply-time,rs-000323-xmscz,7ac70606-972f-4c28-9942-454f6b021e49,3,295.705534
2026/02/05/10:26:27,running-time,rs-000323-xmscz,7ac70606-972f-4c28-9942-454f6b021e49,3,295.705534
2026/02/05/10:26:32,apply-time,rs-000324-f9grd,37bea57f-0341-465f-9357-5da2ffcc0e7e,1,300.705534
2026/02/05/10:26:32,running-time,rs-000324-f9grd,37bea57f-0341-465f-9357-5da2ffcc0e7e,1,300.705534
2026/02/05/10:26:32,apply-time,rs-000324-r9vbd,a16ff322-53fd-4295-92c0-28b86f3bfc5f,1,300.705534
2026/02/05/10:26:32,running-time,rs-000324-r9vbd,a16ff322-53fd-4295-92c0-28b86f3bfc5f,1,300.705534
2026/02/05/10:26:32,apply-time,rs-000325-tjrl7,1ff83aa7-24d8-48fd-8ffe-40a31c160673,1,300.705534
2026/02/05/10:26:32,running-time,rs-000325-tjrl7,1ff83aa7-24d8-48fd-8ffe-40a31c160673,1,300.705534
2026/02/05/10:26:32,apply-time,rs-000325-wzcjr,a7afd64a-a2ae-4d27-a8f0-5e2264b3242f,1,300.705534
2026/02/05/10:26:32,running-time,rs-000325-wzcjr,a7afd64a-a2ae-4d27-a8f0-5e2264b3242f,1,300.705534
2026/02/05/10:26:32,apply-time,rs-000326-scbtv,ac2e8d12-104f-4a5e-8a92-d6224a30e254,3,300.705534
2026/02/05/10:26:32,running-time,rs-000326-scbtv,ac2e8d12-104f-4a5e-8a92-d6224a30e254,3,300.705534
2026/02/05/10:26:33,apply-time,rs-000327-245fs,85c92906-ed60-4921-a3d4-e58eaa82b06f,2,301.705534
2026/02/05/10:26:33,running-time,rs-000327-245fs,85c92906-ed60-4921-a3d4-e58eaa82b06f,2,301.705534
2026/02/05/10:26:34,apply-time,rs-000328-b4w8w,64f58e13-0bb9-438c-91fa-9c0bf3357024,2,302.705534
2026/02/05/10:26:34,running-time,rs-000328-b4w8w,64f58e13-0bb9-438c-91fa-9c0bf3357024,2,302.705534
2026/02/05/10:26:34,apply-time,rs-000328-sjqqh,39e89502-db0f-4dea-a833-d42137f261eb,2,302.705534
2026/02/05/10:26:34,running-time,rs-000328-sjqqh,39e89502-db0f-4dea-a833-d42137f261eb,2,302.705534
2026/02/05/10:26:44,apply-time,rs-000329-f475s,82e9233b-de65-4024-8365-c8ff0322515f,1,313.705534
2026/02/05/10:26:44,running-time,rs-000329-f475s,82e9233b-de65-4024-8365-c8ff0322515f,1,313.705534
2026/02/05/10:26:44,apply-time,rs-000329-lppl6,cd5cbbe9-f944-4464-acdc-b0fb8cee82fe,1,313.705534
2026/02/05/10:26:44,running-time,rs-000329-lppl6,cd5cbbe9-f944-4464-acdc-b0fb8cee82fe,1,313.705534
2026/02/05/10:26:44,apply-time,rs-000329-qsgjc,d3d85b22-1af7-4672-ab7b-72ae46472627,1,313.705534
2026/02/05/10:26:44,running-time,rs-000329-qsgjc,d3d85b22-1af7-4672-ab7b-72ae46472627,1,313.705534
2026/02/05/10:26:44,apply-time,rs-000330-n4h9h,258979ca-1699-44bb-93bf-6cce14575cc7,1,313.705534
2026/02/05/10:26:44,running-time,rs-000330-n4h9h,258979ca-1699-44bb-93bf-6cce14575cc7,1,313.705534
2026/02/05/10:26:45,apply-time,rs-000331-8s87q,d021341c-3ce0-480d-81dc-ed3244c903ec,1,313.705534
2026/02/05/10:26:45,running-time,rs-000331-8s87q,d021341c-3ce0-480d-81dc-ed3244c903ec,1,313.705534
2026/02/05/10:26:45,apply-time,rs-000331-cszhm,11ee468a-c8d5-4235-9cfd-a63a9ee75ca6,1,313.705534
2026/02/05/10:26:45,running-time,rs-000331-cszhm,11ee468a-c8d5-4235-9cfd-a63a9ee75ca6,1,313.705534
2026/02/05/10:26:45,apply-time,rs-000331-hlmst,686970f4-baed-471a-bff2-938f3abca95b,1,313.705534
2026/02/05/10:26:45,running-time,rs-000331-hlmst,686970f4-baed-471a-bff2-938f3abca95b,1,313.705534
2026/02/05/10:26:45,apply-time,rs-000332-89r9j,fed0f75b-d285-4413-ac33-0c1c0491fa4f,3,313.705534
2026/02/05/10:26:45,running-time,rs-000332-89r9j,fed0f75b-d285-4413-ac33-0c1c0491fa4f,3,313.705534
2026/02/05/10:26:45,apply-time,rs-000333-fhnwn,838ca959-30ab-4c18-b1e7-0c278f4a9686,1,313.705534
2026/02/05/10:26:45,running-time,rs-000333-fhnwn,838ca959-30ab-4c18-b1e7-0c278f4a9686,1,313.705534
2026/02/05/10:26:45,apply-time,rs-000334-jd69f,6cd215a3-88bb-410f-8459-dbcc02a40d96,3,313.705534
2026/02/05/10:26:45,running-time,rs-000334-jd69f,6cd215a3-88bb-410f-8459-dbcc02a40d96,3,313.705534
2026/02/05/10:26:45,apply-time,rs-000335-8q6dz,95ab23d4-5d89-48ba-bf28-fc698abb4b60,2,313.705534
2026/02/05/10:26:45,running-time,rs-000335-8q6dz,95ab23d4-5d89-48ba-bf28-fc698abb4b60,2,313.705534
2026/02/05/10:26:45,apply-time,rs-000335-bgrqz,4fd3ffa7-e85f-406c-90ef-cd49984253ed,2,313.705534
2026/02/05/10:26:45,running-time,rs-000335-bgrqz,4fd3ffa7-e85f-406c-90ef-cd49984253ed,2,313.705534
2026/02/05/10:26:45,apply-time,rs-000336-q5z9s,6c029a14-f900-4f03-9100-960c5e6a8630,1,313.705534
2026/02/05/10:26:45,running-time,rs-000336-q5z9s,6c029a14-f900-4f03-9100-960c5e6a8630,1,313.705534
2026/02/05/10:26:45,apply-time,rs-000336-tqhbd,173346ab-eb55-4d46-a850-01c10a1d0896,1,314.705534
2026/02/05/10:26:45,running-time,rs-000336-tqhbd,173346ab-eb55-4d46-a850-01c10a1d0896,1,314.705534
2026/02/05/10:26:48,apply-time,rs-000337-28vtp,4b0d9e0f-ed9a-4d04-92cc-c7dcc4d57f79,2,316.705534
2026/02/05/10:26:48,running-time,rs-000337-28vtp,4b0d9e0f-ed9a-4d04-92cc-c7dcc4d57f79,2,316.705534
2026/02/05/10:26:48,apply-time,rs-000337-r5qv4,27a8fbe8-176d-4c3f-b6bc-9b87832b5f88,2,316.705534
2026/02/05/10:26:48,running-time,rs-000337-r5qv4,27a8fbe8-176d-4c3f-b6bc-9b87832b5f88,2,316.705534
2026/02/05/10:26:48,apply-time,rs-000337-zxmjf,618aa3bf-f4b8-41c5-b5f0-dbf97e103894,2,316.705534
2026/02/05/10:26:48,running-time,rs-000337-zxmjf,618aa3bf-f4b8-41c5-b5f0-dbf97e103894,2,316.705534
2026/02/05/10:26:48,apply-time,rs-000338-lq4ch,a5a9df69-5788-48fa-9fd2-3b30712207a5,1,316.705534
2026/02/05/10:26:48,running-time,rs-000338-lq4ch,a5a9df69-5788-48fa-9fd2-3b30712207a5,1,316.705534
2026/02/05/10:26:49,apply-time,rs-000339-fr48n,0f65f9a7-1da5-4ff4-a353-c3165670e348,3,317.705534
2026/02/05/10:26:49,running-time,rs-000339-fr48n,0f65f9a7-1da5-4ff4-a353-c3165670e348,3,317.705534
2026/02/05/10:26:50,apply-time,rs-000340-4mtjv,1b21dcbe-3ee2-4eab-a2fb-1d245fee0248,2,318.705534
2026/02/05/10:26:50,running-time,rs-000340-4mtjv,1b21dcbe-3ee2-4eab-a2fb-1d245fee0248,2,319.705534
2026/02/05/10:26:50,apply-time,rs-000340-qpp7z,28df29f6-0f0b-4888-a78d-1d34d12554be,2,318.705534
2026/02/05/10:26:50,running-time,rs-000340-qpp7z,28df29f6-0f0b-4888-a78d-1d34d12554be,2,319.705534
2026/02/05/10:26:50,apply-time,rs-000340-sdvpp,799af79e-0c35-4789-b52a-129221d4be8b,2,318.705534
2026/02/05/10:26:50,running-time,rs-000340-sdvpp,799af79e-0c35-4789-b52a-129221d4be8b,2,319.705534
2026/02/05/10:26:50,apply-time,rs-000341-2jkvq,c6681a36-a018-4277-820a-ff0c6a8fdf60,4,318.705534
2026/02/05/10:26:50,running-time,rs-000341-2jkvq,c6681a36-a018-4277-820a-ff0c6a8fdf60,4,319.705534
2026/02/05/10:26:50,apply-time,rs-000341-df245,e890668b-2123-4a94-a758-b6b812556205,4,318.705534
2026/02/05/10:26:50,running-time,rs-000341-df245,e890668b-2123-4a94-a758-b6b812556205,4,319.705534
2026/02/05/10:26:55,apply-time,rs-000342-8w65q,e3f2f5de-0343-4e89-a9d2-78f396493961,4,323.705534
2026/02/05/10:26:55,running-time,rs-000342-8w65q,e3f2f5de-0343-4e89-a9d2-78f396493961,4,323.705534
2026/02/05/10:26:55,apply-time,rs-000343-866fz,cfc1da00-1df5-49d5-9e6f-69d219876af8,1,323.705534
2026/02/05/10:26:55,running-time,rs-000343-866fz,cfc1da00-1df5-49d5-9e6f-69d219876af8,1,323.705534
2026/02/05/10:26:55,apply-time,rs-000343-qh47c,890dbc72-f315-4dfd-8171-fdbab1d2e338,1,323.705534
2026/02/05/10:26:55,running-time,rs-000343-qh47c,890dbc72-f315-4dfd-8171-fdbab1d2e338,1,323.705534
2026/02/05/10:26:55,apply-time,rs-000343-v9p7j,bdd75e81-cf71-4db3-adad-cad56c5973fe,1,323.705534
2026/02/05/10:26:55,running-time,rs-000343-v9p7j,bdd75e81-cf71-4db3-adad-cad56c5973fe,1,323.705534
2026/02/05/10:26:55,apply-time,rs-000344-7bnnm,5570011a-61d7-4ae0-acac-30d197e9af32,1,323.705534
2026/02/05/10:26:55,running-time,rs-000344-7bnnm,5570011a-61d7-4ae0-acac-30d197e9af32,1,323.705534
2026/02/05/10:26:55,apply-time,rs-000344-xxq2h,1b005303-7446-40ac-a825-68a14af4ba82,1,323.705534
2026/02/05/10:26:55,running-time,rs-000344-xxq2h,1b005303-7446-40ac-a825-68a14af4ba82,1,323.705534
2026/02/05/10:26:55,apply-time,rs-000345-dnwh8,1d376e54-4703-48f3-ae2a-e9d3f3d02469,4,323.705534
2026/02/05/10:26:55,running-time,rs-000345-dnwh8,1d376e54-4703-48f3-ae2a-e9d3f3d02469,4,323.705534
2026/02/05/10:26:55,apply-time,rs-000346-ghcwp,c3559282-0202-42fc-a377-79c84a34e2c3,2,323.705534
2026/02/05/10:26:55,running-time,rs-000346-ghcwp,c3559282-0202-42fc-a377-79c84a34e2c3,2,323.705534
2026/02/05/10:26:55,apply-time,rs-000346-vjzqh,0573c457-3050-44a1-9690-79a62a6042c9,2,323.705534
2026/02/05/10:26:55,running-time,rs-000346-vjzqh,0573c457-3050-44a1-9690-79a62a6042c9,2,323.705534
2026/02/05/10:26:55,apply-time,rs-000347-29vlw,7b6784af-c63a-4b0c-9d0e-01810144d4c2,3,323.705534
2026/02/05/10:26:55,running-time,rs-000347-29vlw,7b6784af-c63a-4b0c-9d0e-01810144d4c2,3,323.705534
2026/02/05/10:26:55,apply-time,rs-000347-gjlrm,c632a4cc-d765-4403-af92-a81000f559a4,3,324.705534
2026/02/05/10:26:55,apply-time,rs-000348-92qrr,0dfbae17-539a-4a13-a9c9-b4f2840ed430,2,324.705534
2026/02/05/10:26:55,running-time,rs-000348-92qrr,0dfbae17-539a-4a13-a9c9-b4f2840ed430,2,324.705534
2026/02/05/10:26:55,apply-time,rs-000348-mbbrx,79d5aa0a-c3b2-447a-81ca-b1d992ca7257,2,323.705534
2026/02/05/10:26:55,running-time,rs-000348-mbbrx,79d5aa0a-c3b2-447a-81ca-b1d992ca7257,2,323.705534
2026/02/05/10:26:55,apply-time,rs-000349-nqlb7,d2238e25-e88a-473a-b254-885d1296685d,1,324.705534
2026/02/05/10:26:55,running-time,rs-000349-nqlb7,d2238e25-e88a-473a-b254-885d1296685d,1,324.705534
2026/02/05/10:26:55,apply-time,rs-000350-2m7cx,a3caefba-3cde-4bda-9a94-190d601ba878,2,324.705534
2026/02/05/10:26:55,running-time,rs-000350-2m7cx,a3caefba-3cde-4bda-9a94-190d601ba878,2,324.705534
2026/02/05/10:26:56,running-time,rs-000347-gjlrm,c632a4cc-d765-4403-af92-a81000f559a4,3,324.705534
2026/02/05/10:26:56,apply-time,rs-000347-gnxjn,ac98f5bb-8139-412a-9b06-d6786a0f4859,3,324.705534
2026/02/05/10:26:56,running-time,rs-000347-gnxjn,ac98f5bb-8139-412a-9b06-d6786a0f4859,3,324.705534
2026/02/05/10:26:56,apply-time,rs-000350-m4d9m,29121231-9abb-4657-9333-4b0081f27431,2,324.705534
2026/02/05/10:26:56,running-time,rs-000350-m4d9m,29121231-9abb-4657-9333-4b0081f27431,2,324.705534
2026/02/05/10:26:56,apply-time,rs-000350-tnzcv,30f4774e-e5dc-42d2-8081-2cd6156e0b37,2,324.705534
2026/02/05/10:26:56,running-time,rs-000350-tnzcv,30f4774e-e5dc-42d2-8081-2cd6156e0b37,2,324.705534
2026/02/05/10:26:56,apply-time,rs-000351-pg9d7,a8ee234a-d750-419c-9e01-55a33adae9be,2,324.705534
2026/02/05/10:26:56,running-time,rs-000351-pg9d7,a8ee234a-d750-419c-9e01-55a33adae9be,2,324.705534
2026/02/05/10:26:56,apply-time,rs-000352-fnwjq,d19dca1d-fdf4-4206-a092-04903bed8932,1,325.705534
2026/02/05/10:26:56,apply-time,rs-000352-j2q6d,a225a1f1-acbe-4076-b12e-88aab36c5d02,1,324.705534
2026/02/05/10:26:56,running-time,rs-000352-j2q6d,a225a1f1-acbe-4076-b12e-88aab36c5d02,1,324.705534
2026/02/05/10:26:56,apply-time,rs-000352-pgsjs,c4577cd2-9823-4d47-b0aa-39fa236e201e,1,325.705534
2026/02/05/10:26:56,running-time,rs-000352-pgsjs,c4577cd2-9823-4d47-b0aa-39fa236e201e,1,325.705534
2026/02/05/10:26:56,apply-time,rs-000353-ct79p,5d718a5d-92e3-4613-a165-ab69cc7c9bfb,1,324.705534
2026/02/05/10:26:56,running-time,rs-000353-ct79p,5d718a5d-92e3-4613-a165-ab69cc7c9bfb,1,324.705534
2026/02/05/10:26:56,apply-time,rs-000354-lxvqh,63ce23ee-475e-4468-815f-973455cd3474,4,324.705534
2026/02/05/10:26:56,running-time,rs-000354-lxvqh,63ce23ee-475e-4468-815f-973455cd3474,4,324.705534
2026/02/05/10:26:56,apply-time,rs-000355-f6tg4,a16fff2e-d973-4c26-bd86-f1bd53409880,1,324.705534
2026/02/05/10:26:56,running-time,rs-000355-f6tg4,a16fff2e-d973-4c26-bd86-f1bd53409880,1,324.705534
2026/02/05/10:26:57,apply-time,rs-000355-5bcjc,2cfa5edb-64a2-4e11-aba9-4b2d7998fd9f,1,325.705534
2026/02/05/10:26:57,running-time,rs-000355-5bcjc,2cfa5edb-64a2-4e11-aba9-4b2d7998fd9f,1,325.705534
2026/02/05/10:26:57,apply-time,rs-000356-htz5l,06d171d0-ccc9-4cbd-a2ca-add6dddca2c3,4,325.705534
2026/02/05/10:26:57,running-time,rs-000356-htz5l,06d171d0-ccc9-4cbd-a2ca-add6dddca2c3,4,325.705534
2026/02/05/10:26:57,apply-time,rs-000356-jq6ds,3d042ecf-b810-470f-a813-dd29525a7807,4,325.705534
2026/02/05/10:26:57,running-time,rs-000356-jq6ds,3d042ecf-b810-470f-a813-dd29525a7807,4,325.705534
2026/02/05/10:26:57,apply-time,rs-000356-kvjf2,783adabe-9076-4085-87b1-9b0781fe84e2,4,325.705534
2026/02/05/10:26:57,running-time,rs-000356-kvjf2,783adabe-9076-4085-87b1-9b0781fe84e2,4,325.705534
2026/02/05/10:26:57,apply-time,rs-000357-45h4h,49132457-0758-4001-be22-e38236469651,2,325.705534
2026/02/05/10:26:57,running-time,rs-000357-45h4h,49132457-0758-4001-be22-e38236469651,2,325.705534
2026/02/05/10:26:57,apply-time,rs-000357-r4wrb,586e5fb1-e424-4703-b2bd-d727abbd5f59,2,325.705534
2026/02/05/10:26:57,running-time,rs-000357-r4wrb,586e5fb1-e424-4703-b2bd-d727abbd5f59,2,325.705534
2026/02/05/10:26:57,apply-time,rs-000358-gwxkn,455a6c8d-5a77-45fe-8156-93cfe0584992,2,325.705534
2026/02/05/10:26:57,running-time,rs-000358-gwxkn,455a6c8d-5a77-45fe-8156-93cfe0584992,2,325.705534
2026/02/05/10:26:57,apply-time,rs-000358-tgrwd,9e879573-6f91-42cf-954d-1297adf79038,2,325.705534
2026/02/05/10:26:57,running-time,rs-000358-tgrwd,9e879573-6f91-42cf-954d-1297adf79038,2,325.705534
2026/02/05/10:26:57,apply-time,rs-000359-6kgvv,228bf832-8b08-4ed1-a561-7fff27b5e376,1,326.705534
2026/02/05/10:26:57,apply-time,rs-000359-bq2nn,9af6d8f0-e4f8-4836-988a-142830654cba,1,325.705534
2026/02/05/10:26:57,apply-time,rs-000359-xlkj5,a7f9e6f8-e5fe-4161-840b-70da719d1349,1,326.705534
2026/02/05/10:26:58,running-time,rs-000359-6kgvv,228bf832-8b08-4ed1-a561-7fff27b5e376,1,326.705534
2026/02/05/10:26:58,running-time,rs-000359-bq2nn,9af6d8f0-e4f8-4836-988a-142830654cba,1,326.705534
2026/02/05/10:26:58,running-time,rs-000359-xlkj5,a7f9e6f8-e5fe-4161-840b-70da719d1349,1,326.705534
2026/02/05/10:26:59,running-time,rs-000352-fnwjq,d19dca1d-fdf4-4206-a092-04903bed8932,1,327.705534
2026/02/05/10:27:02,apply-time,rs-000360-68n58,041d9a83-9568-4da7-b477-c2de0539c53f,3,330.705534
2026/02/05/10:27:02,running-time,rs-000360-68n58,041d9a83-9568-4da7-b477-c2de0539c53f,3,330.705534
2026/02/05/10:27:02,apply-time,rs-000360-h6rc6,dff8dfbf-2a59-4549-b520-718a9da271eb,3,330.705534
2026/02/05/10:27:02,running-time,rs-000360-h6rc6,dff8dfbf-2a59-4549-b520-718a9da271eb,3,330.705534
2026/02/05/10:27:02,apply-time,rs-000361-c4fjh,90162f64-e8d1-4b36-9a15-24e80c0bb0bb,3,330.705534
2026/02/05/10:27:02,running-time,rs-000361-c4fjh,90162f64-e8d1-4b36-9a15-24e80c0bb0bb,3,330.705534
2026/02/05/10:27:02,apply-time,rs-000361-rk5tq,a026828d-a635-447e-b847-5395d0a18571,3,330.705534
2026/02/05/10:27:02,running-time,rs-000361-rk5tq,a026828d-a635-447e-b847-5395d0a18571,3,330.705534
2026/02/05/10:27:02,apply-time,rs-000362-4x7pl,7ced0aaa-fbc5-4ecc-add1-ea20b80a0b6b,2,330.705534
2026/02/05/10:27:02,apply-time,rs-000363-bnlhm,9f0b63ef-70b9-4d9d-a033-5e9944a544e6,3,330.705534
2026/02/05/10:27:02,running-time,rs-000363-bnlhm,9f0b63ef-70b9-4d9d-a033-5e9944a544e6,3,330.705534
2026/02/05/10:27:02,apply-time,rs-000364-6prqs,c4c27c28-751b-4f94-9fa9-46ec4dc5e877,2,330.705534
2026/02/05/10:27:02,apply-time,rs-000364-m7lbb,4ab3968c-07f5-4f22-9a07-b0f2af3c469f,2,330.705534
2026/02/05/10:27:02,apply-time,rs-000364-wrn5n,cb39b21b-4382-4620-a185-35894a61a7b3,2,330.705534
2026/02/05/10:27:02,running-time,rs-000364-wrn5n,cb39b21b-4382-4620-a185-35894a61a7b3,2,330.705534
2026/02/05/10:27:02,apply-time,rs-000365-9r8wd,12fdfcd3-ff5d-4db9-a505-810d6e94b917,4,331.705534
2026/02/05/10:27:03,apply-time,rs-000365-222bd,e8ad1527-d992-4d59-b953-ed7ad68293ab,4,331.705534
2026/02/05/10:27:03,apply-time,rs-000365-9xwq6,38664aa7-0c04-4113-9271-2427f625b4f8,4,331.705534
2026/02/05/10:27:03,apply-time,rs-000366-lwtws,b8e44b2f-f668-4600-aa2b-083e60b66e53,2,331.705534
2026/02/05/10:27:03,running-time,rs-000366-lwtws,b8e44b2f-f668-4600-aa2b-083e60b66e53,2,331.705534
2026/02/05/10:27:03,apply-time,rs-000367-gp464,7dffe656-f908-4278-ab53-6ae531252303,4,331.705534
2026/02/05/10:27:03,running-time,rs-000367-gp464,7dffe656-f908-4278-ab53-6ae531252303,4,331.705534
2026/02/05/10:27:03,apply-time,rs-000367-lfp2k,294b4aab-97d2-4933-83f4-658775139f3e,4,331.705534
2026/02/05/10:27:03,running-time,rs-000367-lfp2k,294b4aab-97d2-4933-83f4-658775139f3e,4,331.705534
2026/02/05/10:27:03,apply-time,rs-000367-t2gqm,2af5fae4-0af3-481e-b9cc-3b9e3043c071,4,331.705534
2026/02/05/10:27:03,running-time,rs-000367-t2gqm,2af5fae4-0af3-481e-b9cc-3b9e3043c071,4,331.705534
2026/02/05/10:27:09,apply-time,rs-000368-tfp7q,60adcea5-bb0e-4b41-9c31-c0402f9ee452,3,337.705534
2026/02/05/10:27:09,running-time,rs-000368-tfp7q,60adcea5-bb0e-4b41-9c31-c0402f9ee452,3,337.705534
2026/02/05/10:27:09,apply-time,rs-000368-zpxsl,fc57b875-124f-44d1-8f93-df05ab7f2885,3,337.705534
2026/02/05/10:27:09,running-time,rs-000368-zpxsl,fc57b875-124f-44d1-8f93-df05ab7f2885,3,337.705534
2026/02/05/10:27:09,apply-time,rs-000369-dgg54,d3d13d8e-9d0d-4299-88af-9f42fe828d69,3,337.705534
2026/02/05/10:27:09,running-time,rs-000369-dgg54,d3d13d8e-9d0d-4299-88af-9f42fe828d69,3,337.705534
2026/02/05/10:27:09,apply-time,rs-000369-g5vl4,da3984dd-561c-42bf-b740-c3125a9b5557,3,337.705534
2026/02/05/10:27:09,running-time,rs-000369-g5vl4,da3984dd-561c-42bf-b740-c3125a9b5557,3,337.705534
2026/02/05/10:27:18,apply-time,rs-000370-qmh27,c198c0b3-7a48-4ecf-aa41-1ff46573a461,4,346.705534
2026/02/05/10:27:18,running-time,rs-000370-qmh27,c198c0b3-7a48-4ecf-aa41-1ff46573a461,4,346.705534
2026/02/05/10:27:18,apply-time,rs-000371-jvsm2,b1b872db-96bd-4baf-8ae5-6147a0ce06a1,3,346.705534
2026/02/05/10:27:18,running-time,rs-000371-jvsm2,b1b872db-96bd-4baf-8ae5-6147a0ce06a1,3,346.705534
2026/02/05/10:27:18,apply-time,rs-000371-pvqcr,a6c2a3c6-c797-4cf9-8316-cda7d36ac150,3,346.705534
2026/02/05/10:27:18,running-time,rs-000371-pvqcr,a6c2a3c6-c797-4cf9-8316-cda7d36ac150,3,346.705534
2026/02/05/10:27:18,apply-time,rs-000371-wnc9x,752c92b0-6005-49b8-9786-4240f66db05f,3,346.705534
2026/02/05/10:27:18,running-time,rs-000371-wnc9x,752c92b0-6005-49b8-9786-4240f66db05f,3,346.705534
2026/02/05/10:27:19,apply-time,rs-000372-5wghp,fa54d5b9-a902-416f-9209-f3d23fc541db,2,348.705534
2026/02/05/10:27:19,running-time,rs-000372-5wghp,fa54d5b9-a902-416f-9209-f3d23fc541db,2,348.705534
2026/02/05/10:27:19,apply-time,rs-000373-cvvjc,8b067727-1085-4f88-8536-2a0718aae92f,2,348.705534
2026/02/05/10:27:19,running-time,rs-000373-cvvjc,8b067727-1085-4f88-8536-2a0718aae92f,2,348.705534
2026/02/05/10:27:19,apply-time,rs-000373-lj96v,87f8c237-7e0e-4617-ad90-ec3a7990d4e6,2,348.705534
2026/02/05/10:27:19,running-time,rs-000373-lj96v,87f8c237-7e0e-4617-ad90-ec3a7990d4e6,2,348.705534
2026/02/05/10:27:19,apply-time,rs-000374-267lj,9d799e6e-9439-4601-8355-e3679ba44501,4,348.705534
2026/02/05/10:27:19,running-time,rs-000374-267lj,9d799e6e-9439-4601-8355-e3679ba44501,4,348.705534
2026/02/05/10:27:19,apply-time,rs-000374-d5cbf,a60233e1-32b6-4309-81b8-63bdac8e6b8d,4,348.705534
2026/02/05/10:27:19,running-time,rs-000374-d5cbf,a60233e1-32b6-4309-81b8-63bdac8e6b8d,4,348.705534
2026/02/05/10:27:20,apply-time,rs-000375-8pckk,bd9acf39-8678-45b1-8be4-b4ee23981eba,1,348.705534
2026/02/05/10:27:20,running-time,rs-000375-8pckk,bd9acf39-8678-45b1-8be4-b4ee23981eba,1,348.705534
2026/02/05/10:27:20,apply-time,rs-000375-9pzhq,55f6fbb0-405e-4c7f-99b6-c7b4e293d893,1,348.705534
2026/02/05/10:27:20,running-time,rs-000375-9pzhq,55f6fbb0-405e-4c7f-99b6-c7b4e293d893,1,348.705534
2026/02/05/10:27:20,apply-time,rs-000376-v2r7b,75b3aaa3-f59c-4afe-b3fe-979db0950f61,3,348.705534
2026/02/05/10:27:20,running-time,rs-000376-v2r7b,75b3aaa3-f59c-4afe-b3fe-979db0950f61,3,348.705534
2026/02/05/10:27:20,apply-time,rs-000377-gtppb,4cf7acea-1ec9-4716-ba61-ee493e772e0a,3,348.705534
2026/02/05/10:27:20,running-time,rs-000377-gtppb,4cf7acea-1ec9-4716-ba61-ee493e772e0a,3,348.705534
2026/02/05/10:27:20,apply-time,rs-000377-h92xj,0dc664c1-3934-4931-844f-d3d230d1d6d3,3,348.705534
2026/02/05/10:27:20,running-time,rs-000377-h92xj,0dc664c1-3934-4931-844f-d3d230d1d6d3,3,348.705534
2026/02/05/10:27:20,apply-time,rs-000377-r9ct9,2441e34f-17f3-486f-ada8-6db45960e455,3,348.705534
2026/02/05/10:27:20,running-time,rs-000377-r9ct9,2441e34f-17f3-486f-ada8-6db45960e455,3,348.705534
2026/02/05/10:27:20,apply-time,rs-000378-b66tf,14ee718f-daa1-4a3e-b3a6-a06f71eae756,1,349.705534
2026/02/05/10:27:20,running-time,rs-000378-b66tf,14ee718f-daa1-4a3e-b3a6-a06f71eae756,1,349.705534
2026/02/05/10:27:20,apply-time,rs-000378-hx4mj,7a748b9b-c930-4e3f-a9b1-5a7ca220953a,1,348.705534
2026/02/05/10:27:20,running-time,rs-000378-hx4mj,7a748b9b-c930-4e3f-a9b1-5a7ca220953a,1,348.705534
2026/02/05/10:27:20,apply-time,rs-000378-qcjf2,467bb74e-1a0d-4526-b70a-16cb1fe649b0,1,349.705534
2026/02/05/10:27:20,running-time,rs-000378-qcjf2,467bb74e-1a0d-4526-b70a-16cb1fe649b0,1,349.705534
2026/02/05/10:27:20,apply-time,rs-000379-sskls,ed4a6335-4d8c-42d6-86a5-41889c904bc7,4,348.705534
2026/02/05/10:27:20,running-time,rs-000379-sskls,ed4a6335-4d8c-42d6-86a5-41889c904bc7,4,348.705534
2026/02/05/10:27:20,apply-time,rs-000380-5px6c,acd7bba4-c036-40c8-98f6-0b2c84aae693,3,349.705534
2026/02/05/10:27:20,running-time,rs-000380-5px6c,acd7bba4-c036-40c8-98f6-0b2c84aae693,3,349.705534
2026/02/05/10:27:21,apply-time,rs-000380-72cbm,755480f0-bee4-4cfa-947b-18fc458528d6,3,349.705534
2026/02/05/10:27:21,running-time,rs-000380-72cbm,755480f0-bee4-4cfa-947b-18fc458528d6,3,349.705534
2026/02/05/10:27:21,apply-time,rs-000381-b76wb,9e869753-1011-4caf-9475-a66c8d775cfa,1,349.705534
2026/02/05/10:27:21,running-time,rs-000381-b76wb,9e869753-1011-4caf-9475-a66c8d775cfa,1,349.705534
2026/02/05/10:27:21,apply-time,rs-000381-kz6lk,03f27a21-7906-4e01-9b64-b737132b354e,1,349.705534
2026/02/05/10:27:21,running-time,rs-000381-kz6lk,03f27a21-7906-4e01-9b64-b737132b354e,1,349.705534
2026/02/05/10:27:21,apply-time,rs-000381-vmcjp,f73de008-ff50-4a5b-a794-f5ea30a6e6ad,1,349.705534
2026/02/05/10:27:21,running-time,rs-000381-vmcjp,f73de008-ff50-4a5b-a794-f5ea30a6e6ad,1,349.705534
2026/02/05/10:27:22,apply-time,rs-000382-hg2mt,adeeb51f-1a3e-41d7-938c-346e6d6eb790,4,350.705534
2026/02/05/10:27:22,running-time,rs-000382-hg2mt,adeeb51f-1a3e-41d7-938c-346e6d6eb790,4,350.705534
2026/02/05/10:27:22,apply-time,rs-000383-95gz9,1c62cd49-5ac8-4ea7-8777-d83a1e3b1287,2,350.705534
2026/02/05/10:27:22,apply-time,rs-000383-k4lfp,74248bda-5e80-4814-947a-f37159d8b7df,2,350.705534
2026/02/05/10:27:22,apply-time,rs-000383-t9fwn,f2386287-71c6-4ed2-a6e5-6037dad0eb56,2,350.705534
2026/02/05/10:27:22,apply-time,rs-000384-9qvhx,2c401ae4-62fc-4856-9da9-0ffda2f8af2d,1,350.705534
2026/02/05/10:27:22,apply-time,rs-000384-nlbdz,78ee036b-defd-4eff-a629-254dcf93a314,1,350.705534
2026/02/05/10:27:22,running-time,rs-000384-nlbdz,78ee036b-defd-4eff-a629-254dcf93a314,1,350.705534
2026/02/05/10:27:22,apply-time,rs-000385-nv6rh,f4d22b62-2b21-47ba-af29-296e0c69f9e1,4,350.705534
2026/02/05/10:27:22,running-time,rs-000385-nv6rh,f4d22b62-2b21-47ba-af29-296e0c69f9e1,4,350.705534
2026/02/05/10:27:22,apply-time,rs-000385-rbxhm,653f55a2-efcd-4fe7-87b7-7efe16eea5d1,4,350.705534
2026/02/05/10:27:22,running-time,rs-000385-rbxhm,653f55a2-efcd-4fe7-87b7-7efe16eea5d1,4,350.705534
2026/02/05/10:27:23,running-time,rs-000384-9qvhx,2c401ae4-62fc-4856-9da9-0ffda2f8af2d,1,351.705534
2026/02/05/10:27:24,apply-time,rs-000386-w2897,1ff969ca-b822-419f-853b-38883fd2e685,1,352.705534
2026/02/05/10:27:24,running-time,rs-000386-w2897,1ff969ca-b822-419f-853b-38883fd2e685,1,352.705534
2026/02/05/10:27:24,apply-time,rs-000387-499z9,8765f595-1f77-474a-8c43-c7eaf0bb8a35,1,352.705534
2026/02/05/10:27:24,running-time,rs-000387-499z9,8765f595-1f77-474a-8c43-c7eaf0bb8a35,1,352.705534
2026/02/05/10:27:24,apply-time,rs-000387-7fgt8,25f510b4-0fb8-4ec6-aa52-967170ad82bd,1,352.705534
2026/02/05/10:27:24,apply-time,rs-000387-xxkrt,a60c601b-7652-4591-aaac-5e9fdbad20a8,1,352.705534
2026/02/05/10:27:24,apply-time,rs-000388-tjwmp,6d5157cd-da92-495e-8934-fdcb8a678bcf,3,352.705534
2026/02/05/10:27:24,running-time,rs-000388-tjwmp,6d5157cd-da92-495e-8934-fdcb8a678bcf,3,352.705534
2026/02/05/10:27:24,apply-time,rs-000388-xlhkw,0b1589d0-d459-477b-b642-a519a9f0aa62,3,352.705534
2026/02/05/10:27:24,running-time,rs-000388-xlhkw,0b1589d0-d459-477b-b642-a519a9f0aa62,3,352.705534
2026/02/05/10:27:24,apply-time,rs-000389-4f86q,fb1e9684-705f-4174-93e3-3f7540786e21,3,352.705534
2026/02/05/10:27:24,running-time,rs-000389-4f86q,fb1e9684-705f-4174-93e3-3f7540786e21,3,352.705534
2026/02/05/10:27:24,apply-time,rs-000389-pqn42,b06d8bb2-d5a2-4a68-8c08-36d2b52e8749,3,352.705534
2026/02/05/10:27:24,running-time,rs-000389-pqn42,b06d8bb2-d5a2-4a68-8c08-36d2b52e8749,3,352.705534
2026/02/05/10:27:26,apply-time,rs-000390-nz9v7,417f0a49-bfd2-4d5e-82c5-0c6cdbbf3e77,4,354.705534
2026/02/05/10:27:26,running-time,rs-000390-nz9v7,417f0a49-bfd2-4d5e-82c5-0c6cdbbf3e77,4,354.705534
2026/02/05/10:27:26,apply-time,rs-000390-xf8xd,3022567d-3d16-44b9-b70a-2b2218659fef,4,354.705534
2026/02/05/10:27:26,running-time,rs-000390-xf8xd,3022567d-3d16-44b9-b70a-2b2218659fef,4,354.705534
2026/02/05/10:27:26,apply-time,rs-000391-5ll8x,a02b823f-9df9-4233-9818-50ca0d2ad743,1,354.705534
2026/02/05/10:27:26,running-time,rs-000391-5ll8x,a02b823f-9df9-4233-9818-50ca0d2ad743,1,354.705534
2026/02/05/10:27:27,apply-time,rs-000392-sbtcf,3659c960-3717-4dc2-aa27-1ef49079944c,3,356.705534
2026/02/05/10:27:27,running-time,rs-000392-sbtcf,3659c960-3717-4dc2-aa27-1ef49079944c,3,356.705534
2026/02/05/10:27:27,apply-time,rs-000393-4ln8h,a7ebe221-cd3d-4170-b8e7-b62e2235fbc3,2,356.705534
2026/02/05/10:27:27,running-time,rs-000393-4ln8h,a7ebe221-cd3d-4170-b8e7-b62e2235fbc3,2,356.705534
2026/02/05/10:27:27,apply-time,rs-000393-bhzdp,595ea724-b785-478f-a3e7-6480f0903224,2,356.705534
2026/02/05/10:27:27,running-time,rs-000393-bhzdp,595ea724-b785-478f-a3e7-6480f0903224,2,356.705534
2026/02/05/10:27:27,apply-time,rs-000394-6npx4,226c49c9-af16-4a32-bf33-d7513008af22,3,356.705534
2026/02/05/10:27:27,running-time,rs-000394-6npx4,226c49c9-af16-4a32-bf33-d7513008af22,3,356.705534
2026/02/05/10:27:27,apply-time,rs-000395-z9wsf,61a39048-a3e4-45f7-96c9-0e607da89992,1,356.705534
2026/02/05/10:27:27,running-time,rs-000395-z9wsf,61a39048-a3e4-45f7-96c9-0e607da89992,1,356.705534
2026/02/05/10:27:27,apply-time,rs-000396-5q579,edd4ee8c-23ed-4083-bea4-45ec5165226c,4,356.705534
2026/02/05/10:27:27,running-time,rs-000396-5q579,edd4ee8c-23ed-4083-bea4-45ec5165226c,4,356.705534
2026/02/05/10:27:27,apply-time,rs-000396-bl6cw,1eb99ac6-2a1e-4bc9-8ab1-e5d17f8e6062,4,356.705534
2026/02/05/10:27:27,running-time,rs-000396-bl6cw,1eb99ac6-2a1e-4bc9-8ab1-e5d17f8e6062,4,356.705534
2026/02/05/10:27:27,apply-time,rs-000396-fcpjt,ebb8eba3-cc9d-444e-9762-a197f4eb5642,4,356.705534
2026/02/05/10:27:27,running-time,rs-000396-fcpjt,ebb8eba3-cc9d-444e-9762-a197f4eb5642,4,356.705534
2026/02/05/10:27:28,apply-time,rs-000397-m6chb,b005d73e-4058-42b1-9db6-ad4e66a66678,4,356.705534
2026/02/05/10:27:28,running-time,rs-000397-m6chb,b005d73e-4058-42b1-9db6-ad4e66a66678,4,356.705534
2026/02/05/10:27:28,apply-time,rs-000398-n56fk,f331d8e7-5351-4d6a-87b8-9d1dc6012d96,4,356.705534
2026/02/05/10:27:28,running-time,rs-000398-n56fk,f331d8e7-5351-4d6a-87b8-9d1dc6012d96,4,356.705534
2026/02/05/10:27:28,apply-time,rs-000399-8grsh,40df572b-cc1a-4221-bfd6-e919c0ea8577,2,357.705534
2026/02/05/10:27:28,running-time,rs-000399-8grsh,40df572b-cc1a-4221-bfd6-e919c0ea8577,2,357.705534
2026/02/05/10:27:28,apply-time,rs-000399-9ltfp,f646d916-c0f3-4264-8d79-ad34f5855c74,2,356.705534
2026/02/05/10:27:28,running-time,rs-000399-9ltfp,f646d916-c0f3-4264-8d79-ad34f5855c74,2,357.705534
2026/02/05/10:27:28,apply-time,rs-000399-9w6h7,dfa3ba14-aea5-43c5-9f26-0e6c4dac6e59,2,356.705534
2026/02/05/10:27:28,running-time,rs-000399-9w6h7,dfa3ba14-aea5-43c5-9f26-0e6c4dac6e59,2,356.705534
2026/02/05/10:27:28,apply-time,rs-000400-qkn5w,d92d89c0-7081-4fab-9f81-bf0a9671aa19,2,356.705534
2026/02/05/10:27:28,running-time,rs-000400-qkn5w,d92d89c0-7081-4fab-9f81-bf0a9671aa19,2,356.705534
2026/02/05/10:27:28,apply-time,rs-000400-rdzgt,ddfb0e7e-0013-4006-8027-bba61e7144c1,2,356.705534
2026/02/05/10:27:28,running-time,rs-000400-rdzgt,ddfb0e7e-0013-4006-8027-bba61e7144c1,2,356.705534
2026/02/05/10:27:28,apply-time,rs-000401-rj75r,81ebedf7-9cf0-465b-84a8-40c4b0bccbf7,4,356.705534
2026/02/05/10:27:28,running-time,rs-000401-rj75r,81ebedf7-9cf0-465b-84a8-40c4b0bccbf7,4,356.705534
2026/02/05/10:27:28,apply-time,rs-000401-rtx7f,c81fba94-4489-4faf-8ae7-b70cca62ec0e,4,356.705534
2026/02/05/10:27:28,running-time,rs-000401-rtx7f,c81fba94-4489-4faf-8ae7-b70cca62ec0e,4,356.705534
2026/02/05/10:27:28,apply-time,rs-000401-vm2dh,2b9b6b95-1379-4b3d-be24-2023beb28534,4,356.705534
2026/02/05/10:27:28,running-time,rs-000401-vm2dh,2b9b6b95-1379-4b3d-be24-2023beb28534,4,356.705534
2026/02/05/10:27:29,apply-time,rs-000402-mbcp9,f37c5349-816b-4e43-a644-430ae0d3e07c,1,357.705534
2026/02/05/10:27:29,running-time,rs-000402-mbcp9,f37c5349-816b-4e43-a644-430ae0d3e07c,1,357.705534
2026/02/05/10:27:29,apply-time,rs-000402-zprnt,df897785-2362-4e58-afe6-95d3705073d3,1,357.705534
2026/02/05/10:27:29,running-time,rs-000402-zprnt,df897785-2362-4e58-afe6-95d3705073d3,1,357.705534
2026/02/05/10:27:29,apply-time,rs-000403-d4kwj,a6714951-5ae2-4a70-9859-c99b63877568,1,357.705534
2026/02/05/10:27:29,running-time,rs-000403-d4kwj,a6714951-5ae2-4a70-9859-c99b63877568,1,357.705534
2026/02/05/10:27:31,apply-time,rs-000404-rj582,8ae84187-e981-41c5-9a23-ae583ae65d40,3,360.705534
2026/02/05/10:27:31,running-time,rs-000404-rj582,8ae84187-e981-41c5-9a23-ae583ae65d40,3,360.705534
2026/02/05/10:27:35,apply-time,rs-000405-2jpgr,4eded5be-bc0c-4d84-bbea-463a01ba9885,3,363.705534
2026/02/05/10:27:35,running-time,rs-000405-2jpgr,4eded5be-bc0c-4d84-bbea-463a01ba9885,3,363.705534
2026/02/05/10:27:35,apply-time,rs-000405-fnrrq,5901d6e4-299d-458d-8152-36e1afcf6768,3,363.705534
2026/02/05/10:27:35,running-time,rs-000405-fnrrq,5901d6e4-299d-458d-8152-36e1afcf6768,3,363.705534
2026/02/05/10:27:35,apply-time,rs-000405-tmpnj,edd4dfbf-30c6-4a19-982a-6c889b4e979a,3,363.705534
2026/02/05/10:27:35,running-time,rs-000405-tmpnj,edd4dfbf-30c6-4a19-982a-6c889b4e979a,3,363.705534
2026/02/05/10:27:35,apply-time,rs-000406-n7697,06459d18-eaef-4cb8-9d7f-45debde32530,2,363.705534
2026/02/05/10:27:35,running-time,rs-000406-n7697,06459d18-eaef-4cb8-9d7f-45debde32530,2,363.705534
2026/02/05/10:27:35,apply-time,rs-000406-p577s,1f2d4d20-0bcf-437c-8449-c24003f732e2,2,363.705534
2026/02/05/10:27:35,running-time,rs-000406-p577s,1f2d4d20-0bcf-437c-8449-c24003f732e2,2,363.705534
2026/02/05/10:27:35,apply-time,rs-000406-p6l5m,ef237cb1-e3eb-447b-9af1-9ab8aee41230,2,363.705534
2026/02/05/10:27:35,running-time,rs-000406-p6l5m,ef237cb1-e3eb-447b-9af1-9ab8aee41230,2,363.705534
2026/02/05/10:27:35,apply-time,rs-000407-5pvwp,3b0274a9-2cda-4ce6-aadc-098e90affe3d,2,363.705534
2026/02/05/10:27:35,running-time,rs-000407-5pvwp,3b0274a9-2cda-4ce6-aadc-098e90affe3d,2,363.705534
2026/02/05/10:27:35,apply-time,rs-000407-rc6xd,afdd6036-246f-4308-99b1-922721e523f8,2,363.705534
2026/02/05/10:27:35,running-time,rs-000407-rc6xd,afdd6036-246f-4308-99b1-922721e523f8,2,363.705534
2026/02/05/10:27:35,apply-time,rs-000407-shr8t,ec07d73d-7a03-46f8-8de0-964600f08b03,2,363.705534
2026/02/05/10:27:35,apply-time,rs-000408-g9g8b,dacd2ab8-2d6e-4973-8c80-6bedce3cfe8a,2,363.705534
2026/02/05/10:27:35,running-time,rs-000408-g9g8b,dacd2ab8-2d6e-4973-8c80-6bedce3cfe8a,2,363.705534
2026/02/05/10:27:35,apply-time,rs-000408-l6zbx,e2df4ca5-35a3-48cc-b706-76719a2ed835,2,363.705534
2026/02/05/10:27:35,running-time,rs-000408-l6zbx,e2df4ca5-35a3-48cc-b706-76719a2ed835,2,363.705534
2026/02/05/10:27:35,apply-time,rs-000408-t9hbh,e98f56de-672d-4915-9db9-09a77c012de9,2,363.705534
2026/02/05/10:27:35,running-time,rs-000408-t9hbh,e98f56de-672d-4915-9db9-09a77c012de9,2,363.705534
2026/02/05/10:27:35,apply-time,rs-000409-k298g,2bf4df6b-a03b-4bc2-b5b1-dd637bfb4694,1,363.705534
2026/02/05/10:27:35,running-time,rs-000409-k298g,2bf4df6b-a03b-4bc2-b5b1-dd637bfb4694,1,363.705534
2026/02/05/10:27:35,apply-time,rs-000410-v5dxp,e0486659-a355-42f6-95a0-349376557dc1,1,363.705534
2026/02/05/10:27:35,running-time,rs-000410-v5dxp,e0486659-a355-42f6-95a0-349376557dc1,1,363.705534
2026/02/05/10:27:36,apply-time,rs-000411-4vkjq,bafeddb5-2ffc-4063-ba02-d6f7aebc6087,2,364.705534
2026/02/05/10:27:36,running-time,rs-000411-4vkjq,bafeddb5-2ffc-4063-ba02-d6f7aebc6087,2,364.705534
2026/02/05/10:27:36,apply-time,rs-000411-lkfpj,31287735-5fe2-40b3-8eb9-0011728dd8cd,2,364.705534
2026/02/05/10:27:36,running-time,rs-000411-lkfpj,31287735-5fe2-40b3-8eb9-0011728dd8cd,2,364.705534
2026/02/05/10:27:36,apply-time,rs-000412-nwlgd,bc2ebafe-d55e-4184-81ed-5b78eb6c6f94,3,364.705534
2026/02/05/10:27:36,running-time,rs-000412-nwlgd,bc2ebafe-d55e-4184-81ed-5b78eb6c6f94,3,364.705534
2026/02/05/10:27:36,apply-time,rs-000412-q2q8c,6cb22096-1967-474b-b3ea-626c1609e9c4,3,364.705534
2026/02/05/10:27:36,running-time,rs-000412-q2q8c,6cb22096-1967-474b-b3ea-626c1609e9c4,3,364.705534
2026/02/05/10:27:36,apply-time,rs-000412-qwjd9,0cbda0b5-fbfd-4893-b979-29ef8a1427ec,3,364.705534
2026/02/05/10:27:36,running-time,rs-000412-qwjd9,0cbda0b5-fbfd-4893-b979-29ef8a1427ec,3,364.705534
2026/02/05/10:27:36,apply-time,rs-000413-gf4hq,506f8ace-b5ac-415d-b031-d5d7b90b2579,1,365.705534
2026/02/05/10:27:36,running-time,rs-000413-gf4hq,506f8ace-b5ac-415d-b031-d5d7b90b2579,1,365.705534
2026/02/05/10:27:36,apply-time,rs-000413-xhf25,f250d572-1828-4ef3-b3fd-f812bfc26794,1,364.705534
2026/02/05/10:27:36,running-time,rs-000413-xhf25,f250d572-1828-4ef3-b3fd-f812bfc26794,1,364.705534
2026/02/05/10:27:36,apply-time,rs-000414-f76x7,d8e2df2e-9fb1-4cce-8cda-e219046b7a11,3,365.705534
2026/02/05/10:27:36,running-time,rs-000414-f76x7,d8e2df2e-9fb1-4cce-8cda-e219046b7a11,3,365.705534
2026/02/05/10:27:37,running-time,rs-000407-shr8t,ec07d73d-7a03-46f8-8de0-964600f08b03,2,365.705534
2026/02/05/10:27:45,apply-time,rs-000415-5fw59,c17ffd8f-e5d4-4b9b-a167-14f0f04c637c,1,373.705534
2026/02/05/10:27:45,running-time,rs-000415-5fw59,c17ffd8f-e5d4-4b9b-a167-14f0f04c637c,1,373.705534
2026/02/05/10:27:45,apply-time,rs-000415-h5q5v,0a32b6e4-b3ba-443e-a1d4-2e351c3fc131,1,373.705534
2026/02/05/10:27:45,running-time,rs-000415-h5q5v,0a32b6e4-b3ba-443e-a1d4-2e351c3fc131,1,373.705534
2026/02/05/10:27:45,apply-time,rs-000416-gpwd4,86e7209a-51fe-44bd-837c-3422bf050863,3,373.705534
2026/02/05/10:27:45,running-time,rs-000416-gpwd4,86e7209a-51fe-44bd-837c-3422bf050863,3,373.705534
2026/02/05/10:27:45,apply-time,rs-000416-p5zjt,f56e2c8b-c701-4b5f-a679-d959364a74bb,3,373.705534
2026/02/05/10:27:45,running-time,rs-000416-p5zjt,f56e2c8b-c701-4b5f-a679-d959364a74bb,3,373.705534
2026/02/05/10:27:45,apply-time,rs-000416-vlhjv,4862f01a-5cbf-4cbd-af9c-c680c3a62e30,3,373.705534
2026/02/05/10:27:45,running-time,rs-000416-vlhjv,4862f01a-5cbf-4cbd-af9c-c680c3a62e30,3,373.705534
2026/02/05/10:27:47,apply-time,rs-000417-9gp7n,16c1233a-58e6-4783-bb22-4122707b0162,3,375.705534
2026/02/05/10:27:47,running-time,rs-000417-9gp7n,16c1233a-58e6-4783-bb22-4122707b0162,3,375.705534
2026/02/05/10:27:47,apply-time,rs-000417-wp4vq,e88ea73a-1838-4c64-a753-a4b692c2d245,3,375.705534
2026/02/05/10:27:47,running-time,rs-000417-wp4vq,e88ea73a-1838-4c64-a753-a4b692c2d245,3,375.705534
2026/02/05/10:27:47,apply-time,rs-000418-kklv4,8e79d1d7-c2f0-4ba2-8f13-9b388dc71887,1,375.705534
2026/02/05/10:27:47,running-time,rs-000418-kklv4,8e79d1d7-c2f0-4ba2-8f13-9b388dc71887,1,375.705534
2026/02/05/10:27:47,apply-time,rs-000419-gkrsb,612745f5-5428-4962-a0c1-30e979dfb323,3,375.705534
2026/02/05/10:27:47,running-time,rs-000419-gkrsb,612745f5-5428-4962-a0c1-30e979dfb323,3,375.705534
2026/02/05/10:27:47,apply-time,rs-000419-mdf5w,4ae1e8be-697b-4e89-9ca8-bc35787bf4b0,3,375.705534
2026/02/05/10:27:47,running-time,rs-000419-mdf5w,4ae1e8be-697b-4e89-9ca8-bc35787bf4b0,3,375.705534
2026/02/05/10:27:47,apply-time,rs-000419-qfvqx,11b18a76-a5b3-49e1-9efd-a995f028e5de,3,375.705534
2026/02/05/10:27:47,running-time,rs-000419-qfvqx,11b18a76-a5b3-49e1-9efd-a995f028e5de,3,375.705534
2026/02/05/10:27:54,apply-time,rs-000420-kpflm,f2844ee7-3d41-4d80-af70-1ffc2caad756,3,383.705534
2026/02/05/10:27:54,running-time,rs-000420-kpflm,f2844ee7-3d41-4d80-af70-1ffc2caad756,3,383.705534
2026/02/05/10:27:54,apply-time,rs-000420-n8hjf,8e663b48-46ca-4f8a-9a95-7fa06bd2dae0,3,383.705534
2026/02/05/10:27:54,running-time,rs-000420-n8hjf,8e663b48-46ca-4f8a-9a95-7fa06bd2dae0,3,383.705534
2026/02/05/10:27:54,apply-time,rs-000420-vzh6p,5b5cefc0-040d-455a-af23-73a8c6a367d5,3,383.705534
2026/02/05/10:27:54,running-time,rs-000420-vzh6p,5b5cefc0-040d-455a-af23-73a8c6a367d5,3,383.705534
2026/02/05/10:27:54,apply-time,rs-000421-c7j6p,8f98226f-e41f-455a-871e-96d2e14a3b8f,4,383.705534
2026/02/05/10:27:55,running-time,rs-000421-c7j6p,8f98226f-e41f-455a-871e-96d2e14a3b8f,4,383.705534
2026/02/05/10:27:55,apply-time,rs-000422-5qp52,03f18606-56b0-40b2-a32b-30dbaf87f7c7,3,383.705534
2026/02/05/10:27:55,running-time,rs-000422-5qp52,03f18606-56b0-40b2-a32b-30dbaf87f7c7,3,383.705534
2026/02/05/10:27:55,apply-time,rs-000422-qfzt5,02a5ca4b-f69f-4244-9787-2b014d0a8dec,3,383.705534
2026/02/05/10:27:55,running-time,rs-000422-qfzt5,02a5ca4b-f69f-4244-9787-2b014d0a8dec,3,383.705534
2026/02/05/10:27:55,apply-time,rs-000423-scf5q,92ddc32d-e256-4362-be92-6cec6baa37e7,4,383.705534
2026/02/05/10:27:55,running-time,rs-000423-scf5q,92ddc32d-e256-4362-be92-6cec6baa37e7,4,383.705534
2026/02/05/10:27:55,apply-time,rs-000423-xn5kj,daae67d5-0fef-47df-a39e-03374c5d9ccb,4,383.705534
2026/02/05/10:27:55,running-time,rs-000423-xn5kj,daae67d5-0fef-47df-a39e-03374c5d9ccb,4,383.705534
2026/02/05/10:27:58,apply-time,rs-000424-jg7b2,ce5bad10-068b-4655-ac2b-d05e24f2dd5d,3,386.705534
2026/02/05/10:27:58,running-time,rs-000424-jg7b2,ce5bad10-068b-4655-ac2b-d05e24f2dd5d,3,386.705534
2026/02/05/10:27:58,apply-time,rs-000424-pxgr7,12928221-ad1e-42bf-a94f-fbe147554c9b,3,386.705534
2026/02/05/10:27:58,running-time,rs-000424-pxgr7,12928221-ad1e-42bf-a94f-fbe147554c9b,3,386.705534
2026/02/05/10:27:58,apply-time,rs-000425-7pw7m,20e71c0f-8a47-467f-a9b3-68f02734322b,1,386.705534
2026/02/05/10:27:58,running-time,rs-000425-7pw7m,20e71c0f-8a47-467f-a9b3-68f02734322b,1,386.705534
2026/02/05/10:27:58,apply-time,rs-000426-4hswx,a13e4ce1-7068-4654-b4d6-da967f527f70,2,387.705534
2026/02/05/10:27:58,apply-time,rs-000426-h5nrz,41088851-274a-4c15-a52e-94fd06aea018,2,387.705534
2026/02/05/10:27:58,apply-time,rs-000426-vx4h4,879449ef-c8d9-4c56-8f5c-28ae82ca42b3,2,387.705534
2026/02/05/10:27:58,running-time,rs-000426-vx4h4,879449ef-c8d9-4c56-8f5c-28ae82ca42b3,2,387.705534
2026/02/05/10:27:58,apply-time,rs-000427-56ss9,e2e22640-81d7-4c0d-8191-c4f4a6711b0c,1,387.705534
2026/02/05/10:27:58,running-time,rs-000427-56ss9,e2e22640-81d7-4c0d-8191-c4f4a6711b0c,1,387.705534
2026/02/05/10:27:58,apply-time,rs-000428-hvtpr,448292f7-f02e-46cf-998b-3e7f4db19c5f,2,387.705534
2026/02/05/10:27:58,running-time,rs-000428-hvtpr,448292f7-f02e-46cf-998b-3e7f4db19c5f,2,387.705534
2026/02/05/10:27:58,apply-time,rs-000428-sj228,5514f874-b360-43e6-8e94-bab5a66bae25,2,387.705534
2026/02/05/10:27:58,running-time,rs-000428-sj228,5514f874-b360-43e6-8e94-bab5a66bae25,2,387.705534
2026/02/05/10:27:58,apply-time,rs-000429-lblmk,e162c7fa-81c3-49ae-9e71-e9062345e5f8,4,387.705534
2026/02/05/10:27:58,running-time,rs-000429-lblmk,e162c7fa-81c3-49ae-9e71-e9062345e5f8,4,387.705534
2026/02/05/10:27:58,apply-time,rs-000430-tzckq,23a1a6bc-1fed-4616-8c92-6cf52220814c,3,387.705534
2026/02/05/10:27:58,running-time,rs-000430-tzckq,23a1a6bc-1fed-4616-8c92-6cf52220814c,3,387.705534
2026/02/05/10:27:59,apply-time,rs-000431-xqvt8,649124e1-6930-44c2-915c-8d671a48c2d2,4,387.705534
2026/02/05/10:27:59,running-time,rs-000431-xqvt8,649124e1-6930-44c2-915c-8d671a48c2d2,4,387.705534
2026/02/05/10:27:59,apply-time,rs-000432-rq8h5,f33960b3-1649-4354-a205-45e5706eba3c,4,387.705534
2026/02/05/10:27:59,running-time,rs-000432-rq8h5,f33960b3-1649-4354-a205-45e5706eba3c,4,387.705534
2026/02/05/10:27:59,apply-time,rs-000433-2tszp,14cc6268-4a48-45ed-a268-b836fe4c171f,1,388.705534
2026/02/05/10:27:59,running-time,rs-000433-2tszp,14cc6268-4a48-45ed-a268-b836fe4c171f,1,388.705534
2026/02/05/10:27:59,apply-time,rs-000433-j9lsw,f5680962-c8f8-4b7d-973e-8919d316c272,1,387.705534
2026/02/05/10:27:59,running-time,rs-000433-j9lsw,f5680962-c8f8-4b7d-973e-8919d316c272,1,387.705534
2026/02/05/10:27:59,apply-time,rs-000433-tnscm,cbba7732-5323-432b-8079-b29d4d1cf6d1,1,387.705534
2026/02/05/10:27:59,running-time,rs-000433-tnscm,cbba7732-5323-432b-8079-b29d4d1cf6d1,1,388.705534
2026/02/05/10:27:59,apply-time,rs-000434-r75zl,b70d9e03-8ead-4f19-9a7d-42394793e004,2,387.705534
2026/02/05/10:27:59,running-time,rs-000434-r75zl,b70d9e03-8ead-4f19-9a7d-42394793e004,2,387.705534
2026/02/05/10:27:59,apply-time,rs-000434-w2p69,38ab46e1-574b-41a2-871a-e4555aed9ec6,2,387.705534
2026/02/05/10:27:59,running-time,rs-000434-w2p69,38ab46e1-574b-41a2-871a-e4555aed9ec6,2,387.705534
2026/02/05/10:27:59,apply-time,rs-000435-6szzt,ef368297-f24c-4c31-9044-143137760c22,1,387.705534
2026/02/05/10:27:59,running-time,rs-000435-6szzt,ef368297-f24c-4c31-9044-143137760c22,1,387.705534
2026/02/05/10:27:59,apply-time,rs-000435-x6w48,3a819085-1974-4445-ab55-bd8bf05759a9,1,388.705534
2026/02/05/10:27:59,running-time,rs-000435-x6w48,3a819085-1974-4445-ab55-bd8bf05759a9,1,388.705534
2026/02/05/10:28:00,apply-time,rs-000436-h4lfh,d614afe2-6433-4bac-b7c1-859d0802c7d1,1,388.705534
2026/02/05/10:28:00,apply-time,rs-000437-jxqj5,fd3d3639-d028-4ccc-a05a-77b8756bc973,3,389.705534
2026/02/05/10:28:00,running-time,rs-000437-jxqj5,fd3d3639-d028-4ccc-a05a-77b8756bc973,3,389.705534
2026/02/05/10:28:00,apply-time,rs-000438-2b4cd,ebe3530b-9274-4b01-9073-c46235a19115,2,388.705534
2026/02/05/10:28:00,running-time,rs-000438-2b4cd,ebe3530b-9274-4b01-9073-c46235a19115,2,388.705534
2026/02/05/10:28:00,apply-time,rs-000438-b4w5t,8f29ac7b-df58-4b15-a65e-8b78f76ba747,2,389.705534
2026/02/05/10:28:00,running-time,rs-000438-b4w5t,8f29ac7b-df58-4b15-a65e-8b78f76ba747,2,389.705534
2026/02/05/10:28:00,apply-time,rs-000439-bmpzt,aff8effe-192c-4b3d-bd58-4955677d0a70,1,388.705534
2026/02/05/10:28:00,running-time,rs-000439-bmpzt,aff8effe-192c-4b3d-bd58-4955677d0a70,1,388.705534
2026/02/05/10:28:00,apply-time,rs-000440-5l95d,450a388f-2614-4b08-b01f-610541209251,2,388.705534
2026/02/05/10:28:00,running-time,rs-000440-5l95d,450a388f-2614-4b08-b01f-610541209251,2,388.705534
2026/02/05/10:28:00,apply-time,rs-000440-w4tzt,27604aa4-bdc9-4962-abdc-629990a8eda9,2,389.705534
2026/02/05/10:28:00,running-time,rs-000440-w4tzt,27604aa4-bdc9-4962-abdc-629990a8eda9,2,389.705534
2026/02/05/10:28:00,apply-time,rs-000440-xrtsl,a82cd759-cd70-4dcb-b524-61587b8293e1,2,389.705534
2026/02/05/10:28:00,running-time,rs-000440-xrtsl,a82cd759-cd70-4dcb-b524-61587b8293e1,2,389.705534
2026/02/05/10:28:01,running-time,rs-000436-h4lfh,d614afe2-6433-4bac-b7c1-859d0802c7d1,1,389.705534
2026/02/05/10:28:01,apply-time,rs-000437-b6xsw,29d23b1a-fcea-451d-823c-7f8d533aaa9a,3,389.705534
2026/02/05/10:28:01,running-time,rs-000437-b6xsw,29d23b1a-fcea-451d-823c-7f8d533aaa9a,3,389.705534
2026/02/05/10:28:01,apply-time,rs-000439-h92fk,197bfcd8-3193-40bf-b673-1f248506b1ea,1,389.705534
2026/02/05/10:28:01,running-time,rs-000439-h92fk,197bfcd8-3193-40bf-b673-1f248506b1ea,1,389.705534
2026/02/05/10:28:01,apply-time,rs-000439-vjjnf,409e81da-511e-43b3-abb8-d94a97675dab,1,389.705534
2026/02/05/10:28:01,running-time,rs-000439-vjjnf,409e81da-511e-43b3-abb8-d94a97675dab,1,389.705534
2026/02/05/10:28:01,apply-time,rs-000441-rdk4m,b3b23d33-1f0b-43eb-a3dd-e5a272c41847,1,389.705534
2026/02/05/10:28:01,running-time,rs-000441-rdk4m,b3b23d33-1f0b-43eb-a3dd-e5a272c41847,1,389.705534
2026/02/05/10:28:01,apply-time,rs-000442-rv67f,075b7d4c-c47c-4450-8330-7e1aaaddd60e,2,389.705534
2026/02/05/10:28:01,running-time,rs-000442-rv67f,075b7d4c-c47c-4450-8330-7e1aaaddd60e,2,389.705534
2026/02/05/10:28:01,apply-time,rs-000442-tlg5g,42d94067-c5b1-4694-b0bf-545dd200eac6,2,390.705534
2026/02/05/10:28:01,running-time,rs-000442-tlg5g,42d94067-c5b1-4694-b0bf-545dd200eac6,2,390.705534
2026/02/05/10:28:01,apply-time,rs-000443-ffdxj,d00d6a6c-1201-466c-842d-24713897228a,3,390.705534
2026/02/05/10:28:01,apply-time,rs-000443-szssf,4733b889-5164-416b-b696-85df46bf2269,3,389.705534
2026/02/05/10:28:01,running-time,rs-000443-szssf,4733b889-5164-416b-b696-85df46bf2269,3,389.705534
2026/02/05/10:28:01,apply-time,rs-000444-9s8r4,2babdc2b-9351-46ea-b110-3c800712bebf,1,389.705534
2026/02/05/10:28:01,running-time,rs-000444-9s8r4,2babdc2b-9351-46ea-b110-3c800712bebf,1,389.705534
2026/02/05/10:28:03,running-time,rs-000426-4hswx,a13e4ce1-7068-4654-b4d6-da967f527f70,2,391.705534
2026/02/05/10:28:04,apply-time,rs-000445-4gv99,df464ed4-3ee7-49fb-8749-6286237871e8,4,392.705534
2026/02/05/10:28:04,running-time,rs-000445-4gv99,df464ed4-3ee7-49fb-8749-6286237871e8,4,392.705534
2026/02/05/10:28:04,apply-time,rs-000445-wwqbm,d8e2766b-6465-4dc3-8ce3-f73b3c8927c4,4,392.705534
2026/02/05/10:28:04,running-time,rs-000445-wwqbm,d8e2766b-6465-4dc3-8ce3-f73b3c8927c4,4,392.705534
2026/02/05/10:28:04,apply-time,rs-000446-7bzjb,2d23e97a-ceb2-439d-b54e-6b8c0def62fa,1,392.705534
2026/02/05/10:28:04,running-time,rs-000446-7bzjb,2d23e97a-ceb2-439d-b54e-6b8c0def62fa,1,392.705534
2026/02/05/10:28:04,apply-time,rs-000447-7jhd5,aae9c0bc-9791-4730-8a64-7c0c9669ec5c,2,392.705534
2026/02/05/10:28:04,apply-time,rs-000447-8rk9c,388828f4-810b-402c-960c-33fbf86d760d,2,392.705534
2026/02/05/10:28:04,apply-time,rs-000447-95mw9,f2fa479f-49e4-4d1d-87b1-7b3c724486ef,2,392.705534
2026/02/05/10:28:04,running-time,rs-000447-95mw9,f2fa479f-49e4-4d1d-87b1-7b3c724486ef,2,392.705534
2026/02/05/10:28:04,apply-time,rs-000448-qvzz4,189acf00-7ce1-431f-966e-30c21e327aa3,1,392.705534
2026/02/05/10:28:04,running-time,rs-000448-qvzz4,189acf00-7ce1-431f-966e-30c21e327aa3,1,392.705534
2026/02/05/10:28:05,running-time,rs-000447-7jhd5,aae9c0bc-9791-4730-8a64-7c0c9669ec5c,2,393.705534
2026/02/05/10:28:05,running-time,rs-000447-8rk9c,388828f4-810b-402c-960c-33fbf86d760d,2,393.705534
2026/02/05/10:28:06,apply-time,rs-000449-x7scz,09cdc75e-3a63-4796-876b-55b18fe8ba79,3,394.705534
2026/02/05/10:28:06,running-time,rs-000449-x7scz,09cdc75e-3a63-4796-876b-55b18fe8ba79,3,394.705534
2026/02/05/10:28:06,apply-time,rs-000450-zfmz2,42c9fc85-5402-48f3-a4ba-5354892d98b3,4,394.705534
2026/02/05/10:28:06,running-time,rs-000450-zfmz2,42c9fc85-5402-48f3-a4ba-5354892d98b3,4,394.705534
2026/02/05/10:28:06,apply-time,rs-000451-6hr5t,10c156c7-6a07-4237-9056-e58e56a399d4,4,394.705534
2026/02/05/10:28:06,running-time,rs-000451-6hr5t,10c156c7-6a07-4237-9056-e58e56a399d4,4,394.705534
2026/02/05/10:28:06,apply-time,rs-000451-s5qcr,47b3fca5-299f-4d14-8dd0-7951483d33bb,4,394.705534
2026/02/05/10:28:06,running-time,rs-000451-s5qcr,47b3fca5-299f-4d14-8dd0-7951483d33bb,4,394.705534
2026/02/05/10:28:06,apply-time,rs-000452-6r9sw,73a3a46b-abe9-4fb8-8c4c-5e00c138ecaa,1,394.705534
2026/02/05/10:28:06,running-time,rs-000452-6r9sw,73a3a46b-abe9-4fb8-8c4c-5e00c138ecaa,1,394.705534
2026/02/05/10:28:06,apply-time,rs-000452-72n64,051172f0-03fd-48dd-9a96-72cf28791581,1,394.705534
2026/02/05/10:28:06,running-time,rs-000452-72n64,051172f0-03fd-48dd-9a96-72cf28791581,1,394.705534
2026/02/05/10:28:06,apply-time,rs-000452-m27j8,5186d06e-9033-4458-8bc1-edef7d6f4ec5,1,394.705534
2026/02/05/10:28:06,running-time,rs-000452-m27j8,5186d06e-9033-4458-8bc1-edef7d6f4ec5,1,394.705534
2026/02/05/10:28:06,apply-time,rs-000453-ksdm8,ad3fc751-c63f-43b0-bd81-9045a37533cc,2,394.705534
2026/02/05/10:28:06,running-time,rs-000453-ksdm8,ad3fc751-c63f-43b0-bd81-9045a37533cc,2,394.705534
2026/02/05/10:28:06,apply-time,rs-000454-w6bjb,36081256-a931-4af8-9aa5-39431d808f15,1,395.705534
2026/02/05/10:28:06,running-time,rs-000454-w6bjb,36081256-a931-4af8-9aa5-39431d808f15,1,395.705534
2026/02/05/10:28:06,apply-time,rs-000455-vjn2l,7a58fc2d-dce4-4ab3-85af-9d0836baceb7,4,395.705534
2026/02/05/10:28:06,running-time,rs-000455-vjn2l,7a58fc2d-dce4-4ab3-85af-9d0836baceb7,4,395.705534
2026/02/05/10:28:06,apply-time,rs-000456-fnkhw,d445802c-5af9-45f5-b978-fe2ccb4dfe65,1,395.705534
2026/02/05/10:28:06,running-time,rs-000456-fnkhw,d445802c-5af9-45f5-b978-fe2ccb4dfe65,1,395.705534
2026/02/05/10:28:07,apply-time,rs-000455-425g6,10a96acc-f46f-4970-b33c-d8716d994fcf,4,395.705534
2026/02/05/10:28:07,running-time,rs-000455-425g6,10a96acc-f46f-4970-b33c-d8716d994fcf,4,395.705534
2026/02/05/10:28:07,apply-time,rs-000455-gl6fm,1907f828-adda-4c8b-b671-c9aa3770ca24,4,395.705534
2026/02/05/10:28:07,running-time,rs-000455-gl6fm,1907f828-adda-4c8b-b671-c9aa3770ca24,4,395.705534
2026/02/05/10:28:07,apply-time,rs-000456-h5n76,ea3bec62-33d7-4907-a163-1237f96d853c,1,395.705534
2026/02/05/10:28:07,running-time,rs-000456-h5n76,ea3bec62-33d7-4907-a163-1237f96d853c,1,395.705534
2026/02/05/10:28:07,apply-time,rs-000457-rc74p,078eac32-e1fe-490f-9c84-a2c82a787731,3,395.705534
2026/02/05/10:28:07,running-time,rs-000457-rc74p,078eac32-e1fe-490f-9c84-a2c82a787731,3,395.705534
2026/02/05/10:28:07,apply-time,rs-000458-775vd,70b00cbd-65dc-4b46-9273-09e42b1dc59a,1,395.705534
2026/02/05/10:28:07,running-time,rs-000458-775vd,70b00cbd-65dc-4b46-9273-09e42b1dc59a,1,395.705534
2026/02/05/10:28:07,apply-time,rs-000458-x2qvg,dc47a6de-1e73-4baf-9cd5-35dce6fbc0ae,1,396.705534
2026/02/05/10:28:07,running-time,rs-000458-x2qvg,dc47a6de-1e73-4baf-9cd5-35dce6fbc0ae,1,396.705534
2026/02/05/10:28:07,apply-time,rs-000459-klvm8,70a19c2f-ec5c-4b1b-bf79-3e41a11232d1,1,396.705534
2026/02/05/10:28:07,running-time,rs-000459-klvm8,70a19c2f-ec5c-4b1b-bf79-3e41a11232d1,1,396.705534
2026/02/05/10:28:07,apply-time,rs-000460-fnnql,e2bf28b4-8c91-4022-8aee-66eb9354d5e2,4,396.705534
2026/02/05/10:28:07,apply-time,rs-000460-jnxzd,d0d2c787-8567-407b-a111-8262ece0351b,4,395.705534
2026/02/05/10:28:07,running-time,rs-000460-jnxzd,d0d2c787-8567-407b-a111-8262ece0351b,4,395.705534
2026/02/05/10:28:07,apply-time,rs-000461-wcpjc,32102b13-f97b-47a5-a69a-06301aa00de5,1,395.705534
2026/02/05/10:28:07,running-time,rs-000461-wcpjc,32102b13-f97b-47a5-a69a-06301aa00de5,1,396.705534
2026/02/05/10:28:08,running-time,rs-000460-fnnql,e2bf28b4-8c91-4022-8aee-66eb9354d5e2,4,396.705534
2026/02/05/10:28:08,apply-time,rs-000461-th68g,cd9d3de9-b4fd-422d-b647-5c15be6236d8,1,396.705534
2026/02/05/10:28:08,running-time,rs-000461-th68g,cd9d3de9-b4fd-422d-b647-5c15be6236d8,1,396.705534
2026/02/05/10:28:08,apply-time,rs-000462-gjvss,3a22f9ab-3126-4300-b36a-c43e5ceb64cc,4,396.705534
2026/02/05/10:28:08,running-time,rs-000462-gjvss,3a22f9ab-3126-4300-b36a-c43e5ceb64cc,4,396.705534
2026/02/05/10:28:08,apply-time,rs-000462-rfs46,44cf9c13-7e1e-446a-bdd4-cae43d4573ad,4,396.705534
2026/02/05/10:28:08,running-time,rs-000462-rfs46,44cf9c13-7e1e-446a-bdd4-cae43d4573ad,4,396.705534
2026/02/05/10:28:08,apply-time,rs-000463-czx9r,c5f6ccb6-6e08-497d-9a1c-d6cbd2d640c8,2,396.705534
2026/02/05/10:28:08,running-time,rs-000463-czx9r,c5f6ccb6-6e08-497d-9a1c-d6cbd2d640c8,2,396.705534
2026/02/05/10:28:08,apply-time,rs-000464-plqsr,3da4b85e-5684-49b4-9d0d-36cf0cb3a0d7,4,397.705534
2026/02/05/10:28:08,running-time,rs-000464-plqsr,3da4b85e-5684-49b4-9d0d-36cf0cb3a0d7,4,397.705534
2026/02/05/10:28:08,apply-time,rs-000464-rvlxd,6433be10-56ea-4f3e-9bd4-16246d03bfff,4,397.705534
2026/02/05/10:28:08,running-time,rs-000464-rvlxd,6433be10-56ea-4f3e-9bd4-16246d03bfff,4,397.705534
2026/02/05/10:28:08,apply-time,rs-000464-wxm7v,9f0d8ae9-974e-4c44-a62a-59cf8a4ed695,4,396.705534
2026/02/05/10:28:08,running-time,rs-000464-wxm7v,9f0d8ae9-974e-4c44-a62a-59cf8a4ed695,4,396.705534
2026/02/05/10:28:10,apply-time,rs-000465-5dtjx,416e146a-031a-4132-933a-ef4d65d9de5f,3,398.705534
2026/02/05/10:28:10,running-time,rs-000465-5dtjx,416e146a-031a-4132-933a-ef4d65d9de5f,3,398.705534
2026/02/05/10:28:10,apply-time,rs-000465-9k29d,ae523f63-78e9-4a66-8546-944a78fde84e,3,398.705534
2026/02/05/10:28:10,running-time,rs-000465-9k29d,ae523f63-78e9-4a66-8546-944a78fde84e,3,398.705534
2026/02/05/10:28:10,apply-time,rs-000465-gzljh,ac8d8834-6d9d-4531-95b8-1b27e814b4bc,3,398.705534
2026/02/05/10:28:10,running-time,rs-000465-gzljh,ac8d8834-6d9d-4531-95b8-1b27e814b4bc,3,398.705534
2026/02/05/10:28:10,apply-time,rs-000466-mdvmc,4cc92031-757a-45f8-8c58-a03bda69c404,4,398.705534
2026/02/05/10:28:10,running-time,rs-000466-mdvmc,4cc92031-757a-45f8-8c58-a03bda69c404,4,398.705534
2026/02/05/10:28:13,apply-time,rs-000467-4j6pk,9de005e1-314e-48bb-b6df-48931d97315c,3,401.705534
2026/02/05/10:28:13,running-time,rs-000467-4j6pk,9de005e1-314e-48bb-b6df-48931d97315c,3,401.705534
2026/02/05/10:28:13,apply-time,rs-000467-cmhjm,ca8930be-3868-4a4f-8d4d-d778eb00c16f,3,401.705534
2026/02/05/10:28:13,running-time,rs-000467-cmhjm,ca8930be-3868-4a4f-8d4d-d778eb00c16f,3,402.705534
2026/02/05/10:28:13,apply-time,rs-000467-hvcdc,62f16aa1-a721-45ca-8b12-a26328c374cf,3,401.705534
2026/02/05/10:28:13,running-time,rs-000467-hvcdc,62f16aa1-a721-45ca-8b12-a26328c374cf,3,402.705534
2026/02/05/10:28:13,apply-time,rs-000468-gv9pp,58812b9e-82bf-4613-8674-6313225a1912,2,402.705534
2026/02/05/10:28:13,running-time,rs-000468-gv9pp,58812b9e-82bf-4613-8674-6313225a1912,2,402.705534
2026/02/05/10:28:13,apply-time,rs-000468-lgcff,24368ab5-5f1a-4159-92bc-484ad0bb9565,2,401.705534
2026/02/05/10:28:13,running-time,rs-000468-lgcff,24368ab5-5f1a-4159-92bc-484ad0bb9565,2,402.705534
2026/02/05/10:28:13,apply-time,rs-000469-kwghq,5f08ea41-edef-4021-827c-cd8d1c08f059,3,401.705534
2026/02/05/10:28:13,running-time,rs-000469-kwghq,5f08ea41-edef-4021-827c-cd8d1c08f059,3,402.705534
2026/02/05/10:28:13,apply-time,rs-000469-wwnpt,ad9e5a81-515b-4547-a997-0373846e9dbf,3,402.705534
2026/02/05/10:28:13,running-time,rs-000469-wwnpt,ad9e5a81-515b-4547-a997-0373846e9dbf,3,402.705534
2026/02/05/10:28:14,apply-time,rs-000470-9t87p,44be95ef-fe07-4031-b2ff-3afa477a3ba6,3,402.705534
2026/02/05/10:28:14,running-time,rs-000470-9t87p,44be95ef-fe07-4031-b2ff-3afa477a3ba6,3,402.705534
2026/02/05/10:28:14,apply-time,rs-000471-6mmb4,fd51d818-1a9a-4d22-8bc6-65ca5286536e,2,402.705534
2026/02/05/10:28:14,running-time,rs-000471-6mmb4,fd51d818-1a9a-4d22-8bc6-65ca5286536e,2,402.705534
2026/02/05/10:28:14,apply-time,rs-000472-s9hp8,b2f95842-b3b1-4c3c-9662-9d97dedefd16,3,402.705534
2026/02/05/10:28:14,running-time,rs-000472-s9hp8,b2f95842-b3b1-4c3c-9662-9d97dedefd16,3,402.705534
2026/02/05/10:28:14,apply-time,rs-000472-t7jpf,b5d5597e-1f92-4e6b-9d63-09395c910d0e,3,402.705534
2026/02/05/10:28:14,running-time,rs-000472-t7jpf,b5d5597e-1f92-4e6b-9d63-09395c910d0e,3,402.705534
2026/02/05/10:28:14,apply-time,rs-000472-tzghv,2d31aab2-5b1a-49b9-a99e-04215fef8537,3,402.705534
2026/02/05/10:28:14,running-time,rs-000472-tzghv,2d31aab2-5b1a-49b9-a99e-04215fef8537,3,402.705534
2026/02/05/10:28:15,apply-time,rs-000473-5g826,1d7ef51a-265b-4ec8-8805-f943b7998866,4,403.705534
2026/02/05/10:28:15,running-time,rs-000473-5g826,1d7ef51a-265b-4ec8-8805-f943b7998866,4,403.705534
2026/02/05/10:28:15,apply-time,rs-000473-sz22p,1f28f58e-4dff-4e88-8e41-e7d9e2bfe7d8,4,403.705534
2026/02/05/10:28:15,running-time,rs-000473-sz22p,1f28f58e-4dff-4e88-8e41-e7d9e2bfe7d8,4,403.705534
2026/02/05/10:28:15,apply-time,rs-000474-29p9v,6d8d4330-748e-4fe5-ac9b-a9a60833db1e,2,403.705534
2026/02/05/10:28:15,apply-time,rs-000474-pggv2,b34f7a8b-7ec8-4ce3-85bc-3ecfc84d0ec0,2,403.705534
2026/02/05/10:28:15,running-time,rs-000474-pggv2,b34f7a8b-7ec8-4ce3-85bc-3ecfc84d0ec0,2,403.705534
2026/02/05/10:28:15,apply-time,rs-000474-z75nh,7eb372c4-100b-422d-b8b1-fcb620bbbf7e,2,403.705534
2026/02/05/10:28:15,running-time,rs-000474-z75nh,7eb372c4-100b-422d-b8b1-fcb620bbbf7e,2,403.705534
2026/02/05/10:28:15,apply-time,rs-000475-9fxrv,2770d9b1-b123-41d2-a554-37350db34a2c,1,403.705534
2026/02/05/10:28:15,running-time,rs-000475-9fxrv,2770d9b1-b123-41d2-a554-37350db34a2c,1,403.705534
2026/02/05/10:28:15,apply-time,rs-000475-h9956,e2394ae6-e6f4-40e6-8dd0-cc90400cbe06,1,403.705534
2026/02/05/10:28:15,running-time,rs-000475-h9956,e2394ae6-e6f4-40e6-8dd0-cc90400cbe06,1,403.705534
2026/02/05/10:28:15,apply-time,rs-000475-q8dwv,9b095237-594c-42e5-b8a4-7dae7c3276bc,1,403.705534
2026/02/05/10:28:15,running-time,rs-000475-q8dwv,9b095237-594c-42e5-b8a4-7dae7c3276bc,1,403.705534
2026/02/05/10:28:16,running-time,rs-000474-29p9v,6d8d4330-748e-4fe5-ac9b-a9a60833db1e,2,404.705534
2026/02/05/10:28:16,apply-time,rs-000476-sbxrf,7acdc896-2497-4bc3-8da2-881d5e91ae17,4,404.705534
2026/02/05/10:28:16,running-time,rs-000476-sbxrf,7acdc896-2497-4bc3-8da2-881d5e91ae17,4,404.705534
2026/02/05/10:28:16,apply-time,rs-000477-kctr4,e72af211-74fe-44ae-8ced-e36799e00a51,2,404.705534
2026/02/05/10:28:16,running-time,rs-000477-kctr4,e72af211-74fe-44ae-8ced-e36799e00a51,2,404.705534
2026/02/05/10:28:18,apply-time,rs-000478-dkkgd,c63c28cd-4460-428c-93a6-735ad0b51b33,4,407.705534
2026/02/05/10:28:18,running-time,rs-000478-dkkgd,c63c28cd-4460-428c-93a6-735ad0b51b33,4,407.705534
2026/02/05/10:28:18,apply-time,rs-000478-jf2zg,e9b5f7e8-f437-4575-87ce-222333f2df39,4,407.705534
2026/02/05/10:28:18,running-time,rs-000478-jf2zg,e9b5f7e8-f437-4575-87ce-222333f2df39,4,407.705534
2026/02/05/10:28:18,apply-time,rs-000478-lxprw,557a41d1-e42b-49f2-8685-eebc32ba5924,4,407.705534
2026/02/05/10:28:18,running-time,rs-000478-lxprw,557a41d1-e42b-49f2-8685-eebc32ba5924,4,407.705534
2026/02/05/10:28:19,apply-time,rs-000479-g7j7m,78197ce6-ae44-4d3d-a9a9-50180af6c2f8,2,407.705534
2026/02/05/10:28:19,running-time,rs-000479-g7j7m,78197ce6-ae44-4d3d-a9a9-50180af6c2f8,2,407.705534
2026/02/05/10:28:19,apply-time,rs-000479-lfnv8,97d0bf6d-bcad-481d-9f3b-c72b342cb4bc,2,407.705534
2026/02/05/10:28:19,running-time,rs-000479-lfnv8,97d0bf6d-bcad-481d-9f3b-c72b342cb4bc,2,407.705534
2026/02/05/10:28:19,apply-time,rs-000479-xkl2j,848ce5a5-7f55-4394-905e-6b72c470e87f,2,407.705534
2026/02/05/10:28:19,running-time,rs-000479-xkl2j,848ce5a5-7f55-4394-905e-6b72c470e87f,2,407.705534
2026/02/05/10:28:20,apply-time,rs-000480-k4c7t,f5f3cb2b-961d-4faa-8d14-30dcb0f23057,3,408.705534
2026/02/05/10:28:20,running-time,rs-000480-k4c7t,f5f3cb2b-961d-4faa-8d14-30dcb0f23057,3,408.705534
2026/02/05/10:28:20,apply-time,rs-000481-pswbf,ed90ac0a-97d5-481b-b846-685e967f7d03,2,408.705534
2026/02/05/10:28:20,running-time,rs-000481-pswbf,ed90ac0a-97d5-481b-b846-685e967f7d03,2,409.705534
2026/02/05/10:28:23,apply-time,rs-000482-mdkt9,2b102416-9378-4f89-9e0f-9b2884327194,1,411.705534
2026/02/05/10:28:23,running-time,rs-000482-mdkt9,2b102416-9378-4f89-9e0f-9b2884327194,1,411.705534
2026/02/05/10:28:23,apply-time,rs-000482-zcmdv,5a90ff8b-227d-427e-9154-db923d511a5d,1,411.705534
2026/02/05/10:28:23,running-time,rs-000482-zcmdv,5a90ff8b-227d-427e-9154-db923d511a5d,1,411.705534
2026/02/05/10:28:23,apply-time,rs-000483-mjv47,01ec160a-7ef7-4eb5-9961-28cacc6deb9c,2,411.705534
2026/02/05/10:28:23,running-time,rs-000483-mjv47,01ec160a-7ef7-4eb5-9961-28cacc6deb9c,2,411.705534
2026/02/05/10:28:23,apply-time,rs-000483-tk455,105680dc-ee0b-41fc-9d86-08053606fad5,2,411.705534
2026/02/05/10:28:23,running-time,rs-000483-tk455,105680dc-ee0b-41fc-9d86-08053606fad5,2,411.705534
2026/02/05/10:28:23,apply-time,rs-000484-296x2,81f93283-1681-472e-8579-11c86f861bf4,3,411.705534
2026/02/05/10:28:23,apply-time,rs-000484-vsm6s,91fa8ef7-f5f9-4a34-8b29-7aebec470b0e,3,411.705534
2026/02/05/10:28:23,apply-time,rs-000485-gvs7v,326375aa-3587-4dd0-bbbc-4566e58952ad,3,411.705534
2026/02/05/10:28:23,running-time,rs-000485-gvs7v,326375aa-3587-4dd0-bbbc-4566e58952ad,3,411.705534
2026/02/05/10:28:23,apply-time,rs-000485-plqzn,6eec0178-6d04-4dd5-839f-5114ad0c3cdd,3,411.705534
2026/02/05/10:28:23,running-time,rs-000485-plqzn,6eec0178-6d04-4dd5-839f-5114ad0c3cdd,3,411.705534
2026/02/05/10:28:24,apply-time,rs-000486-hcjbz,8570087f-6b10-48af-8956-f3c65a32875f,3,412.705534
2026/02/05/10:28:24,running-time,rs-000486-hcjbz,8570087f-6b10-48af-8956-f3c65a32875f,3,412.705534
2026/02/05/10:28:24,apply-time,rs-000487-k6bbl,517b4bc4-d66d-4f50-8890-52a61d95b508,1,413.705534
2026/02/05/10:28:24,running-time,rs-000487-k6bbl,517b4bc4-d66d-4f50-8890-52a61d95b508,1,413.705534
2026/02/05/10:28:24,apply-time,rs-000488-2kbbw,f5f9af9b-0c3f-43b2-ae3e-d3d533be557d,2,413.705534
2026/02/05/10:28:24,running-time,rs-000488-2kbbw,f5f9af9b-0c3f-43b2-ae3e-d3d533be557d,2,413.705534
2026/02/05/10:28:24,apply-time,rs-000488-xz2dn,a8acc109-71fe-414c-986f-b0a6fa3cb53e,2,413.705534
2026/02/05/10:28:24,running-time,rs-000488-xz2dn,a8acc109-71fe-414c-986f-b0a6fa3cb53e,2,413.705534
2026/02/05/10:28:25,running-time,rs-000484-296x2,81f93283-1681-472e-8579-11c86f861bf4,3,413.705534
2026/02/05/10:28:30,apply-time,rs-000489-29xjj,d13b4433-293d-4f3b-ac71-f8dc345e1ce6,2,419.705534
2026/02/05/10:28:30,running-time,rs-000489-29xjj,d13b4433-293d-4f3b-ac71-f8dc345e1ce6,2,419.705534
2026/02/05/10:28:30,apply-time,rs-000490-vzgqc,6171a0e1-5c99-4b79-829d-d0ea9eaf43b3,3,419.705534
2026/02/05/10:28:30,running-time,rs-000490-vzgqc,6171a0e1-5c99-4b79-829d-d0ea9eaf43b3,3,419.705534
2026/02/05/10:28:30,apply-time,rs-000491-q9kl6,11d4182c-e899-4f01-b3eb-d4ee2aaf2145,3,419.705534
2026/02/05/10:28:30,running-time,rs-000491-q9kl6,11d4182c-e899-4f01-b3eb-d4ee2aaf2145,3,419.705534
2026/02/05/10:28:30,apply-time,rs-000491-w6nqx,72d72ca9-c3cf-4c61-b016-6f2839b23a11,3,419.705534
2026/02/05/10:28:30,running-time,rs-000491-w6nqx,72d72ca9-c3cf-4c61-b016-6f2839b23a11,3,419.705534
2026/02/05/10:28:30,apply-time,rs-000491-wk8rz,7a1cdea2-1f03-455b-951a-8a81eb777494,3,419.705534
2026/02/05/10:28:30,running-time,rs-000491-wk8rz,7a1cdea2-1f03-455b-951a-8a81eb777494,3,419.705534
2026/02/05/10:28:30,apply-time,rs-000492-gqwtx,0a599ace-4fcc-42d5-a367-91841713fb38,4,419.705534
2026/02/05/10:28:30,running-time,rs-000492-gqwtx,0a599ace-4fcc-42d5-a367-91841713fb38,4,419.705534
2026/02/05/10:28:30,apply-time,rs-000493-5tlk8,f8052546-04f1-43ef-87c4-15941a66238e,4,419.705534
2026/02/05/10:28:30,running-time,rs-000493-5tlk8,f8052546-04f1-43ef-87c4-15941a66238e,4,419.705534
2026/02/05/10:28:30,apply-time,rs-000493-6ccdm,e01ab8d0-46e8-457b-a055-b7bb0c1bb28c,4,419.705534
2026/02/05/10:28:30,running-time,rs-000493-6ccdm,e01ab8d0-46e8-457b-a055-b7bb0c1bb28c,4,419.705534
2026/02/05/10:28:31,running-time,rs-000484-vsm6s,91fa8ef7-f5f9-4a34-8b29-7aebec470b0e,3,420.705534
2026/02/05/10:28:31,apply-time,rs-000494-8lls8,54540db2-2ad0-4582-8b1f-6f6e3175e651,1,419.705534
2026/02/05/10:28:31,running-time,rs-000494-8lls8,54540db2-2ad0-4582-8b1f-6f6e3175e651,1,419.705534
2026/02/05/10:28:31,apply-time,rs-000494-g68jx,02f62b67-6370-4986-9b59-d3e8799545f6,1,419.705534
2026/02/05/10:28:31,running-time,rs-000494-g68jx,02f62b67-6370-4986-9b59-d3e8799545f6,1,419.705534
2026/02/05/10:28:31,apply-time,rs-000494-k4r4q,59971ff0-1355-4475-8475-0321b0c7c7a1,1,419.705534
2026/02/05/10:28:31,running-time,rs-000494-k4r4q,59971ff0-1355-4475-8475-0321b0c7c7a1,1,419.705534
2026/02/05/10:28:31,apply-time,rs-000495-2pq8r,412019e0-05ef-4e3b-8093-341dfcca4085,1,419.705534
2026/02/05/10:28:31,running-time,rs-000495-2pq8r,412019e0-05ef-4e3b-8093-341dfcca4085,1,419.705534
2026/02/05/10:28:31,apply-time,rs-000495-756rc,ba8dc4e0-c841-46a3-9eb5-e7de7ea60ec8,1,419.705534
2026/02/05/10:28:31,running-time,rs-000495-756rc,ba8dc4e0-c841-46a3-9eb5-e7de7ea60ec8,1,419.705534
2026/02/05/10:28:31,apply-time,rs-000495-sggs7,894c995b-d471-44ca-91a7-c7c4af32edb5,1,419.705534
2026/02/05/10:28:31,running-time,rs-000495-sggs7,894c995b-d471-44ca-91a7-c7c4af32edb5,1,419.705534
2026/02/05/10:28:42,apply-time,rs-000496-4tj89,8c48b6cb-8328-4950-8898-0e4917a78d7c,2,430.705534
2026/02/05/10:28:42,running-time,rs-000496-4tj89,8c48b6cb-8328-4950-8898-0e4917a78d7c,2,430.705534
2026/02/05/10:28:42,apply-time,rs-000497-qts6q,d61cb58b-2a4c-4976-8356-915d91051aaf,1,430.705534
2026/02/05/10:28:42,running-time,rs-000497-qts6q,d61cb58b-2a4c-4976-8356-915d91051aaf,1,430.705534
2026/02/05/10:28:42,apply-time,rs-000498-mfz8q,a3f63bf0-cd70-4c70-8c6e-98d579996e9f,3,430.705534
2026/02/05/10:28:42,running-time,rs-000498-mfz8q,a3f63bf0-cd70-4c70-8c6e-98d579996e9f,3,430.705534
2026/02/05/10:28:42,apply-time,rs-000498-mt74b,72375bd2-02d6-4ab2-8a49-645704f4746c,3,430.705534
2026/02/05/10:28:42,running-time,rs-000498-mt74b,72375bd2-02d6-4ab2-8a49-645704f4746c,3,430.705534
2026/02/05/10:28:42,apply-time,rs-000498-xc6p4,1b88d975-b532-4471-b3d2-2aae6837bb26,3,430.705534
2026/02/05/10:28:42,running-time,rs-000498-xc6p4,1b88d975-b532-4471-b3d2-2aae6837bb26,3,430.705534
2026/02/05/10:28:42,apply-time,rs-000499-4lcb5,cc98010b-cf69-4be1-b293-e450dcfa08f4,2,430.705534
2026/02/05/10:28:42,running-time,rs-000499-4lcb5,cc98010b-cf69-4be1-b293-e450dcfa08f4,2,430.705534
2026/02/05/10:28:42,apply-time,rs-000499-bjbrq,127b956d-b949-41d1-9934-a697996e9f21,2,430.705534
2026/02/05/10:28:42,running-time,rs-000499-bjbrq,127b956d-b949-41d1-9934-a697996e9f21,2,430.705534
2026/02/05/10:28:43,apply-time,rs-000500-phfvl,952ea2a6-075c-470e-80c5-f8163d8356c3,1,431.705534
2026/02/05/10:28:43,running-time,rs-000500-phfvl,952ea2a6-075c-470e-80c5-f8163d8356c3,1,431.705534
2026/02/05/10:28:43,apply-time,rs-000501-hzr5v,1da243fd-b54f-44c1-ad84-ab6b42f5e4b5,2,431.705534
2026/02/05/10:28:43,running-time,rs-000501-hzr5v,1da243fd-b54f-44c1-ad84-ab6b42f5e4b5,2,431.705534
2026/02/05/10:28:43,apply-time,rs-000502-spd9k,6c4c7b16-b7a6-467f-80fe-1bcfb4760118,4,431.705534
2026/02/05/10:28:45,running-time,rs-000502-spd9k,6c4c7b16-b7a6-467f-80fe-1bcfb4760118,4,434.705534
2026/02/05/10:28:50,apply-time,rs-000503-grcx4,3e26cd66-73e2-44d5-b2f7-2c4ce739eee7,1,438.705534
2026/02/05/10:28:50,running-time,rs-000503-grcx4,3e26cd66-73e2-44d5-b2f7-2c4ce739eee7,1,438.705534
2026/02/05/10:28:50,apply-time,rs-000504-9t8hc,c3e76121-44b7-40f0-a497-3d096337657a,1,438.705534
2026/02/05/10:28:50,apply-time,rs-000504-kxghn,a31b9fcf-8178-4ff1-95d3-aa1288357207,1,438.705534
2026/02/05/10:28:50,running-time,rs-000504-kxghn,a31b9fcf-8178-4ff1-95d3-aa1288357207,1,438.705534
2026/02/05/10:28:50,apply-time,rs-000505-wc966,fbd0b7ed-931b-423c-8827-a58e1f1a530a,3,438.705534
2026/02/05/10:28:50,running-time,rs-000505-wc966,fbd0b7ed-931b-423c-8827-a58e1f1a530a,3,438.705534
2026/02/05/10:28:50,apply-time,rs-000506-2rmqn,a1f265b0-a83d-4ac5-96a7-13290d0944a7,2,438.705534
2026/02/05/10:28:50,running-time,rs-000506-2rmqn,a1f265b0-a83d-4ac5-96a7-13290d0944a7,2,438.705534
2026/02/05/10:28:50,apply-time,rs-000506-6qz4p,25aa9484-6f3d-4bb7-b240-7daf64d6e93f,2,438.705534
2026/02/05/10:28:50,running-time,rs-000506-6qz4p,25aa9484-6f3d-4bb7-b240-7daf64d6e93f,2,438.705534
2026/02/05/10:28:50,apply-time,rs-000506-9jtws,75b890db-bee9-4387-9c1d-921dd83e4207,2,438.705534
2026/02/05/10:28:50,running-time,rs-000506-9jtws,75b890db-bee9-4387-9c1d-921dd83e4207,2,438.705534
2026/02/05/10:28:50,apply-time,rs-000507-pj2x4,53379730-c42c-48a4-bd1f-787514ade2cd,3,438.705534
2026/02/05/10:28:50,running-time,rs-000507-pj2x4,53379730-c42c-48a4-bd1f-787514ade2cd,3,438.705534
2026/02/05/10:29:03,apply-time,rs-000508-b855p,15241916-712a-4366-b421-1123c656d78b,3,451.705534
2026/02/05/10:29:03,running-time,rs-000508-b855p,15241916-712a-4366-b421-1123c656d78b,3,451.705534
2026/02/05/10:29:03,apply-time,rs-000508-nwwfh,36638436-97c3-499e-97de-971edc6df206,3,451.705534
2026/02/05/10:29:03,running-time,rs-000508-nwwfh,36638436-97c3-499e-97de-971edc6df206,3,451.705534
2026/02/05/10:29:03,apply-time,rs-000509-f5hfg,089f371a-e4d0-4f69-a3eb-fec47cd0efe9,3,451.705534
2026/02/05/10:29:03,running-time,rs-000509-f5hfg,089f371a-e4d0-4f69-a3eb-fec47cd0efe9,3,451.705534
2026/02/05/10:29:03,apply-time,rs-000509-nckwk,3a15ef9e-82e1-4def-b898-aa8a56bda3f0,3,451.705534
2026/02/05/10:29:03,running-time,rs-000509-nckwk,3a15ef9e-82e1-4def-b898-aa8a56bda3f0,3,451.705534
2026/02/05/10:29:03,apply-time,rs-000510-pspk6,13ca0dd6-ac15-4258-bb5c-4273d69ff6b6,1,451.705534
2026/02/05/10:29:03,running-time,rs-000510-pspk6,13ca0dd6-ac15-4258-bb5c-4273d69ff6b6,1,451.705534
2026/02/05/10:29:03,apply-time,rs-000511-kxtf4,29eb2497-78c7-4ad4-91ab-37c0387a9383,2,451.705534
2026/02/05/10:29:03,running-time,rs-000511-kxtf4,29eb2497-78c7-4ad4-91ab-37c0387a9383,2,451.705534
2026/02/05/10:29:03,apply-time,rs-000512-b6rp2,6da88ee8-74bd-48a6-a4d9-5b5570fd6b47,3,451.705534
2026/02/05/10:29:03,running-time,rs-000512-b6rp2,6da88ee8-74bd-48a6-a4d9-5b5570fd6b47,3,451.705534
2026/02/05/10:29:03,apply-time,rs-000512-mfb6w,69cbe83d-e129-42c8-9b3c-a5b94ed278a9,3,451.705534
2026/02/05/10:29:03,running-time,rs-000512-mfb6w,69cbe83d-e129-42c8-9b3c-a5b94ed278a9,3,451.705534
2026/02/05/10:29:03,apply-time,rs-000513-fvzf6,7bd7379b-3d78-482a-9a2d-6ba6411795b8,3,452.705534
2026/02/05/10:29:03,running-time,rs-000513-fvzf6,7bd7379b-3d78-482a-9a2d-6ba6411795b8,3,452.705534
2026/02/05/10:29:03,apply-time,rs-000513-rrs87,7259ff01-fe1a-4a90-99f9-3d2592778d11,3,451.705534
2026/02/05/10:29:03,running-time,rs-000513-rrs87,7259ff01-fe1a-4a90-99f9-3d2592778d11,3,451.705534
2026/02/05/10:29:03,apply-time,rs-000514-shghw,a4cc7013-c3a7-4800-a946-2793d96e4e3d,4,451.705534
2026/02/05/10:29:03,running-time,rs-000514-shghw,a4cc7013-c3a7-4800-a946-2793d96e4e3d,4,451.705534
2026/02/05/10:29:03,apply-time,rs-000515-m7ttr,e2032c9f-146f-47f3-a871-15a612604e6b,3,452.705534
2026/02/05/10:29:03,running-time,rs-000515-m7ttr,e2032c9f-146f-47f3-a871-15a612604e6b,3,452.705534
2026/02/05/10:29:03,apply-time,rs-000515-n4fz4,25c4e9ea-4bfa-40c8-9596-3df1a85e46e2,3,451.705534
2026/02/05/10:29:03,running-time,rs-000515-n4fz4,25c4e9ea-4bfa-40c8-9596-3df1a85e46e2,3,451.705534
2026/02/05/10:29:03,apply-time,rs-000516-lf62t,a2a06a2a-f889-426e-aafb-e9f8baa160ce,1,452.705534
2026/02/05/10:29:03,running-time,rs-000516-lf62t,a2a06a2a-f889-426e-aafb-e9f8baa160ce,1,452.705534
2026/02/05/10:29:03,apply-time,rs-000517-tbvsb,2215f82a-0cc7-4351-ab2e-d4217fd9c0a8,2,452.705534
2026/02/05/10:29:03,running-time,rs-000517-tbvsb,2215f82a-0cc7-4351-ab2e-d4217fd9c0a8,2,452.705534
2026/02/05/10:29:04,apply-time,rs-000516-k8vqn,e49a612c-cfb7-4790-ae5f-93c094df57f8,1,452.705534
2026/02/05/10:29:04,running-time,rs-000516-k8vqn,e49a612c-cfb7-4790-ae5f-93c094df57f8,1,452.705534
2026/02/05/10:29:04,apply-time,rs-000518-lw7l5,ea3b66d1-aa8a-46fd-81fc-fbb1a17ef2c6,2,452.705534
2026/02/05/10:29:04,apply-time,rs-000518-pg8k4,8b4ea260-cf3a-44f1-b082-425be758e43b,2,452.705534
2026/02/05/10:29:04,running-time,rs-000518-pg8k4,8b4ea260-cf3a-44f1-b082-425be758e43b,2,452.705534
2026/02/05/10:29:04,apply-time,rs-000518-sq8xm,0561ab2c-3baf-4083-b222-f0c0de53d37a,2,452.705534
2026/02/05/10:29:04,running-time,rs-000518-sq8xm,0561ab2c-3baf-4083-b222-f0c0de53d37a,2,452.705534
2026/02/05/10:29:04,apply-time,rs-000519-67pdp,5603e93f-3609-4b43-ada0-3a0c95bfc84a,3,453.705534
2026/02/05/10:29:04,running-time,rs-000519-67pdp,5603e93f-3609-4b43-ada0-3a0c95bfc84a,3,453.705534
2026/02/05/10:29:04,apply-time,rs-000519-pms94,3f99c4d7-c670-46d6-a4b1-cbef40c635ce,3,452.705534
2026/02/05/10:29:04,running-time,rs-000519-pms94,3f99c4d7-c670-46d6-a4b1-cbef40c635ce,3,452.705534
2026/02/05/10:29:04,apply-time,rs-000519-rgs75,fa392938-c352-4fcb-b229-ab82fc726e6a,3,453.705534
2026/02/05/10:29:04,running-time,rs-000519-rgs75,fa392938-c352-4fcb-b229-ab82fc726e6a,3,453.705534
2026/02/05/10:29:05,apply-time,rs-000520-cwjv8,897c04ac-02f3-479c-822f-4815d0136620,1,454.705534
2026/02/05/10:29:05,running-time,rs-000520-cwjv8,897c04ac-02f3-479c-822f-4815d0136620,1,454.705534
2026/02/05/10:29:06,apply-time,rs-000520-q4xnc,88107cac-5c69-425f-8662-052f81b96e3f,1,454.705534
2026/02/05/10:29:06,running-time,rs-000520-q4xnc,88107cac-5c69-425f-8662-052f81b96e3f,1,454.705534
2026/02/05/10:29:06,apply-time,rs-000520-qmp7f,90de76c9-3c63-4d93-83e4-b8ae24ee9cf4,1,454.705534
2026/02/05/10:29:06,running-time,rs-000520-qmp7f,90de76c9-3c63-4d93-83e4-b8ae24ee9cf4,1,454.705534
2026/02/05/10:29:11,apply-time,rs-000521-6x2qt,ac6db46b-db4b-4d1d-9fbe-ae8bd596b64a,4,459.705534
2026/02/05/10:29:11,running-time,rs-000521-6x2qt,ac6db46b-db4b-4d1d-9fbe-ae8bd596b64a,4,459.705534
2026/02/05/10:29:11,apply-time,rs-000521-7tgmd,84f70656-472a-46f9-bf50-f8417194f976,4,459.705534
2026/02/05/10:29:11,running-time,rs-000521-7tgmd,84f70656-472a-46f9-bf50-f8417194f976,4,459.705534
2026/02/05/10:29:12,apply-time,rs-000522-4n9jh,a39cc393-2db5-47bf-958a-71c817d3fc32,1,461.705534
2026/02/05/10:29:12,running-time,rs-000522-4n9jh,a39cc393-2db5-47bf-958a-71c817d3fc32,1,461.705534
2026/02/05/10:29:17,apply-time,rs-000523-qb8n4,90580aca-1e8c-417c-a084-1b92b68eb42b,3,465.705534
2026/02/05/10:29:17,running-time,rs-000523-qb8n4,90580aca-1e8c-417c-a084-1b92b68eb42b,3,465.705534
2026/02/05/10:29:17,apply-time,rs-000524-k4gfc,226dc5af-a258-4b34-8b4a-8b2440a604a4,3,465.705534
2026/02/05/10:29:17,running-time,rs-000524-k4gfc,226dc5af-a258-4b34-8b4a-8b2440a604a4,3,465.705534
2026/02/05/10:29:17,apply-time,rs-000525-pkhc2,8a6e03d5-367b-4b28-9f07-9f2f33204177,3,465.705534
2026/02/05/10:29:17,running-time,rs-000525-pkhc2,8a6e03d5-367b-4b28-9f07-9f2f33204177,3,465.705534
2026/02/05/10:29:17,apply-time,rs-000525-s8tth,f1c9397e-ff59-4d53-abfc-91d7a6948f20,3,465.705534
2026/02/05/10:29:17,running-time,rs-000525-s8tth,f1c9397e-ff59-4d53-abfc-91d7a6948f20,3,465.705534
2026/02/05/10:29:17,apply-time,rs-000526-nd8sm,9c280c5d-d40d-4705-a18d-2c1f02f69a35,2,465.705534
2026/02/05/10:29:17,running-time,rs-000526-nd8sm,9c280c5d-d40d-4705-a18d-2c1f02f69a35,2,465.705534
2026/02/05/10:29:17,apply-time,rs-000527-5pslj,66a313df-4a9d-4eb0-b9c0-ac05cf83d521,1,465.705534
2026/02/05/10:29:17,running-time,rs-000527-5pslj,66a313df-4a9d-4eb0-b9c0-ac05cf83d521,1,465.705534
2026/02/05/10:29:17,apply-time,rs-000527-r4p2s,10c532c6-c193-41a7-8410-5ba7cdae7b92,1,465.705534
2026/02/05/10:29:17,running-time,rs-000527-r4p2s,10c532c6-c193-41a7-8410-5ba7cdae7b92,1,465.705534
2026/02/05/10:29:17,apply-time,rs-000527-xp2s8,514dd278-64d5-4bdf-b061-dabe018575c7,1,465.705534
2026/02/05/10:29:17,running-time,rs-000527-xp2s8,514dd278-64d5-4bdf-b061-dabe018575c7,1,465.705534
2026/02/05/10:29:17,apply-time,rs-000528-96vq8,face2526-9a0a-476f-b216-b898518ce923,1,466.705534
2026/02/05/10:29:17,running-time,rs-000528-96vq8,face2526-9a0a-476f-b216-b898518ce923,1,466.705534
2026/02/05/10:29:17,apply-time,rs-000528-hdqts,02ec2e90-5c30-4757-b64d-d2f79eb70a75,1,465.705534
2026/02/05/10:29:17,running-time,rs-000528-hdqts,02ec2e90-5c30-4757-b64d-d2f79eb70a75,1,466.705534
2026/02/05/10:29:17,apply-time,rs-000529-hblzr,38c665d8-39c4-4241-8eb7-bff1d82756b5,1,465.705534
2026/02/05/10:29:17,running-time,rs-000529-hblzr,38c665d8-39c4-4241-8eb7-bff1d82756b5,1,465.705534
2026/02/05/10:29:18,apply-time,rs-000528-r6vs4,6e6f5935-5c1a-4b71-82fa-77835ba8ecf6,1,466.705534
2026/02/05/10:29:18,running-time,rs-000528-r6vs4,6e6f5935-5c1a-4b71-82fa-77835ba8ecf6,1,466.705534
2026/02/05/10:29:19,apply-time,rs-000530-nwcp7,b621cc27-f0b2-4868-a3bf-35cab634e91a,2,467.705534
2026/02/05/10:29:19,running-time,rs-000530-nwcp7,b621cc27-f0b2-4868-a3bf-35cab634e91a,2,467.705534
2026/02/05/10:29:19,apply-time,rs-000531-btwpt,2d52dc65-b942-4de6-9b5d-4dcc165b852e,1,467.705534
2026/02/05/10:29:19,running-time,rs-000531-btwpt,2d52dc65-b942-4de6-9b5d-4dcc165b852e,1,467.705534
2026/02/05/10:29:19,apply-time,rs-000531-h85p4,f33eae51-ae13-4294-aa77-89a0546a5ce9,1,467.705534
2026/02/05/10:29:19,running-time,rs-000531-h85p4,f33eae51-ae13-4294-aa77-89a0546a5ce9,1,467.705534
2026/02/05/10:29:19,apply-time,rs-000532-928g5,2980d25f-ad9f-4c06-a22d-bb4754bcecb2,2,467.705534
2026/02/05/10:29:19,running-time,rs-000532-928g5,2980d25f-ad9f-4c06-a22d-bb4754bcecb2,2,467.705534
2026/02/05/10:29:19,apply-time,rs-000532-n96s2,ea6b7631-5961-4a92-817e-86151cabc913,2,467.705534
2026/02/05/10:29:19,running-time,rs-000532-n96s2,ea6b7631-5961-4a92-817e-86151cabc913,2,467.705534
2026/02/05/10:29:19,apply-time,rs-000533-bffdh,d41676ec-a817-4e8b-ae24-7bed6f7bc1e2,4,467.705534
2026/02/05/10:29:19,running-time,rs-000533-bffdh,d41676ec-a817-4e8b-ae24-7bed6f7bc1e2,4,467.705534
2026/02/05/10:29:19,apply-time,rs-000533-nzts9,d1996c31-a28c-4c78-b3a3-e802236e8c6a,4,467.705534
2026/02/05/10:29:19,running-time,rs-000533-nzts9,d1996c31-a28c-4c78-b3a3-e802236e8c6a,4,467.705534
2026/02/05/10:29:22,apply-time,rs-000534-787np,b43af398-2f56-440e-9a93-4bbe4763f0d6,1,470.705534
2026/02/05/10:29:22,running-time,rs-000534-787np,b43af398-2f56-440e-9a93-4bbe4763f0d6,1,470.705534
2026/02/05/10:29:22,apply-time,rs-000534-m674z,1cc07196-829e-4bb2-904b-faef532ee04a,1,470.705534
2026/02/05/10:29:22,running-time,rs-000534-m674z,1cc07196-829e-4bb2-904b-faef532ee04a,1,470.705534
2026/02/05/10:29:22,apply-time,rs-000534-zhkvt,bbd949ad-ecb2-4389-b067-9558e52461b1,1,470.705534
2026/02/05/10:29:22,running-time,rs-000534-zhkvt,bbd949ad-ecb2-4389-b067-9558e52461b1,1,470.705534
2026/02/05/10:29:22,apply-time,rs-000535-fg5zb,77f87617-8adc-4270-a982-674105cc27a1,2,470.705534
2026/02/05/10:29:22,running-time,rs-000535-fg5zb,77f87617-8adc-4270-a982-674105cc27a1,2,470.705534
2026/02/05/10:29:22,apply-time,rs-000535-fms97,fce1a7b4-0779-4221-99a5-eab071373f38,2,470.705534
2026/02/05/10:29:22,running-time,rs-000535-fms97,fce1a7b4-0779-4221-99a5-eab071373f38,2,470.705534
2026/02/05/10:29:22,apply-time,rs-000535-n5sc9,353d3388-6cee-484f-99bc-0c488596fe76,2,470.705534
2026/02/05/10:29:22,running-time,rs-000535-n5sc9,353d3388-6cee-484f-99bc-0c488596fe76,2,470.705534
2026/02/05/10:29:22,apply-time,rs-000536-q4ccp,d54864ad-338f-401b-a548-1025d1c83cff,2,471.705534
2026/02/05/10:29:22,running-time,rs-000536-q4ccp,d54864ad-338f-401b-a548-1025d1c83cff,2,471.705534
2026/02/05/10:29:22,apply-time,rs-000537-2kdfb,47dce798-18e3-47c7-b70a-510576a4bb03,2,471.705534
2026/02/05/10:29:22,apply-time,rs-000538-d7bp2,fac5c295-1d20-4b90-a44e-d24ac99894b1,3,471.705534
2026/02/05/10:29:22,apply-time,rs-000539-vgkh7,81c57432-3e71-4f93-8da6-a7c8784310db,4,471.705534
2026/02/05/10:29:23,apply-time,rs-000538-8js2m,efbab35e-13f7-41b7-a95e-918194ec3ff1,3,471.705534
2026/02/05/10:29:23,running-time,rs-000538-8js2m,efbab35e-13f7-41b7-a95e-918194ec3ff1,3,471.705534
2026/02/05/10:29:23,running-time,rs-000538-d7bp2,fac5c295-1d20-4b90-a44e-d24ac99894b1,3,471.705534
2026/02/05/10:29:23,apply-time,rs-000538-sfdm6,872c54a9-6d72-41e8-993c-9e92013e203c,3,471.705534
2026/02/05/10:29:23,running-time,rs-000538-sfdm6,872c54a9-6d72-41e8-993c-9e92013e203c,3,471.705534
2026/02/05/10:29:23,running-time,rs-000539-vgkh7,81c57432-3e71-4f93-8da6-a7c8784310db,4,471.705534
2026/02/05/10:29:31,apply-time,rs-000540-5h5gh,9dd48535-3686-477b-9d72-c8433391d157,2,479.705534
2026/02/05/10:29:31,running-time,rs-000540-5h5gh,9dd48535-3686-477b-9d72-c8433391d157,2,479.705534
2026/02/05/10:29:31,apply-time,rs-000540-qq6hl,efbcbc3d-29bd-4676-951d-b2247ed350a7,2,479.705534
2026/02/05/10:29:31,running-time,rs-000540-qq6hl,efbcbc3d-29bd-4676-951d-b2247ed350a7,2,479.705534
2026/02/05/10:29:31,apply-time,rs-000540-snwxk,75fd05b0-76fd-4cf8-ad9d-6beaea7375ad,2,479.705534
2026/02/05/10:29:31,running-time,rs-000540-snwxk,75fd05b0-76fd-4cf8-ad9d-6beaea7375ad,2,479.705534
2026/02/05/10:29:31,apply-time,rs-000541-fzbn7,91b02456-ddc0-4797-b221-5f859f31b337,4,479.705534
2026/02/05/10:29:31,running-time,rs-000541-fzbn7,91b02456-ddc0-4797-b221-5f859f31b337,4,479.705534
2026/02/05/10:29:32,apply-time,rs-000542-5fkxg,caffa306-fee7-4ca5-a7ef-b7e03e472e45,2,480.705534
2026/02/05/10:29:32,running-time,rs-000542-5fkxg,caffa306-fee7-4ca5-a7ef-b7e03e472e45,2,480.705534
2026/02/05/10:29:32,apply-time,rs-000543-kbp22,d19c3e43-52b6-464e-a2a1-f13a7efd2bab,3,480.705534
2026/02/05/10:29:32,running-time,rs-000543-kbp22,d19c3e43-52b6-464e-a2a1-f13a7efd2bab,3,480.705534
2026/02/05/10:29:32,apply-time,rs-000543-w97dw,1e94a435-f5d9-48d0-8f94-6b096cb61297,3,480.705534
2026/02/05/10:29:32,running-time,rs-000543-w97dw,1e94a435-f5d9-48d0-8f94-6b096cb61297,3,480.705534
2026/02/05/10:29:32,apply-time,rs-000544-b5tdh,5062eb11-6529-4777-9458-f04993179845,2,480.705534
2026/02/05/10:29:32,running-time,rs-000544-b5tdh,5062eb11-6529-4777-9458-f04993179845,2,481.705534
2026/02/05/10:29:32,apply-time,rs-000544-c9gwv,c68870aa-5b98-4c47-942c-211a9e218207,2,480.705534
2026/02/05/10:29:32,running-time,rs-000544-c9gwv,c68870aa-5b98-4c47-942c-211a9e218207,2,481.705534
2026/02/05/10:29:32,apply-time,rs-000544-hpxjb,da2cef9c-8f63-47a5-940d-5f8756e3c368,2,480.705534
2026/02/05/10:29:32,running-time,rs-000544-hpxjb,da2cef9c-8f63-47a5-940d-5f8756e3c368,2,480.705534
2026/02/05/10:29:32,apply-time,rs-000545-czst9,49495d44-4a46-45f1-a1db-deca8f0935b4,2,480.705534
2026/02/05/10:29:32,running-time,rs-000545-czst9,49495d44-4a46-45f1-a1db-deca8f0935b4,2,481.705534
2026/02/05/10:29:32,apply-time,rs-000545-gkvph,f95c3566-ea39-4be1-aa5d-962610fcdf41,2,480.705534
2026/02/05/10:29:32,running-time,rs-000545-gkvph,f95c3566-ea39-4be1-aa5d-962610fcdf41,2,481.705534
2026/02/05/10:29:32,apply-time,rs-000545-hjcrr,747f1a3f-b7e9-4b7b-a492-f215c7913583,2,480.705534
2026/02/05/10:29:32,running-time,rs-000545-hjcrr,747f1a3f-b7e9-4b7b-a492-f215c7913583,2,480.705534
2026/02/05/10:29:32,apply-time,rs-000546-5w89c,13716e72-88bd-4734-9694-fd13d6c97587,1,480.705534
2026/02/05/10:29:32,running-time,rs-000546-5w89c,13716e72-88bd-4734-9694-fd13d6c97587,1,480.705534
2026/02/05/10:29:32,apply-time,rs-000547-28t5b,84128d16-5306-46f8-bad6-e0c49730e232,3,481.705534
2026/02/05/10:29:32,running-time,rs-000547-28t5b,84128d16-5306-46f8-bad6-e0c49730e232,3,481.705534
2026/02/05/10:29:32,apply-time,rs-000547-9448v,2f83d44f-b772-4a4c-b091-089cc4b14543,3,480.705534
2026/02/05/10:29:32,running-time,rs-000547-9448v,2f83d44f-b772-4a4c-b091-089cc4b14543,3,481.705534
2026/02/05/10:29:32,apply-time,rs-000547-llv8j,6e3d2fe4-2499-4510-aa1d-b2eb86ff3454,3,481.705534
2026/02/05/10:29:32,running-time,rs-000547-llv8j,6e3d2fe4-2499-4510-aa1d-b2eb86ff3454,3,481.705534
2026/02/05/10:29:32,apply-time,rs-000548-854jr,28a7ce9c-bad5-4604-bcdc-377d44c7c017,3,481.705534
2026/02/05/10:29:33,apply-time,rs-000548-29pzf,911d2837-4b01-4963-8070-850d60de9909,3,481.705534
2026/02/05/10:29:33,apply-time,rs-000548-v4xtz,fe6e7a37-7872-4c74-9e5f-cb471d9cc9db,3,481.705534
2026/02/05/10:29:33,apply-time,rs-000549-rdw4t,0410c01a-8f2a-43ca-84ea-9b68ed0dcea7,2,481.705534
2026/02/05/10:29:33,running-time,rs-000549-rdw4t,0410c01a-8f2a-43ca-84ea-9b68ed0dcea7,2,481.705534
2026/02/05/10:29:33,apply-time,rs-000549-rfx58,707f50e7-882c-46f1-b37a-0c9d7e8c58a5,2,481.705534
2026/02/05/10:29:33,running-time,rs-000549-rfx58,707f50e7-882c-46f1-b37a-0c9d7e8c58a5,2,481.705534
2026/02/05/10:29:33,apply-time,rs-000550-8vl29,5ac3edf7-2c8b-4b18-af0b-234253c87722,3,481.705534
2026/02/05/10:29:33,running-time,rs-000550-8vl29,5ac3edf7-2c8b-4b18-af0b-234253c87722,3,481.705534
2026/02/05/10:29:33,apply-time,rs-000550-bwpml,ca309441-e757-4e76-b938-1026f8e283e8,3,481.705534
2026/02/05/10:29:33,running-time,rs-000550-bwpml,ca309441-e757-4e76-b938-1026f8e283e8,3,481.705534
2026/02/05/10:29:33,apply-time,rs-000550-drj5n,e8761a04-5806-4d99-a210-992edbb0529c,3,481.705534
2026/02/05/10:29:33,running-time,rs-000550-drj5n,e8761a04-5806-4d99-a210-992edbb0529c,3,481.705534
2026/02/05/10:29:33,apply-time,rs-000552-4kzt7,695873cd-66ba-4ed2-92b5-6d1c14dd48c4,1,482.705534
2026/02/05/10:29:33,apply-time,rs-000552-vqh62,a76cb413-7890-4e31-a191-d048228d4d64,1,482.705534
2026/02/05/10:29:33,apply-time,rs-000552-xrh48,e5b3a53a-0ab0-4e49-bf94-41437f97d48e,1,482.705534
2026/02/05/10:29:33,apply-time,rs-000553-ptfxn,9f53de57-53c9-482a-8f0a-9285dd03bd18,1,482.705534
2026/02/05/10:29:33,running-time,rs-000553-ptfxn,9f53de57-53c9-482a-8f0a-9285dd03bd18,1,482.705534
2026/02/05/10:29:33,apply-time,rs-000554-5c79p,973442ac-eeac-417c-a0a7-429f1ac9423f,3,481.705534
2026/02/05/10:29:33,apply-time,rs-000554-gmb22,4b98beec-19ea-4f0b-8770-9fd8f2d9c7e7,3,482.705534
2026/02/05/10:29:34,apply-time,rs-000551-rmtsf,3a306edb-513b-4895-bf14-15c671e72125,2,482.705534
2026/02/05/10:29:34,running-time,rs-000551-rmtsf,3a306edb-513b-4895-bf14-15c671e72125,2,483.705534
2026/02/05/10:29:34,apply-time,rs-000551-stg9r,bc465bd1-c746-4510-b1c6-17c87e969107,2,482.705534
2026/02/05/10:29:34,running-time,rs-000551-stg9r,bc465bd1-c746-4510-b1c6-17c87e969107,2,482.705534
2026/02/05/10:29:34,apply-time,rs-000553-qkf79,9a53deac-5a2d-4b93-aa0c-ef418b817256,1,482.705534
2026/02/05/10:29:34,running-time,rs-000553-qkf79,9a53deac-5a2d-4b93-aa0c-ef418b817256,1,482.705534
2026/02/05/10:29:34,running-time,rs-000554-5c79p,973442ac-eeac-417c-a0a7-429f1ac9423f,3,482.705534
2026/02/05/10:29:34,running-time,rs-000554-gmb22,4b98beec-19ea-4f0b-8770-9fd8f2d9c7e7,3,483.705534
2026/02/05/10:29:35,running-time,rs-000552-4kzt7,695873cd-66ba-4ed2-92b5-6d1c14dd48c4,1,484.705534
2026/02/05/10:29:35,running-time,rs-000552-vqh62,a76cb413-7890-4e31-a191-d048228d4d64,1,484.705534
2026/02/05/10:29:35,running-time,rs-000552-xrh48,e5b3a53a-0ab0-4e49-bf94-41437f97d48e,1,484.705534
2026/02/05/10:29:36,apply-time,rs-000555-kdfj2,d4e6e77c-27a4-467f-935a-01ad826cb4c5,1,485.705534
2026/02/05/10:29:36,running-time,rs-000555-kdfj2,d4e6e77c-27a4-467f-935a-01ad826cb4c5,1,485.705534
2026/02/05/10:29:36,apply-time,rs-000556-5snv8,e0454fd7-36d0-435e-bfd1-aa2f5b9842ba,1,485.705534
2026/02/05/10:29:36,running-time,rs-000556-5snv8,e0454fd7-36d0-435e-bfd1-aa2f5b9842ba,1,485.705534
2026/02/05/10:29:36,apply-time,rs-000556-x2r49,9abdc857-69e3-4cdc-8785-8c25265282e5,1,485.705534
2026/02/05/10:29:36,running-time,rs-000556-x2r49,9abdc857-69e3-4cdc-8785-8c25265282e5,1,485.705534
2026/02/05/10:29:36,apply-time,rs-000557-66t2s,272d18ca-7787-4197-9925-a71cb3a9f02b,3,485.705534
2026/02/05/10:29:36,running-time,rs-000557-66t2s,272d18ca-7787-4197-9925-a71cb3a9f02b,3,485.705534
2026/02/05/10:29:36,apply-time,rs-000557-f4k74,5e6373a6-57aa-4069-b20a-e70f52463a20,3,485.705534
2026/02/05/10:29:36,running-time,rs-000557-f4k74,5e6373a6-57aa-4069-b20a-e70f52463a20,3,485.705534
2026/02/05/10:29:36,apply-time,rs-000557-m4zln,0279f448-252b-4915-9954-019347b130be,3,485.705534
2026/02/05/10:29:36,running-time,rs-000557-m4zln,0279f448-252b-4915-9954-019347b130be,3,485.705534
2026/02/05/10:29:36,apply-time,rs-000558-qmnwq,a0879dab-5449-4e78-8887-bebb949cb55f,1,485.705534
2026/02/05/10:29:36,running-time,rs-000558-qmnwq,a0879dab-5449-4e78-8887-bebb949cb55f,1,485.705534
2026/02/05/10:29:37,running-time,rs-000548-29pzf,911d2837-4b01-4963-8070-850d60de9909,3,485.705534
2026/02/05/10:29:37,running-time,rs-000548-v4xtz,fe6e7a37-7872-4c74-9e5f-cb471d9cc9db,3,486.705534
2026/02/05/10:29:38,apply-time,rs-000559-sp7nx,ddc91970-1671-4b99-a4cf-bbfa1bb3363e,4,487.705534
2026/02/05/10:29:38,running-time,rs-000559-sp7nx,ddc91970-1671-4b99-a4cf-bbfa1bb3363e,4,487.705534
2026/02/05/10:29:38,apply-time,rs-000560-qdr82,3557211d-20f2-478d-8823-961efe2640ec,2,487.705534
2026/02/05/10:29:38,running-time,rs-000560-qdr82,3557211d-20f2-478d-8823-961efe2640ec,2,487.705534
2026/02/05/10:29:38,apply-time,rs-000560-rcjbf,f4088be6-e0d6-4628-990c-c6e47ea5c489,2,487.705534
2026/02/05/10:29:38,running-time,rs-000560-rcjbf,f4088be6-e0d6-4628-990c-c6e47ea5c489,2,487.705534
2026/02/05/10:29:38,apply-time,rs-000561-ct6cw,637f6cee-12d3-464a-9d8e-b5baf8019eef,1,487.705534
2026/02/05/10:29:38,running-time,rs-000561-ct6cw,637f6cee-12d3-464a-9d8e-b5baf8019eef,1,487.705534
2026/02/05/10:29:38,apply-time,rs-000561-dbj4c,3d95f3a0-5f38-47ff-b4ff-9e75736a4ab6,1,487.705534
2026/02/05/10:29:38,apply-time,rs-000562-45t4r,025f4476-6d77-44c2-bba0-2ab9323ece78,1,487.705534
2026/02/05/10:29:38,running-time,rs-000562-45t4r,025f4476-6d77-44c2-bba0-2ab9323ece78,1,487.705534
2026/02/05/10:29:38,apply-time,rs-000562-ksqv5,d3a2dc0f-3277-4691-8d7d-6eaffcf1fe35,1,487.705534
2026/02/05/10:29:38,running-time,rs-000562-ksqv5,d3a2dc0f-3277-4691-8d7d-6eaffcf1fe35,1,487.705534
2026/02/05/10:29:38,apply-time,rs-000562-sgrrt,bcc6ac84-aa1c-4d19-9e1e-97089f1d899b,1,487.705534
2026/02/05/10:29:38,running-time,rs-000562-sgrrt,bcc6ac84-aa1c-4d19-9e1e-97089f1d899b,1,487.705534
2026/02/05/10:29:38,apply-time,rs-000563-vscgg,7d0f2cfc-48d0-42d2-8c50-087e0d67f6b9,1,487.705534
2026/02/05/10:29:38,running-time,rs-000563-vscgg,7d0f2cfc-48d0-42d2-8c50-087e0d67f6b9,1,487.705534
2026/02/05/10:29:39,running-time,rs-000561-dbj4c,3d95f3a0-5f38-47ff-b4ff-9e75736a4ab6,1,488.705534
2026/02/05/10:29:40,running-time,rs-000548-854jr,28a7ce9c-bad5-4604-bcdc-377d44c7c017,3,488.705534
2026/02/05/10:29:41,apply-time,rs-000564-gbswx,d8202e9d-fe9b-4d13-9b94-78299e47ac79,4,489.705534
2026/02/05/10:29:41,running-time,rs-000564-gbswx,d8202e9d-fe9b-4d13-9b94-78299e47ac79,4,490.705534
2026/02/05/10:29:41,apply-time,rs-000564-gt4qv,7e19e81c-ef03-4a1a-a5b7-8d8fb3e413ad,4,489.705534
2026/02/05/10:29:41,running-time,rs-000564-gt4qv,7e19e81c-ef03-4a1a-a5b7-8d8fb3e413ad,4,489.705534
2026/02/05/10:29:41,apply-time,rs-000565-55799,a33a4adb-648f-4141-9323-4ef662a536cb,1,489.705534
2026/02/05/10:29:41,running-time,rs-000565-55799,a33a4adb-648f-4141-9323-4ef662a536cb,1,489.705534
2026/02/05/10:29:41,apply-time,rs-000565-bdnqx,500b23e9-000c-42a0-b3ca-5236e4f20a43,1,489.705534
2026/02/05/10:29:41,running-time,rs-000565-bdnqx,500b23e9-000c-42a0-b3ca-5236e4f20a43,1,489.705534
2026/02/05/10:29:41,apply-time,rs-000565-n5zfk,8e0c1dc7-730e-49ec-9620-07a6c3dc8101,1,489.705534
2026/02/05/10:29:41,running-time,rs-000565-n5zfk,8e0c1dc7-730e-49ec-9620-07a6c3dc8101,1,489.705534
2026/02/05/10:29:41,apply-time,rs-000566-mgwcn,1774de82-2df4-4365-b2f0-30d804bc05c9,2,489.705534
2026/02/05/10:29:41,running-time,rs-000566-mgwcn,1774de82-2df4-4365-b2f0-30d804bc05c9,2,489.705534
2026/02/05/10:29:41,apply-time,rs-000567-lxwvd,f06de5e8-86cd-4be8-82ce-837a1cf9f1be,4,489.705534
2026/02/05/10:29:41,apply-time,rs-000567-zrxrl,d55a33a8-74fe-4656-8242-d56fcb16da16,4,489.705534
2026/02/05/10:29:42,apply-time,rs-000568-jd48q,b0036373-9c15-459c-beec-7beeb24cbe5c,2,490.705534
2026/02/05/10:29:42,running-time,rs-000568-jd48q,b0036373-9c15-459c-beec-7beeb24cbe5c,2,490.705534
2026/02/05/10:29:42,apply-time,rs-000569-lgwr9,51cbee8b-80c2-40ac-9fa3-d5151ee5e3ae,2,490.705534
2026/02/05/10:29:42,apply-time,rs-000569-z2wmd,7359e3ee-9625-4a4b-b6f6-407f5698a5ad,2,490.705534
2026/02/05/10:29:42,apply-time,rs-000570-vmtbq,cebccdfb-3ce3-427d-9d87-e6deb04e50d0,1,490.705534
2026/02/05/10:29:42,running-time,rs-000570-vmtbq,cebccdfb-3ce3-427d-9d87-e6deb04e50d0,1,490.705534
2026/02/05/10:29:42,apply-time,rs-000571-lhvvg,fe45c4cb-bb3c-4f37-88fe-a4dbcf6fa226,3,490.705534
2026/02/05/10:29:42,apply-time,rs-000571-m7gzr,0fbb2e2a-2727-4c71-a02f-19ff5610d9e7,3,490.705534
2026/02/05/10:29:42,running-time,rs-000571-m7gzr,0fbb2e2a-2727-4c71-a02f-19ff5610d9e7,3,490.705534
2026/02/05/10:29:42,apply-time,rs-000571-tczz8,c76646d2-6054-4e10-957f-4b2ee4ab966c,3,490.705534
2026/02/05/10:29:42,apply-time,rs-000572-fvm68,16bb7909-e122-4e0f-8aba-97e9d0aa7aad,4,491.705534
2026/02/05/10:29:42,running-time,rs-000572-fvm68,16bb7909-e122-4e0f-8aba-97e9d0aa7aad,4,491.705534
2026/02/05/10:29:42,apply-time,rs-000572-v7f5v,a6ae55f6-b7a3-40ff-889c-bdf8c02b0e29,4,490.705534
2026/02/05/10:29:42,running-time,rs-000572-v7f5v,a6ae55f6-b7a3-40ff-889c-bdf8c02b0e29,4,490.705534
2026/02/05/10:29:43,running-time,rs-000571-tczz8,c76646d2-6054-4e10-957f-4b2ee4ab966c,3,492.705534
2026/02/05/10:29:44,running-time,rs-000569-z2wmd,7359e3ee-9625-4a4b-b6f6-407f5698a5ad,2,492.705534
2026/02/05/10:29:44,running-time,rs-000571-lhvvg,fe45c4cb-bb3c-4f37-88fe-a4dbcf6fa226,3,492.705534
2026/02/05/10:29:45,apply-time,rs-000573-sdbww,ce021634-f809-4c3c-8709-df2e62f8394b,4,493.705534
2026/02/05/10:29:45,running-time,rs-000573-sdbww,ce021634-f809-4c3c-8709-df2e62f8394b,4,493.705534
2026/02/05/10:29:47,apply-time,rs-000574-hp9kz,4447dc9a-e563-457a-9577-17baeb9ac754,2,495.705534
2026/02/05/10:29:47,running-time,rs-000574-hp9kz,4447dc9a-e563-457a-9577-17baeb9ac754,2,495.705534
2026/02/05/10:29:47,apply-time,rs-000574-rnvp4,4cd4df20-d75e-4c9d-9c82-6637d04def6a,2,495.705534
2026/02/05/10:29:47,running-time,rs-000574-rnvp4,4cd4df20-d75e-4c9d-9c82-6637d04def6a,2,495.705534
2026/02/05/10:29:47,apply-time,rs-000575-8dqpk,94e1df68-3530-4956-8ff2-94a6b948450e,3,495.705534
2026/02/05/10:29:47,running-time,rs-000575-8dqpk,94e1df68-3530-4956-8ff2-94a6b948450e,3,495.705534
2026/02/05/10:29:47,apply-time,rs-000575-rl57c,7ce175bb-dd9d-4c5e-aad1-5eeefd355ff1,3,495.705534
2026/02/05/10:29:47,running-time,rs-000575-rl57c,7ce175bb-dd9d-4c5e-aad1-5eeefd355ff1,3,495.705534
2026/02/05/10:29:47,apply-time,rs-000576-d4nqq,c9425fe9-61c7-4d76-9e92-13cc056f9c04,2,495.705534
2026/02/05/10:29:47,running-time,rs-000576-d4nqq,c9425fe9-61c7-4d76-9e92-13cc056f9c04,2,495.705534
2026/02/05/10:29:47,apply-time,rs-000577-grz2n,d1ba7161-d5ef-4656-ae38-e89d92210a8a,4,495.705534
2026/02/05/10:29:47,running-time,rs-000577-grz2n,d1ba7161-d5ef-4656-ae38-e89d92210a8a,4,495.705534
2026/02/05/10:29:47,apply-time,rs-000578-kpft7,1316fc63-b5aa-4586-ad6a-91e7a68e21e1,1,495.705534
2026/02/05/10:29:47,running-time,rs-000578-kpft7,1316fc63-b5aa-4586-ad6a-91e7a68e21e1,1,495.705534
2026/02/05/10:29:47,apply-time,rs-000578-tl64b,be1dd1ca-4559-49df-ae2a-2f7a5b125fb9,1,495.705534
2026/02/05/10:29:47,running-time,rs-000578-tl64b,be1dd1ca-4559-49df-ae2a-2f7a5b125fb9,1,495.705534
2026/02/05/10:29:47,apply-time,rs-000579-6jk5h,104e6715-c68c-4b68-8767-6620b3bb4559,2,495.705534
2026/02/05/10:29:47,apply-time,rs-000579-v877n,b5a214fe-8fc7-4af8-bf5d-5cf6336e7576,2,496.705534
2026/02/05/10:29:49,running-time,rs-000579-6jk5h,104e6715-c68c-4b68-8767-6620b3bb4559,2,497.705534
2026/02/05/10:29:50,running-time,rs-000569-lgwr9,51cbee8b-80c2-40ac-9fa3-d5151ee5e3ae,2,498.705534
2026/02/05/10:29:50,running-time,rs-000579-v877n,b5a214fe-8fc7-4af8-bf5d-5cf6336e7576,2,498.705534
2026/02/05/10:29:53,running-time,rs-000567-lxwvd,f06de5e8-86cd-4be8-82ce-837a1cf9f1be,4,501.705534
2026/02/05/10:29:53,running-time,rs-000567-zrxrl,d55a33a8-74fe-4656-8242-d56fcb16da16,4,501.705534
2026/02/05/10:29:57,apply-time,rs-000580-xvvpl,71171251-93d9-4968-8c90-bfca23752050,4,505.705534
2026/02/05/10:29:57,running-time,rs-000580-xvvpl,71171251-93d9-4968-8c90-bfca23752050,4,505.705534
2026/02/05/10:29:57,apply-time,rs-000581-4v9cr,deed738f-d8b0-40e0-a3c1-f19c8ff50dde,4,505.705534
2026/02/05/10:29:57,running-time,rs-000581-4v9cr,deed738f-d8b0-40e0-a3c1-f19c8ff50dde,4,506.705534
2026/02/05/10:29:57,apply-time,rs-000581-cwch4,d5c6bafb-ec58-46d4-8fe6-c7deeebfc45f,4,505.705534
2026/02/05/10:29:57,running-time,rs-000581-cwch4,d5c6bafb-ec58-46d4-8fe6-c7deeebfc45f,4,506.705534
2026/02/05/10:29:57,apply-time,rs-000582-m9zml,32238479-0c7c-47f2-9117-34e9da61b624,3,505.705534
2026/02/05/10:29:57,running-time,rs-000582-m9zml,32238479-0c7c-47f2-9117-34e9da61b624,3,505.705534
2026/02/05/10:29:57,apply-time,rs-000583-skjqv,11e9b943-55b9-4f37-92d6-1b71d21db01d,1,505.705534
2026/02/05/10:29:57,running-time,rs-000583-skjqv,11e9b943-55b9-4f37-92d6-1b71d21db01d,1,506.705534
2026/02/05/10:29:57,apply-time,rs-000584-gj5m8,7e047a45-4d9b-433f-9b98-5c9975e80a71,2,505.705534
2026/02/05/10:29:57,apply-time,rs-000584-v2xdq,f93029c4-4788-42d5-a1fa-9c2e7a97c977,2,505.705534
2026/02/05/10:29:57,apply-time,rs-000584-xccd9,3c383e9c-67c2-41fe-8985-2559cf36f47f,2,505.705534
2026/02/05/10:29:58,apply-time,rs-000585-5sdq2,4d316855-c4b3-4eec-8dad-21b4f8c7768c,1,506.705534
2026/02/05/10:29:58,running-time,rs-000585-5sdq2,4d316855-c4b3-4eec-8dad-21b4f8c7768c,1,506.705534
2026/02/05/10:29:58,apply-time,rs-000585-f97zf,04474f66-7a33-41d2-ad9f-715e3c582abd,1,506.705534
2026/02/05/10:29:58,running-time,rs-000585-f97zf,04474f66-7a33-41d2-ad9f-715e3c582abd,1,506.705534
2026/02/05/10:30:02,apply-time,rs-000586-kq4l6,219a9636-5562-4fb4-b8ab-f37c2883f7c7,4,511.705534
2026/02/05/10:30:02,running-time,rs-000586-kq4l6,219a9636-5562-4fb4-b8ab-f37c2883f7c7,4,511.705534
2026/02/05/10:30:06,apply-time,rs-000587-p9hrh,a939181c-e2ef-475b-8635-050c4ff497d3,3,515.705534
2026/02/05/10:30:07,apply-time,rs-000587-2j9zm,f3604b0e-2c13-4a5b-8fd1-e1c5a62570dd,3,515.705534
2026/02/05/10:30:07,running-time,rs-000587-2j9zm,f3604b0e-2c13-4a5b-8fd1-e1c5a62570dd,3,515.705534
2026/02/05/10:30:07,running-time,rs-000587-p9hrh,a939181c-e2ef-475b-8635-050c4ff497d3,3,515.705534
2026/02/05/10:30:07,apply-time,rs-000588-whc8m,a8d5acc4-6387-4902-8146-b5f27e618ce1,3,515.705534
2026/02/05/10:30:07,running-time,rs-000588-whc8m,a8d5acc4-6387-4902-8146-b5f27e618ce1,3,515.705534
2026/02/05/10:30:07,apply-time,rs-000589-5xfvw,f900045a-1873-475f-93dc-29560c4db94d,3,515.705534
2026/02/05/10:30:07,running-time,rs-000589-5xfvw,f900045a-1873-475f-93dc-29560c4db94d,3,515.705534
2026/02/05/10:30:07,apply-time,rs-000589-b8vt4,d6ed3400-f555-4aa9-a437-72ea8538e6f0,3,515.705534
2026/02/05/10:30:07,running-time,rs-000589-b8vt4,d6ed3400-f555-4aa9-a437-72ea8538e6f0,3,515.705534
2026/02/05/10:30:07,apply-time,rs-000589-j4krc,6fe7e2df-9c88-44f5-bb5b-b5d981a2877e,3,515.705534
2026/02/05/10:30:07,running-time,rs-000589-j4krc,6fe7e2df-9c88-44f5-bb5b-b5d981a2877e,3,515.705534
2026/02/05/10:30:07,apply-time,rs-000590-qh5vq,ff54d890-54d5-4f42-acc8-ceba7a941fec,3,515.705534
2026/02/05/10:30:07,running-time,rs-000590-qh5vq,ff54d890-54d5-4f42-acc8-ceba7a941fec,3,515.705534
2026/02/05/10:30:07,apply-time,rs-000591-6k4cv,7db3c156-5a21-43ed-b359-e4ad0d9f0d04,1,515.705534
2026/02/05/10:30:07,apply-time,rs-000592-8prwq,b1b501c3-9a9c-480b-9618-4615a01825e2,1,516.705534
2026/02/05/10:30:07,running-time,rs-000592-8prwq,b1b501c3-9a9c-480b-9618-4615a01825e2,1,516.705534
2026/02/05/10:30:07,apply-time,rs-000592-szpgk,0ee348af-444d-49a5-8028-7cde31a2f56e,1,516.705534
2026/02/05/10:30:07,running-time,rs-000592-szpgk,0ee348af-444d-49a5-8028-7cde31a2f56e,1,516.705534
2026/02/05/10:30:15,apply-time,rs-000593-bxj7r,9da41410-0dd4-44be-b5e5-9e9ba0d03e62,1,523.705534
2026/02/05/10:30:15,running-time,rs-000593-bxj7r,9da41410-0dd4-44be-b5e5-9e9ba0d03e62,1,523.705534
2026/02/05/10:30:15,apply-time,rs-000593-vw5tk,5fd0f3b3-9921-4d44-a94f-a7fd30442749,1,523.705534
2026/02/05/10:30:15,running-time,rs-000593-vw5tk,5fd0f3b3-9921-4d44-a94f-a7fd30442749,1,523.705534
2026/02/05/10:30:15,apply-time,rs-000594-zvh27,2a956652-6005-4015-a4bd-939486fd8642,3,523.705534
2026/02/05/10:30:15,running-time,rs-000594-zvh27,2a956652-6005-4015-a4bd-939486fd8642,3,523.705534
2026/02/05/10:30:15,apply-time,rs-000595-psbb9,5a75b0f8-ff09-44f5-bd7f-d6d7eba179f0,2,523.705534
2026/02/05/10:30:15,running-time,rs-000595-psbb9,5a75b0f8-ff09-44f5-bd7f-d6d7eba179f0,2,523.705534
2026/02/05/10:30:15,apply-time,rs-000595-tq9jt,a0a3276f-67a2-4526-8d09-b0fd35e4f0a4,2,523.705534
2026/02/05/10:30:15,running-time,rs-000595-tq9jt,a0a3276f-67a2-4526-8d09-b0fd35e4f0a4,2,523.705534
2026/02/05/10:30:15,apply-time,rs-000596-nqvfl,a2d4b393-8338-405e-89d6-9b550b6fe73a,2,523.705534
2026/02/05/10:30:15,running-time,rs-000596-nqvfl,a2d4b393-8338-405e-89d6-9b550b6fe73a,2,523.705534
2026/02/05/10:30:17,apply-time,rs-000597-4zrq5,11cc6c90-6a1e-41b3-bd99-8ac5d6c41a99,2,525.705534
2026/02/05/10:30:17,running-time,rs-000597-4zrq5,11cc6c90-6a1e-41b3-bd99-8ac5d6c41a99,2,525.705534
2026/02/05/10:30:17,apply-time,rs-000597-5csn5,f5628e01-11be-424d-b572-9cc550720c02,2,525.705534
2026/02/05/10:30:17,running-time,rs-000597-5csn5,f5628e01-11be-424d-b572-9cc550720c02,2,525.705534
2026/02/05/10:30:26,apply-time,rs-000598-9xdnx,de435636-ffe9-41a8-aa38-f5e220526fba,3,535.705534
2026/02/05/10:30:26,running-time,rs-000598-9xdnx,de435636-ffe9-41a8-aa38-f5e220526fba,3,535.705534
2026/02/05/10:30:26,apply-time,rs-000599-7hmcp,6eaf6810-e25a-4c53-b74d-8646950e4fcf,2,535.705534
2026/02/05/10:30:26,apply-time,rs-000599-gg2cj,554037b2-c74f-4dce-88e8-d7c58de9a140,2,535.705534
2026/02/05/10:30:27,running-time,rs-000599-7hmcp,6eaf6810-e25a-4c53-b74d-8646950e4fcf,2,535.705534
2026/02/05/10:30:27,running-time,rs-000599-gg2cj,554037b2-c74f-4dce-88e8-d7c58de9a140,2,535.705534
2026/02/05/10:30:28,apply-time,rs-000600-vqg4x,6937a602-9991-4cbf-a87c-4cf5c02e497f,1,536.705534
2026/02/05/10:30:28,running-time,rs-000600-vqg4x,6937a602-9991-4cbf-a87c-4cf5c02e497f,1,536.705534
2026/02/05/10:30:28,apply-time,rs-000600-wlgt4,0d76eac1-8504-44d0-a297-b3e6e8b68384,1,536.705534
2026/02/05/10:30:28,running-time,rs-000600-wlgt4,0d76eac1-8504-44d0-a297-b3e6e8b68384,1,536.705534
2026/02/05/10:30:28,apply-time,rs-000601-gvzlb,7c6a8ee7-4dc9-4a1a-ac79-cb874a6213de,2,536.705534
2026/02/05/10:30:28,running-time,rs-000601-gvzlb,7c6a8ee7-4dc9-4a1a-ac79-cb874a6213de,2,536.705534
2026/02/05/10:30:28,apply-time,rs-000601-rbl4h,c385931d-dffe-4094-905a-342259757ba3,2,536.705534
2026/02/05/10:30:28,running-time,rs-000601-rbl4h,c385931d-dffe-4094-905a-342259757ba3,2,536.705534
2026/02/05/10:30:28,apply-time,rs-000601-rbxnh,f0d2d15c-6293-4581-94c2-c0faada4a7f6,2,536.705534
2026/02/05/10:30:28,running-time,rs-000601-rbxnh,f0d2d15c-6293-4581-94c2-c0faada4a7f6,2,536.705534
2026/02/05/10:30:28,apply-time,rs-000602-mdn4p,7d918f0a-e5e2-4b6c-b9aa-9ec12f272fc3,3,536.705534
2026/02/05/10:30:28,running-time,rs-000602-mdn4p,7d918f0a-e5e2-4b6c-b9aa-9ec12f272fc3,3,536.705534
2026/02/05/10:30:28,apply-time,rs-000602-pv8df,c3910064-cf76-4305-9512-2280f2cb377e,3,536.705534
2026/02/05/10:30:28,running-time,rs-000602-pv8df,c3910064-cf76-4305-9512-2280f2cb377e,3,536.705534
2026/02/05/10:30:28,apply-time,rs-000603-6x7hs,3bdc7717-e31b-4c5f-ae6b-72f1c41f9fb6,4,536.705534
2026/02/05/10:30:28,running-time,rs-000603-6x7hs,3bdc7717-e31b-4c5f-ae6b-72f1c41f9fb6,4,536.705534
2026/02/05/10:30:28,apply-time,rs-000603-x7rjc,5bfb526b-1410-429f-88fd-4f0421172cf2,4,536.705534
2026/02/05/10:30:28,running-time,rs-000603-x7rjc,5bfb526b-1410-429f-88fd-4f0421172cf2,4,536.705534
2026/02/05/10:30:28,apply-time,rs-000604-gr77f,9534a3a0-3b0b-41db-b91f-bfa4e7740a08,2,537.705534
2026/02/05/10:30:28,running-time,rs-000604-gr77f,9534a3a0-3b0b-41db-b91f-bfa4e7740a08,2,537.705534
2026/02/05/10:30:28,apply-time,rs-000607-78x2k,97c9f582-f924-46e8-9121-e735e40add0c,1,537.705534
2026/02/05/10:30:28,running-time,rs-000607-78x2k,97c9f582-f924-46e8-9121-e735e40add0c,1,537.705534
2026/02/05/10:30:29,apply-time,rs-000605-tx8xs,4bc9fba8-c807-415b-9b24-cd5a1159a635,4,537.705534
2026/02/05/10:30:29,running-time,rs-000605-tx8xs,4bc9fba8-c807-415b-9b24-cd5a1159a635,4,537.705534
2026/02/05/10:30:29,apply-time,rs-000606-96wq5,e3d055f8-5f90-4a69-bb96-79d9df5f5305,3,538.705534
2026/02/05/10:30:29,running-time,rs-000606-96wq5,e3d055f8-5f90-4a69-bb96-79d9df5f5305,3,538.705534
2026/02/05/10:30:29,apply-time,rs-000607-2rq2k,57c28db4-bf91-4c9a-8712-1218470a1493,1,537.705534
2026/02/05/10:30:29,running-time,rs-000607-2rq2k,57c28db4-bf91-4c9a-8712-1218470a1493,1,537.705534
2026/02/05/10:30:29,apply-time,rs-000607-h6j7l,a1b96ee6-7551-4d74-bf9c-243a99424211,1,537.705534
2026/02/05/10:30:29,running-time,rs-000607-h6j7l,a1b96ee6-7551-4d74-bf9c-243a99424211,1,537.705534
2026/02/05/10:30:29,apply-time,rs-000608-k7q6q,51c310d0-a314-4274-9efe-16c8826095f7,2,538.705534
2026/02/05/10:30:29,running-time,rs-000608-k7q6q,51c310d0-a314-4274-9efe-16c8826095f7,2,538.705534
2026/02/05/10:30:29,apply-time,rs-000609-4gtms,e3de3240-610d-4a67-acc5-9fb93df31cec,3,538.705534
2026/02/05/10:30:29,running-time,rs-000609-4gtms,e3de3240-610d-4a67-acc5-9fb93df31cec,3,538.705534
2026/02/05/10:30:32,apply-time,rs-000610-n5rvb,9d7d4da7-8caf-4087-a95f-6ba35729a704,1,541.705534
2026/02/05/10:30:32,apply-time,rs-000610-p2zb5,079c4a8a-58ec-405b-8ae1-724588a35641,1,541.705534
2026/02/05/10:30:32,apply-time,rs-000610-r8mgq,88aaca26-5c21-478d-8604-0eb881f90e49,1,541.705534
2026/02/05/10:30:33,running-time,rs-000610-n5rvb,9d7d4da7-8caf-4087-a95f-6ba35729a704,1,541.705534
2026/02/05/10:30:33,running-time,rs-000610-p2zb5,079c4a8a-58ec-405b-8ae1-724588a35641,1,541.705534
2026/02/05/10:30:33,running-time,rs-000610-r8mgq,88aaca26-5c21-478d-8604-0eb881f90e49,1,541.705534
2026/02/05/10:30:33,apply-time,rs-000611-cp6ks,939cacda-9883-45f6-9cf4-cf8a7d927ea6,3,541.705534
2026/02/05/10:30:33,running-time,rs-000611-cp6ks,939cacda-9883-45f6-9cf4-cf8a7d927ea6,3,541.705534
2026/02/05/10:30:33,apply-time,rs-000611-plxpv,264b2b4d-16f0-4132-b92a-4195c96d88d3,3,541.705534
2026/02/05/10:30:33,running-time,rs-000611-plxpv,264b2b4d-16f0-4132-b92a-4195c96d88d3,3,541.705534
2026/02/05/10:30:33,apply-time,rs-000612-mklgl,8301d7d8-5f9e-4c47-ae86-ad1b8faec7ad,3,541.705534
2026/02/05/10:30:33,running-time,rs-000612-mklgl,8301d7d8-5f9e-4c47-ae86-ad1b8faec7ad,3,541.705534
2026/02/05/10:30:35,apply-time,rs-000613-4t6vk,fa7591da-11c6-4918-9b2f-638a8030175c,1,544.705534
2026/02/05/10:30:35,running-time,rs-000613-4t6vk,fa7591da-11c6-4918-9b2f-638a8030175c,1,544.705534
2026/02/05/10:30:35,apply-time,rs-000613-fmwfr,7b5b9565-972f-4121-bc05-c44d7af5987e,1,544.705534
2026/02/05/10:30:35,running-time,rs-000613-fmwfr,7b5b9565-972f-4121-bc05-c44d7af5987e,1,544.705534
2026/02/05/10:30:37,apply-time,rs-000614-frcls,9edb5c07-f5ed-49a3-b239-f5ae078bcc7a,3,545.705534
2026/02/05/10:30:37,running-time,rs-000614-frcls,9edb5c07-f5ed-49a3-b239-f5ae078bcc7a,3,546.705534
2026/02/05/10:30:37,apply-time,rs-000614-k298s,12b7a65b-eb74-40eb-b235-91b88338a153,3,545.705534
2026/02/05/10:30:37,running-time,rs-000614-k298s,12b7a65b-eb74-40eb-b235-91b88338a153,3,546.705534
2026/02/05/10:30:37,apply-time,rs-000615-ghp7j,1f9052e8-9088-493e-a32e-da3dbcbad90c,1,546.705534
2026/02/05/10:30:37,running-time,rs-000615-ghp7j,1f9052e8-9088-493e-a32e-da3dbcbad90c,1,546.705534
2026/02/05/10:30:38,apply-time,rs-000616-4thdm,0a93c750-2426-4697-9785-5af71f32c835,3,546.705534
2026/02/05/10:30:38,running-time,rs-000616-4thdm,0a93c750-2426-4697-9785-5af71f32c835,3,546.705534
2026/02/05/10:30:38,apply-time,rs-000617-7pcnn,8e91c683-7364-4fe0-aaa5-ae4329143963,2,547.705534
2026/02/05/10:30:38,running-time,rs-000617-7pcnn,8e91c683-7364-4fe0-aaa5-ae4329143963,2,547.705534
2026/02/05/10:30:38,apply-time,rs-000617-lbd4g,34493a79-5509-4776-94a7-6605810b5535,2,547.705534
2026/02/05/10:30:38,running-time,rs-000617-lbd4g,34493a79-5509-4776-94a7-6605810b5535,2,547.705534
2026/02/05/10:30:38,apply-time,rs-000617-t4nzq,85602106-b8d5-467f-bcf4-587addf21a2e,2,547.705534
2026/02/05/10:30:38,running-time,rs-000617-t4nzq,85602106-b8d5-467f-bcf4-587addf21a2e,2,547.705534
2026/02/05/10:30:38,apply-time,rs-000618-4m8ld,ae51e1d4-f2f7-4818-a46f-db6434edc5b2,1,547.705534
2026/02/05/10:30:38,running-time,rs-000618-4m8ld,ae51e1d4-f2f7-4818-a46f-db6434edc5b2,1,547.705534
2026/02/05/10:30:38,apply-time,rs-000618-76lrs,7b8c4024-08c0-4717-b960-d82c280252f8,1,547.705534
2026/02/05/10:30:38,running-time,rs-000618-76lrs,7b8c4024-08c0-4717-b960-d82c280252f8,1,547.705534
2026/02/05/10:30:38,apply-time,rs-000618-jfrnd,402eca51-d151-4e3d-ae75-bcb8dda36e41,1,547.705534
2026/02/05/10:30:38,running-time,rs-000618-jfrnd,402eca51-d151-4e3d-ae75-bcb8dda36e41,1,547.705534
2026/02/05/10:30:38,apply-time,rs-000619-n5rvk,4711f0b0-0f85-4848-998b-7694b80062ad,2,547.705534
2026/02/05/10:30:38,running-time,rs-000619-n5rvk,4711f0b0-0f85-4848-998b-7694b80062ad,2,547.705534
2026/02/05/10:30:39,apply-time,rs-000620-2v2gm,262932f3-a5c3-4dff-b7ac-2dc2ece08bf7,3,547.705534
2026/02/05/10:30:39,apply-time,rs-000620-px8rd,60a5aef4-ee13-40b1-a2fa-720f42c844d2,3,547.705534
2026/02/05/10:30:39,apply-time,rs-000620-s5jmj,5dafbc6c-5bbd-4224-b8fa-830d4311f5b2,3,547.705534
2026/02/05/10:30:39,apply-time,rs-000621-n4xpc,12793727-3717-4f54-b388-595cd06c55a9,2,547.705534
2026/02/05/10:30:39,running-time,rs-000621-n4xpc,12793727-3717-4f54-b388-595cd06c55a9,2,547.705534
2026/02/05/10:30:39,apply-time,rs-000621-sn6xj,e267175b-5cd7-4aba-b7e3-fbb1490b8a2c,2,547.705534
2026/02/05/10:30:39,running-time,rs-000621-sn6xj,e267175b-5cd7-4aba-b7e3-fbb1490b8a2c,2,547.705534
2026/02/05/10:30:40,running-time,rs-000620-2v2gm,262932f3-a5c3-4dff-b7ac-2dc2ece08bf7,3,549.705534
2026/02/05/10:30:40,running-time,rs-000620-px8rd,60a5aef4-ee13-40b1-a2fa-720f42c844d2,3,548.705534
2026/02/05/10:30:40,running-time,rs-000620-s5jmj,5dafbc6c-5bbd-4224-b8fa-830d4311f5b2,3,548.705534
2026/02/05/10:30:49,apply-time,rs-000622-bl9tz,cb1caf55-5e8e-4efe-8f17-325fe133cf04,3,558.705534
2026/02/05/10:30:49,running-time,rs-000622-bl9tz,cb1caf55-5e8e-4efe-8f17-325fe133cf04,3,558.705534
2026/02/05/10:30:49,apply-time,rs-000622-gm559,effe3460-711b-4ef4-bc81-1d4a99bcd488,3,558.705534
2026/02/05/10:30:49,running-time,rs-000622-gm559,effe3460-711b-4ef4-bc81-1d4a99bcd488,3,558.705534
2026/02/05/10:30:49,apply-time,rs-000622-trtsb,98eea37d-c8af-497a-8d1c-8b17b3c64e90,3,558.705534
2026/02/05/10:30:49,running-time,rs-000622-trtsb,98eea37d-c8af-497a-8d1c-8b17b3c64e90,3,558.705534
2026/02/05/10:30:49,apply-time,rs-000623-xmmd6,749b57c0-3908-42ad-bf7e-964055d4a2e2,1,558.705534
2026/02/05/10:30:49,running-time,rs-000623-xmmd6,749b57c0-3908-42ad-bf7e-964055d4a2e2,1,558.705534
2026/02/05/10:30:50,apply-time,rs-000624-h2ffq,e9e9851f-3da8-4c8c-bb68-433755b2a9cc,1,558.705534
2026/02/05/10:30:50,running-time,rs-000624-h2ffq,e9e9851f-3da8-4c8c-bb68-433755b2a9cc,1,558.705534
2026/02/05/10:30:50,apply-time,rs-000625-g2fv2,f4dbc9e3-062c-49a6-90e8-9173af5d8b09,4,558.705534
2026/02/05/10:30:50,running-time,rs-000625-g2fv2,f4dbc9e3-062c-49a6-90e8-9173af5d8b09,4,558.705534
2026/02/05/10:30:50,apply-time,rs-000626-tdx2t,161baef1-783c-4e4f-96bd-6987c5da795e,2,558.705534
2026/02/05/10:30:50,running-time,rs-000626-tdx2t,161baef1-783c-4e4f-96bd-6987c5da795e,2,558.705534
2026/02/05/10:30:50,apply-time,rs-000627-hxr69,218b4ea7-0f15-40f1-a925-96ed0bda2c69,1,558.705534
2026/02/05/10:30:50,running-time,rs-000627-hxr69,218b4ea7-0f15-40f1-a925-96ed0bda2c69,1,558.705534
2026/02/05/10:30:50,apply-time,rs-000627-m8x64,0d7e95f2-de02-4f08-9c82-53e496cf778a,1,558.705534
2026/02/05/10:30:50,running-time,rs-000627-m8x64,0d7e95f2-de02-4f08-9c82-53e496cf778a,1,558.705534
2026/02/05/10:30:50,apply-time,rs-000627-w98lc,05a988fd-d753-4604-a864-b62c3f0ec009,1,558.705534
2026/02/05/10:30:50,running-time,rs-000627-w98lc,05a988fd-d753-4604-a864-b62c3f0ec009,1,558.705534
2026/02/05/10:30:58,apply-time,rs-000628-6ftnt,abdd5354-79a7-4c56-b694-6d76800f3bd5,2,566.705534
2026/02/05/10:30:58,running-time,rs-000628-6ftnt,abdd5354-79a7-4c56-b694-6d76800f3bd5,2,566.705534
2026/02/05/10:31:07,apply-time,rs-000629-g2knz,807384df-bce2-4458-9911-5acb906683b9,1,576.705534
2026/02/05/10:31:07,apply-time,rs-000629-vxpm4,5e836452-0315-4d04-a87f-b47463aab474,1,576.705534
2026/02/05/10:31:07,running-time,rs-000629-vxpm4,5e836452-0315-4d04-a87f-b47463aab474,1,576.705534
2026/02/05/10:31:07,apply-time,rs-000630-wpwzn,80cff2e6-a348-472c-b248-cd11e7190443,1,576.705534
2026/02/05/10:31:07,running-time,rs-000630-wpwzn,80cff2e6-a348-472c-b248-cd11e7190443,1,576.705534
2026/02/05/10:31:08,running-time,rs-000629-g2knz,807384df-bce2-4458-9911-5acb906683b9,1,576.705534
2026/02/05/10:31:08,apply-time,rs-000631-6pbzk,c572ade6-17e0-4299-88b8-e7dd65cff64c,2,576.705534
2026/02/05/10:31:08,running-time,rs-000631-6pbzk,c572ade6-17e0-4299-88b8-e7dd65cff64c,2,576.705534
2026/02/05/10:31:08,apply-time,rs-000631-ggn57,a109400d-e3b9-42be-845c-cedcda1fea65,2,576.705534
2026/02/05/10:31:08,running-time,rs-000631-ggn57,a109400d-e3b9-42be-845c-cedcda1fea65,2,576.705534
2026/02/05/10:31:08,apply-time,rs-000632-mgtdz,ccbb104f-ad4b-40b4-90b6-5c5e3bf6c991,1,576.705534
2026/02/05/10:31:08,running-time,rs-000632-mgtdz,ccbb104f-ad4b-40b4-90b6-5c5e3bf6c991,1,576.705534
2026/02/05/10:31:08,apply-time,rs-000633-n48s8,de51b828-2f71-4de6-bf58-2faef029257f,3,576.705534
2026/02/05/10:31:08,running-time,rs-000633-n48s8,de51b828-2f71-4de6-bf58-2faef029257f,3,576.705534
2026/02/05/10:31:08,apply-time,rs-000633-zz5gx,685d72e1-ad49-456d-8857-f2e646983864,3,576.705534
2026/02/05/10:31:08,running-time,rs-000633-zz5gx,685d72e1-ad49-456d-8857-f2e646983864,3,576.705534
2026/02/05/10:31:08,apply-time,rs-000634-67xl2,2d44b74e-7d95-44aa-80c7-6271781fd229,1,576.705534
2026/02/05/10:31:08,running-time,rs-000634-67xl2,2d44b74e-7d95-44aa-80c7-6271781fd229,1,576.705534
2026/02/05/10:31:08,apply-time,rs-000634-m8rjf,bb7510c9-5ea7-4b14-a1b2-e801ee85981f,1,577.705534
2026/02/05/10:31:08,running-time,rs-000634-m8rjf,bb7510c9-5ea7-4b14-a1b2-e801ee85981f,1,577.705534
2026/02/05/10:31:08,apply-time,rs-000634-p8ffz,f81744cf-f199-4996-a70b-286e864a5cbe,1,577.705534
2026/02/05/10:31:08,running-time,rs-000634-p8ffz,f81744cf-f199-4996-a70b-286e864a5cbe,1,577.705534
2026/02/05/10:31:08,apply-time,rs-000635-lcjsd,1bad7104-e095-4df3-8235-77a89c3039ed,2,577.705534
2026/02/05/10:31:08,running-time,rs-000635-lcjsd,1bad7104-e095-4df3-8235-77a89c3039ed,2,577.705534
2026/02/05/10:31:08,apply-time,rs-000635-lmt4f,ab30eafa-2fd3-4094-93b0-4c4c1918abac,2,576.705534
2026/02/05/10:31:08,running-time,rs-000635-lmt4f,ab30eafa-2fd3-4094-93b0-4c4c1918abac,2,576.705534
2026/02/05/10:31:08,apply-time,rs-000635-tplxk,94530cbd-dfca-48b2-a3a6-45340df36763,2,577.705534
2026/02/05/10:31:08,running-time,rs-000635-tplxk,94530cbd-dfca-48b2-a3a6-45340df36763,2,577.705534
2026/02/05/10:31:08,apply-time,rs-000636-ghvqg,fc35e458-342a-429c-bb34-8a6837d10163,4,576.705534
2026/02/05/10:31:08,running-time,rs-000636-ghvqg,fc35e458-342a-429c-bb34-8a6837d10163,4,576.705534
2026/02/05/10:31:08,apply-time,rs-000636-xptsx,226dde70-1f2b-4fce-bc9b-571f6e8f562e,4,577.705534
2026/02/05/10:31:08,running-time,rs-000636-xptsx,226dde70-1f2b-4fce-bc9b-571f6e8f562e,4,577.705534
2026/02/05/10:31:09,apply-time,rs-000637-9b82v,cb14b8a6-2b71-48e8-bc1f-6b12482e826a,2,578.705534
2026/02/05/10:31:09,running-time,rs-000637-9b82v,cb14b8a6-2b71-48e8-bc1f-6b12482e826a,2,578.705534
2026/02/05/10:31:09,apply-time,rs-000637-d4mrt,0cb02ba0-84c4-4305-96af-3190590914f8,2,578.705534
2026/02/05/10:31:09,running-time,rs-000637-d4mrt,0cb02ba0-84c4-4305-96af-3190590914f8,2,578.705534
2026/02/05/10:31:09,apply-time,rs-000637-q9tfq,f9420842-6918-456d-b290-cbc555da8af1,2,577.705534
2026/02/05/10:31:09,running-time,rs-000637-q9tfq,f9420842-6918-456d-b290-cbc555da8af1,2,577.705534
2026/02/05/10:31:09,apply-time,rs-000638-2q4sv,a93c597e-2a6b-42a3-817d-9cdc50df86d3,2,577.705534
2026/02/05/10:31:09,running-time,rs-000638-2q4sv,a93c597e-2a6b-42a3-817d-9cdc50df86d3,2,577.705534
2026/02/05/10:31:09,apply-time,rs-000638-6bxk6,d56b9812-5a29-4ac8-9bff-4f84aec513ca,2,578.705534
2026/02/05/10:31:09,running-time,rs-000638-6bxk6,d56b9812-5a29-4ac8-9bff-4f84aec513ca,2,578.705534
2026/02/05/10:31:09,apply-time,rs-000639-q4mfj,2b6c09ea-85c3-4a7f-9c9d-b9615ff01ebe,3,578.705534
2026/02/05/10:31:09,running-time,rs-000639-q4mfj,2b6c09ea-85c3-4a7f-9c9d-b9615ff01ebe,3,578.705534
2026/02/05/10:31:09,apply-time,rs-000639-x8dx9,05f89bbe-f44f-4c72-a528-d1de315ed7ef,3,578.705534
2026/02/05/10:31:09,running-time,rs-000639-x8dx9,05f89bbe-f44f-4c72-a528-d1de315ed7ef,3,578.705534
2026/02/05/10:31:12,apply-time,rs-000640-hp92l,93121653-fc10-47f8-85b0-0d55e596952c,3,581.705534
2026/02/05/10:31:12,running-time,rs-000640-hp92l,93121653-fc10-47f8-85b0-0d55e596952c,3,581.705534
2026/02/05/10:31:12,apply-time,rs-000640-nfk9k,a7c9c936-e19d-4cff-8562-e2586c098034,3,581.705534
2026/02/05/10:31:12,running-time,rs-000640-nfk9k,a7c9c936-e19d-4cff-8562-e2586c098034,3,581.705534
2026/02/05/10:31:17,apply-time,rs-000641-5xrj7,32984153-efdd-477a-a875-af861693243d,2,585.705534
2026/02/05/10:31:17,running-time,rs-000641-5xrj7,32984153-efdd-477a-a875-af861693243d,2,585.705534
2026/02/05/10:31:17,apply-time,rs-000641-9xgcf,9f8bb4c8-9b1d-477c-bc9c-2181c3c1508b,2,585.705534
2026/02/05/10:31:17,running-time,rs-000641-9xgcf,9f8bb4c8-9b1d-477c-bc9c-2181c3c1508b,2,585.705534
2026/02/05/10:31:17,apply-time,rs-000642-6kqvw,9bc714da-8932-4a85-bb31-7e7304f16f8e,3,585.705534
2026/02/05/10:31:17,running-time,rs-000642-6kqvw,9bc714da-8932-4a85-bb31-7e7304f16f8e,3,586.705534
2026/02/05/10:31:17,apply-time,rs-000643-79lq6,8a6871fd-4fa3-4a21-8f09-a326137e2e17,1,586.705534
2026/02/05/10:31:17,running-time,rs-000643-79lq6,8a6871fd-4fa3-4a21-8f09-a326137e2e17,1,586.705534
2026/02/05/10:31:17,apply-time,rs-000644-8vjch,f3535832-bdba-400b-83a4-4fa74c1a1512,3,585.705534
2026/02/05/10:31:17,running-time,rs-000644-8vjch,f3535832-bdba-400b-83a4-4fa74c1a1512,3,586.705534
2026/02/05/10:31:17,apply-time,rs-000644-9msxj,e40c98e4-8396-47bf-b4d3-476824a0a1f2,3,585.705534
2026/02/05/10:31:17,running-time,rs-000644-9msxj,e40c98e4-8396-47bf-b4d3-476824a0a1f2,3,586.705534
2026/02/05/10:31:17,apply-time,rs-000644-wr656,66880311-7a3b-4cdf-82de-13be0b17f9d0,3,585.705534
2026/02/05/10:31:17,running-time,rs-000644-wr656,66880311-7a3b-4cdf-82de-13be0b17f9d0,3,586.705534
2026/02/05/10:31:17,apply-time,rs-000645-9v2ln,a1c7acb6-99d2-4e4f-a8b2-a4d74790f6f3,1,586.705534
2026/02/05/10:31:17,running-time,rs-000645-9v2ln,a1c7acb6-99d2-4e4f-a8b2-a4d74790f6f3,1,586.705534
2026/02/05/10:31:17,apply-time,rs-000646-72cr2,6bcca7f6-3fc3-4275-a8b6-ce8a0e8adc4a,1,586.705534
2026/02/05/10:31:17,running-time,rs-000646-72cr2,6bcca7f6-3fc3-4275-a8b6-ce8a0e8adc4a,1,586.705534
2026/02/05/10:31:18,apply-time,rs-000647-fxkpm,fdc704ac-295e-406c-a3e7-ea8b53d19357,1,586.705534
2026/02/05/10:31:18,apply-time,rs-000648-l5qvx,13e708b6-dda6-4c01-afd1-6e01db1a0e47,1,586.705534
2026/02/05/10:31:18,running-time,rs-000648-l5qvx,13e708b6-dda6-4c01-afd1-6e01db1a0e47,1,586.705534
2026/02/05/10:31:18,apply-time,rs-000648-wmrml,e1d435a1-eda4-4341-a36b-c0e1e996ff7f,1,586.705534
2026/02/05/10:31:18,running-time,rs-000648-wmrml,e1d435a1-eda4-4341-a36b-c0e1e996ff7f,1,586.705534
2026/02/05/10:31:18,apply-time,rs-000649-k9t4w,184230d4-cfcf-4692-b59f-02c94efe0cf0,1,586.705534
2026/02/05/10:31:18,running-time,rs-000649-k9t4w,184230d4-cfcf-4692-b59f-02c94efe0cf0,1,586.705534
2026/02/05/10:31:18,apply-time,rs-000649-p4878,3c58e8e8-cec8-4171-9844-28c68de82bcd,1,586.705534
2026/02/05/10:31:18,running-time,rs-000649-p4878,3c58e8e8-cec8-4171-9844-28c68de82bcd,1,586.705534
2026/02/05/10:31:18,apply-time,rs-000649-vg9lc,fedbac81-cb73-4be5-b764-d798f16ef4f9,1,586.705534
2026/02/05/10:31:18,running-time,rs-000649-vg9lc,fedbac81-cb73-4be5-b764-d798f16ef4f9,1,586.705534
2026/02/05/10:31:24,apply-time,rs-000650-rjhc6,32313358-89f2-487d-8a14-9cbd9e59be56,2,592.705534
2026/02/05/10:31:24,running-time,rs-000650-rjhc6,32313358-89f2-487d-8a14-9cbd9e59be56,2,592.705534
2026/02/05/10:31:24,apply-time,rs-000651-fd5k2,c4ca7d9e-2a9a-48d4-b28d-6f930a5133e1,3,592.705534
2026/02/05/10:31:24,running-time,rs-000651-fd5k2,c4ca7d9e-2a9a-48d4-b28d-6f930a5133e1,3,592.705534
2026/02/05/10:31:28,apply-time,rs-000652-8ndf7,1baee3d7-77d7-4bdd-8419-d7afa10716b7,2,597.705534
2026/02/05/10:31:28,running-time,rs-000652-8ndf7,1baee3d7-77d7-4bdd-8419-d7afa10716b7,2,597.705534
2026/02/05/10:31:28,apply-time,rs-000652-ndtnw,7a2c4adf-6a34-4af7-a928-dc00c72bef39,2,597.705534
2026/02/05/10:31:28,running-time,rs-000652-ndtnw,7a2c4adf-6a34-4af7-a928-dc00c72bef39,2,597.705534
2026/02/05/10:31:28,apply-time,rs-000652-qbhx8,0edf2b9c-4398-4db7-a2ce-a5f6477d431b,2,597.705534
2026/02/05/10:31:28,running-time,rs-000652-qbhx8,0edf2b9c-4398-4db7-a2ce-a5f6477d431b,2,597.705534
2026/02/05/10:31:31,apply-time,rs-000653-w2czq,cf74e01a-56db-4bc3-a415-3b49701ebfcc,4,599.705534
2026/02/05/10:31:31,running-time,rs-000653-w2czq,cf74e01a-56db-4bc3-a415-3b49701ebfcc,4,599.705534
2026/02/05/10:31:31,apply-time,rs-000654-sdfgs,3a316d07-1044-40d7-b3ef-ac101e2e8b23,2,599.705534
2026/02/05/10:31:31,running-time,rs-000654-sdfgs,3a316d07-1044-40d7-b3ef-ac101e2e8b23,2,599.705534
2026/02/05/10:31:31,apply-time,rs-000655-jwrpp,e5663204-cf51-44d2-b460-47307630228f,1,599.705534
2026/02/05/10:31:31,running-time,rs-000655-jwrpp,e5663204-cf51-44d2-b460-47307630228f,1,599.705534
2026/02/05/10:31:34,apply-time,rs-000656-n2kfv,fc109fa6-7b6c-4dac-936f-a0d0c70dd84f,1,602.705534
2026/02/05/10:31:34,running-time,rs-000656-n2kfv,fc109fa6-7b6c-4dac-936f-a0d0c70dd84f,1,602.705534
2026/02/05/10:31:34,apply-time,rs-000656-x5kgk,042e2270-a6a6-4cb4-b0fe-d6a2e91a71f6,1,602.705534
2026/02/05/10:31:34,running-time,rs-000656-x5kgk,042e2270-a6a6-4cb4-b0fe-d6a2e91a71f6,1,602.705534
2026/02/05/10:31:34,apply-time,rs-000657-6krnc,1218778e-57fe-4ac3-b7a1-746ab25296e9,4,602.705534
2026/02/05/10:31:34,running-time,rs-000657-6krnc,1218778e-57fe-4ac3-b7a1-746ab25296e9,4,602.705534
2026/02/05/10:31:34,apply-time,rs-000657-fjq4v,d12ae3d4-0a15-4c5b-a00d-60e21b15dcf8,4,602.705534
2026/02/05/10:31:34,running-time,rs-000657-fjq4v,d12ae3d4-0a15-4c5b-a00d-60e21b15dcf8,4,602.705534
2026/02/05/10:31:34,apply-time,rs-000657-gjl2s,e249b29f-1d82-429a-bdf1-806edf228102,4,602.705534
2026/02/05/10:31:34,running-time,rs-000657-gjl2s,e249b29f-1d82-429a-bdf1-806edf228102,4,602.705534
2026/02/05/10:31:34,apply-time,rs-000658-kb8x9,af7c1a8d-a16f-499c-a990-f7d87a62f1f0,4,602.705534
2026/02/05/10:31:34,running-time,rs-000658-kb8x9,af7c1a8d-a16f-499c-a990-f7d87a62f1f0,4,602.705534
2026/02/05/10:31:34,apply-time,rs-000658-rjhqm,39935038-7472-4777-8628-1ecb893cf062,4,602.705534
2026/02/05/10:31:34,running-time,rs-000658-rjhqm,39935038-7472-4777-8628-1ecb893cf062,4,602.705534
2026/02/05/10:31:34,apply-time,rs-000658-w5ckk,0569a3c0-a839-4715-8f47-0c9cd3e2c41c,4,602.705534
2026/02/05/10:31:34,running-time,rs-000658-w5ckk,0569a3c0-a839-4715-8f47-0c9cd3e2c41c,4,602.705534
2026/02/05/10:31:34,apply-time,rs-000659-crc6d,ec1f73d1-8748-4cdb-a11b-7fc80d620567,4,602.705534
2026/02/05/10:31:34,running-time,rs-000659-crc6d,ec1f73d1-8748-4cdb-a11b-7fc80d620567,4,602.705534
2026/02/05/10:31:37,apply-time,rs-000660-mjbcv,c0cd11a2-a321-406e-8b29-eb72eb7bd43c,2,605.705534
2026/02/05/10:31:37,running-time,rs-000660-mjbcv,c0cd11a2-a321-406e-8b29-eb72eb7bd43c,2,605.705534
2026/02/05/10:31:37,apply-time,rs-000661-lq56n,d82c8ff8-4421-44c8-8c93-7d1045bd3b2c,3,606.705534
2026/02/05/10:31:37,running-time,rs-000661-lq56n,d82c8ff8-4421-44c8-8c93-7d1045bd3b2c,3,606.705534
2026/02/05/10:31:37,apply-time,rs-000661-rqnf2,5fa1cb39-22ad-45b2-a2ec-c0d78e3e17d6,3,606.705534
2026/02/05/10:31:37,running-time,rs-000661-rqnf2,5fa1cb39-22ad-45b2-a2ec-c0d78e3e17d6,3,606.705534
2026/02/05/10:31:37,apply-time,rs-000662-8n6rm,9ceb248d-a108-4932-ab9a-e57e1dca1267,1,606.705534
2026/02/05/10:31:37,running-time,rs-000662-8n6rm,9ceb248d-a108-4932-ab9a-e57e1dca1267,1,606.705534
2026/02/05/10:31:37,apply-time,rs-000662-t27x7,2aa8019d-65a4-4425-855f-f7270520dbf4,1,606.705534
2026/02/05/10:31:37,running-time,rs-000662-t27x7,2aa8019d-65a4-4425-855f-f7270520dbf4,1,606.705534
2026/02/05/10:31:37,apply-time,rs-000662-vn4x7,5eb68316-7acf-46eb-b83e-8cda74223c24,1,606.705534
2026/02/05/10:31:37,running-time,rs-000662-vn4x7,5eb68316-7acf-46eb-b83e-8cda74223c24,1,606.705534
2026/02/05/10:31:38,apply-time,rs-000663-jsfs8,42e377d3-28de-4816-acf4-d65ff69d0789,1,606.705534
2026/02/05/10:31:38,running-time,rs-000663-jsfs8,42e377d3-28de-4816-acf4-d65ff69d0789,1,606.705534
2026/02/05/10:31:38,apply-time,rs-000663-t255q,6036129f-dfd5-453c-b89d-a46b4124b5ab,1,606.705534
2026/02/05/10:31:38,running-time,rs-000663-t255q,6036129f-dfd5-453c-b89d-a46b4124b5ab,1,606.705534
2026/02/05/10:31:38,apply-time,rs-000664-49vmw,2d4a47c3-bf78-4873-9d6b-03c09eaa1083,2,606.705534
2026/02/05/10:31:38,running-time,rs-000664-49vmw,2d4a47c3-bf78-4873-9d6b-03c09eaa1083,2,606.705534
2026/02/05/10:31:38,apply-time,rs-000664-7rzb5,0b593853-af23-470b-b096-7de2764461a1,2,606.705534
2026/02/05/10:31:38,running-time,rs-000664-7rzb5,0b593853-af23-470b-b096-7de2764461a1,2,606.705534
2026/02/05/10:31:38,apply-time,rs-000665-wgc6r,3ba710be-2a7b-44e2-86ab-2ca0905c08f6,1,606.705534
2026/02/05/10:31:38,running-time,rs-000665-wgc6r,3ba710be-2a7b-44e2-86ab-2ca0905c08f6,1,606.705534
2026/02/05/10:31:45,apply-time,rs-000666-6m5vk,d83c1b3e-854a-4db0-a1c2-a1458cb11112,1,613.705534
2026/02/05/10:31:45,running-time,rs-000666-6m5vk,d83c1b3e-854a-4db0-a1c2-a1458cb11112,1,613.705534
2026/02/05/10:31:45,apply-time,rs-000666-k2ww6,3eb66ea8-539c-4d29-9fa3-f09c1a27e8aa,1,613.705534
2026/02/05/10:31:45,running-time,rs-000666-k2ww6,3eb66ea8-539c-4d29-9fa3-f09c1a27e8aa,1,613.705534
2026/02/05/10:31:45,apply-time,rs-000666-vkd5n,36758172-3a5a-4852-bbf0-4b30242a0182,1,613.705534
2026/02/05/10:31:45,running-time,rs-000666-vkd5n,36758172-3a5a-4852-bbf0-4b30242a0182,1,613.705534
2026/02/05/10:31:45,apply-time,rs-000667-p9vvw,7cd1647e-6381-430d-8617-e2e971ae4f2f,1,613.705534
2026/02/05/10:31:45,running-time,rs-000667-p9vvw,7cd1647e-6381-430d-8617-e2e971ae4f2f,1,613.705534
2026/02/05/10:31:45,apply-time,rs-000667-vsdkk,d321d83a-cff3-4785-ab6a-3af8e29ba78e,1,613.705534
2026/02/05/10:31:45,running-time,rs-000667-vsdkk,d321d83a-cff3-4785-ab6a-3af8e29ba78e,1,613.705534
2026/02/05/10:31:45,apply-time,rs-000668-drjt2,cc21b563-dfea-4456-a3c0-70717dec4aa6,1,613.705534
2026/02/05/10:31:45,running-time,rs-000668-drjt2,cc21b563-dfea-4456-a3c0-70717dec4aa6,1,613.705534
2026/02/05/10:31:45,apply-time,rs-000668-gwd8g,c9371fbb-8b3f-4a3b-9611-c03057c9d3b3,1,613.705534
2026/02/05/10:31:45,running-time,rs-000668-gwd8g,c9371fbb-8b3f-4a3b-9611-c03057c9d3b3,1,613.705534
2026/02/05/10:31:45,apply-time,rs-000668-xdqtv,44268358-9b3e-40e4-b76f-340fc279142b,1,613.705534
2026/02/05/10:31:45,running-time,rs-000668-xdqtv,44268358-9b3e-40e4-b76f-340fc279142b,1,613.705534
2026/02/05/10:31:46,apply-time,rs-000669-47j5p,f9302dbb-151a-4533-8e22-a404649dcc0a,1,614.705534
2026/02/05/10:31:46,running-time,rs-000669-47j5p,f9302dbb-151a-4533-8e22-a404649dcc0a,1,615.705534
2026/02/05/10:31:46,apply-time,rs-000669-j9f6c,31aef231-d96d-401f-bcf2-633f78c994d9,1,614.705534
2026/02/05/10:31:46,running-time,rs-000669-j9f6c,31aef231-d96d-401f-bcf2-633f78c994d9,1,615.705534
2026/02/05/10:31:46,apply-time,rs-000670-47d54,ebc96998-52bb-4e5e-8d34-de76ed995947,3,614.705534
2026/02/05/10:31:46,running-time,rs-000670-47d54,ebc96998-52bb-4e5e-8d34-de76ed995947,3,615.705534
2026/02/05/10:31:46,apply-time,rs-000670-6nj9v,81cb4e54-6c39-440a-8908-b1ed905c8cc0,3,615.705534
2026/02/05/10:31:46,running-time,rs-000670-6nj9v,81cb4e54-6c39-440a-8908-b1ed905c8cc0,3,615.705534
2026/02/05/10:31:54,apply-time,rs-000671-28wr8,aa219d03-41c4-4e0f-a209-07bc06423472,2,623.705534
2026/02/05/10:31:54,running-time,rs-000671-28wr8,aa219d03-41c4-4e0f-a209-07bc06423472,2,623.705534
2026/02/05/10:31:54,apply-time,rs-000672-dflqx,f31e195a-ce62-4a60-817d-48c0e5ab463f,3,623.705534
2026/02/05/10:31:54,running-time,rs-000672-dflqx,f31e195a-ce62-4a60-817d-48c0e5ab463f,3,623.705534
2026/02/05/10:31:54,apply-time,rs-000672-n47gt,a7dc4d2c-4824-46ac-aad5-453b1873143b,3,623.705534
2026/02/05/10:31:54,running-time,rs-000672-n47gt,a7dc4d2c-4824-46ac-aad5-453b1873143b,3,623.705534
2026/02/05/10:31:54,apply-time,rs-000672-x58gq,afbe94b9-935f-4f2a-8309-524e112facc3,3,623.705534
2026/02/05/10:31:54,running-time,rs-000672-x58gq,afbe94b9-935f-4f2a-8309-524e112facc3,3,623.705534
2026/02/05/10:31:54,apply-time,rs-000673-9hk8k,8e7e06f3-cc6f-4777-924a-d713b8db5ad5,1,623.705534
2026/02/05/10:31:54,running-time,rs-000673-9hk8k,8e7e06f3-cc6f-4777-924a-d713b8db5ad5,1,623.705534
2026/02/05/10:31:54,apply-time,rs-000673-dklm9,28726652-9184-483c-8a83-93da3b77a48a,1,623.705534
2026/02/05/10:31:54,running-time,rs-000673-dklm9,28726652-9184-483c-8a83-93da3b77a48a,1,623.705534
2026/02/05/10:31:54,apply-time,rs-000673-h6g57,2e9e4b2e-9d4b-480e-a976-64d3b2f39e5d,1,623.705534
2026/02/05/10:31:54,running-time,rs-000673-h6g57,2e9e4b2e-9d4b-480e-a976-64d3b2f39e5d,1,623.705534
2026/02/05/10:31:54,apply-time,rs-000674-pqb8n,c53728ae-fe4a-45b9-b7c1-a60bbf68449a,1,623.705534
2026/02/05/10:31:54,running-time,rs-000674-pqb8n,c53728ae-fe4a-45b9-b7c1-a60bbf68449a,1,623.705534
2026/02/05/10:31:56,apply-time,rs-000675-5klb8,801121bb-1fde-4a47-bf6e-dfdf61a7cd03,1,624.705534
2026/02/05/10:31:56,running-time,rs-000675-5klb8,801121bb-1fde-4a47-bf6e-dfdf61a7cd03,1,625.705534
2026/02/05/10:31:56,apply-time,rs-000675-5t75s,c708c2ba-9688-42f4-bab8-97989eccfc49,1,624.705534
2026/02/05/10:31:56,running-time,rs-000675-5t75s,c708c2ba-9688-42f4-bab8-97989eccfc49,1,624.705534
2026/02/05/10:31:56,apply-time,rs-000675-mmc7q,f321926c-5ee0-448b-a378-65cc8ada1693,1,624.705534
2026/02/05/10:31:56,running-time,rs-000675-mmc7q,f321926c-5ee0-448b-a378-65cc8ada1693,1,624.705534
2026/02/05/10:31:56,apply-time,rs-000676-2hhlb,dcd6cff7-e585-4b00-ad55-f0c090124740,1,624.705534
2026/02/05/10:31:56,running-time,rs-000676-2hhlb,dcd6cff7-e585-4b00-ad55-f0c090124740,1,624.705534
2026/02/05/10:31:56,apply-time,rs-000676-jngfc,c688db9f-cacf-4f97-8167-923092043b6d,1,624.705534
2026/02/05/10:31:56,running-time,rs-000676-jngfc,c688db9f-cacf-4f97-8167-923092043b6d,1,624.705534
2026/02/05/10:31:56,apply-time,rs-000676-wl5qp,ab89cd5d-5419-4193-ba12-5a48c45dfe90,1,624.705534
2026/02/05/10:31:56,running-time,rs-000676-wl5qp,ab89cd5d-5419-4193-ba12-5a48c45dfe90,1,624.705534
2026/02/05/10:31:56,apply-time,rs-000677-4gn6f,ea80d209-14a8-46ef-a957-5f83da7e61b4,1,624.705534
2026/02/05/10:31:56,apply-time,rs-000677-f6k96,ccc2f44f-9dd8-4135-b378-bb93ece9f620,1,624.705534
2026/02/05/10:31:56,running-time,rs-000677-f6k96,ccc2f44f-9dd8-4135-b378-bb93ece9f620,1,624.705534
2026/02/05/10:31:57,running-time,rs-000677-4gn6f,ea80d209-14a8-46ef-a957-5f83da7e61b4,1,625.705534
2026/02/05/10:31:59,apply-time,rs-000678-swngc,49abcb04-5011-4527-ac6f-14487cb6040c,4,627.705534
2026/02/05/10:31:59,running-time,rs-000678-swngc,49abcb04-5011-4527-ac6f-14487cb6040c,4,627.705534
2026/02/05/10:31:59,apply-time,rs-000679-x95wz,a2aa1124-4713-4294-a914-906e6ef58199,2,627.705534
2026/02/05/10:31:59,running-time,rs-000679-x95wz,a2aa1124-4713-4294-a914-906e6ef58199,2,627.705534
2026/02/05/10:31:59,apply-time,rs-000680-hqnjm,db2e6fb5-d88e-4550-8395-6cad95eb87d2,3,627.705534
2026/02/05/10:31:59,running-time,rs-000680-hqnjm,db2e6fb5-d88e-4550-8395-6cad95eb87d2,3,627.705534
2026/02/05/10:31:59,apply-time,rs-000681-xcwdl,865c1892-5bef-49dc-934d-bab46d84547d,2,627.705534
2026/02/05/10:31:59,running-time,rs-000681-xcwdl,865c1892-5bef-49dc-934d-bab46d84547d,2,627.705534
2026/02/05/10:31:59,apply-time,rs-000682-v9m4l,c0b50402-2900-494c-92a4-c125682d2ded,2,628.705534
2026/02/05/10:31:59,running-time,rs-000682-v9m4l,c0b50402-2900-494c-92a4-c125682d2ded,2,628.705534
2026/02/05/10:31:59,apply-time,rs-000682-vlglm,59fd76c6-4739-4add-86d6-ce7f16412c95,2,628.705534
2026/02/05/10:31:59,running-time,rs-000682-vlglm,59fd76c6-4739-4add-86d6-ce7f16412c95,2,628.705534
2026/02/05/10:31:59,apply-time,rs-000683-b8sf6,b61b76fd-1a20-4bee-8c77-2e949dbf8139,1,628.705534
2026/02/05/10:31:59,running-time,rs-000683-b8sf6,b61b76fd-1a20-4bee-8c77-2e949dbf8139,1,628.705534
2026/02/05/10:31:59,apply-time,rs-000683-v664t,a471f388-e9d6-4ace-8efa-3f0b35c90f54,1,628.705534
2026/02/05/10:31:59,running-time,rs-000683-v664t,a471f388-e9d6-4ace-8efa-3f0b35c90f54,1,628.705534
2026/02/05/10:32:00,apply-time,rs-000684-w6cdl,81dc8bf8-8082-47bf-b815-14d9d84ffac1,2,629.705534
2026/02/05/10:32:00,running-time,rs-000684-w6cdl,81dc8bf8-8082-47bf-b815-14d9d84ffac1,2,629.705534
2026/02/05/10:32:01,apply-time,rs-000685-fkdpq,6372506e-0a10-411b-ae4a-b45ef7aaed4c,2,629.705534
2026/02/05/10:32:01,running-time,rs-000685-fkdpq,6372506e-0a10-411b-ae4a-b45ef7aaed4c,2,629.705534
2026/02/05/10:32:01,apply-time,rs-000686-9rfwk,613a8512-eeea-4b86-b6bb-e536ce2f209f,2,629.705534
2026/02/05/10:32:01,running-time,rs-000686-9rfwk,613a8512-eeea-4b86-b6bb-e536ce2f209f,2,629.705534
2026/02/05/10:32:01,apply-time,rs-000686-c6qrk,327b64b5-daa4-474d-bed0-b837b19101b8,2,629.705534
2026/02/05/10:32:01,running-time,rs-000686-c6qrk,327b64b5-daa4-474d-bed0-b837b19101b8,2,629.705534
2026/02/05/10:32:01,apply-time,rs-000686-ccvdv,eba4e328-9c2e-4b43-ae2c-e0f0f29d7222,2,629.705534
2026/02/05/10:32:01,running-time,rs-000686-ccvdv,eba4e328-9c2e-4b43-ae2c-e0f0f29d7222,2,629.705534
2026/02/05/10:32:02,apply-time,rs-000687-wq875,80f118a8-ced9-4541-85bb-b8e501e89bb0,2,630.705534
2026/02/05/10:32:02,running-time,rs-000687-wq875,80f118a8-ced9-4541-85bb-b8e501e89bb0,2,630.705534
2026/02/05/10:32:02,apply-time,rs-000688-rnx7m,5dc564ea-05bd-476b-97cb-6799cf437167,3,630.705534
2026/02/05/10:32:02,running-time,rs-000688-rnx7m,5dc564ea-05bd-476b-97cb-6799cf437167,3,630.705534
2026/02/05/10:32:02,apply-time,rs-000689-x7w74,5f289035-c853-4c4e-a9ea-68778bad18ba,3,630.705534
2026/02/05/10:32:02,running-time,rs-000689-x7w74,5f289035-c853-4c4e-a9ea-68778bad18ba,3,631.705534
2026/02/05/10:32:02,apply-time,rs-000690-kcsb2,eb81f6b1-5649-4c84-ae37-3755f09a9dbc,1,630.705534
2026/02/05/10:32:02,running-time,rs-000690-kcsb2,eb81f6b1-5649-4c84-ae37-3755f09a9dbc,1,630.705534
2026/02/05/10:32:02,apply-time,rs-000690-n944v,4157a3f6-4de8-491e-bf02-5563407c8339,1,630.705534
2026/02/05/10:32:02,running-time,rs-000690-n944v,4157a3f6-4de8-491e-bf02-5563407c8339,1,630.705534
2026/02/05/10:32:02,apply-time,rs-000690-xll5v,e9bc3106-ca32-443d-9334-40716aa2b4fb,1,630.705534
2026/02/05/10:32:02,running-time,rs-000690-xll5v,e9bc3106-ca32-443d-9334-40716aa2b4fb,1,630.705534
2026/02/05/10:32:02,apply-time,rs-000691-flvgh,430660ce-b7c6-4d5f-a6e8-e5452e2756a0,4,630.705534
2026/02/05/10:32:02,running-time,rs-000691-flvgh,430660ce-b7c6-4d5f-a6e8-e5452e2756a0,4,631.705534
2026/02/05/10:32:02,apply-time,rs-000692-27gh6,04b92367-7c47-48a8-8b78-181ba98e5f30,4,631.705534
2026/02/05/10:32:02,running-time,rs-000692-27gh6,04b92367-7c47-48a8-8b78-181ba98e5f30,4,631.705534
2026/02/05/10:32:02,apply-time,rs-000692-2fgsf,7c029651-1901-4a3d-87c9-01b4cbd10cda,4,631.705534
2026/02/05/10:32:02,running-time,rs-000692-2fgsf,7c029651-1901-4a3d-87c9-01b4cbd10cda,4,631.705534
2026/02/05/10:32:02,apply-time,rs-000693-gl258,867c7b1c-3507-4bc9-965a-859b59f650fa,2,631.705534
2026/02/05/10:32:03,apply-time,rs-000693-94mv4,cd9794f0-533f-4f9b-853d-4a9de1157ecf,2,631.705534
2026/02/05/10:32:03,running-time,rs-000693-94mv4,cd9794f0-533f-4f9b-853d-4a9de1157ecf,2,632.705534
2026/02/05/10:32:03,running-time,rs-000693-gl258,867c7b1c-3507-4bc9-965a-859b59f650fa,2,631.705534
2026/02/05/10:32:03,apply-time,rs-000693-s2jnz,58653277-b77c-4058-82c0-0c6ec553e34d,2,631.705534
2026/02/05/10:32:03,running-time,rs-000693-s2jnz,58653277-b77c-4058-82c0-0c6ec553e34d,2,631.705534
2026/02/05/10:32:03,apply-time,rs-000694-fsqkm,0ac064ec-8c8f-4b42-8ccd-e32b699be544,1,631.705534
2026/02/05/10:32:03,apply-time,rs-000695-sqc6v,27fcd4a2-d6a1-4e39-aa2d-31f7b10e481f,3,632.705534
2026/02/05/10:32:03,apply-time,rs-000695-w7846,6f2a646f-04e9-4cf9-aebc-c08ebc3776ec,3,631.705534
2026/02/05/10:32:03,running-time,rs-000695-w7846,6f2a646f-04e9-4cf9-aebc-c08ebc3776ec,3,632.705534
2026/02/05/10:32:03,apply-time,rs-000696-g48gp,92d99333-4f58-4ab6-b897-a1e19dfa0130,2,632.705534
2026/02/05/10:32:03,running-time,rs-000696-g48gp,92d99333-4f58-4ab6-b897-a1e19dfa0130,2,632.705534
2026/02/05/10:32:03,apply-time,rs-000696-sl7cj,d18fd927-6221-43ec-b9e2-62dccebc52f5,2,632.705534
2026/02/05/10:32:03,running-time,rs-000696-sl7cj,d18fd927-6221-43ec-b9e2-62dccebc52f5,2,632.705534
2026/02/05/10:32:03,apply-time,rs-000697-9xmcj,d075dacc-c09c-400d-b130-c09fa2e643b0,1,632.705534
2026/02/05/10:32:03,apply-time,rs-000697-gnbj8,b80eb6fa-9379-48f4-8e52-3139cdcb722b,1,632.705534
2026/02/05/10:32:03,apply-time,rs-000697-qw6sz,c4a4c295-2f32-4c1b-b8ac-13b96d65cbf2,1,632.705534
2026/02/05/10:32:03,apply-time,rs-000698-ps46g,541bbbb4-fa09-4e87-9746-69ea15669098,3,632.705534
2026/02/05/10:32:03,running-time,rs-000698-ps46g,541bbbb4-fa09-4e87-9746-69ea15669098,3,632.705534
2026/02/05/10:32:03,apply-time,rs-000698-qv6dh,6f844237-b0b6-4e03-96e1-dd1220028896,3,632.705534
2026/02/05/10:32:03,running-time,rs-000698-qv6dh,6f844237-b0b6-4e03-96e1-dd1220028896,3,632.705534
2026/02/05/10:32:03,apply-time,rs-000698-r4wjb,0790be6f-9bc1-4f1e-9340-5e9e8912b887,3,632.705534
2026/02/05/10:32:04,running-time,rs-000694-fsqkm,0ac064ec-8c8f-4b42-8ccd-e32b699be544,1,633.705534
2026/02/05/10:32:04,running-time,rs-000695-sqc6v,27fcd4a2-d6a1-4e39-aa2d-31f7b10e481f,3,632.705534
2026/02/05/10:32:04,running-time,rs-000697-9xmcj,d075dacc-c09c-400d-b130-c09fa2e643b0,1,633.705534
2026/02/05/10:32:04,running-time,rs-000698-r4wjb,0790be6f-9bc1-4f1e-9340-5e9e8912b887,3,633.705534
2026/02/05/10:32:04,apply-time,rs-000701-rvlzr,6bbd67cc-524a-4bac-a475-4230b00c50ed,3,633.705534
2026/02/05/10:32:04,running-time,rs-000701-rvlzr,6bbd67cc-524a-4bac-a475-4230b00c50ed,3,633.705534
2026/02/05/10:32:05,apply-time,rs-000703-t7tl5,900b282e-3fb8-4825-8060-c262755c5de8,2,633.705534
2026/02/05/10:32:05,running-time,rs-000703-t7tl5,900b282e-3fb8-4825-8060-c262755c5de8,2,634.705534
2026/02/05/10:32:05,apply-time,rs-000704-pnsv5,0cb3ec3b-32db-413e-9f37-bcf9ea3466e9,1,633.705534
2026/02/05/10:32:05,apply-time,rs-000705-fsxtg,21100319-5be4-4c87-8019-9ab8df9aa5e4,2,634.705534
2026/02/05/10:32:05,apply-time,rs-000706-5bz98,03cc8123-b36a-40f1-b6df-60e5299e1153,1,633.705534
2026/02/05/10:32:05,running-time,rs-000706-5bz98,03cc8123-b36a-40f1-b6df-60e5299e1153,1,633.705534
2026/02/05/10:32:05,apply-time,rs-000706-f72jk,b52a3a6f-91c1-487d-ab20-5c71a11a8ec5,1,634.705534
2026/02/05/10:32:05,apply-time,rs-000706-gdv77,366ad784-6a75-44cc-961d-80557ea34b9a,1,634.705534
2026/02/05/10:32:06,apply-time,rs-000707-mw6dp,66853a24-77dd-49c7-a44b-afb0db6996a1,1,635.705534
2026/02/05/10:32:06,apply-time,rs-000707-sx7dv,e0a19369-47b6-4e3b-a7d7-9d9b245f21ff,1,634.705534
2026/02/05/10:32:06,apply-time,rs-000708-p966n,038dac30-a8c7-4cf0-ac23-fa6014de4347,1,634.705534
2026/02/05/10:32:06,apply-time,rs-000709-75gzm,93c49cc7-6555-4f23-9b65-18e86bd9789a,3,635.705534
2026/02/05/10:32:06,apply-time,rs-000709-t742h,887b00ed-cb77-452b-befd-df33fad24e1d,3,634.705534
2026/02/05/10:32:06,apply-time,rs-000710-7p767,4fe28bbb-bdd7-4223-b56b-fecaab9a94fb,2,635.705534
2026/02/05/10:32:06,apply-time,rs-000710-8x6nz,d4cd7677-d4a6-4410-95fb-0383720f9db8,2,635.705534
2026/02/05/10:32:06,apply-time,rs-000710-hcp2j,e0e68645-6494-49fb-8680-46c1a6b584bd,2,635.705534
2026/02/05/10:32:06,apply-time,rs-000711-x42vn,f0fa692a-43b1-4be0-9707-374598c960c1,1,635.705534
2026/02/05/10:32:06,apply-time,rs-000712-2654r,f829b86f-2196-44af-9cda-e7dd88a4ff59,1,635.705534
2026/02/05/10:32:07,apply-time,rs-000712-7hp5t,d61e0149-29b2-4465-975b-73f658e35419,1,635.705534
2026/02/05/10:32:08,running-time,rs-000708-p966n,038dac30-a8c7-4cf0-ac23-fa6014de4347,1,636.705534
2026/02/05/10:32:08,running-time,rs-000712-2654r,f829b86f-2196-44af-9cda-e7dd88a4ff59,1,636.705534
2026/02/05/10:32:08,running-time,rs-000712-7hp5t,d61e0149-29b2-4465-975b-73f658e35419,1,637.705534
2026/02/05/10:32:08,apply-time,rs-000713-fh5mr,075176f6-5a7d-420c-bdf2-d1ffdaa31602,1,637.705534
2026/02/05/10:32:08,apply-time,rs-000714-9dhmd,605a6d1b-ef2f-4232-b852-bfabf98f12ef,3,637.705534
2026/02/05/10:32:08,running-time,rs-000714-9dhmd,605a6d1b-ef2f-4232-b852-bfabf98f12ef,3,637.705534
2026/02/05/10:32:08,apply-time,rs-000714-tzjxr,30d00520-8ebb-483f-a187-53f430820e4f,3,636.705534
2026/02/05/10:32:08,running-time,rs-000714-tzjxr,30d00520-8ebb-483f-a187-53f430820e4f,3,637.705534
2026/02/05/10:32:08,apply-time,rs-000715-srmkz,c4a46968-2be7-480c-8a67-9805f49c01e8,2,637.705534
2026/02/05/10:32:09,apply-time,rs-000716-f629p,ed7d5d06-b46f-4bf0-a3c7-73cb281042fa,4,638.705534
2026/02/05/10:32:09,apply-time,rs-000717-kj8bf,34d481b4-bf5a-49a8-aa3a-25016cc2c729,3,638.705534
2026/02/05/10:32:09,running-time,rs-000717-kj8bf,34d481b4-bf5a-49a8-aa3a-25016cc2c729,3,638.705534
2026/02/05/10:32:09,apply-time,rs-000717-kjfqd,ad59e4ba-9e76-467a-a81b-7f79631bd3b1,3,638.705534
2026/02/05/10:32:09,running-time,rs-000717-kjfqd,ad59e4ba-9e76-467a-a81b-7f79631bd3b1,3,638.705534
2026/02/05/10:32:09,apply-time,rs-000717-zq9hg,b99500d9-6184-4530-8eaa-a53746481048,3,638.705534
2026/02/05/10:32:09,running-time,rs-000717-zq9hg,b99500d9-6184-4530-8eaa-a53746481048,3,638.705534
2026/02/05/10:32:10,running-time,rs-000705-fsxtg,21100319-5be4-4c87-8019-9ab8df9aa5e4,2,638.705534
2026/02/05/10:32:10,running-time,rs-000710-7p767,4fe28bbb-bdd7-4223-b56b-fecaab9a94fb,2,638.705534
2026/02/05/10:32:11,running-time,rs-000710-hcp2j,e0e68645-6494-49fb-8680-46c1a6b584bd,2,639.705534
2026/02/05/10:32:11,running-time,rs-000716-f629p,ed7d5d06-b46f-4bf0-a3c7-73cb281042fa,4,639.705534
2026/02/05/10:32:11,apply-time,rs-000718-nv6zg,62a3e60d-0d71-4471-bb5a-c8459c8dc527,3,640.705534
2026/02/05/10:32:11,running-time,rs-000718-nv6zg,62a3e60d-0d71-4471-bb5a-c8459c8dc527,3,640.705534
2026/02/05/10:32:13,running-time,rs-000710-8x6nz,d4cd7677-d4a6-4410-95fb-0383720f9db8,2,641.705534
2026/02/05/10:32:17,apply-time,rs-000719-9lrh9,06fcdc22-98df-4979-975e-7bf05596affa,4,645.705534
2026/02/05/10:32:17,running-time,rs-000719-9lrh9,06fcdc22-98df-4979-975e-7bf05596affa,4,645.705534
2026/02/05/10:32:17,apply-time,rs-000720-66l96,1226f53b-cb66-4e34-9726-aa8266f68d93,3,645.705534
2026/02/05/10:32:17,running-time,rs-000720-66l96,1226f53b-cb66-4e34-9726-aa8266f68d93,3,645.705534
2026/02/05/10:32:23,apply-time,rs-000721-bn274,4dd8ecfa-4de6-41aa-90bb-dbe80c266b6c,3,652.705534
2026/02/05/10:32:23,running-time,rs-000721-bn274,4dd8ecfa-4de6-41aa-90bb-dbe80c266b6c,3,652.705534
2026/02/05/10:32:23,apply-time,rs-000721-fjszm,4aed3794-45e0-49e4-893e-b4b8f13f91ae,3,652.705534
2026/02/05/10:32:23,running-time,rs-000721-fjszm,4aed3794-45e0-49e4-893e-b4b8f13f91ae,3,652.705534
2026/02/05/10:32:23,apply-time,rs-000721-mr8rx,c2950d2d-442e-440b-9d5c-c624dd1433cd,3,652.705534
2026/02/05/10:32:23,running-time,rs-000721-mr8rx,c2950d2d-442e-440b-9d5c-c624dd1433cd,3,652.705534
2026/02/05/10:32:23,apply-time,rs-000722-6zqgt,20672e3d-6444-4e72-b34b-fb9630aa86fe,2,652.705534
2026/02/05/10:32:23,running-time,rs-000722-6zqgt,20672e3d-6444-4e72-b34b-fb9630aa86fe,2,652.705534
2026/02/05/10:32:23,apply-time,rs-000722-7bpfj,46132482-0d79-4fc3-b425-33c13df11640,2,652.705534
2026/02/05/10:32:23,running-time,rs-000722-7bpfj,46132482-0d79-4fc3-b425-33c13df11640,2,652.705534
2026/02/05/10:32:23,apply-time,rs-000722-8fspw,d9e6e0d9-a1fc-4c47-bdac-95888b07039a,2,652.705534
2026/02/05/10:32:23,running-time,rs-000722-8fspw,d9e6e0d9-a1fc-4c47-bdac-95888b07039a,2,652.705534
2026/02/05/10:32:23,apply-time,rs-000723-fr9mr,11adb699-6853-476b-b02f-e25dda1834ad,1,652.705534
2026/02/05/10:32:23,apply-time,rs-000724-8tcr2,59306ba3-a231-4ae6-bb28-cb3598336532,2,652.705534
2026/02/05/10:32:23,apply-time,rs-000725-f2g7n,533e995b-e1b9-4b0b-b55d-ba0b86efc451,3,652.705534
2026/02/05/10:32:23,apply-time,rs-000726-lf7d7,2e85f93e-42e2-4afc-af7f-b0dc749e62b8,2,652.705534
2026/02/05/10:32:24,apply-time,rs-000723-4gng6,e62772d4-910a-46cf-a57f-3fa6b097b4af,1,652.705534
2026/02/05/10:32:24,apply-time,rs-000723-9ztzx,c7cd2c9c-337b-474d-98da-67b3f2bd6562,1,652.705534
2026/02/05/10:32:24,running-time,rs-000723-fr9mr,11adb699-6853-476b-b02f-e25dda1834ad,1,652.705534
2026/02/05/10:32:24,apply-time,rs-000724-5nvhg,009c78a8-a16b-4ab4-8637-8fee2383df06,2,652.705534
2026/02/05/10:32:24,running-time,rs-000724-5nvhg,009c78a8-a16b-4ab4-8637-8fee2383df06,2,652.705534
2026/02/05/10:32:24,apply-time,rs-000724-79mp5,3c805cd9-9df8-4ea3-bdf4-32e894d174b7,2,652.705534
2026/02/05/10:32:24,running-time,rs-000724-79mp5,3c805cd9-9df8-4ea3-bdf4-32e894d174b7,2,652.705534
2026/02/05/10:32:24,running-time,rs-000724-8tcr2,59306ba3-a231-4ae6-bb28-cb3598336532,2,652.705534
2026/02/05/10:32:24,running-time,rs-000725-f2g7n,533e995b-e1b9-4b0b-b55d-ba0b86efc451,3,652.705534
2026/02/05/10:32:24,running-time,rs-000726-lf7d7,2e85f93e-42e2-4afc-af7f-b0dc749e62b8,2,652.705534
2026/02/05/10:32:24,apply-time,rs-000726-z6dzm,dd947a42-7a34-4062-b6c9-2d83b756bb89,2,652.705534
2026/02/05/10:32:24,apply-time,rs-000727-csbbv,73539cfa-a3dd-4786-a19b-63fbc981068b,4,653.705534
2026/02/05/10:32:24,apply-time,rs-000727-l9bv6,85ae9c5d-e764-4dbd-a90e-75a4b8141741,4,653.705534
2026/02/05/10:32:24,running-time,rs-000727-l9bv6,85ae9c5d-e764-4dbd-a90e-75a4b8141741,4,653.705534
2026/02/05/10:32:24,apply-time,rs-000727-xmzjr,39a05e7b-3c34-4920-9486-41addc06fc80,4,653.705534
2026/02/05/10:32:24,apply-time,rs-000728-ltwqn,f3387586-b9f8-40dc-bd16-c4597e3ae683,4,653.705534
2026/02/05/10:32:24,running-time,rs-000728-ltwqn,f3387586-b9f8-40dc-bd16-c4597e3ae683,4,653.705534
2026/02/05/10:32:24,apply-time,rs-000729-vhlxq,9f34769e-90f6-4b5b-a0a1-6043c9c7bbea,1,653.705534
2026/02/05/10:32:24,running-time,rs-000729-vhlxq,9f34769e-90f6-4b5b-a0a1-6043c9c7bbea,1,653.705534
2026/02/05/10:32:25,running-time,rs-000726-z6dzm,dd947a42-7a34-4062-b6c9-2d83b756bb89,2,654.705534
2026/02/05/10:32:25,apply-time,rs-000728-9s974,283c6cdf-bf5b-434e-912d-5b9ec039e1f8,4,653.705534
2026/02/05/10:32:25,running-time,rs-000728-9s974,283c6cdf-bf5b-434e-912d-5b9ec039e1f8,4,653.705534
2026/02/05/10:32:25,apply-time,rs-000728-bd2q2,530eab45-38ba-4e2b-8853-b40cb35c409f,4,653.705534
2026/02/05/10:32:25,running-time,rs-000728-bd2q2,530eab45-38ba-4e2b-8853-b40cb35c409f,4,653.705534
2026/02/05/10:32:25,apply-time,rs-000729-rx2wx,f57f4b08-b644-478b-bbb6-4bb6e588229a,1,653.705534
2026/02/05/10:32:25,running-time,rs-000729-rx2wx,f57f4b08-b644-478b-bbb6-4bb6e588229a,1,653.705534
2026/02/05/10:32:26,running-time,rs-000723-4gng6,e62772d4-910a-46cf-a57f-3fa6b097b4af,1,655.705534
2026/02/05/10:32:26,running-time,rs-000723-9ztzx,c7cd2c9c-337b-474d-98da-67b3f2bd6562,1,655.705534
2026/02/05/10:32:26,running-time,rs-000727-csbbv,73539cfa-a3dd-4786-a19b-63fbc981068b,4,655.705534
2026/02/05/10:32:26,running-time,rs-000727-xmzjr,39a05e7b-3c34-4920-9486-41addc06fc80,4,654.705534
2026/02/05/10:32:26,apply-time,rs-000730-jj7tg,9df201ca-599e-480f-a210-bba547bebfeb,3,655.705534
2026/02/05/10:32:26,apply-time,rs-000730-tmv8z,3c6640f1-02e0-44b2-86b7-16819283a8e5,3,655.705534
2026/02/05/10:32:26,apply-time,rs-000731-px22g,5ac92d6b-0acc-48a5-a337-78dcf02918c5,1,655.705534
2026/02/05/10:32:26,running-time,rs-000731-px22g,5ac92d6b-0acc-48a5-a337-78dcf02918c5,1,655.705534
2026/02/05/10:32:27,apply-time,rs-000732-rbwlb,1e24f3e8-c53b-4757-958b-fa533b4c7e8b,1,655.705534
2026/02/05/10:32:27,apply-time,rs-000732-wdjxz,0430b640-f476-45bb-8346-526a05bfea86,1,655.705534
2026/02/05/10:32:27,apply-time,rs-000733-sr6mv,59f37c47-4101-4bc2-973e-18c34375357d,2,655.705534
2026/02/05/10:32:27,running-time,rs-000733-sr6mv,59f37c47-4101-4bc2-973e-18c34375357d,2,655.705534
2026/02/05/10:32:27,apply-time,rs-000734-bd855,06ff7fbc-1726-4b64-a0a7-a11722f31c52,3,656.705534
2026/02/05/10:32:27,running-time,rs-000734-bd855,06ff7fbc-1726-4b64-a0a7-a11722f31c52,3,656.705534
2026/02/05/10:32:27,apply-time,rs-000734-kdf4b,07a2ea9f-d6a1-4ade-9357-ebe406b1d68d,3,656.705534
2026/02/05/10:32:27,running-time,rs-000734-kdf4b,07a2ea9f-d6a1-4ade-9357-ebe406b1d68d,3,656.705534
2026/02/05/10:32:27,apply-time,rs-000734-knc5m,09a32888-f6fa-4e43-bb7d-77de7d5b6a48,3,655.705534
2026/02/05/10:32:27,running-time,rs-000734-knc5m,09a32888-f6fa-4e43-bb7d-77de7d5b6a48,3,655.705534
2026/02/05/10:32:30,running-time,rs-000732-rbwlb,1e24f3e8-c53b-4757-958b-fa533b4c7e8b,1,658.705534
2026/02/05/10:32:31,running-time,rs-000732-wdjxz,0430b640-f476-45bb-8346-526a05bfea86,1,659.705534
2026/02/05/10:32:31,apply-time,rs-000735-bmt6m,f0aceaae-8b8e-42dc-ac50-b263a063419b,1,659.705534
2026/02/05/10:32:31,running-time,rs-000735-bmt6m,f0aceaae-8b8e-42dc-ac50-b263a063419b,1,659.705534
2026/02/05/10:32:31,apply-time,rs-000736-4fpnt,e0e808b9-519b-465d-a55c-6b9e0753bd3f,2,659.705534
2026/02/05/10:32:31,running-time,rs-000736-4fpnt,e0e808b9-519b-465d-a55c-6b9e0753bd3f,2,659.705534
2026/02/05/10:32:31,apply-time,rs-000737-995ls,fe3c3e48-1eb8-46de-adb0-7102d55d7b33,1,659.705534
2026/02/05/10:32:31,running-time,rs-000737-995ls,fe3c3e48-1eb8-46de-adb0-7102d55d7b33,1,659.705534
2026/02/05/10:32:31,apply-time,rs-000738-mnm8p,cddbe00f-cd9e-4c8d-84ae-5dfd39cabf2a,2,659.705534
2026/02/05/10:32:31,running-time,rs-000738-mnm8p,cddbe00f-cd9e-4c8d-84ae-5dfd39cabf2a,2,659.705534
2026/02/05/10:32:31,apply-time,rs-000738-ndm99,3aac7773-f773-400f-a39a-f6bf15a8627e,2,659.705534
2026/02/05/10:32:31,running-time,rs-000738-ndm99,3aac7773-f773-400f-a39a-f6bf15a8627e,2,659.705534
2026/02/05/10:32:31,apply-time,rs-000738-tht8t,7d0d171b-76c8-4311-bd43-6df04918cd1e,2,659.705534
2026/02/05/10:32:31,running-time,rs-000738-tht8t,7d0d171b-76c8-4311-bd43-6df04918cd1e,2,659.705534
2026/02/05/10:32:31,apply-time,rs-000739-js7mn,6ab2413f-8d98-4c6c-90cb-80972f8aad17,4,660.705534
2026/02/05/10:32:31,running-time,rs-000739-js7mn,6ab2413f-8d98-4c6c-90cb-80972f8aad17,4,660.705534
2026/02/05/10:32:31,apply-time,rs-000739-r95pw,79077493-011b-41d2-ab40-669e7321dbb2,4,660.705534
2026/02/05/10:32:31,running-time,rs-000739-r95pw,79077493-011b-41d2-ab40-669e7321dbb2,4,660.705534
2026/02/05/10:32:45,apply-time,rs-000740-jjpl2,bdabe0d0-ee71-4366-9006-490d6f531761,2,673.705534
2026/02/05/10:32:45,running-time,rs-000740-jjpl2,bdabe0d0-ee71-4366-9006-490d6f531761,2,673.705534
2026/02/05/10:32:45,apply-time,rs-000741-g4qkc,fea36f9d-a71c-4ecc-8bc9-386464916d66,1,673.705534
2026/02/05/10:32:45,running-time,rs-000741-g4qkc,fea36f9d-a71c-4ecc-8bc9-386464916d66,1,673.705534
2026/02/05/10:32:45,apply-time,rs-000742-6gxrf,a210f8e0-9803-45ba-ab4d-f937af6a7f31,4,673.705534
2026/02/05/10:32:45,running-time,rs-000742-6gxrf,a210f8e0-9803-45ba-ab4d-f937af6a7f31,4,673.705534
2026/02/05/10:32:45,apply-time,rs-000743-hfzdn,ba3d288e-27d9-4953-ad45-49c0ad48481e,1,673.705534
2026/02/05/10:32:45,running-time,rs-000743-hfzdn,ba3d288e-27d9-4953-ad45-49c0ad48481e,1,673.705534
2026/02/05/10:32:45,apply-time,rs-000743-hqxd8,7703f82a-e50a-4f91-834f-107b573321f0,1,673.705534
2026/02/05/10:32:45,running-time,rs-000743-hqxd8,7703f82a-e50a-4f91-834f-107b573321f0,1,673.705534
2026/02/05/10:32:49,apply-time,rs-000744-fjsd5,6a06a37b-f6f7-4090-8d39-2f4dbb7560ca,3,678.705534
2026/02/05/10:32:49,running-time,rs-000744-fjsd5,6a06a37b-f6f7-4090-8d39-2f4dbb7560ca,3,678.705534
2026/02/05/10:32:49,apply-time,rs-000745-c7tqt,789038bc-a835-4d09-acff-6b51a4000398,1,678.705534
2026/02/05/10:32:49,running-time,rs-000745-c7tqt,789038bc-a835-4d09-acff-6b51a4000398,1,678.705534
2026/02/05/10:32:49,apply-time,rs-000745-ktvvz,fa44fbd7-cb28-41da-986d-e0db90833469,1,678.705534
2026/02/05/10:32:49,running-time,rs-000745-ktvvz,fa44fbd7-cb28-41da-986d-e0db90833469,1,678.705534
2026/02/05/10:32:49,apply-time,rs-000746-5ncx4,5153eb8b-5248-4e08-bc99-c022b3ba78f4,3,678.705534
2026/02/05/10:32:49,running-time,rs-000746-5ncx4,5153eb8b-5248-4e08-bc99-c022b3ba78f4,3,678.705534
2026/02/05/10:32:49,apply-time,rs-000746-cxnc2,7e526ded-ed8d-4f95-9389-c707ee22d6ee,3,678.705534
2026/02/05/10:32:49,running-time,rs-000746-cxnc2,7e526ded-ed8d-4f95-9389-c707ee22d6ee,3,678.705534
2026/02/05/10:32:49,apply-time,rs-000747-86xgc,2b7aa192-9871-4b88-8c12-b8fdde9d840d,4,678.705534
2026/02/05/10:32:49,running-time,rs-000747-86xgc,2b7aa192-9871-4b88-8c12-b8fdde9d840d,4,678.705534
2026/02/05/10:32:49,apply-time,rs-000747-jnjdt,55bbcca9-936e-4eb7-8ff8-ee3d99a4c916,4,678.705534
2026/02/05/10:32:49,running-time,rs-000747-jnjdt,55bbcca9-936e-4eb7-8ff8-ee3d99a4c916,4,678.705534
2026/02/05/10:32:49,apply-time,rs-000747-tpknw,f287c3c2-9eca-447d-b7e8-beb0c6ba6050,4,678.705534
2026/02/05/10:32:49,running-time,rs-000747-tpknw,f287c3c2-9eca-447d-b7e8-beb0c6ba6050,4,678.705534
2026/02/05/10:32:49,apply-time,rs-000748-djp9r,4c401fea-19c9-41f9-975c-fe4d3c10b7e5,1,678.705534
2026/02/05/10:32:49,running-time,rs-000748-djp9r,4c401fea-19c9-41f9-975c-fe4d3c10b7e5,1,678.705534
2026/02/05/10:32:50,apply-time,rs-000749-xw496,7e2a0ef6-b5b9-4e6f-a34e-963df8f626f9,2,678.705534
2026/02/05/10:32:50,apply-time,rs-000750-gknjq,a26fc068-e776-49cb-b3f6-39edf620c2c9,2,678.705534
2026/02/05/10:32:50,running-time,rs-000750-gknjq,a26fc068-e776-49cb-b3f6-39edf620c2c9,2,678.705534
2026/02/05/10:32:50,apply-time,rs-000751-kblxx,ec6e420f-7e7b-4b84-ac5c-3e2c382597d5,1,679.705534
2026/02/05/10:32:50,running-time,rs-000751-kblxx,ec6e420f-7e7b-4b84-ac5c-3e2c382597d5,1,679.705534
2026/02/05/10:32:50,apply-time,rs-000751-nwxjx,20e5968b-d1e1-4596-925f-9525c690b7fe,1,679.705534
2026/02/05/10:32:50,running-time,rs-000751-nwxjx,20e5968b-d1e1-4596-925f-9525c690b7fe,1,679.705534
2026/02/05/10:32:50,apply-time,rs-000751-tjvgh,a1ee9a56-9a60-40b5-8848-393768a2115f,1,678.705534
2026/02/05/10:32:50,running-time,rs-000751-tjvgh,a1ee9a56-9a60-40b5-8848-393768a2115f,1,678.705534
2026/02/05/10:32:50,apply-time,rs-000752-49zq5,4661a9ac-064d-4985-ab29-fa912e7aee39,3,678.705534
2026/02/05/10:32:50,running-time,rs-000752-49zq5,4661a9ac-064d-4985-ab29-fa912e7aee39,3,678.705534
2026/02/05/10:32:50,apply-time,rs-000752-6hvzd,3688733d-b9a0-4b59-b596-c8247be866a2,3,679.705534
2026/02/05/10:32:50,running-time,rs-000752-6hvzd,3688733d-b9a0-4b59-b596-c8247be866a2,3,679.705534
2026/02/05/10:32:50,apply-time,rs-000752-lzhdn,9e3406f8-805d-4f79-87ed-9123e5e8e424,3,679.705534
2026/02/05/10:32:50,running-time,rs-000752-lzhdn,9e3406f8-805d-4f79-87ed-9123e5e8e424,3,679.705534
2026/02/05/10:32:50,apply-time,rs-000753-nlnpv,215eba74-b42f-44a8-bd39-fcbd21ddb405,1,679.705534
2026/02/05/10:32:50,running-time,rs-000753-nlnpv,215eba74-b42f-44a8-bd39-fcbd21ddb405,1,679.705534
2026/02/05/10:32:50,apply-time,rs-000754-phdc6,7dcd93eb-bc0e-45f3-9e6b-7e81274f3061,2,679.705534
2026/02/05/10:32:50,running-time,rs-000754-phdc6,7dcd93eb-bc0e-45f3-9e6b-7e81274f3061,2,679.705534
2026/02/05/10:32:51,apply-time,rs-000753-7t6gg,243595b6-5e67-4aa6-82d1-bc1c3abc6775,1,679.705534
2026/02/05/10:32:51,running-time,rs-000753-7t6gg,243595b6-5e67-4aa6-82d1-bc1c3abc6775,1,679.705534
2026/02/05/10:32:51,apply-time,rs-000753-l87q4,4ac85a73-f38b-48f6-b1b7-f29c2a52a67e,1,679.705534
2026/02/05/10:32:51,running-time,rs-000753-l87q4,4ac85a73-f38b-48f6-b1b7-f29c2a52a67e,1,679.705534
2026/02/05/10:32:51,apply-time,rs-000754-w8t4l,484d25dc-82da-4915-b25f-21068167e899,2,679.705534
2026/02/05/10:32:51,apply-time,rs-000755-z6xj4,84e02f7d-1a5d-4b44-b6ae-7d159e0e31aa,1,679.705534
2026/02/05/10:32:51,apply-time,rs-000756-4jbkd,ae0798a9-4f60-431e-8c09-dafae4622123,4,680.705534
2026/02/05/10:32:51,apply-time,rs-000756-7lj8g,a7a4e3ec-9364-4e43-9cc5-69a343ea1bab,4,680.705534
2026/02/05/10:32:51,apply-time,rs-000756-zzfs7,e23308ee-cc72-46c3-991c-daa9c97b1487,4,679.705534
2026/02/05/10:32:51,apply-time,rs-000757-4n4pn,7c3a3f57-7beb-48ba-b123-27854617e340,3,679.705534
2026/02/05/10:32:51,apply-time,rs-000758-ctjvz,17e411ee-5095-4f48-9206-37aedf456734,4,680.705534
2026/02/05/10:32:51,apply-time,rs-000759-b7mgw,befa4ca8-09ec-4743-b48a-e190cec4d6a3,3,680.705534
2026/02/05/10:32:51,apply-time,rs-000760-lvtr9,9e7133e8-5735-4459-b9e5-5b8674dd2bae,4,680.705534
2026/02/05/10:32:52,running-time,rs-000756-zzfs7,e23308ee-cc72-46c3-991c-daa9c97b1487,4,680.705534
2026/02/05/10:32:52,apply-time,rs-000758-k2qnl,b4c0408e-a23d-47ef-a47a-c6c98bbe7f17,4,680.705534
2026/02/05/10:32:52,running-time,rs-000758-k2qnl,b4c0408e-a23d-47ef-a47a-c6c98bbe7f17,4,681.705534
2026/02/05/10:32:52,apply-time,rs-000759-m84c7,c0d0c751-b8d3-4e13-bd57-7046f7172487,3,680.705534
2026/02/05/10:32:52,running-time,rs-000760-lvtr9,9e7133e8-5735-4459-b9e5-5b8674dd2bae,4,680.705534
2026/02/05/10:32:52,apply-time,rs-000761-grxrv,4aca973a-7be6-4dc5-b0cd-09af35120572,4,681.705534
2026/02/05/10:32:52,apply-time,rs-000761-l9xxj,cb654f67-c179-40d4-be94-1ed58093841a,4,680.705534
2026/02/05/10:32:52,apply-time,rs-000761-ntkvs,7ab88080-2816-45c6-8dde-96948927c7f7,4,681.705534
2026/02/05/10:32:52,apply-time,rs-000762-jc57h,4fab939a-8b90-4cb8-a322-2d0f2f7a6695,4,680.705534
2026/02/05/10:32:52,apply-time,rs-000763-9dzh9,b07d730f-0ea7-49ab-bd6e-f7b4a13a11b1,4,681.705534
2026/02/05/10:32:52,running-time,rs-000763-9dzh9,b07d730f-0ea7-49ab-bd6e-f7b4a13a11b1,4,681.705534
2026/02/05/10:32:52,apply-time,rs-000763-vj5wh,0c8e947b-c795-4d10-96fa-58d92c98388c,4,681.705534
2026/02/05/10:32:53,running-time,rs-000761-grxrv,4aca973a-7be6-4dc5-b0cd-09af35120572,4,681.705534
2026/02/05/10:32:53,running-time,rs-000762-jc57h,4fab939a-8b90-4cb8-a322-2d0f2f7a6695,4,681.705534
2026/02/05/10:32:54,running-time,rs-000756-4jbkd,ae0798a9-4f60-431e-8c09-dafae4622123,4,682.705534
2026/02/05/10:32:54,apply-time,rs-000765-wmjjm,2a5b51c1-3369-427d-a1b0-30d4367673d0,1,682.705534
2026/02/05/10:32:54,running-time,rs-000765-wmjjm,2a5b51c1-3369-427d-a1b0-30d4367673d0,1,682.705534
2026/02/05/10:32:54,apply-time,rs-000766-4ltv2,6652416f-0d2b-4800-a18e-eae70aa1a2f8,4,682.705534
2026/02/05/10:32:54,running-time,rs-000766-4ltv2,6652416f-0d2b-4800-a18e-eae70aa1a2f8,4,682.705534
2026/02/05/10:32:54,apply-time,rs-000766-76fvj,ddda3b9d-ca0b-4662-90d8-3b75d0b8b15a,4,682.705534
2026/02/05/10:32:54,running-time,rs-000766-76fvj,ddda3b9d-ca0b-4662-90d8-3b75d0b8b15a,4,683.705534
2026/02/05/10:32:54,apply-time,rs-000766-jjd5r,ca6602c9-fb79-4527-a100-085faab1da15,4,682.705534
2026/02/05/10:32:54,running-time,rs-000766-jjd5r,ca6602c9-fb79-4527-a100-085faab1da15,4,683.705534
2026/02/05/10:32:54,apply-time,rs-000767-527gz,e7c7cd62-2915-480d-b756-aac5e007e198,4,682.705534
2026/02/05/10:32:54,running-time,rs-000767-527gz,e7c7cd62-2915-480d-b756-aac5e007e198,4,683.705534
2026/02/05/10:32:54,apply-time,rs-000767-ldmpq,d5740e20-d2cd-4112-8dda-72a206e993db,4,682.705534
2026/02/05/10:32:54,running-time,rs-000767-ldmpq,d5740e20-d2cd-4112-8dda-72a206e993db,4,683.705534
2026/02/05/10:32:54,apply-time,rs-000767-qmfrd,713b0696-acf8-4ab6-8c1b-eb44c054299b,4,682.705534
2026/02/05/10:32:54,running-time,rs-000767-qmfrd,713b0696-acf8-4ab6-8c1b-eb44c054299b,4,682.705534
2026/02/05/10:32:54,apply-time,rs-000768-khrcm,faa78ef7-46f3-4eba-8d43-f3696794a530,1,683.705534
2026/02/05/10:32:54,apply-time,rs-000768-plgvh,2f047baa-70a5-4c96-8356-2d112fdec6fb,1,682.705534
2026/02/05/10:32:55,running-time,rs-000756-7lj8g,a7a4e3ec-9364-4e43-9cc5-69a343ea1bab,4,683.705534
2026/02/05/10:32:55,running-time,rs-000758-ctjvz,17e411ee-5095-4f48-9206-37aedf456734,4,684.705534
2026/02/05/10:32:55,running-time,rs-000759-b7mgw,befa4ca8-09ec-4743-b48a-e190cec4d6a3,3,683.705534
2026/02/05/10:32:55,running-time,rs-000759-m84c7,c0d0c751-b8d3-4e13-bd57-7046f7172487,3,683.705534
2026/02/05/10:33:08,apply-time,rs-000769-mwqdc,1b653eb6-d9cd-4c84-bb85-050ea5a07d2e,2,697.705534
2026/02/05/10:33:08,running-time,rs-000769-mwqdc,1b653eb6-d9cd-4c84-bb85-050ea5a07d2e,2,697.705534
2026/02/05/10:33:08,apply-time,rs-000769-vprzq,57ef1549-0c01-4840-b159-8a3a8c68ecb7,2,697.705534
2026/02/05/10:33:08,running-time,rs-000769-vprzq,57ef1549-0c01-4840-b159-8a3a8c68ecb7,2,697.705534
2026/02/05/10:33:09,apply-time,rs-000770-sbpvt,35ddc842-1161-4bc2-8426-69de0622257d,1,697.705534
2026/02/05/10:33:09,running-time,rs-000770-sbpvt,35ddc842-1161-4bc2-8426-69de0622257d,1,697.705534
2026/02/05/10:33:09,apply-time,rs-000771-l56hv,3c77c77d-282e-4ce4-b5b2-527121fd26df,1,697.705534
2026/02/05/10:33:09,running-time,rs-000771-l56hv,3c77c77d-282e-4ce4-b5b2-527121fd26df,1,697.705534
2026/02/05/10:33:09,apply-time,rs-000772-tdh2v,ed28691d-2b6a-4ce1-b2c0-24c0b7fc2a22,4,697.705534
2026/02/05/10:33:09,running-time,rs-000772-tdh2v,ed28691d-2b6a-4ce1-b2c0-24c0b7fc2a22,4,697.705534
2026/02/05/10:33:09,apply-time,rs-000773-k6g5l,9188104e-0c78-46db-8a2d-7965af38d516,4,697.705534
2026/02/05/10:33:09,running-time,rs-000773-k6g5l,9188104e-0c78-46db-8a2d-7965af38d516,4,697.705534
2026/02/05/10:33:09,apply-time,rs-000774-722bs,2739c2a8-aff2-43eb-839e-1a4b82cecf03,1,697.705534
2026/02/05/10:33:09,running-time,rs-000774-722bs,2739c2a8-aff2-43eb-839e-1a4b82cecf03,1,697.705534
2026/02/05/10:33:09,apply-time,rs-000774-z9lff,07eb6c05-e3de-45a0-9d60-2a397f6f570c,1,697.705534
2026/02/05/10:33:09,running-time,rs-000774-z9lff,07eb6c05-e3de-45a0-9d60-2a397f6f570c,1,697.705534
2026/02/05/10:33:11,apply-time,rs-000775-j4qf6,d0ebea1b-7d3b-4906-9b1c-1fcd545b033e,1,700.705534
2026/02/05/10:33:11,running-time,rs-000775-j4qf6,d0ebea1b-7d3b-4906-9b1c-1fcd545b033e,1,700.705534
2026/02/05/10:33:11,apply-time,rs-000776-7gxsh,ab73d7a3-0343-4eb5-9512-cf0b911dc979,3,700.705534
2026/02/05/10:33:11,running-time,rs-000776-7gxsh,ab73d7a3-0343-4eb5-9512-cf0b911dc979,3,700.705534
2026/02/05/10:33:11,apply-time,rs-000776-877zh,53a69a7d-ad44-4a72-877b-d6d705850d44,3,700.705534
2026/02/05/10:33:11,running-time,rs-000776-877zh,53a69a7d-ad44-4a72-877b-d6d705850d44,3,700.705534
2026/02/05/10:33:11,apply-time,rs-000776-dxf9l,edd05e3e-6490-4865-b420-7e3427720896,3,700.705534
2026/02/05/10:33:11,running-time,rs-000776-dxf9l,edd05e3e-6490-4865-b420-7e3427720896,3,700.705534
2026/02/05/10:33:15,apply-time,rs-000777-5mb2q,e248ad33-00b1-4380-99b6-f8954acbaf3b,2,703.705534
2026/02/05/10:33:15,running-time,rs-000777-5mb2q,e248ad33-00b1-4380-99b6-f8954acbaf3b,2,703.705534
2026/02/05/10:33:15,apply-time,rs-000777-vgbcb,b4bc5e87-fec4-4c41-a893-c99bddd54784,2,703.705534
2026/02/05/10:33:15,running-time,rs-000777-vgbcb,b4bc5e87-fec4-4c41-a893-c99bddd54784,2,703.705534
2026/02/05/10:33:15,apply-time,rs-000778-c5p65,35829e62-e0df-4786-923f-88792d18bbf8,4,703.705534
2026/02/05/10:33:15,running-time,rs-000778-c5p65,35829e62-e0df-4786-923f-88792d18bbf8,4,703.705534
2026/02/05/10:33:15,apply-time,rs-000778-cfz6x,e4440a58-955f-4e65-a71e-613692b032eb,4,703.705534
2026/02/05/10:33:15,running-time,rs-000778-cfz6x,e4440a58-955f-4e65-a71e-613692b032eb,4,703.705534
2026/02/05/10:33:15,apply-time,rs-000778-lk629,65c163af-899d-4d95-8cce-d95b2d52adc2,4,703.705534
2026/02/05/10:33:15,running-time,rs-000778-lk629,65c163af-899d-4d95-8cce-d95b2d52adc2,4,703.705534
2026/02/05/10:33:15,apply-time,rs-000779-2qhq6,78782935-03c8-46a2-93dc-38679961540f,1,703.705534
2026/02/05/10:33:15,running-time,rs-000779-2qhq6,78782935-03c8-46a2-93dc-38679961540f,1,703.705534
2026/02/05/10:33:15,apply-time,rs-000779-7dp4f,139e2d32-aa06-4204-9212-3624ae93da4f,1,703.705534
2026/02/05/10:33:15,running-time,rs-000779-7dp4f,139e2d32-aa06-4204-9212-3624ae93da4f,1,703.705534
2026/02/05/10:33:15,apply-time,rs-000780-txk8n,c1b252e1-c8fe-4642-818f-198f1dc327a9,2,703.705534
2026/02/05/10:33:15,running-time,rs-000780-txk8n,c1b252e1-c8fe-4642-818f-198f1dc327a9,2,703.705534
2026/02/05/10:33:28,apply-time,rs-000781-2b5mt,26831615-82d8-49c8-87a7-c3dd442ed8bf,3,717.705534
2026/02/05/10:33:28,running-time,rs-000781-2b5mt,26831615-82d8-49c8-87a7-c3dd442ed8bf,3,717.705534
2026/02/05/10:33:28,apply-time,rs-000782-8qq4s,dc5ce03c-04fb-47f9-9394-8650c7899c14,3,717.705534
2026/02/05/10:33:28,running-time,rs-000782-8qq4s,dc5ce03c-04fb-47f9-9394-8650c7899c14,3,717.705534
2026/02/05/10:33:28,apply-time,rs-000782-w4kh9,55aa5a52-dee2-4ba9-b341-ae7d8df435b1,3,717.705534
2026/02/05/10:33:28,running-time,rs-000782-w4kh9,55aa5a52-dee2-4ba9-b341-ae7d8df435b1,3,717.705534
2026/02/05/10:33:28,apply-time,rs-000783-56xjp,c3f63f64-811f-42c0-ad5c-a320b9edbc98,1,717.705534
2026/02/05/10:33:28,running-time,rs-000783-56xjp,c3f63f64-811f-42c0-ad5c-a320b9edbc98,1,717.705534
2026/02/05/10:33:28,apply-time,rs-000783-bdpf9,ffd50a0b-8d45-4bc5-bd3f-ccffd3f19cb9,1,717.705534
2026/02/05/10:33:28,running-time,rs-000783-bdpf9,ffd50a0b-8d45-4bc5-bd3f-ccffd3f19cb9,1,717.705534
2026/02/05/10:33:34,apply-time,rs-000784-7jlc7,9837ccd1-a205-4dad-89be-caa95795b8c0,3,722.705534
2026/02/05/10:33:34,running-time,rs-000784-7jlc7,9837ccd1-a205-4dad-89be-caa95795b8c0,3,722.705534
2026/02/05/10:33:34,apply-time,rs-000784-b6ll8,b43e8c19-04da-4254-85ff-28f6bb8a6d17,3,722.705534
2026/02/05/10:33:34,running-time,rs-000784-b6ll8,b43e8c19-04da-4254-85ff-28f6bb8a6d17,3,722.705534
2026/02/05/10:33:34,apply-time,rs-000785-kkf9h,6c464242-734e-4d52-a9f2-f540f20b65c3,4,722.705534
2026/02/05/10:33:34,running-time,rs-000785-kkf9h,6c464242-734e-4d52-a9f2-f540f20b65c3,4,723.705534
2026/02/05/10:33:35,apply-time,rs-000786-8bsqd,40626abf-7aeb-44ba-85fa-d35c2f8b6be7,1,723.705534
2026/02/05/10:33:35,running-time,rs-000786-8bsqd,40626abf-7aeb-44ba-85fa-d35c2f8b6be7,1,724.705534
2026/02/05/10:33:35,apply-time,rs-000786-hnh9v,57bc0ee1-e6b9-4a53-a305-9e3a33a6807a,1,723.705534
2026/02/05/10:33:35,running-time,rs-000786-hnh9v,57bc0ee1-e6b9-4a53-a305-9e3a33a6807a,1,724.705534
2026/02/05/10:33:35,apply-time,rs-000786-zhqx9,73c6ad19-9cf0-4f29-8156-b8983c3fcdff,1,723.705534
2026/02/05/10:33:35,running-time,rs-000786-zhqx9,73c6ad19-9cf0-4f29-8156-b8983c3fcdff,1,724.705534
2026/02/05/10:33:35,apply-time,rs-000787-gmq9v,4c23f232-6044-4a9d-a480-e17af5ae500c,1,724.705534
2026/02/05/10:33:35,running-time,rs-000787-gmq9v,4c23f232-6044-4a9d-a480-e17af5ae500c,1,724.705534
2026/02/05/10:33:35,apply-time,rs-000787-kcdwc,484bd325-60c2-4bc8-97d7-1ea0411cde8c,1,724.705534
2026/02/05/10:33:35,running-time,rs-000787-kcdwc,484bd325-60c2-4bc8-97d7-1ea0411cde8c,1,724.705534
2026/02/05/10:33:35,apply-time,rs-000787-p6q6r,a5621e2b-6b52-46a8-84b3-c4ce9af14341,1,724.705534
2026/02/05/10:33:35,running-time,rs-000787-p6q6r,a5621e2b-6b52-46a8-84b3-c4ce9af14341,1,724.705534
2026/02/05/10:33:44,apply-time,rs-000788-qm2qm,3aabd5bf-33e4-471c-9533-d109a8c1d176,3,732.705534
2026/02/05/10:33:44,running-time,rs-000788-qm2qm,3aabd5bf-33e4-471c-9533-d109a8c1d176,3,732.705534
2026/02/05/10:33:44,apply-time,rs-000788-tfxvd,e2a7e8b6-3e5a-48b5-90cd-1e15bcc630fe,3,732.705534
2026/02/05/10:33:44,running-time,rs-000788-tfxvd,e2a7e8b6-3e5a-48b5-90cd-1e15bcc630fe,3,732.705534
2026/02/05/10:33:44,apply-time,rs-000789-82mt6,ba2d5e4f-3a42-41d4-9225-6c6c6c40d942,4,732.705534
2026/02/05/10:33:44,running-time,rs-000789-82mt6,ba2d5e4f-3a42-41d4-9225-6c6c6c40d942,4,732.705534
2026/02/05/10:33:44,apply-time,rs-000789-qm96d,fbee4e97-3c68-4257-8202-e9d77880d9d9,4,732.705534
2026/02/05/10:33:44,running-time,rs-000789-qm96d,fbee4e97-3c68-4257-8202-e9d77880d9d9,4,732.705534
2026/02/05/10:33:44,apply-time,rs-000789-t7tl2,d4bb39b0-bf5e-45a1-936a-096bd1a198f0,4,732.705534
2026/02/05/10:33:44,running-time,rs-000789-t7tl2,d4bb39b0-bf5e-45a1-936a-096bd1a198f0,4,732.705534
2026/02/05/10:33:45,apply-time,rs-000790-djnc6,56079352-42a5-45e9-a3ef-cbd0f2461eda,1,733.705534
2026/02/05/10:33:45,running-time,rs-000790-djnc6,56079352-42a5-45e9-a3ef-cbd0f2461eda,1,733.705534
2026/02/05/10:33:45,apply-time,rs-000791-6nzjb,9c67e23a-4c62-4d77-842b-350aa3fa0dec,3,733.705534
2026/02/05/10:33:45,running-time,rs-000791-6nzjb,9c67e23a-4c62-4d77-842b-350aa3fa0dec,3,733.705534
2026/02/05/10:33:45,apply-time,rs-000791-b4drt,af708289-4277-4682-8562-fa0310a53bcb,3,733.705534
2026/02/05/10:33:45,running-time,rs-000791-b4drt,af708289-4277-4682-8562-fa0310a53bcb,3,733.705534
2026/02/05/10:33:45,apply-time,rs-000791-r98zd,f2426da9-b0ff-461f-b31e-6d6bcabe30d3,3,733.705534
2026/02/05/10:33:45,running-time,rs-000791-r98zd,f2426da9-b0ff-461f-b31e-6d6bcabe30d3,3,733.705534
2026/02/05/10:33:47,apply-time,rs-000792-8kvp4,2b81be5e-def7-4bc9-b27a-1b457b22cd47,1,736.705534
2026/02/05/10:33:48,running-time,rs-000792-8kvp4,2b81be5e-def7-4bc9-b27a-1b457b22cd47,1,736.705534
2026/02/05/10:33:48,apply-time,rs-000793-2d75r,2a0714cd-f33a-4c40-912a-79c824c90d1f,1,736.705534
2026/02/05/10:33:48,running-time,rs-000793-2d75r,2a0714cd-f33a-4c40-912a-79c824c90d1f,1,736.705534
2026/02/05/10:33:48,apply-time,rs-000793-7x7mz,6d7200d0-30f9-4a29-897d-114a4236a86e,1,736.705534
2026/02/05/10:33:48,running-time,rs-000793-7x7mz,6d7200d0-30f9-4a29-897d-114a4236a86e,1,736.705534
2026/02/05/10:33:48,apply-time,rs-000794-f2kjx,843a28e5-62f5-453a-8d22-10356e3987d4,4,736.705534
2026/02/05/10:33:48,running-time,rs-000794-f2kjx,843a28e5-62f5-453a-8d22-10356e3987d4,4,737.705534
2026/02/05/10:33:48,apply-time,rs-000794-fbdl6,fcc8071d-b129-4d7b-ba53-df057b528d3f,4,736.705534
2026/02/05/10:33:48,running-time,rs-000794-fbdl6,fcc8071d-b129-4d7b-ba53-df057b528d3f,4,737.705534
2026/02/05/10:33:48,apply-time,rs-000794-rlq4d,d79e326d-1734-4ebf-87c1-a1ed291a4486,4,736.705534
2026/02/05/10:33:48,running-time,rs-000794-rlq4d,d79e326d-1734-4ebf-87c1-a1ed291a4486,4,737.705534
2026/02/05/10:33:48,apply-time,rs-000795-2tqnp,048c7c5b-16fd-42ba-9168-97dc97f68c15,1,737.705534
2026/02/05/10:33:48,apply-time,rs-000795-zvfl9,65719e85-02aa-4f43-a8d6-9dd30d78f74e,1,737.705534
2026/02/05/10:33:48,apply-time,rs-000796-gfgjh,542f8950-dd7c-4787-93e0-7735aca22438,1,737.705534
2026/02/05/10:33:48,running-time,rs-000796-gfgjh,542f8950-dd7c-4787-93e0-7735aca22438,1,737.705534
2026/02/05/10:33:48,apply-time,rs-000796-mgx44,fbe62b02-8d71-49ab-83f2-6123e80457a5,1,737.705534
2026/02/05/10:33:48,running-time,rs-000796-mgx44,fbe62b02-8d71-49ab-83f2-6123e80457a5,1,737.705534
2026/02/05/10:33:48,apply-time,rs-000796-v9tzt,0d8ee5e0-0607-427a-9a2b-c6cd0515c81e,1,737.705534
2026/02/05/10:33:48,running-time,rs-000796-v9tzt,0d8ee5e0-0607-427a-9a2b-c6cd0515c81e,1,737.705534
2026/02/05/10:33:48,apply-time,rs-000797-7fmbb,47696cc8-379b-42d1-8ddf-fecbb8cc4738,3,737.705534
2026/02/05/10:33:48,running-time,rs-000797-7fmbb,47696cc8-379b-42d1-8ddf-fecbb8cc4738,3,737.705534
2026/02/05/10:33:48,apply-time,rs-000797-9jqsw,0a5ac247-4317-417a-a442-9f062d1b2fe0,3,737.705534
2026/02/05/10:33:48,apply-time,rs-000798-8wnfv,6840bd7f-1a50-4716-a7dd-caa6345ac76b,2,737.705534
2026/02/05/10:33:48,running-time,rs-000798-8wnfv,6840bd7f-1a50-4716-a7dd-caa6345ac76b,2,737.705534
2026/02/05/10:33:48,apply-time,rs-000799-9t5lw,22a15183-44cf-4f84-b610-6692b6a1cdc7,3,737.705534
2026/02/05/10:33:48,running-time,rs-000799-9t5lw,22a15183-44cf-4f84-b610-6692b6a1cdc7,3,737.705534
2026/02/05/10:33:48,apply-time,rs-000799-nnt7d,35369f41-81ce-44cc-bf57-e116988b13c8,3,737.705534
2026/02/05/10:33:48,running-time,rs-000799-nnt7d,35369f41-81ce-44cc-bf57-e116988b13c8,3,737.705534
2026/02/05/10:33:49,apply-time,rs-000800-6mgp5,134fc0c3-3818-4d3f-a601-dce8a2371b74,2,738.705534
2026/02/05/10:33:49,running-time,rs-000800-6mgp5,134fc0c3-3818-4d3f-a601-dce8a2371b74,2,738.705534
2026/02/05/10:33:49,apply-time,rs-000800-bqdqw,6c472fcb-9482-4ad7-92dc-4930465c688e,2,738.705534
2026/02/05/10:33:49,running-time,rs-000800-bqdqw,6c472fcb-9482-4ad7-92dc-4930465c688e,2,738.705534
2026/02/05/10:33:49,apply-time,rs-000800-xfwv2,79758592-e1cf-4cc2-8698-da406a1b39f0,2,737.705534
2026/02/05/10:33:49,running-time,rs-000800-xfwv2,79758592-e1cf-4cc2-8698-da406a1b39f0,2,737.705534
2026/02/05/10:33:49,apply-time,rs-000801-7ddwh,feafdcd0-e2ad-4c10-b450-e7ea140ec2d9,2,738.705534
2026/02/05/10:33:49,running-time,rs-000801-7ddwh,feafdcd0-e2ad-4c10-b450-e7ea140ec2d9,2,738.705534
2026/02/05/10:33:49,apply-time,rs-000801-tjbm2,67a1bf51-f06a-417c-9314-6af7a7769651,2,737.705534
2026/02/05/10:33:49,running-time,rs-000801-tjbm2,67a1bf51-f06a-417c-9314-6af7a7769651,2,737.705534
2026/02/05/10:33:49,apply-time,rs-000801-tjhh2,55d2e4f9-e63c-41e5-b991-48799c1c64fd,2,738.705534
2026/02/05/10:33:49,running-time,rs-000801-tjhh2,55d2e4f9-e63c-41e5-b991-48799c1c64fd,2,738.705534
2026/02/05/10:33:49,apply-time,rs-000802-6sz6n,c7158330-7540-4a5e-86e4-6ff85956dc9a,2,737.705534
2026/02/05/10:33:49,apply-time,rs-000802-nf4bq,61d78d68-45d2-411e-9f1a-e9fb1e05b9f5,2,738.705534
2026/02/05/10:33:50,running-time,rs-000797-9jqsw,0a5ac247-4317-417a-a442-9f062d1b2fe0,3,739.705534
2026/02/05/10:33:50,running-time,rs-000802-6sz6n,c7158330-7540-4a5e-86e4-6ff85956dc9a,2,739.705534
2026/02/05/10:33:50,running-time,rs-000802-nf4bq,61d78d68-45d2-411e-9f1a-e9fb1e05b9f5,2,738.705534
2026/02/05/10:33:52,apply-time,rs-000803-wshh5,7d92b570-fb53-439b-9aff-d717cdcaa5ab,2,740.705534
2026/02/05/10:33:52,running-time,rs-000803-wshh5,7d92b570-fb53-439b-9aff-d717cdcaa5ab,2,740.705534
2026/02/05/10:33:52,apply-time,rs-000804-gbhvz,af5eb5e9-ed23-4927-b1f9-9274ee5bda0b,2,740.705534
2026/02/05/10:33:52,running-time,rs-000804-gbhvz,af5eb5e9-ed23-4927-b1f9-9274ee5bda0b,2,740.705534
2026/02/05/10:33:52,apply-time,rs-000804-r2p5c,de320eeb-55f8-4833-b921-a646c96f86a4,2,740.705534
2026/02/05/10:33:52,running-time,rs-000804-r2p5c,de320eeb-55f8-4833-b921-a646c96f86a4,2,740.705534
2026/02/05/10:33:52,apply-time,rs-000804-zbgxz,e7237380-b6b4-4cc3-8938-1fd619895d3b,2,740.705534
2026/02/05/10:33:52,running-time,rs-000804-zbgxz,e7237380-b6b4-4cc3-8938-1fd619895d3b,2,740.705534
2026/02/05/10:33:52,apply-time,rs-000805-df8f2,b515bb0d-0bee-4c5b-9e5b-eea4c8e8c20b,1,741.705534
2026/02/05/10:33:52,apply-time,rs-000806-lscj9,b7d6d2f1-c364-4545-9a83-60044d980d9d,2,741.705534
2026/02/05/10:33:52,running-time,rs-000806-lscj9,b7d6d2f1-c364-4545-9a83-60044d980d9d,2,741.705534
2026/02/05/10:33:52,apply-time,rs-000807-4bz5r,b98e1147-f2ff-467f-9d19-85b90b987542,3,741.705534
2026/02/05/10:33:52,running-time,rs-000807-4bz5r,b98e1147-f2ff-467f-9d19-85b90b987542,3,741.705534
2026/02/05/10:33:52,apply-time,rs-000807-4w2cm,363e385b-899f-4850-b3ed-4e5a6401ae9d,3,741.705534
2026/02/05/10:33:52,running-time,rs-000807-4w2cm,363e385b-899f-4850-b3ed-4e5a6401ae9d,3,741.705534
2026/02/05/10:33:52,apply-time,rs-000807-8zftw,ac8be43b-3674-4191-9572-02b70361f1d2,3,741.705534
2026/02/05/10:33:52,running-time,rs-000807-8zftw,ac8be43b-3674-4191-9572-02b70361f1d2,3,741.705534
2026/02/05/10:33:52,apply-time,rs-000808-cdsj7,b00d56f9-de59-4fc2-bfc1-0666bc19e901,1,741.705534
2026/02/05/10:33:52,running-time,rs-000808-cdsj7,b00d56f9-de59-4fc2-bfc1-0666bc19e901,1,741.705534
2026/02/05/10:33:52,apply-time,rs-000809-9xq4n,7f2111c4-990f-49fc-bbcc-22eea4fc214d,3,741.705534
2026/02/05/10:33:52,apply-time,rs-000809-lbq5x,00417aa2-ad67-4092-b9d9-048333ee33af,3,741.705534
2026/02/05/10:33:52,running-time,rs-000809-lbq5x,00417aa2-ad67-4092-b9d9-048333ee33af,3,741.705534
2026/02/05/10:33:52,apply-time,rs-000811-mlcls,24d9a76a-2faa-4d99-9f7e-b69f87228258,2,741.705534
2026/02/05/10:33:52,running-time,rs-000811-mlcls,24d9a76a-2faa-4d99-9f7e-b69f87228258,2,741.705534
2026/02/05/10:33:53,running-time,rs-000809-9xq4n,7f2111c4-990f-49fc-bbcc-22eea4fc214d,3,741.705534
2026/02/05/10:33:53,apply-time,rs-000809-nz4tc,83b6a9d1-697a-42eb-b9ba-acf948c42151,3,741.705534
2026/02/05/10:33:53,running-time,rs-000809-nz4tc,83b6a9d1-697a-42eb-b9ba-acf948c42151,3,741.705534
2026/02/05/10:33:53,apply-time,rs-000810-6qrrh,a2eeef64-d8f1-4db3-a54c-78818c4dd637,4,741.705534
2026/02/05/10:33:53,apply-time,rs-000810-jwltj,a79ac3e1-0c02-45a1-ab40-ffa6a3f85214,4,741.705534
2026/02/05/10:33:53,apply-time,rs-000812-2wlxp,dc8f4908-2b87-4b04-b18e-ddbc0e317137,2,741.705534
2026/02/05/10:33:53,running-time,rs-000812-2wlxp,dc8f4908-2b87-4b04-b18e-ddbc0e317137,2,741.705534
2026/02/05/10:33:53,apply-time,rs-000812-59l5n,568134b4-ba02-4d5b-adcf-138c0d1dc3ee,2,742.705534
2026/02/05/10:33:53,running-time,rs-000812-59l5n,568134b4-ba02-4d5b-adcf-138c0d1dc3ee,2,742.705534
2026/02/05/10:33:53,apply-time,rs-000813-7chd6,2b106e6b-1b5d-4625-8654-c71477bdf020,1,741.705534
2026/02/05/10:33:54,running-time,rs-000810-6qrrh,a2eeef64-d8f1-4db3-a54c-78818c4dd637,4,742.705534
2026/02/05/10:33:54,running-time,rs-000810-jwltj,a79ac3e1-0c02-45a1-ab40-ffa6a3f85214,4,743.705534
2026/02/05/10:33:54,running-time,rs-000813-7chd6,2b106e6b-1b5d-4625-8654-c71477bdf020,1,743.705534
2026/02/05/10:33:54,apply-time,rs-000814-hbnb6,bdfc67e6-363e-487f-8914-6b4845ec1e36,2,743.705534
2026/02/05/10:33:54,running-time,rs-000814-hbnb6,bdfc67e6-363e-487f-8914-6b4845ec1e36,2,743.705534
2026/02/05/10:33:54,apply-time,rs-000814-rjb85,0c82b858-3e66-4e0b-a233-db057025ec0f,2,743.705534
2026/02/05/10:33:54,running-time,rs-000814-rjb85,0c82b858-3e66-4e0b-a233-db057025ec0f,2,743.705534
2026/02/05/10:33:54,apply-time,rs-000815-llstn,4fddafec-08c2-4adf-b25c-67358346562d,3,743.705534
2026/02/05/10:33:55,apply-time,rs-000816-njgpc,af732950-dbe8-411d-be4f-ccf569677c34,1,743.705534
2026/02/05/10:33:55,apply-time,rs-000817-fdk4d,93e083cc-bc1d-4e51-b6ef-6be78438a482,3,743.705534
2026/02/05/10:33:55,running-time,rs-000817-fdk4d,93e083cc-bc1d-4e51-b6ef-6be78438a482,3,744.705534
2026/02/05/10:33:55,apply-time,rs-000817-z7krs,17c78da4-40ef-4d3f-af5a-694e20e06eae,3,743.705534
2026/02/05/10:33:55,running-time,rs-000817-z7krs,17c78da4-40ef-4d3f-af5a-694e20e06eae,3,743.705534
2026/02/05/10:33:55,apply-time,rs-000818-rwl2t,4483b382-0e0e-467e-bf40-6e824afdcb92,3,744.705534
2026/02/05/10:33:55,running-time,rs-000818-rwl2t,4483b382-0e0e-467e-bf40-6e824afdcb92,3,744.705534
2026/02/05/10:33:56,running-time,rs-000815-llstn,4fddafec-08c2-4adf-b25c-67358346562d,3,745.705534
2026/02/05/10:33:57,running-time,rs-000805-df8f2,b515bb0d-0bee-4c5b-9e5b-eea4c8e8c20b,1,745.705534
2026/02/05/10:33:57,running-time,rs-000816-njgpc,af732950-dbe8-411d-be4f-ccf569677c34,1,745.705534
2026/02/05/10:34:01,apply-time,rs-000819-nxjxk,2b34136d-fb58-4474-bb0a-0498409f5df6,1,749.705534
2026/02/05/10:34:01,running-time,rs-000819-nxjxk,2b34136d-fb58-4474-bb0a-0498409f5df6,1,749.705534
2026/02/05/10:34:01,apply-time,rs-000820-z86j6,54ade60c-60cc-421e-a710-0304599b0c33,3,749.705534
2026/02/05/10:34:01,running-time,rs-000820-z86j6,54ade60c-60cc-421e-a710-0304599b0c33,3,749.705534
2026/02/05/10:34:01,apply-time,rs-000821-g84nq,2d29e635-9679-4ab3-8819-f869ee9df03d,2,749.705534
2026/02/05/10:34:01,running-time,rs-000821-g84nq,2d29e635-9679-4ab3-8819-f869ee9df03d,2,749.705534
2026/02/05/10:34:01,apply-time,rs-000821-vvm4w,7adef2d7-3498-4f89-9036-7770bc7138bb,2,749.705534
2026/02/05/10:34:01,running-time,rs-000821-vvm4w,7adef2d7-3498-4f89-9036-7770bc7138bb,2,749.705534
2026/02/05/10:34:01,apply-time,rs-000822-lsk7r,66c6a10f-6d2b-4ed2-b4ec-fa1744da653e,1,749.705534
2026/02/05/10:34:01,running-time,rs-000822-lsk7r,66c6a10f-6d2b-4ed2-b4ec-fa1744da653e,1,749.705534
2026/02/05/10:34:01,apply-time,rs-000823-7fckz,ccaa418f-a0d4-4300-859d-debf1aaa43c4,2,749.705534
2026/02/05/10:34:01,running-time,rs-000823-7fckz,ccaa418f-a0d4-4300-859d-debf1aaa43c4,2,749.705534
2026/02/05/10:34:01,apply-time,rs-000823-nr8gp,77487059-9804-4787-8c97-1635d031f3f5,2,749.705534
2026/02/05/10:34:01,running-time,rs-000823-nr8gp,77487059-9804-4787-8c97-1635d031f3f5,2,749.705534
2026/02/05/10:34:01,apply-time,rs-000823-vhc8x,27b8e3eb-cc88-47bf-a962-7e13e55f9998,2,749.705534
2026/02/05/10:34:01,running-time,rs-000823-vhc8x,27b8e3eb-cc88-47bf-a962-7e13e55f9998,2,749.705534
2026/02/05/10:34:01,apply-time,rs-000824-q6h62,0d954d72-5ed3-4b7b-8bde-5d67c5533a4d,1,750.705534
2026/02/05/10:34:01,running-time,rs-000824-q6h62,0d954d72-5ed3-4b7b-8bde-5d67c5533a4d,1,750.705534
2026/02/05/10:34:01,apply-time,rs-000825-nkj7p,9dc66548-5dfc-4f80-981c-786d38eddcc0,1,750.705534
2026/02/05/10:34:01,running-time,rs-000825-nkj7p,9dc66548-5dfc-4f80-981c-786d38eddcc0,1,750.705534
2026/02/05/10:34:01,apply-time,rs-000826-m585j,c23cba67-ed3f-4a42-a6ae-2c05d754b806,1,750.705534
2026/02/05/10:34:01,running-time,rs-000826-m585j,c23cba67-ed3f-4a42-a6ae-2c05d754b806,1,750.705534
2026/02/05/10:34:01,apply-time,rs-000827-wkdd5,7dd2fc8b-66e7-4fde-9959-d94bb1b10c9c,2,750.705534
2026/02/05/10:34:01,running-time,rs-000827-wkdd5,7dd2fc8b-66e7-4fde-9959-d94bb1b10c9c,2,750.705534
2026/02/05/10:34:01,apply-time,rs-000828-hx6qq,ac307d07-27e8-457d-985a-69315bbd1601,4,750.705534
2026/02/05/10:34:01,running-time,rs-000828-hx6qq,ac307d07-27e8-457d-985a-69315bbd1601,4,750.705534
2026/02/05/10:34:02,apply-time,rs-000828-pmsvn,e70881f4-8091-4ab4-bce4-e44913007500,4,750.705534
2026/02/05/10:34:02,running-time,rs-000828-pmsvn,e70881f4-8091-4ab4-bce4-e44913007500,4,750.705534
2026/02/05/10:34:02,apply-time,rs-000829-nfgrk,e96e006d-9b11-4b30-8ab1-df693b406389,3,750.705534
2026/02/05/10:34:02,running-time,rs-000829-nfgrk,e96e006d-9b11-4b30-8ab1-df693b406389,3,750.705534
2026/02/05/10:34:06,apply-time,rs-000830-gc8m2,c7eb8f19-afc9-4ea2-95e5-b9627716059d,3,755.705534
2026/02/05/10:34:06,running-time,rs-000830-gc8m2,c7eb8f19-afc9-4ea2-95e5-b9627716059d,3,755.705534
2026/02/05/10:34:06,apply-time,rs-000830-qjjbk,3c2d4d8c-dcb2-42b7-b97c-03274b7ac30d,3,755.705534
2026/02/05/10:34:06,running-time,rs-000830-qjjbk,3c2d4d8c-dcb2-42b7-b97c-03274b7ac30d,3,755.705534
2026/02/05/10:34:06,apply-time,rs-000831-v2d6l,3dfbd655-c95e-4182-9dcf-9f0831e10c1b,3,755.705534
2026/02/05/10:34:06,running-time,rs-000831-v2d6l,3dfbd655-c95e-4182-9dcf-9f0831e10c1b,3,755.705534
2026/02/05/10:34:06,apply-time,rs-000832-fjn9g,3f13afbb-3669-4050-ab94-2e3033ff0099,2,755.705534
2026/02/05/10:34:06,running-time,rs-000832-fjn9g,3f13afbb-3669-4050-ab94-2e3033ff0099,2,755.705534
2026/02/05/10:34:06,apply-time,rs-000832-qxd75,82d6fbe0-baa3-4147-b10f-1c5ed243b822,2,755.705534
2026/02/05/10:34:06,running-time,rs-000832-qxd75,82d6fbe0-baa3-4147-b10f-1c5ed243b822,2,755.705534
2026/02/05/10:34:06,apply-time,rs-000833-nlhkv,c9db7da1-6847-4530-8466-0e02e1e05e98,3,755.705534
2026/02/05/10:34:06,running-time,rs-000833-nlhkv,c9db7da1-6847-4530-8466-0e02e1e05e98,3,755.705534
2026/02/05/10:34:06,apply-time,rs-000834-hf5rz,dc690b1d-6257-44e8-be10-4ed0ee550314,1,755.705534
2026/02/05/10:34:06,running-time,rs-000834-hf5rz,dc690b1d-6257-44e8-be10-4ed0ee550314,1,755.705534
2026/02/05/10:34:07,apply-time,rs-000835-4sjwc,89a8072a-5299-4e0f-86ce-e565995b8c05,2,756.705534
2026/02/05/10:34:07,running-time,rs-000835-4sjwc,89a8072a-5299-4e0f-86ce-e565995b8c05,2,756.705534
2026/02/05/10:34:07,apply-time,rs-000835-r2fcc,5b962098-96e9-4c79-9d80-b754e4741068,2,755.705534
2026/02/05/10:34:07,running-time,rs-000835-r2fcc,5b962098-96e9-4c79-9d80-b754e4741068,2,755.705534
2026/02/05/10:34:08,apply-time,rs-000836-4kvzq,5d9c0d1f-af65-45b6-b551-e69637ae1f0b,3,757.705534
2026/02/05/10:34:08,apply-time,rs-000837-2x7nz,d6289f41-07f9-4273-90a8-272ca3a39a4d,1,757.705534
2026/02/05/10:34:08,running-time,rs-000837-2x7nz,d6289f41-07f9-4273-90a8-272ca3a39a4d,1,757.705534
2026/02/05/10:34:08,apply-time,rs-000837-j9lt9,6a7db536-0dbf-4b71-92b0-2c1c810c6d93,1,757.705534
2026/02/05/10:34:08,running-time,rs-000837-j9lt9,6a7db536-0dbf-4b71-92b0-2c1c810c6d93,1,757.705534
2026/02/05/10:34:08,apply-time,rs-000837-prqxq,947566c2-ffb2-4610-a2ac-0b529b2130f6,1,757.705534
2026/02/05/10:34:08,running-time,rs-000837-prqxq,947566c2-ffb2-4610-a2ac-0b529b2130f6,1,757.705534
2026/02/05/10:34:08,apply-time,rs-000838-fsf92,c212651b-0b3e-42f7-b846-2c864caf44a3,4,757.705534
2026/02/05/10:34:08,running-time,rs-000838-fsf92,c212651b-0b3e-42f7-b846-2c864caf44a3,4,757.705534
2026/02/05/10:34:08,apply-time,rs-000838-s6rcn,ee975955-5f72-42f5-934f-7d554fb2154d,4,757.705534
2026/02/05/10:34:08,running-time,rs-000838-s6rcn,ee975955-5f72-42f5-934f-7d554fb2154d,4,757.705534
2026/02/05/10:34:08,apply-time,rs-000838-srgkg,aadecc7d-7a71-4432-a4ee-4eed71f8e0ca,4,757.705534
2026/02/05/10:34:08,running-time,rs-000838-srgkg,aadecc7d-7a71-4432-a4ee-4eed71f8e0ca,4,757.705534
2026/02/05/10:34:09,running-time,rs-000836-4kvzq,5d9c0d1f-af65-45b6-b551-e69637ae1f0b,3,758.705534
2026/02/05/10:34:18,apply-time,rs-000839-plv64,7e70ac5f-af69-4be4-b148-7fc1c48d00da,2,767.705534
2026/02/05/10:34:18,running-time,rs-000839-plv64,7e70ac5f-af69-4be4-b148-7fc1c48d00da,2,767.705534
2026/02/05/10:34:18,apply-time,rs-000840-52bw2,c2be1862-7d8e-4aae-ac16-06dedaf5c9aa,1,767.705534
2026/02/05/10:34:18,running-time,rs-000840-52bw2,c2be1862-7d8e-4aae-ac16-06dedaf5c9aa,1,767.705534
2026/02/05/10:34:18,apply-time,rs-000840-bwcj9,8eb09e3b-d4bb-44c1-bfb6-1e00e726f325,1,767.705534
2026/02/05/10:34:18,running-time,rs-000840-bwcj9,8eb09e3b-d4bb-44c1-bfb6-1e00e726f325,1,767.705534
2026/02/05/10:34:18,apply-time,rs-000841-k6f5z,fe88902a-8dea-4926-9928-a5c64461dd48,2,767.705534
2026/02/05/10:34:18,running-time,rs-000841-k6f5z,fe88902a-8dea-4926-9928-a5c64461dd48,2,767.705534
2026/02/05/10:34:18,apply-time,rs-000842-b6kgz,24b3fc8d-fe2e-4572-8540-a2a92fded6ff,3,767.705534
2026/02/05/10:34:18,running-time,rs-000842-b6kgz,24b3fc8d-fe2e-4572-8540-a2a92fded6ff,3,767.705534
2026/02/05/10:34:18,apply-time,rs-000842-jvnb8,8ebeb4a0-7086-4e89-b345-ef64e1baf593,3,767.705534
2026/02/05/10:34:18,running-time,rs-000842-jvnb8,8ebeb4a0-7086-4e89-b345-ef64e1baf593,3,767.705534
2026/02/05/10:34:18,apply-time,rs-000842-qrq85,d6ac73c1-0165-41b5-8328-f372c01e2597,3,767.705534
2026/02/05/10:34:18,running-time,rs-000842-qrq85,d6ac73c1-0165-41b5-8328-f372c01e2597,3,767.705534
2026/02/05/10:34:18,apply-time,rs-000843-kkjtf,ab77b5b0-9a5c-4913-9ade-7921d953b5bf,3,767.705534
2026/02/05/10:34:18,running-time,rs-000843-kkjtf,ab77b5b0-9a5c-4913-9ade-7921d953b5bf,3,767.705534
2026/02/05/10:34:18,apply-time,rs-000843-x8t2v,926ebdb7-7b73-461e-bec6-f17661e2d896,3,767.705534
2026/02/05/10:34:18,running-time,rs-000843-x8t2v,926ebdb7-7b73-461e-bec6-f17661e2d896,3,767.705534
2026/02/05/10:34:19,apply-time,rs-000844-8xxwz,b300f04d-0dff-413d-b3a1-795c589a7a76,4,767.705534
2026/02/05/10:34:19,running-time,rs-000844-8xxwz,b300f04d-0dff-413d-b3a1-795c589a7a76,4,767.705534
2026/02/05/10:34:19,apply-time,rs-000844-rjd2p,ad6c651b-d913-4d4a-b3c0-8cf1689156d0,4,767.705534
2026/02/05/10:34:19,running-time,rs-000844-rjd2p,ad6c651b-d913-4d4a-b3c0-8cf1689156d0,4,767.705534
2026/02/05/10:34:19,apply-time,rs-000845-gv9vn,d5277a1c-6cb1-4bab-a0fe-bfc33708bc14,1,767.705534
2026/02/05/10:34:19,apply-time,rs-000846-4crdv,07e872f0-1154-4f7f-9d12-0573782bb7a0,1,767.705534
2026/02/05/10:34:20,running-time,rs-000845-gv9vn,d5277a1c-6cb1-4bab-a0fe-bfc33708bc14,1,769.705534
2026/02/05/10:34:20,apply-time,rs-000847-k9p2n,b28ecfab-3575-479c-af8f-4158ce7ef6ed,1,769.705534
2026/02/05/10:34:20,running-time,rs-000847-k9p2n,b28ecfab-3575-479c-af8f-4158ce7ef6ed,1,769.705534
2026/02/05/10:34:20,apply-time,rs-000847-kmqs6,d22932f5-7f69-4189-9bc6-ca1f06f8bb63,1,768.705534
2026/02/05/10:34:20,running-time,rs-000847-kmqs6,d22932f5-7f69-4189-9bc6-ca1f06f8bb63,1,768.705534
2026/02/05/10:34:20,apply-time,rs-000847-rldk6,28c772a2-e0dc-4a94-99a8-79a8071a85fc,1,769.705534
2026/02/05/10:34:20,running-time,rs-000847-rldk6,28c772a2-e0dc-4a94-99a8-79a8071a85fc,1,769.705534
2026/02/05/10:34:20,apply-time,rs-000848-fp7c9,c08b81e8-0838-4f6c-bdee-2195ef3c467e,2,768.705534
2026/02/05/10:34:20,running-time,rs-000848-fp7c9,c08b81e8-0838-4f6c-bdee-2195ef3c467e,2,768.705534
2026/02/05/10:34:20,apply-time,rs-000849-hjlc5,49367619-413f-4d35-b90f-0eac4f111750,1,768.705534
2026/02/05/10:34:20,running-time,rs-000849-hjlc5,49367619-413f-4d35-b90f-0eac4f111750,1,768.705534
2026/02/05/10:34:20,apply-time,rs-000850-zqfzv,ccde9d01-ba8b-422a-bb21-22a9130e2191,1,769.705534
2026/02/05/10:34:20,running-time,rs-000850-zqfzv,ccde9d01-ba8b-422a-bb21-22a9130e2191,1,769.705534
2026/02/05/10:34:20,apply-time,rs-000851-2j2s7,bec15c45-8284-4e48-8776-b30acf8aa56f,1,769.705534
2026/02/05/10:34:20,running-time,rs-000851-2j2s7,bec15c45-8284-4e48-8776-b30acf8aa56f,1,769.705534
2026/02/05/10:34:20,apply-time,rs-000853-xjbg2,b6f3a75f-d3e5-43b3-b7bb-40c95379632c,1,769.705534
2026/02/05/10:34:20,running-time,rs-000853-xjbg2,b6f3a75f-d3e5-43b3-b7bb-40c95379632c,1,769.705534
2026/02/05/10:34:20,apply-time,rs-000854-6fhvr,0a9eb783-ba35-4fa4-9484-5613826a5410,4,769.705534
2026/02/05/10:34:20,running-time,rs-000854-6fhvr,0a9eb783-ba35-4fa4-9484-5613826a5410,4,769.705534
2026/02/05/10:34:21,apply-time,rs-000850-lzxkf,ebfff5d2-22ad-4fa0-9eb4-0a19effbd5fd,1,769.705534
2026/02/05/10:34:21,running-time,rs-000850-lzxkf,ebfff5d2-22ad-4fa0-9eb4-0a19effbd5fd,1,769.705534
2026/02/05/10:34:21,apply-time,rs-000852-4jkcs,2d7003be-0536-42e1-8519-9d0e25824f02,2,770.705534
2026/02/05/10:34:21,running-time,rs-000852-4jkcs,2d7003be-0536-42e1-8519-9d0e25824f02,2,770.705534
2026/02/05/10:34:21,apply-time,rs-000852-gn5d6,4f80809e-670c-4f08-8aa6-6711f06abc05,2,769.705534
2026/02/05/10:34:21,running-time,rs-000852-gn5d6,4f80809e-670c-4f08-8aa6-6711f06abc05,2,769.705534
2026/02/05/10:34:21,apply-time,rs-000853-4rpkh,94895c8a-2be8-460b-964c-07e37403c09b,1,769.705534
2026/02/05/10:34:21,running-time,rs-000853-4rpkh,94895c8a-2be8-460b-964c-07e37403c09b,1,769.705534
2026/02/05/10:34:21,apply-time,rs-000853-bcqvs,169d3034-5718-4af4-859c-6c02943d88d5,1,769.705534
2026/02/05/10:34:21,running-time,rs-000853-bcqvs,169d3034-5718-4af4-859c-6c02943d88d5,1,769.705534
2026/02/05/10:34:21,apply-time,rs-000854-2dh7t,d5680f4e-169d-44bb-a91d-1b426e8ccb48,4,769.705534
2026/02/05/10:34:21,running-time,rs-000854-2dh7t,d5680f4e-169d-44bb-a91d-1b426e8ccb48,4,769.705534
2026/02/05/10:34:21,apply-time,rs-000854-n6nb6,2e94bb01-527b-46a8-8ca6-893bb6f7f152,4,769.705534
2026/02/05/10:34:21,running-time,rs-000854-n6nb6,2e94bb01-527b-46a8-8ca6-893bb6f7f152,4,769.705534
2026/02/05/10:34:21,apply-time,rs-000855-2gfds,be63ffb6-dba0-43e5-b9ea-e2c84acf97f4,3,770.705534
2026/02/05/10:34:21,running-time,rs-000855-2gfds,be63ffb6-dba0-43e5-b9ea-e2c84acf97f4,3,770.705534
2026/02/05/10:34:21,apply-time,rs-000856-455c2,8aec8b8a-7068-40fc-be50-3f61cf51ff29,4,770.705534
2026/02/05/10:34:21,running-time,rs-000856-455c2,8aec8b8a-7068-40fc-be50-3f61cf51ff29,4,770.705534
2026/02/05/10:34:21,apply-time,rs-000857-8cr4f,fa56bec4-f443-4a05-8ab2-0758bc9d7e84,4,770.705534
2026/02/05/10:34:21,running-time,rs-000857-8cr4f,fa56bec4-f443-4a05-8ab2-0758bc9d7e84,4,770.705534
2026/02/05/10:34:21,apply-time,rs-000860-sgfgm,806863cb-a9a6-4f2f-a367-612499a81908,1,770.705534
2026/02/05/10:34:21,running-time,rs-000860-sgfgm,806863cb-a9a6-4f2f-a367-612499a81908,1,770.705534
2026/02/05/10:34:22,apply-time,rs-000856-6qr2w,33a6c6fb-e8f8-414b-9100-f529fdba41c2,4,770.705534
2026/02/05/10:34:22,running-time,rs-000856-6qr2w,33a6c6fb-e8f8-414b-9100-f529fdba41c2,4,770.705534
2026/02/05/10:34:22,apply-time,rs-000858-hrglk,3526db7f-8f78-4c02-a82b-fa0a09ee54ea,3,770.705534
2026/02/05/10:34:22,running-time,rs-000858-hrglk,3526db7f-8f78-4c02-a82b-fa0a09ee54ea,3,770.705534
2026/02/05/10:34:22,apply-time,rs-000858-tgmxn,b2a64c85-2d3e-4283-8be7-87bfdc6daa73,3,771.705534
2026/02/05/10:34:22,running-time,rs-000858-tgmxn,b2a64c85-2d3e-4283-8be7-87bfdc6daa73,3,771.705534
2026/02/05/10:34:22,apply-time,rs-000860-4hplc,5e302016-2977-49ff-8999-7533d60c9e79,1,770.705534
2026/02/05/10:34:22,running-time,rs-000860-4hplc,5e302016-2977-49ff-8999-7533d60c9e79,1,770.705534
2026/02/05/10:34:23,apply-time,rs-000862-nbb4c,89caa7ff-fccc-4b08-81d3-3b52749d7d1f,1,772.705534
2026/02/05/10:34:23,running-time,rs-000862-nbb4c,89caa7ff-fccc-4b08-81d3-3b52749d7d1f,1,772.705534
2026/02/05/10:34:23,apply-time,rs-000862-wkd86,7131ce28-e2c5-4e77-815b-293dc9e8d41e,1,771.705534
2026/02/05/10:34:23,running-time,rs-000862-wkd86,7131ce28-e2c5-4e77-815b-293dc9e8d41e,1,771.705534
2026/02/05/10:34:23,apply-time,rs-000863-pp78h,6a4b80f1-73dd-40a6-ae54-69c8ac0150b8,1,772.705534
2026/02/05/10:34:23,running-time,rs-000863-pp78h,6a4b80f1-73dd-40a6-ae54-69c8ac0150b8,1,772.705534
2026/02/05/10:34:23,apply-time,rs-000864-4nx7z,2f150f69-64a0-4436-912a-1e87d0b981af,4,772.705534
2026/02/05/10:34:23,apply-time,rs-000865-frr76,1e9e404c-e035-48fb-a66e-1d08ade66b15,2,772.705534
2026/02/05/10:34:23,apply-time,rs-000866-q68tf,e1e5c153-92d7-4dd0-90be-319e68f77cf5,1,772.705534
2026/02/05/10:34:24,apply-time,rs-000863-trpbr,d5f1608b-90a6-4c3c-aa51-8779987f9af3,1,772.705534
2026/02/05/10:34:24,running-time,rs-000863-trpbr,d5f1608b-90a6-4c3c-aa51-8779987f9af3,1,772.705534
2026/02/05/10:34:24,running-time,rs-000864-4nx7z,2f150f69-64a0-4436-912a-1e87d0b981af,4,772.705534
2026/02/05/10:34:24,running-time,rs-000865-frr76,1e9e404c-e035-48fb-a66e-1d08ade66b15,2,772.705534
2026/02/05/10:34:24,apply-time,rs-000868-tshw6,53bcc358-970b-48c6-98f0-2a44554d53b7,3,773.705534
2026/02/05/10:34:24,running-time,rs-000868-tshw6,53bcc358-970b-48c6-98f0-2a44554d53b7,3,773.705534
2026/02/05/10:34:24,apply-time,rs-000869-kl8p6,8265f142-a467-476a-832c-20a59c877897,4,773.705534
2026/02/05/10:34:24,running-time,rs-000869-kl8p6,8265f142-a467-476a-832c-20a59c877897,4,773.705534
2026/02/05/10:34:24,apply-time,rs-000870-v6g8s,1550a433-0c91-4260-b86c-606c2a4edc36,2,773.705534
2026/02/05/10:34:24,running-time,rs-000870-v6g8s,1550a433-0c91-4260-b86c-606c2a4edc36,2,773.705534
2026/02/05/10:34:25,apply-time,rs-000867-2kg2x,4bc2eaf4-56cf-4aa1-8c76-ff20daff9ac2,1,773.705534
2026/02/05/10:34:25,running-time,rs-000867-2kg2x,4bc2eaf4-56cf-4aa1-8c76-ff20daff9ac2,1,773.705534
2026/02/05/10:34:25,apply-time,rs-000867-4wxl5,65a66620-98fe-4260-ac98-256a3adfb15d,1,773.705534
2026/02/05/10:34:25,running-time,rs-000867-4wxl5,65a66620-98fe-4260-ac98-256a3adfb15d,1,773.705534
2026/02/05/10:34:25,apply-time,rs-000870-7gqlr,311c1ed3-5f57-4d7e-b595-38e9d54998c8,2,773.705534
2026/02/05/10:34:25,apply-time,rs-000870-fkr2n,e010fad0-f299-4a70-a056-ccb795408648,2,773.705534
2026/02/05/10:34:25,apply-time,rs-000871-nk5vt,d89b96b5-b960-44be-b4bf-4f04e538c273,2,773.705534
2026/02/05/10:34:25,running-time,rs-000871-nk5vt,d89b96b5-b960-44be-b4bf-4f04e538c273,2,773.705534
2026/02/05/10:34:26,apply-time,rs-000872-4x8zw,bb2cb64a-9848-4cfa-8806-b1926f88955f,1,775.705534
2026/02/05/10:34:26,running-time,rs-000872-4x8zw,bb2cb64a-9848-4cfa-8806-b1926f88955f,1,775.705534
2026/02/05/10:34:26,apply-time,rs-000872-fx4wt,722f256a-0bb2-4c08-aae8-aa03069261e7,1,775.705534
2026/02/05/10:34:26,running-time,rs-000872-fx4wt,722f256a-0bb2-4c08-aae8-aa03069261e7,1,775.705534
2026/02/05/10:34:26,apply-time,rs-000872-gr79l,66f67bec-e951-4426-9429-76a55dc91a4d,1,775.705534
2026/02/05/10:34:26,running-time,rs-000872-gr79l,66f67bec-e951-4426-9429-76a55dc91a4d,1,775.705534
2026/02/05/10:34:26,apply-time,rs-000873-fkj87,58796804-844a-49b2-a3d5-f4f1550e9027,1,775.705534
2026/02/05/10:34:26,running-time,rs-000873-fkj87,58796804-844a-49b2-a3d5-f4f1550e9027,1,775.705534
2026/02/05/10:34:26,apply-time,rs-000874-hxqbv,6f351576-e258-4688-8518-d84cca04186d,4,775.705534
2026/02/05/10:34:26,running-time,rs-000874-hxqbv,6f351576-e258-4688-8518-d84cca04186d,4,775.705534
2026/02/05/10:34:26,apply-time,rs-000874-p4rd8,da73dd23-5a3d-4018-b5d3-96174968103b,4,775.705534
2026/02/05/10:34:26,running-time,rs-000874-p4rd8,da73dd23-5a3d-4018-b5d3-96174968103b,4,775.705534
2026/02/05/10:34:28,running-time,rs-000870-7gqlr,311c1ed3-5f57-4d7e-b595-38e9d54998c8,2,777.705534
2026/02/05/10:34:29,running-time,rs-000870-fkr2n,e010fad0-f299-4a70-a056-ccb795408648,2,778.705534
2026/02/05/10:34:42,apply-time,rs-000875-5ktxd,f8319960-cd2a-442b-89a4-ea8c0e411b9d,3,790.705534
2026/02/05/10:34:42,running-time,rs-000875-5ktxd,f8319960-cd2a-442b-89a4-ea8c0e411b9d,3,790.705534
2026/02/05/10:34:42,apply-time,rs-000875-k4jjl,758838ee-4c16-4642-b990-caab86ca729c,3,790.705534
2026/02/05/10:34:42,running-time,rs-000875-k4jjl,758838ee-4c16-4642-b990-caab86ca729c,3,790.705534
2026/02/05/10:34:42,apply-time,rs-000876-8dvjw,1a7b29b5-9ada-4cfa-8079-db20bfcb6ea3,1,790.705534
2026/02/05/10:34:42,running-time,rs-000876-8dvjw,1a7b29b5-9ada-4cfa-8079-db20bfcb6ea3,1,790.705534
2026/02/05/10:34:42,apply-time,rs-000876-rhvz5,ce3bb981-1e1c-447a-b743-1f8dd4e41a13,1,790.705534
2026/02/05/10:34:42,running-time,rs-000876-rhvz5,ce3bb981-1e1c-447a-b743-1f8dd4e41a13,1,790.705534
2026/02/05/10:34:47,apply-time,rs-000877-4t8s7,60d591a7-8528-42e5-9e3a-ee661f9126ae,4,796.705534
2026/02/05/10:34:47,running-time,rs-000877-4t8s7,60d591a7-8528-42e5-9e3a-ee661f9126ae,4,796.705534
2026/02/05/10:34:47,apply-time,rs-000878-9mn6f,9a6d8fda-cb4c-41ea-a7cf-f455e17cb2f2,3,796.705534
2026/02/05/10:34:47,running-time,rs-000878-9mn6f,9a6d8fda-cb4c-41ea-a7cf-f455e17cb2f2,3,796.705534
2026/02/05/10:34:47,apply-time,rs-000879-69wcw,5ad178b3-2517-4e2b-bd24-eb0beab8bbc4,3,796.705534
2026/02/05/10:34:47,running-time,rs-000879-69wcw,5ad178b3-2517-4e2b-bd24-eb0beab8bbc4,3,796.705534
2026/02/05/10:34:47,apply-time,rs-000880-65k5f,aa177854-f1b9-4d90-b97d-17805d69b029,1,796.705534
2026/02/05/10:34:47,running-time,rs-000880-65k5f,aa177854-f1b9-4d90-b97d-17805d69b029,1,796.705534
2026/02/05/10:34:47,apply-time,rs-000880-9c4zn,a98d61e5-5b8b-467a-81ee-e3d736510092,1,796.705534
2026/02/05/10:34:47,running-time,rs-000880-9c4zn,a98d61e5-5b8b-467a-81ee-e3d736510092,1,796.705534
2026/02/05/10:34:47,apply-time,rs-000880-zsm96,9dc94f25-dbee-4abc-84bf-73fedeb52a13,1,796.705534
2026/02/05/10:34:47,running-time,rs-000880-zsm96,9dc94f25-dbee-4abc-84bf-73fedeb52a13,1,796.705534
2026/02/05/10:34:59,apply-time,rs-000881-kpsr4,5562621b-904d-4d43-96b0-52608ff604b2,4,808.705534
2026/02/05/10:34:59,running-time,rs-000881-kpsr4,5562621b-904d-4d43-96b0-52608ff604b2,4,808.705534
2026/02/05/10:34:59,apply-time,rs-000881-s8pzg,c9abecb4-e15a-4343-a912-9a4666717dd8,4,808.705534
2026/02/05/10:34:59,running-time,rs-000881-s8pzg,c9abecb4-e15a-4343-a912-9a4666717dd8,4,808.705534
2026/02/05/10:34:59,apply-time,rs-000881-wrxf9,01cc3a38-2ac9-44dd-b6c4-c172b408bd84,4,808.705534
2026/02/05/10:34:59,running-time,rs-000881-wrxf9,01cc3a38-2ac9-44dd-b6c4-c172b408bd84,4,808.705534
2026/02/05/10:34:59,apply-time,rs-000882-7h6zm,3af2bc50-947d-4497-baba-9f1e9983dca2,3,808.705534
2026/02/05/10:34:59,running-time,rs-000882-7h6zm,3af2bc50-947d-4497-baba-9f1e9983dca2,3,808.705534
2026/02/05/10:35:10,apply-time,rs-000883-8vfzk,e5777717-5d79-4d10-b136-efe5a7ca1023,2,819.705534
2026/02/05/10:35:10,running-time,rs-000883-8vfzk,e5777717-5d79-4d10-b136-efe5a7ca1023,2,819.705534
2026/02/05/10:35:10,apply-time,rs-000883-r6d5r,097fa41b-ae9a-4a58-a1bf-5f0f5183251a,2,819.705534
2026/02/05/10:35:10,running-time,rs-000883-r6d5r,097fa41b-ae9a-4a58-a1bf-5f0f5183251a,2,819.705534
2026/02/05/10:35:10,apply-time,rs-000884-zw7r9,4727821f-9b1a-4574-a4ee-dcb144410aa9,3,819.705534
2026/02/05/10:35:10,running-time,rs-000884-zw7r9,4727821f-9b1a-4574-a4ee-dcb144410aa9,3,819.705534
2026/02/05/10:35:12,apply-time,rs-000885-k5wmd,fb8f9969-37b5-4aef-bfb7-e5d10db7d885,3,821.705534
2026/02/05/10:35:12,running-time,rs-000885-k5wmd,fb8f9969-37b5-4aef-bfb7-e5d10db7d885,3,821.705534
2026/02/05/10:35:13,apply-time,rs-000886-l9vdz,8b8f481b-78e4-4669-bb75-40a5cfd3f470,3,821.705534
2026/02/05/10:35:13,running-time,rs-000886-l9vdz,8b8f481b-78e4-4669-bb75-40a5cfd3f470,3,821.705534
2026/02/05/10:35:13,apply-time,rs-000886-rsjxw,c05cffeb-b8c0-47fe-82d5-94b59beec4d1,3,821.705534
2026/02/05/10:35:13,running-time,rs-000886-rsjxw,c05cffeb-b8c0-47fe-82d5-94b59beec4d1,3,821.705534
2026/02/05/10:35:13,apply-time,rs-000887-j2fc7,549ff87c-5d73-4600-8985-ee9b56aea047,2,821.705534
2026/02/05/10:35:13,running-time,rs-000887-j2fc7,549ff87c-5d73-4600-8985-ee9b56aea047,2,821.705534
2026/02/05/10:35:13,apply-time,rs-000887-jlmd5,e12e74b3-24c3-413c-bf4f-6cfd4745f5ff,2,821.705534
2026/02/05/10:35:13,running-time,rs-000887-jlmd5,e12e74b3-24c3-413c-bf4f-6cfd4745f5ff,2,821.705534
2026/02/05/10:35:13,apply-time,rs-000888-2g8gc,408066ee-62e7-4830-b466-c52cffbf1bfb,4,821.705534
2026/02/05/10:35:13,running-time,rs-000888-2g8gc,408066ee-62e7-4830-b466-c52cffbf1bfb,4,821.705534
2026/02/05/10:35:13,apply-time,rs-000889-bs5vx,3b7c1c68-eb5b-4c63-ac85-b6044c54336d,2,822.705534
2026/02/05/10:35:13,running-time,rs-000889-bs5vx,3b7c1c68-eb5b-4c63-ac85-b6044c54336d,2,822.705534
2026/02/05/10:35:13,apply-time,rs-000889-dk6tg,058c38d1-993f-41e3-9894-a6a16cad95b0,2,822.705534
2026/02/05/10:35:13,running-time,rs-000889-dk6tg,058c38d1-993f-41e3-9894-a6a16cad95b0,2,822.705534
2026/02/05/10:35:13,apply-time,rs-000890-dng7c,dcbf6b5f-aba9-4a10-8a7e-ce252dcb0cc8,2,822.705534
2026/02/05/10:35:13,running-time,rs-000890-dng7c,dcbf6b5f-aba9-4a10-8a7e-ce252dcb0cc8,2,822.705534
2026/02/05/10:35:13,apply-time,rs-000891-2hlm8,ab26d4bf-52c9-49fd-84b5-c31062434844,2,822.705534
2026/02/05/10:35:13,running-time,rs-000891-2hlm8,ab26d4bf-52c9-49fd-84b5-c31062434844,2,822.705534
2026/02/05/10:35:13,apply-time,rs-000892-bzlkf,7d3d28e6-4af3-4322-876d-a62134e934b5,3,822.705534
2026/02/05/10:35:13,running-time,rs-000892-bzlkf,7d3d28e6-4af3-4322-876d-a62134e934b5,3,822.705534
2026/02/05/10:35:13,apply-time,rs-000893-kt7n6,e6e1c755-9f8d-4e35-b121-7efb6daba9e5,1,822.705534
2026/02/05/10:35:13,running-time,rs-000893-kt7n6,e6e1c755-9f8d-4e35-b121-7efb6daba9e5,1,822.705534
2026/02/05/10:35:13,apply-time,rs-000893-qs766,a37a63f3-130c-4a78-8ce1-ac00ba63b6c5,1,822.705534
2026/02/05/10:35:13,running-time,rs-000893-qs766,a37a63f3-130c-4a78-8ce1-ac00ba63b6c5,1,822.705534
2026/02/05/10:35:13,apply-time,rs-000893-wksvs,8743404d-ef6f-47b2-9413-446e35fa347b,1,822.705534
2026/02/05/10:35:13,running-time,rs-000893-wksvs,8743404d-ef6f-47b2-9413-446e35fa347b,1,822.705534
2026/02/05/10:35:28,apply-time,rs-000894-xwg2v,b9961039-cd67-4c78-8a79-50140f5f7fed,1,837.705534
2026/02/05/10:35:28,running-time,rs-000894-xwg2v,b9961039-cd67-4c78-8a79-50140f5f7fed,1,837.705534
2026/02/05/10:35:29,apply-time,rs-000895-m9shs,0e59fe70-568a-4696-82ea-7becd7509107,3,838.705534
2026/02/05/10:35:29,running-time,rs-000895-m9shs,0e59fe70-568a-4696-82ea-7becd7509107,3,838.705534
2026/02/05/10:35:29,apply-time,rs-000896-n8w2s,051c9a50-f24f-46ef-b61a-fe465ffb14e0,1,838.705534
2026/02/05/10:35:29,running-time,rs-000896-n8w2s,051c9a50-f24f-46ef-b61a-fe465ffb14e0,1,838.705534
2026/02/05/10:35:41,apply-time,rs-000897-5r5rx,d7c78a32-1613-4a5f-b2d5-635a887299c3,1,849.705534
2026/02/05/10:35:41,running-time,rs-000897-5r5rx,d7c78a32-1613-4a5f-b2d5-635a887299c3,1,849.705534
2026/02/05/10:35:41,apply-time,rs-000897-d625t,fb152cde-a2b0-4cb1-a7b1-7f160dde2abe,1,849.705534
2026/02/05/10:35:41,running-time,rs-000897-d625t,fb152cde-a2b0-4cb1-a7b1-7f160dde2abe,1,849.705534
2026/02/05/10:35:41,apply-time,rs-000897-k88q5,e23cf859-abda-4fad-9702-2ef3902a009f,1,849.705534
2026/02/05/10:35:41,running-time,rs-000897-k88q5,e23cf859-abda-4fad-9702-2ef3902a009f,1,849.705534
2026/02/05/10:35:41,apply-time,rs-000898-m7dw2,f11fbc95-1939-4381-891d-779fde073917,3,849.705534
2026/02/05/10:35:41,running-time,rs-000898-m7dw2,f11fbc95-1939-4381-891d-779fde073917,3,849.705534
2026/02/05/10:35:41,apply-time,rs-000899-chtx6,06c2894b-2845-4ca9-8ffb-4cfe2b8c9d40,1,850.705534
2026/02/05/10:35:41,running-time,rs-000899-chtx6,06c2894b-2845-4ca9-8ffb-4cfe2b8c9d40,1,850.705534
2026/02/05/10:35:41,apply-time,rs-000899-pjh48,9147e0e4-1baa-40f1-936d-f67c7879e58e,1,850.705534
2026/02/05/10:35:41,running-time,rs-000899-pjh48,9147e0e4-1baa-40f1-936d-f67c7879e58e,1,850.705534
2026/02/05/10:35:41,apply-time,rs-000899-xmknj,eb3daf7c-5370-460a-9a35-1f8974714b8b,1,850.705534
2026/02/05/10:35:41,running-time,rs-000899-xmknj,eb3daf7c-5370-460a-9a35-1f8974714b8b,1,850.705534
2026/02/05/10:35:41,apply-time,rs-000900-rcwnv,70836a75-0da0-4d2b-9514-c0e8d46bfc14,3,850.705534
2026/02/05/10:35:41,running-time,rs-000900-rcwnv,70836a75-0da0-4d2b-9514-c0e8d46bfc14,3,850.705534
2026/02/05/10:35:41,apply-time,rs-000901-jg4px,39043a78-2ee2-434d-a01b-8dd712c64d16,1,850.705534
2026/02/05/10:35:41,running-time,rs-000901-jg4px,39043a78-2ee2-434d-a01b-8dd712c64d16,1,850.705534
2026/02/05/10:35:41,apply-time,rs-000902-d5xmc,28d46268-ff09-4a72-9ff2-ea05c2465809,4,850.705534
2026/02/05/10:35:41,running-time,rs-000902-d5xmc,28d46268-ff09-4a72-9ff2-ea05c2465809,4,850.705534
2026/02/05/10:35:41,apply-time,rs-000902-xwz4b,0264c3cb-70dd-44db-b8b3-7a01a1d00b19,4,850.705534
2026/02/05/10:35:41,running-time,rs-000902-xwz4b,0264c3cb-70dd-44db-b8b3-7a01a1d00b19,4,850.705534
2026/02/05/10:35:41,apply-time,rs-000903-szp99,33aa4ec5-1f2f-4c61-b8a1-ee02f9ea74e1,2,850.705534
2026/02/05/10:35:41,running-time,rs-000903-szp99,33aa4ec5-1f2f-4c61-b8a1-ee02f9ea74e1,2,850.705534
2026/02/05/10:35:41,apply-time,rs-000903-tcp7g,e01d36fa-5774-4685-b258-075606dd95aa,2,850.705534
2026/02/05/10:35:41,running-time,rs-000903-tcp7g,e01d36fa-5774-4685-b258-075606dd95aa,2,850.705534
2026/02/05/10:35:42,apply-time,rs-000904-8w4m7,75e09505-d759-4d22-b62a-dd7b55f50313,1,850.705534
2026/02/05/10:35:42,running-time,rs-000904-8w4m7,75e09505-d759-4d22-b62a-dd7b55f50313,1,850.705534
2026/02/05/10:35:42,apply-time,rs-000904-hd57g,6aa8f982-aec8-479b-9591-89de3fce535d,1,851.705534
2026/02/05/10:35:42,running-time,rs-000904-hd57g,6aa8f982-aec8-479b-9591-89de3fce535d,1,851.705534
2026/02/05/10:35:42,apply-time,rs-000905-c2d9j,49d107aa-5f08-499c-9954-6bcc04f954b6,3,850.705534
2026/02/05/10:35:42,running-time,rs-000905-c2d9j,49d107aa-5f08-499c-9954-6bcc04f954b6,3,850.705534
2026/02/05/10:35:42,apply-time,rs-000906-vnmr7,1352b760-d59a-4119-8b4f-3b216d87e5cb,1,850.705534
2026/02/05/10:35:42,running-time,rs-000906-vnmr7,1352b760-d59a-4119-8b4f-3b216d87e5cb,1,850.705534
2026/02/05/10:35:51,apply-time,rs-000907-4kbj6,d16b7279-842d-4e5b-aee4-712f4313b16f,1,859.705534
2026/02/05/10:35:51,running-time,rs-000907-4kbj6,d16b7279-842d-4e5b-aee4-712f4313b16f,1,860.705534
2026/02/05/10:35:51,apply-time,rs-000907-blxr4,f55dea65-e2de-4015-91fa-02ca31206a69,1,859.705534
2026/02/05/10:35:51,running-time,rs-000907-blxr4,f55dea65-e2de-4015-91fa-02ca31206a69,1,860.705534
2026/02/05/10:35:51,apply-time,rs-000908-nlrjh,836543d3-9b8d-4a6a-821e-e12f522f8cf8,2,859.705534
2026/02/05/10:35:51,running-time,rs-000908-nlrjh,836543d3-9b8d-4a6a-821e-e12f522f8cf8,2,859.705534
2026/02/05/10:35:51,apply-time,rs-000909-92ctz,af0a5f9d-2b0f-4016-91b2-1cd667c38357,2,860.705534
2026/02/05/10:35:51,running-time,rs-000909-92ctz,af0a5f9d-2b0f-4016-91b2-1cd667c38357,2,860.705534
2026/02/05/10:35:51,apply-time,rs-000909-h7mjj,8d1d9df3-e4b3-462a-a3c5-986195a1e898,2,860.705534
2026/02/05/10:35:51,running-time,rs-000909-h7mjj,8d1d9df3-e4b3-462a-a3c5-986195a1e898,2,860.705534
2026/02/05/10:35:51,apply-time,rs-000909-tnqb7,3190ece6-cde9-4dff-bfb1-df457c638339,2,859.705534
2026/02/05/10:35:51,running-time,rs-000909-tnqb7,3190ece6-cde9-4dff-bfb1-df457c638339,2,860.705534
2026/02/05/10:35:51,apply-time,rs-000910-slb4s,8b78eea2-d1af-4351-b494-88f41ac43569,1,859.705534
2026/02/05/10:35:51,running-time,rs-000910-slb4s,8b78eea2-d1af-4351-b494-88f41ac43569,1,860.705534
2026/02/05/10:35:53,apply-time,rs-000911-gkr2h,c14c49cb-bab9-44f3-9374-db1e48372ac0,4,861.705534
2026/02/05/10:35:53,running-time,rs-000911-gkr2h,c14c49cb-bab9-44f3-9374-db1e48372ac0,4,861.705534
2026/02/05/10:35:53,apply-time,rs-000912-p72m2,eb3087c9-d6d7-430f-b664-4493f14193d3,4,861.705534
2026/02/05/10:35:53,running-time,rs-000912-p72m2,eb3087c9-d6d7-430f-b664-4493f14193d3,4,861.705534
2026/02/05/10:35:59,apply-time,rs-000913-zh2pb,4db2afad-ed98-44cf-b6dd-596220d86f4e,4,867.705534
2026/02/05/10:35:59,running-time,rs-000913-zh2pb,4db2afad-ed98-44cf-b6dd-596220d86f4e,4,868.705534
2026/02/05/10:35:59,apply-time,rs-000914-dkg4t,c98bb6e1-b534-43ba-b3ad-ef6ea4af60f1,1,868.705534
2026/02/05/10:35:59,running-time,rs-000914-dkg4t,c98bb6e1-b534-43ba-b3ad-ef6ea4af60f1,1,868.705534
2026/02/05/10:35:59,apply-time,rs-000915-rwllx,10d08564-0699-43e9-8b9c-5b1ae5e166f0,2,868.705534
2026/02/05/10:35:59,running-time,rs-000915-rwllx,10d08564-0699-43e9-8b9c-5b1ae5e166f0,2,868.705534
2026/02/05/10:35:59,apply-time,rs-000916-hprs9,245e3613-8497-46a6-af66-f2e9a70867ea,2,868.705534
2026/02/05/10:35:59,running-time,rs-000916-hprs9,245e3613-8497-46a6-af66-f2e9a70867ea,2,868.705534
2026/02/05/10:35:59,apply-time,rs-000916-nt654,041c11b0-a9d9-4974-8431-2402e0b2a5c7,2,868.705534
2026/02/05/10:35:59,running-time,rs-000916-nt654,041c11b0-a9d9-4974-8431-2402e0b2a5c7,2,868.705534
2026/02/05/10:35:59,apply-time,rs-000916-rgvhb,a83c7149-42b5-44a9-8da9-dcfbc8810e2c,2,868.705534
2026/02/05/10:35:59,running-time,rs-000916-rgvhb,a83c7149-42b5-44a9-8da9-dcfbc8810e2c,2,868.705534
2026/02/05/10:35:59,apply-time,rs-000917-gxd5s,2a7f52c0-6c85-4560-ad62-4670b9b19e09,3,868.705534
2026/02/05/10:35:59,running-time,rs-000917-gxd5s,2a7f52c0-6c85-4560-ad62-4670b9b19e09,3,868.705534
2026/02/05/10:36:00,apply-time,rs-000918-7c82w,77114558-b7ee-42b3-91f5-4fac2acdb2e1,4,869.705534
2026/02/05/10:36:00,running-time,rs-000918-7c82w,77114558-b7ee-42b3-91f5-4fac2acdb2e1,4,869.705534
2026/02/05/10:36:00,apply-time,rs-000918-c7rgd,62abdb57-3c28-4823-add5-e80c85cb6623,4,869.705534
2026/02/05/10:36:00,running-time,rs-000918-c7rgd,62abdb57-3c28-4823-add5-e80c85cb6623,4,869.705534
2026/02/05/10:36:00,apply-time,rs-000918-h4dkv,8ce0012a-1153-479d-9e1a-a64b31fd7e80,4,869.705534
2026/02/05/10:36:00,running-time,rs-000918-h4dkv,8ce0012a-1153-479d-9e1a-a64b31fd7e80,4,869.705534
2026/02/05/10:36:01,apply-time,rs-000919-8776k,e8d08f02-0fdf-49c1-a181-02c6e0f6779b,1,870.705534
2026/02/05/10:36:01,apply-time,rs-000919-slnvr,d12ed89c-1b15-4eca-9e0a-e51b14ea29da,1,870.705534
2026/02/05/10:36:01,apply-time,rs-000919-wsv84,1f9f5ec2-3221-423e-b87e-466f790afb26,1,870.705534
2026/02/05/10:36:01,running-time,rs-000919-wsv84,1f9f5ec2-3221-423e-b87e-466f790afb26,1,870.705534
2026/02/05/10:36:01,apply-time,rs-000920-9hhnb,91601888-c0a2-4f0d-bbf2-2c6483b4d88f,1,870.705534
2026/02/05/10:36:01,running-time,rs-000920-9hhnb,91601888-c0a2-4f0d-bbf2-2c6483b4d88f,1,870.705534
2026/02/05/10:36:01,apply-time,rs-000921-ghln9,43a24a8c-2b48-473b-a19d-2161fb27a8b9,1,870.705534
2026/02/05/10:36:01,running-time,rs-000921-ghln9,43a24a8c-2b48-473b-a19d-2161fb27a8b9,1,870.705534
2026/02/05/10:36:01,apply-time,rs-000921-gw8pt,8182b13b-d7d6-4de7-a557-7302dd6babf2,1,870.705534
2026/02/05/10:36:01,apply-time,rs-000921-xxtjh,69eaba87-ad6a-4770-b1ed-c8009f99f65f,1,870.705534
2026/02/05/10:36:01,apply-time,rs-000922-pxr5n,75a6043b-2850-45cd-9ec2-67e15465c860,2,870.705534
2026/02/05/10:36:01,running-time,rs-000922-pxr5n,75a6043b-2850-45cd-9ec2-67e15465c860,2,870.705534
2026/02/05/10:36:01,apply-time,rs-000922-tl778,5ee7c3f7-5d84-4f91-ba96-c6ac28895488,2,870.705534
2026/02/05/10:36:01,running-time,rs-000922-tl778,5ee7c3f7-5d84-4f91-ba96-c6ac28895488,2,870.705534
2026/02/05/10:36:02,apply-time,rs-000923-d7g6k,158123c1-d99f-430d-8a7b-a147d5670089,4,870.705534
2026/02/05/10:36:02,running-time,rs-000923-d7g6k,158123c1-d99f-430d-8a7b-a147d5670089,4,870.705534
2026/02/05/10:36:02,apply-time,rs-000924-tjcql,cb5aa8fe-ff01-490d-9d49-1383c2be2668,1,870.705534
2026/02/05/10:36:02,running-time,rs-000924-tjcql,cb5aa8fe-ff01-490d-9d49-1383c2be2668,1,870.705534
2026/02/05/10:36:02,apply-time,rs-000924-twrhb,5f888822-1412-4d3c-aca9-4f3c4eb8a276,1,871.705534
2026/02/05/10:36:02,running-time,rs-000924-twrhb,5f888822-1412-4d3c-aca9-4f3c4eb8a276,1,871.705534
2026/02/05/10:36:02,apply-time,rs-000925-2w4ck,38fdc117-daf0-4307-a8a6-5f3763b4c710,2,871.705534
2026/02/05/10:36:02,running-time,rs-000925-2w4ck,38fdc117-daf0-4307-a8a6-5f3763b4c710,2,871.705534
2026/02/05/10:36:02,apply-time,rs-000926-7bd89,4af7c1d0-4271-4688-a3e6-31fad39c9cc1,1,870.705534
2026/02/05/10:36:02,running-time,rs-000926-7bd89,4af7c1d0-4271-4688-a3e6-31fad39c9cc1,1,870.705534
2026/02/05/10:36:03,running-time,rs-000919-slnvr,d12ed89c-1b15-4eca-9e0a-e51b14ea29da,1,872.705534
2026/02/05/10:36:04,running-time,rs-000919-8776k,e8d08f02-0fdf-49c1-a181-02c6e0f6779b,1,872.705534
2026/02/05/10:36:05,apply-time,rs-000927-ctdvc,ca4f75bb-5a17-44f6-93ea-675d71905a21,3,874.705534
2026/02/05/10:36:05,running-time,rs-000927-ctdvc,ca4f75bb-5a17-44f6-93ea-675d71905a21,3,874.705534
2026/02/05/10:36:05,apply-time,rs-000927-kpx85,d6ee8a68-922e-44ee-ba3d-507c5e834cec,3,874.705534
2026/02/05/10:36:05,running-time,rs-000927-kpx85,d6ee8a68-922e-44ee-ba3d-507c5e834cec,3,874.705534
2026/02/05/10:36:05,apply-time,rs-000928-b5fmf,12f906e0-e231-4041-9275-8957da1d60c2,2,874.705534
2026/02/05/10:36:05,running-time,rs-000928-b5fmf,12f906e0-e231-4041-9275-8957da1d60c2,2,874.705534
2026/02/05/10:36:05,apply-time,rs-000928-fhwjw,e1f7af91-8247-4d54-a07e-19a1f682488c,2,874.705534
2026/02/05/10:36:05,running-time,rs-000928-fhwjw,e1f7af91-8247-4d54-a07e-19a1f682488c,2,874.705534
2026/02/05/10:36:06,apply-time,rs-000929-x96xc,2b2824c8-608a-4aa2-96ab-c1cafc8baee0,4,874.705534
2026/02/05/10:36:06,apply-time,rs-000930-745nk,6795080c-5ea5-49d4-80c5-4d3adaa8e591,2,874.705534
2026/02/05/10:36:06,running-time,rs-000930-745nk,6795080c-5ea5-49d4-80c5-4d3adaa8e591,2,874.705534
2026/02/05/10:36:06,apply-time,rs-000930-kdng2,af85a454-cca3-44ca-a625-68f9cd3ddc53,2,874.705534
2026/02/05/10:36:06,running-time,rs-000930-kdng2,af85a454-cca3-44ca-a625-68f9cd3ddc53,2,874.705534
2026/02/05/10:36:06,apply-time,rs-000930-tl89j,e6412302-b590-487c-81f5-29311dad836c,2,874.705534
2026/02/05/10:36:06,running-time,rs-000930-tl89j,e6412302-b590-487c-81f5-29311dad836c,2,874.705534
2026/02/05/10:36:08,running-time,rs-000929-x96xc,2b2824c8-608a-4aa2-96ab-c1cafc8baee0,4,877.705534
2026/02/05/10:36:10,apply-time,rs-000931-g4zpn,2c0cdb89-8bc3-47b9-bd2e-ebd8dfe1f2e9,1,878.705534
2026/02/05/10:36:10,running-time,rs-000931-g4zpn,2c0cdb89-8bc3-47b9-bd2e-ebd8dfe1f2e9,1,878.705534
2026/02/05/10:36:10,apply-time,rs-000931-jvgf8,5f4711ee-d11f-4411-8cb6-7d288e15d605,1,878.705534
2026/02/05/10:36:10,running-time,rs-000931-jvgf8,5f4711ee-d11f-4411-8cb6-7d288e15d605,1,878.705534
2026/02/05/10:36:10,apply-time,rs-000932-hg97z,aa39fb70-cd9e-4608-9363-4027f1820aba,1,878.705534
2026/02/05/10:36:10,running-time,rs-000932-hg97z,aa39fb70-cd9e-4608-9363-4027f1820aba,1,878.705534
2026/02/05/10:36:10,apply-time,rs-000932-kb7kh,6b582093-1eac-47ed-9c59-d74227f77c15,1,878.705534
2026/02/05/10:36:10,running-time,rs-000932-kb7kh,6b582093-1eac-47ed-9c59-d74227f77c15,1,878.705534
2026/02/05/10:36:10,apply-time,rs-000932-t2nbf,1c066fc7-2ae7-43ff-8236-d063a4479fce,1,878.705534
2026/02/05/10:36:10,running-time,rs-000932-t2nbf,1c066fc7-2ae7-43ff-8236-d063a4479fce,1,878.705534
2026/02/05/10:36:10,apply-time,rs-000933-8msdj,3b445d8b-7fec-4a20-ad82-6c1bf9434611,1,878.705534
2026/02/05/10:36:10,running-time,rs-000933-8msdj,3b445d8b-7fec-4a20-ad82-6c1bf9434611,1,879.705534
2026/02/05/10:36:10,apply-time,rs-000934-294hv,aed79b08-309d-4dd3-b531-7efa086d055d,1,878.705534
2026/02/05/10:36:10,running-time,rs-000934-294hv,aed79b08-309d-4dd3-b531-7efa086d055d,1,878.705534
2026/02/05/10:36:10,apply-time,rs-000934-p8fqf,6799916c-0be5-4b74-8584-f91414b1ce30,1,878.705534
2026/02/05/10:36:10,running-time,rs-000934-p8fqf,6799916c-0be5-4b74-8584-f91414b1ce30,1,879.705534
2026/02/05/10:36:10,apply-time,rs-000934-wvbv8,cffa75f5-fb8a-4914-99ab-f664e689fe3d,1,878.705534
2026/02/05/10:36:10,running-time,rs-000934-wvbv8,cffa75f5-fb8a-4914-99ab-f664e689fe3d,1,878.705534
2026/02/05/10:36:10,apply-time,rs-000935-wwqlj,3d27db0e-6d55-4a86-9077-b99d28a1523e,2,879.705534
2026/02/05/10:36:10,running-time,rs-000935-wwqlj,3d27db0e-6d55-4a86-9077-b99d28a1523e,2,879.705534
2026/02/05/10:36:10,apply-time,rs-000936-q4bkn,90bf3a14-6505-4852-9b1c-cd633a4eb49b,2,879.705534
2026/02/05/10:36:10,running-time,rs-000936-q4bkn,90bf3a14-6505-4852-9b1c-cd633a4eb49b,2,879.705534
2026/02/05/10:36:10,apply-time,rs-000936-qzrbw,e1f05e8c-d429-4611-b822-4309458d93c7,2,879.705534
2026/02/05/10:36:10,running-time,rs-000936-qzrbw,e1f05e8c-d429-4611-b822-4309458d93c7,2,879.705534
2026/02/05/10:36:10,apply-time,rs-000937-jpkhs,bdca189b-f989-4a1e-8577-1249de906c2e,4,879.705534
2026/02/05/10:36:10,running-time,rs-000937-jpkhs,bdca189b-f989-4a1e-8577-1249de906c2e,4,879.705534
2026/02/05/10:36:10,apply-time,rs-000938-ndznn,76b43522-15ca-4736-b851-cd67a1b4e0d5,3,879.705534
2026/02/05/10:36:10,running-time,rs-000938-ndznn,76b43522-15ca-4736-b851-cd67a1b4e0d5,3,879.705534
2026/02/05/10:36:11,apply-time,rs-000937-v69qt,a87b712e-7626-4b08-ad00-ff46544d1119,4,879.705534
2026/02/05/10:36:11,running-time,rs-000937-v69qt,a87b712e-7626-4b08-ad00-ff46544d1119,4,879.705534
2026/02/05/10:36:11,apply-time,rs-000937-x48ll,58d4c37c-f77c-4f99-a0a8-fe7493a92b98,4,879.705534
2026/02/05/10:36:11,running-time,rs-000937-x48ll,58d4c37c-f77c-4f99-a0a8-fe7493a92b98,4,879.705534
2026/02/05/10:36:11,apply-time,rs-000939-twqtl,f5edc455-f805-4253-9dde-25695a4a345c,3,879.705534
2026/02/05/10:36:11,apply-time,rs-000940-qxq6c,7b74f797-b2d8-4d8d-9f4c-2c782b90224e,2,880.705534
2026/02/05/10:36:11,running-time,rs-000940-qxq6c,7b74f797-b2d8-4d8d-9f4c-2c782b90224e,2,880.705534
2026/02/05/10:36:11,apply-time,rs-000941-bpdfx,f1d0c263-1ee1-4c6e-a779-8a17bc3b0704,4,880.705534
2026/02/05/10:36:11,running-time,rs-000941-bpdfx,f1d0c263-1ee1-4c6e-a779-8a17bc3b0704,4,880.705534
2026/02/05/10:36:11,apply-time,rs-000941-pnf8r,7d58f0b2-2f6c-4572-94de-6d2aa765a375,4,879.705534
2026/02/05/10:36:11,running-time,rs-000941-pnf8r,7d58f0b2-2f6c-4572-94de-6d2aa765a375,4,879.705534
2026/02/05/10:36:11,apply-time,rs-000942-6whg2,f77ee27f-b45a-4e5a-8ffb-1e3c65b08546,4,880.705534
2026/02/05/10:36:11,running-time,rs-000942-6whg2,f77ee27f-b45a-4e5a-8ffb-1e3c65b08546,4,880.705534
2026/02/05/10:36:11,apply-time,rs-000942-hjzhr,1c3c67c2-db14-42f7-9bcf-647885b6b608,4,880.705534
2026/02/05/10:36:11,running-time,rs-000942-hjzhr,1c3c67c2-db14-42f7-9bcf-647885b6b608,4,880.705534
2026/02/05/10:36:12,running-time,rs-000939-twqtl,f5edc455-f805-4253-9dde-25695a4a345c,3,881.705534
2026/02/05/10:36:12,apply-time,rs-000943-85lxk,0ea50d45-09d1-4f6a-b392-531e88c38190,3,880.705534
2026/02/05/10:36:12,running-time,rs-000943-85lxk,0ea50d45-09d1-4f6a-b392-531e88c38190,3,880.705534
2026/02/05/10:36:12,apply-time,rs-000944-glb5p,5c30e70b-6301-49ee-a47a-84982ab8fb81,2,880.705534
2026/02/05/10:36:12,running-time,rs-000944-glb5p,5c30e70b-6301-49ee-a47a-84982ab8fb81,2,880.705534
2026/02/05/10:36:12,apply-time,rs-000945-6hf2k,b7660424-075c-4ef9-9178-3b2b00fc2a99,4,880.705534
2026/02/05/10:36:12,running-time,rs-000945-6hf2k,b7660424-075c-4ef9-9178-3b2b00fc2a99,4,880.705534
2026/02/05/10:36:12,apply-time,rs-000945-j5cqb,1bc1ba0f-469b-4a5f-a410-1020c077c6fe,4,881.705534
2026/02/05/10:36:12,running-time,rs-000945-j5cqb,1bc1ba0f-469b-4a5f-a410-1020c077c6fe,4,881.705534
2026/02/05/10:36:12,apply-time,rs-000946-jm4sq,51a0a490-07d5-4de2-9701-d3b0b42a8deb,1,881.705534
2026/02/05/10:36:12,running-time,rs-000946-jm4sq,51a0a490-07d5-4de2-9701-d3b0b42a8deb,1,881.705534
2026/02/05/10:36:12,apply-time,rs-000947-t9vr9,aa9f6ecd-8ff0-4213-a579-e87a2464c2c7,3,881.705534
2026/02/05/10:36:12,running-time,rs-000947-t9vr9,aa9f6ecd-8ff0-4213-a579-e87a2464c2c7,3,881.705534
2026/02/05/10:36:13,apply-time,rs-000947-g5flt,76c3d1fb-8f4e-4fa2-b493-2f21ab9eb524,3,881.705534
2026/02/05/10:36:13,running-time,rs-000947-g5flt,76c3d1fb-8f4e-4fa2-b493-2f21ab9eb524,3,881.705534
2026/02/05/10:36:13,apply-time,rs-000947-kkdx4,7d6f060d-5705-4c4a-b834-306801f5df05,3,881.705534
2026/02/05/10:36:13,running-time,rs-000947-kkdx4,7d6f060d-5705-4c4a-b834-306801f5df05,3,881.705534
2026/02/05/10:36:13,apply-time,rs-000948-sclld,7a656707-f928-470d-ad6a-ef5b82e3d370,2,882.705534
2026/02/05/10:36:13,running-time,rs-000948-sclld,7a656707-f928-470d-ad6a-ef5b82e3d370,2,882.705534
2026/02/05/10:36:13,apply-time,rs-000949-cxqvr,01f1de24-6d7c-4d9b-82f3-17ac2393bf0c,1,882.705534
2026/02/05/10:36:13,running-time,rs-000949-cxqvr,01f1de24-6d7c-4d9b-82f3-17ac2393bf0c,1,882.705534
2026/02/05/10:36:13,apply-time,rs-000949-vnclp,66c4ae39-af53-4b8e-977a-d22d38fcdcaf,1,882.705534
2026/02/05/10:36:13,running-time,rs-000949-vnclp,66c4ae39-af53-4b8e-977a-d22d38fcdcaf,1,882.705534
2026/02/05/10:36:24,apply-time,rs-000950-7sncl,42275db1-1d25-41ed-87b3-ccf7045cd61e,2,893.705534
2026/02/05/10:36:24,running-time,rs-000950-7sncl,42275db1-1d25-41ed-87b3-ccf7045cd61e,2,893.705534
2026/02/05/10:36:24,apply-time,rs-000950-r5wrr,f154c7ce-6a96-450c-8599-18cfc07acbed,2,893.705534
2026/02/05/10:36:24,running-time,rs-000950-r5wrr,f154c7ce-6a96-450c-8599-18cfc07acbed,2,893.705534
2026/02/05/10:36:33,apply-time,rs-000951-vqlcz,c9f5078d-eb7f-4d44-be11-95349faa165e,3,902.705534
2026/02/05/10:36:33,running-time,rs-000951-vqlcz,c9f5078d-eb7f-4d44-be11-95349faa165e,3,902.705534
2026/02/05/10:36:33,apply-time,rs-000952-jwsmv,2dda2fed-5c69-4c5a-b95d-1041307f8cbe,2,902.705534
2026/02/05/10:36:33,running-time,rs-000952-jwsmv,2dda2fed-5c69-4c5a-b95d-1041307f8cbe,2,902.705534
2026/02/05/10:36:34,apply-time,rs-000953-bzf4l,350b99b7-919c-4eee-8a95-f9eb7ce969a5,1,902.705534
2026/02/05/10:36:34,running-time,rs-000953-bzf4l,350b99b7-919c-4eee-8a95-f9eb7ce969a5,1,902.705534
2026/02/05/10:36:36,apply-time,rs-000954-gznpm,4b1569fd-0b1c-4693-8cf8-13adc86c0d93,3,904.705534
2026/02/05/10:36:36,running-time,rs-000954-gznpm,4b1569fd-0b1c-4693-8cf8-13adc86c0d93,3,904.705534
2026/02/05/10:36:36,apply-time,rs-000954-n2pxh,6b496b47-e13c-423f-98df-31b01d9a9bf1,3,904.705534
2026/02/05/10:36:36,running-time,rs-000954-n2pxh,6b496b47-e13c-423f-98df-31b01d9a9bf1,3,905.705534
2026/02/05/10:36:36,apply-time,rs-000955-dkqs9,a5e72a8b-4eab-4164-8d0f-0dd559bd1d20,2,905.705534
2026/02/05/10:36:36,running-time,rs-000955-dkqs9,a5e72a8b-4eab-4164-8d0f-0dd559bd1d20,2,905.705534
2026/02/05/10:36:36,apply-time,rs-000955-j76l2,960ea9da-f391-4ab3-be51-dc00dc4d6123,2,905.705534
2026/02/05/10:36:36,running-time,rs-000955-j76l2,960ea9da-f391-4ab3-be51-dc00dc4d6123,2,905.705534
2026/02/05/10:36:36,apply-time,rs-000955-sgj9m,c984b383-d970-4cc7-87e7-fb0fed38f6cc,2,905.705534
2026/02/05/10:36:36,running-time,rs-000955-sgj9m,c984b383-d970-4cc7-87e7-fb0fed38f6cc,2,905.705534
2026/02/05/10:36:37,apply-time,rs-000956-d29h5,e061063c-c937-4a08-9e76-77025ec789a0,1,906.705534
2026/02/05/10:36:37,running-time,rs-000956-d29h5,e061063c-c937-4a08-9e76-77025ec789a0,1,906.705534
2026/02/05/10:36:37,apply-time,rs-000956-n7qxd,ee425966-9243-4074-b6a6-b79cb30840ac,1,906.705534
2026/02/05/10:36:37,running-time,rs-000956-n7qxd,ee425966-9243-4074-b6a6-b79cb30840ac,1,906.705534
2026/02/05/10:36:37,apply-time,rs-000957-57fdg,ec4e0d11-1b15-4c50-8412-24c6020a6486,3,906.705534
2026/02/05/10:36:37,running-time,rs-000957-57fdg,ec4e0d11-1b15-4c50-8412-24c6020a6486,3,906.705534
2026/02/05/10:36:37,apply-time,rs-000957-bmrzz,44273805-c349-4baf-96fc-a9720f40bb63,3,906.705534
2026/02/05/10:36:37,running-time,rs-000957-bmrzz,44273805-c349-4baf-96fc-a9720f40bb63,3,906.705534
2026/02/05/10:36:37,apply-time,rs-000958-2kqqx,aea8628b-3b34-4ad0-8ac3-74c7654afc71,2,906.705534
2026/02/05/10:36:37,running-time,rs-000958-2kqqx,aea8628b-3b34-4ad0-8ac3-74c7654afc71,2,906.705534
2026/02/05/10:36:37,apply-time,rs-000958-ps774,84349f4b-9f44-4393-8cd4-24adde1154ea,2,906.705534
2026/02/05/10:36:37,running-time,rs-000958-ps774,84349f4b-9f44-4393-8cd4-24adde1154ea,2,906.705534
2026/02/05/10:36:37,apply-time,rs-000959-cfrg4,e1beb6e6-3791-498d-b1a8-46cc097e47bd,3,906.705534
2026/02/05/10:36:37,running-time,rs-000959-cfrg4,e1beb6e6-3791-498d-b1a8-46cc097e47bd,3,906.705534
2026/02/05/10:36:37,apply-time,rs-000960-r8vd5,c8650412-e5ab-4b52-810c-60a9e016826f,4,906.705534
2026/02/05/10:36:37,running-time,rs-000960-r8vd5,c8650412-e5ab-4b52-810c-60a9e016826f,4,906.705534
2026/02/05/10:36:37,apply-time,rs-000960-rdtqx,043f45e2-8c5b-455b-9eb1-85f7ead23761,4,906.705534
2026/02/05/10:36:37,running-time,rs-000960-rdtqx,043f45e2-8c5b-455b-9eb1-85f7ead23761,4,906.705534
2026/02/05/10:36:39,apply-time,rs-000961-2ntxd,73ca77e2-68d5-487e-9eaf-97a8a6384e32,4,908.705534
2026/02/05/10:36:39,running-time,rs-000961-2ntxd,73ca77e2-68d5-487e-9eaf-97a8a6384e32,4,908.705534
2026/02/05/10:36:39,apply-time,rs-000961-mm6gr,2f8f571b-e10a-4cc1-8fab-6421c237e1a9,4,908.705534
2026/02/05/10:36:39,running-time,rs-000961-mm6gr,2f8f571b-e10a-4cc1-8fab-6421c237e1a9,4,908.705534
2026/02/05/10:36:39,apply-time,rs-000962-6m445,a7804802-c477-4257-8ad9-a7fffe19ccd3,2,908.705534
2026/02/05/10:36:39,running-time,rs-000962-6m445,a7804802-c477-4257-8ad9-a7fffe19ccd3,2,908.705534
2026/02/05/10:36:39,apply-time,rs-000963-klgpr,fdd9db1d-c38e-4b89-9313-ecd80246374c,2,908.705534
2026/02/05/10:36:39,running-time,rs-000963-klgpr,fdd9db1d-c38e-4b89-9313-ecd80246374c,2,908.705534
2026/02/05/10:36:39,apply-time,rs-000963-ppqrz,e31a012b-acf7-4b9b-88b6-1d6594cac50d,2,908.705534
2026/02/05/10:36:39,running-time,rs-000963-ppqrz,e31a012b-acf7-4b9b-88b6-1d6594cac50d,2,908.705534
2026/02/05/10:36:39,apply-time,rs-000963-wcdkf,39618f92-fbcf-4ae7-b800-5490a7136182,2,908.705534
2026/02/05/10:36:39,running-time,rs-000963-wcdkf,39618f92-fbcf-4ae7-b800-5490a7136182,2,908.705534
2026/02/05/10:36:39,apply-time,rs-000964-jqhwb,bfdbef71-63aa-44f7-882b-edcdcacacaf8,1,908.705534
2026/02/05/10:36:39,running-time,rs-000964-jqhwb,bfdbef71-63aa-44f7-882b-edcdcacacaf8,1,908.705534
2026/02/05/10:36:39,apply-time,rs-000964-p2gm7,05cd457c-38db-4568-a379-2ec51a5fa69e,1,908.705534
2026/02/05/10:36:39,running-time,rs-000964-p2gm7,05cd457c-38db-4568-a379-2ec51a5fa69e,1,908.705534
2026/02/05/10:36:39,apply-time,rs-000964-tc6wj,618d34e4-56d1-470a-bbc6-7ae76a00d151,1,908.705534
2026/02/05/10:36:39,running-time,rs-000964-tc6wj,618d34e4-56d1-470a-bbc6-7ae76a00d151,1,908.705534
2026/02/05/10:36:39,apply-time,rs-000965-ldvkp,1b6ebc74-9d54-4983-8807-adb8f4b5a8dc,1,908.705534
2026/02/05/10:36:39,running-time,rs-000965-ldvkp,1b6ebc74-9d54-4983-8807-adb8f4b5a8dc,1,908.705534
2026/02/05/10:36:46,apply-time,rs-000966-dmbrl,d1773fc2-983c-443b-83f6-2f1eb964465e,1,914.705534
2026/02/05/10:36:46,running-time,rs-000966-dmbrl,d1773fc2-983c-443b-83f6-2f1eb964465e,1,915.705534
2026/02/05/10:36:46,apply-time,rs-000966-g887w,2f4c119e-4d78-4091-bc9e-537003f091d7,1,915.705534
2026/02/05/10:36:46,running-time,rs-000966-g887w,2f4c119e-4d78-4091-bc9e-537003f091d7,1,915.705534
2026/02/05/10:36:46,apply-time,rs-000966-rb9kl,0a2fdecd-0cfe-46ab-ac52-2ae0ca3f19ca,1,915.705534
2026/02/05/10:36:46,running-time,rs-000966-rb9kl,0a2fdecd-0cfe-46ab-ac52-2ae0ca3f19ca,1,915.705534
2026/02/05/10:36:46,apply-time,rs-000967-sjtw8,afa1ab87-db60-445c-8de1-5cfb03000e6d,1,915.705534
2026/02/05/10:36:46,running-time,rs-000967-sjtw8,afa1ab87-db60-445c-8de1-5cfb03000e6d,1,915.705534
2026/02/05/10:36:48,apply-time,rs-000968-l8ddz,ac63fc7f-5ef1-42c4-87e2-ddd6a7750a87,2,917.705534
2026/02/05/10:36:48,running-time,rs-000968-l8ddz,ac63fc7f-5ef1-42c4-87e2-ddd6a7750a87,2,917.705534
2026/02/05/10:36:48,apply-time,rs-000968-qg48m,badd727b-4b6f-4fc3-ada8-a6848e1192c5,2,917.705534
2026/02/05/10:36:48,running-time,rs-000968-qg48m,badd727b-4b6f-4fc3-ada8-a6848e1192c5,2,917.705534
2026/02/05/10:36:49,apply-time,rs-000969-4mkwr,c1f5dcca-88cf-40c0-824b-7b31c25a4dc2,2,918.705534
2026/02/05/10:36:49,running-time,rs-000969-4mkwr,c1f5dcca-88cf-40c0-824b-7b31c25a4dc2,2,918.705534
2026/02/05/10:36:49,apply-time,rs-000969-ndmkm,66e14ea2-250f-40ca-bfda-b40c35f328d6,2,918.705534
2026/02/05/10:36:49,running-time,rs-000969-ndmkm,66e14ea2-250f-40ca-bfda-b40c35f328d6,2,918.705534
2026/02/05/10:36:49,apply-time,rs-000970-scfmd,ea7e0bf6-9d5a-4376-b633-c7d0984bfa7d,1,918.705534
2026/02/05/10:36:49,running-time,rs-000970-scfmd,ea7e0bf6-9d5a-4376-b633-c7d0984bfa7d,1,918.705534
2026/02/05/10:36:49,apply-time,rs-000971-5dwcx,fae93037-f2e8-4105-933c-3d5d591c77bb,3,918.705534
2026/02/05/10:36:49,running-time,rs-000971-5dwcx,fae93037-f2e8-4105-933c-3d5d591c77bb,3,918.705534
2026/02/05/10:36:49,apply-time,rs-000971-q85s2,e58723ba-b4ee-461d-b960-20b56a437d9e,3,918.705534
2026/02/05/10:36:49,running-time,rs-000971-q85s2,e58723ba-b4ee-461d-b960-20b56a437d9e,3,918.705534
2026/02/05/10:36:50,apply-time,rs-000972-c5vb5,40980d6a-2690-45b0-83f2-5f1140ae2f99,4,919.705534
2026/02/05/10:36:50,running-time,rs-000972-c5vb5,40980d6a-2690-45b0-83f2-5f1140ae2f99,4,919.705534
2026/02/05/10:36:50,apply-time,rs-000972-fb2jk,3908d797-1e16-4c93-a92d-e06cf0d27c0d,4,919.705534
2026/02/05/10:36:50,running-time,rs-000972-fb2jk,3908d797-1e16-4c93-a92d-e06cf0d27c0d,4,919.705534
2026/02/05/10:36:50,apply-time,rs-000972-rx5sl,210c29d1-4db0-4f90-a8e6-47851fb24d36,4,919.705534
2026/02/05/10:36:50,running-time,rs-000972-rx5sl,210c29d1-4db0-4f90-a8e6-47851fb24d36,4,919.705534
2026/02/05/10:36:51,apply-time,rs-000973-4rhtp,e71adc9c-91fe-4cbe-b67d-41a88f19b5c2,4,920.705534
2026/02/05/10:36:51,running-time,rs-000973-4rhtp,e71adc9c-91fe-4cbe-b67d-41a88f19b5c2,4,920.705534
2026/02/05/10:36:51,apply-time,rs-000973-j5n7l,7b912e10-39f5-4128-a1f9-70b1386b6641,4,920.705534
2026/02/05/10:36:51,running-time,rs-000973-j5n7l,7b912e10-39f5-4128-a1f9-70b1386b6641,4,920.705534
2026/02/05/10:36:51,apply-time,rs-000974-cbllw,e6d2d529-c359-4c5a-90d4-4d826ced5b99,1,920.705534
2026/02/05/10:36:51,running-time,rs-000974-cbllw,e6d2d529-c359-4c5a-90d4-4d826ced5b99,1,920.705534
2026/02/05/10:36:51,apply-time,rs-000974-xd8w2,629db1a1-e30d-4856-a279-21ab85087b80,1,920.705534
2026/02/05/10:36:51,running-time,rs-000974-xd8w2,629db1a1-e30d-4856-a279-21ab85087b80,1,920.705534
2026/02/05/10:36:51,apply-time,rs-000975-5hsv5,56f1be9e-45ae-40fc-ad37-6bdc5a2f6f73,4,920.705534
2026/02/05/10:36:51,running-time,rs-000975-5hsv5,56f1be9e-45ae-40fc-ad37-6bdc5a2f6f73,4,920.705534
2026/02/05/10:36:51,apply-time,rs-000976-p2g4k,25ccd5f4-db72-449d-a426-54f42155cb6b,1,920.705534
2026/02/05/10:36:51,running-time,rs-000976-p2g4k,25ccd5f4-db72-449d-a426-54f42155cb6b,1,920.705534
2026/02/05/10:36:51,apply-time,rs-000977-dbtjs,0aa49c72-38bb-4cd3-b685-8ec713bbe4c6,3,920.705534
2026/02/05/10:36:51,running-time,rs-000977-dbtjs,0aa49c72-38bb-4cd3-b685-8ec713bbe4c6,3,920.705534
2026/02/05/10:36:51,apply-time,rs-000977-kl7cc,f6324332-70cf-4c77-a4cc-97729a0fca76,3,920.705534
2026/02/05/10:36:51,running-time,rs-000977-kl7cc,f6324332-70cf-4c77-a4cc-97729a0fca76,3,920.705534
2026/02/05/10:36:58,apply-time,rs-000978-dztww,9e11cfda-4890-4179-9844-96e0576f776d,1,927.705534
2026/02/05/10:36:58,running-time,rs-000978-dztww,9e11cfda-4890-4179-9844-96e0576f776d,1,927.705534
2026/02/05/10:36:58,apply-time,rs-000978-tq2sm,0917fe3b-5f8d-42ae-9aa8-41d33cd34627,1,927.705534
2026/02/05/10:36:58,running-time,rs-000978-tq2sm,0917fe3b-5f8d-42ae-9aa8-41d33cd34627,1,927.705534
2026/02/05/10:36:58,apply-time,rs-000979-xmwvr,9cdef00c-b5bf-4a52-8e5d-065b87399a19,1,927.705534
2026/02/05/10:36:58,running-time,rs-000979-xmwvr,9cdef00c-b5bf-4a52-8e5d-065b87399a19,1,927.705534
2026/02/05/10:37:04,apply-time,rs-000980-6c4dc,124d5941-ab6f-43c2-811d-288a7e5a26cb,3,932.705534
2026/02/05/10:37:04,running-time,rs-000980-6c4dc,124d5941-ab6f-43c2-811d-288a7e5a26cb,3,932.705534
2026/02/05/10:37:04,apply-time,rs-000980-9m4hp,28a3022c-90f0-46c6-be36-ae5f732465eb,3,932.705534
2026/02/05/10:37:04,running-time,rs-000980-9m4hp,28a3022c-90f0-46c6-be36-ae5f732465eb,3,932.705534
2026/02/05/10:37:04,apply-time,rs-000981-h7kbr,6b6bc7fa-f8a7-4b0e-957a-4f4d757894a1,3,933.705534
2026/02/05/10:37:04,running-time,rs-000981-h7kbr,6b6bc7fa-f8a7-4b0e-957a-4f4d757894a1,3,933.705534
2026/02/05/10:37:04,apply-time,rs-000981-pqsm2,9238c64c-0e3c-49ba-98bb-5a1b835ef6b5,3,933.705534
2026/02/05/10:37:04,running-time,rs-000981-pqsm2,9238c64c-0e3c-49ba-98bb-5a1b835ef6b5,3,933.705534
2026/02/05/10:37:04,apply-time,rs-000982-tqql2,2541b2ff-b3f5-4bcf-86c3-7a08d5f35c72,4,933.705534
2026/02/05/10:37:04,running-time,rs-000982-tqql2,2541b2ff-b3f5-4bcf-86c3-7a08d5f35c72,4,933.705534
2026/02/05/10:37:04,apply-time,rs-000983-qcmmb,f6443fa1-c0ab-4ceb-a2bb-fcbe39b688ea,3,933.705534
2026/02/05/10:37:04,running-time,rs-000983-qcmmb,f6443fa1-c0ab-4ceb-a2bb-fcbe39b688ea,3,933.705534
2026/02/05/10:37:04,apply-time,rs-000984-rrthl,fc0f9abf-f75b-4f25-a99b-7f5135cccb34,2,933.705534
2026/02/05/10:37:04,running-time,rs-000984-rrthl,fc0f9abf-f75b-4f25-a99b-7f5135cccb34,2,933.705534
2026/02/05/10:37:04,apply-time,rs-000984-t76kl,6639b9e9-eec6-4f96-ab0f-353f755ee1a6,2,933.705534
2026/02/05/10:37:04,running-time,rs-000984-t76kl,6639b9e9-eec6-4f96-ab0f-353f755ee1a6,2,933.705534
2026/02/05/10:37:09,apply-time,rs-000985-25lxz,c00273c2-3c46-4d72-99bd-3a03b2083090,3,937.705534
2026/02/05/10:37:09,running-time,rs-000985-25lxz,c00273c2-3c46-4d72-99bd-3a03b2083090,3,937.705534
2026/02/05/10:37:09,apply-time,rs-000985-rlgq8,043977fc-6c0a-47a8-a23d-46664135b177,3,937.705534
2026/02/05/10:37:09,running-time,rs-000985-rlgq8,043977fc-6c0a-47a8-a23d-46664135b177,3,937.705534
2026/02/05/10:37:09,apply-time,rs-000986-fvn7c,329afe70-4f3d-4319-98f2-34bd9111b1fb,1,937.705534
2026/02/05/10:37:09,running-time,rs-000986-fvn7c,329afe70-4f3d-4319-98f2-34bd9111b1fb,1,937.705534
2026/02/05/10:37:09,apply-time,rs-000986-lk5gh,3c047d05-a873-48d2-b1fe-cb6bf5de8266,1,937.705534
2026/02/05/10:37:09,running-time,rs-000986-lk5gh,3c047d05-a873-48d2-b1fe-cb6bf5de8266,1,937.705534
2026/02/05/10:37:09,apply-time,rs-000986-p4dd5,20c0daa5-d7bb-4646-b9f8-e8324c9d3e46,1,937.705534
2026/02/05/10:37:09,running-time,rs-000986-p4dd5,20c0daa5-d7bb-4646-b9f8-e8324c9d3e46,1,937.705534
2026/02/05/10:37:09,apply-time,rs-000987-4lxz2,ee24de53-45f1-4f78-9564-25a6611c83ba,4,937.705534
2026/02/05/10:37:09,running-time,rs-000987-4lxz2,ee24de53-45f1-4f78-9564-25a6611c83ba,4,938.705534
2026/02/05/10:37:09,apply-time,rs-000987-jm5cz,160bd293-cc41-414e-9344-245d1072df84,4,937.705534
2026/02/05/10:37:09,running-time,rs-000987-jm5cz,160bd293-cc41-414e-9344-245d1072df84,4,938.705534
2026/02/05/10:37:09,apply-time,rs-000987-khzv9,fb372b77-6d7a-4c22-9bb3-de98884d573d,4,937.705534
2026/02/05/10:37:09,running-time,rs-000987-khzv9,fb372b77-6d7a-4c22-9bb3-de98884d573d,4,937.705534
2026/02/05/10:37:09,apply-time,rs-000988-hxfvq,e4dbce0a-0e47-4417-bf11-b64ff416e9b4,4,937.705534
2026/02/05/10:37:09,running-time,rs-000988-hxfvq,e4dbce0a-0e47-4417-bf11-b64ff416e9b4,4,937.705534
2026/02/05/10:37:09,apply-time,rs-000989-2dlbj,004aed43-cf75-43fd-9ddc-efd2f8571c1f,4,937.705534
2026/02/05/10:37:09,running-time,rs-000989-2dlbj,004aed43-cf75-43fd-9ddc-efd2f8571c1f,4,938.705534
2026/02/05/10:37:09,apply-time,rs-000989-bm778,97d090ab-3f0b-4066-a75f-fe22ab77a810,4,937.705534
2026/02/05/10:37:09,running-time,rs-000989-bm778,97d090ab-3f0b-4066-a75f-fe22ab77a810,4,938.705534
2026/02/05/10:37:09,apply-time,rs-000989-xtx9r,586c9256-ae98-48f0-9516-917cbf635686,4,937.705534
2026/02/05/10:37:09,running-time,rs-000989-xtx9r,586c9256-ae98-48f0-9516-917cbf635686,4,937.705534
2026/02/05/10:37:09,apply-time,rs-000990-8rrqh,4ec73576-5c19-4985-b825-146e7ddad943,2,938.705534
2026/02/05/10:37:09,running-time,rs-000990-8rrqh,4ec73576-5c19-4985-b825-146e7ddad943,2,938.705534
2026/02/05/10:37:09,apply-time,rs-000990-btlh5,3aacdf0a-6bbc-482d-92b6-4bae8c88fdde,2,938.705534
2026/02/05/10:37:09,running-time,rs-000990-btlh5,3aacdf0a-6bbc-482d-92b6-4bae8c88fdde,2,938.705534
2026/02/05/10:37:09,apply-time,rs-000990-lthf7,5b52c6b2-0332-4a60-b856-a446661f25e2,2,938.705534
2026/02/05/10:37:09,running-time,rs-000990-lthf7,5b52c6b2-0332-4a60-b856-a446661f25e2,2,938.705534
2026/02/05/10:37:09,apply-time,rs-000991-pd4qn,97ab9a1d-ca87-4c85-a8df-61f6a2b74bba,2,938.705534
2026/02/05/10:37:09,running-time,rs-000991-pd4qn,97ab9a1d-ca87-4c85-a8df-61f6a2b74bba,2,938.705534
2026/02/05/10:37:10,apply-time,rs-000992-2q5j2,d0b6f034-77a5-4cd2-9e13-deff8e65c039,3,939.705534
2026/02/05/10:37:10,apply-time,rs-000992-82tqv,11d187fc-74e2-4bdf-9883-d696cad72db4,3,938.705534
2026/02/05/10:37:10,running-time,rs-000992-82tqv,11d187fc-74e2-4bdf-9883-d696cad72db4,3,938.705534
2026/02/05/10:37:10,apply-time,rs-000993-8w2hx,b07cfe80-462d-465f-bd9f-81f4cfa95921,2,939.705534
2026/02/05/10:37:10,running-time,rs-000993-8w2hx,b07cfe80-462d-465f-bd9f-81f4cfa95921,2,939.705534
2026/02/05/10:37:10,apply-time,rs-000993-x2f48,638f3907-7d28-4b24-bcc4-b2a9711a2a39,2,938.705534
2026/02/05/10:37:10,running-time,rs-000993-x2f48,638f3907-7d28-4b24-bcc4-b2a9711a2a39,2,938.705534
2026/02/05/10:37:10,apply-time,rs-000994-6gc9z,41cdb8a2-01b6-403b-8653-958cf5781390,2,938.705534
2026/02/05/10:37:10,running-time,rs-000994-6gc9z,41cdb8a2-01b6-403b-8653-958cf5781390,2,938.705534
2026/02/05/10:37:10,apply-time,rs-000994-h6fht,c885e056-9a8a-4cbf-a0be-134e27a0a8da,2,939.705534
2026/02/05/10:37:10,apply-time,rs-000994-w5x8l,3f180e66-5a41-46bc-bac3-c2c881df1735,2,939.705534
2026/02/05/10:37:10,apply-time,rs-000995-fppdp,ed262439-eb2f-4dbd-b01d-869bfd0b24b3,1,939.705534
2026/02/05/10:37:10,running-time,rs-000995-fppdp,ed262439-eb2f-4dbd-b01d-869bfd0b24b3,1,939.705534
2026/02/05/10:37:10,apply-time,rs-000995-h4fbn,c3776ecf-fa50-4eb9-b46a-c629870fa4cb,1,939.705534
2026/02/05/10:37:10,running-time,rs-000995-h4fbn,c3776ecf-fa50-4eb9-b46a-c629870fa4cb,1,939.705534
2026/02/05/10:37:10,apply-time,rs-000995-ktzb5,13a54ba8-33e1-493b-8696-8f6186e4e175,1,939.705534
2026/02/05/10:37:10,running-time,rs-000995-ktzb5,13a54ba8-33e1-493b-8696-8f6186e4e175,1,939.705534
2026/02/05/10:37:11,running-time,rs-000992-2q5j2,d0b6f034-77a5-4cd2-9e13-deff8e65c039,3,940.705534
2026/02/05/10:37:11,apply-time,rs-000996-2wltg,2626f4f2-6d80-4078-98b8-154ae12b6b95,1,940.705534
2026/02/05/10:37:11,running-time,rs-000996-2wltg,2626f4f2-6d80-4078-98b8-154ae12b6b95,1,940.705534
2026/02/05/10:37:11,apply-time,rs-000996-46dls,2dc81ebf-130b-4598-ab52-899b61989e4f,1,940.705534
2026/02/05/10:37:11,running-time,rs-000996-46dls,2dc81ebf-130b-4598-ab52-899b61989e4f,1,940.705534
2026/02/05/10:37:11,apply-time,rs-000996-rkmjk,96c2dcc8-49bc-4ff1-8b8d-85dc58fea11e,1,939.705534
2026/02/05/10:37:11,running-time,rs-000996-rkmjk,96c2dcc8-49bc-4ff1-8b8d-85dc58fea11e,1,939.705534
2026/02/05/10:37:11,apply-time,rs-000997-flh6p,c026d7c3-77be-4a6b-9427-13ef5d358918,2,940.705534
2026/02/05/10:37:11,apply-time,rs-000998-9cs74,cecbc8b9-abb8-4145-b111-031446e0b7c3,3,940.705534
2026/02/05/10:37:11,running-time,rs-000998-9cs74,cecbc8b9-abb8-4145-b111-031446e0b7c3,3,940.705534
2026/02/05/10:37:11,apply-time,rs-000998-9h2sk,254440b9-4b9b-4db4-9e33-d50c03fdc6ef,3,940.705534
2026/02/05/10:37:11,running-time,rs-000998-9h2sk,254440b9-4b9b-4db4-9e33-d50c03fdc6ef,3,940.705534
2026/02/05/10:37:12,running-time,rs-000997-flh6p,c026d7c3-77be-4a6b-9427-13ef5d358918,2,940.705534
2026/02/05/10:37:12,apply-time,rs-000999-rlpx8,457e779f-fd13-4957-aad1-9482e19d5a82,2,940.705534
2026/02/05/10:37:12,running-time,rs-000999-rlpx8,457e779f-fd13-4957-aad1-9482e19d5a82,2,940.705534
2026/02/05/10:37:12,apply-time,rs-001000-lvsgg,59e1cbe9-b6a9-4d37-ad02-3daeafebd6fa,1,941.705534
2026/02/05/10:37:12,running-time,rs-001000-lvsgg,59e1cbe9-b6a9-4d37-ad02-3daeafebd6fa,1,941.705534
2026/02/05/10:37:12,apply-time,rs-001000-mzpxb,30e9dffe-f7ad-45b2-8d3b-31fc7da703ff,1,941.705534
2026/02/05/10:37:12,running-time,rs-001000-mzpxb,30e9dffe-f7ad-45b2-8d3b-31fc7da703ff,1,941.705534
2026/02/05/10:37:12,apply-time,rs-001001-47v45,52af9cf2-efdb-4da2-b183-5e2cb333c263,1,941.705534
2026/02/05/10:37:12,running-time,rs-001001-47v45,52af9cf2-efdb-4da2-b183-5e2cb333c263,1,941.705534
2026/02/05/10:37:12,apply-time,rs-001001-hpgr2,11534c0f-a110-47c8-ab19-aa358c427647,1,941.705534
2026/02/05/10:37:12,running-time,rs-001001-hpgr2,11534c0f-a110-47c8-ab19-aa358c427647,1,941.705534
2026/02/05/10:37:12,apply-time,rs-001002-9cclq,4cc6a488-b73c-4a9b-a41a-4633f8177f04,3,941.705534
2026/02/05/10:37:12,running-time,rs-001002-9cclq,4cc6a488-b73c-4a9b-a41a-4633f8177f04,3,941.705534
2026/02/05/10:37:12,apply-time,rs-001003-6vhbd,835799b5-a673-47b4-aaae-87739cfd92c0,2,941.705534
2026/02/05/10:37:12,running-time,rs-001003-6vhbd,835799b5-a673-47b4-aaae-87739cfd92c0,2,941.705534
2026/02/05/10:37:13,apply-time,rs-001003-g58tz,4cf8a84a-2ed1-40ae-b16b-71068982cd5b,2,941.705534
2026/02/05/10:37:13,running-time,rs-001003-g58tz,4cf8a84a-2ed1-40ae-b16b-71068982cd5b,2,941.705534
2026/02/05/10:37:13,apply-time,rs-001004-7nlhg,7070e005-3819-4888-ac34-a4543c206bcc,1,942.705534
2026/02/05/10:37:13,running-time,rs-001004-7nlhg,7070e005-3819-4888-ac34-a4543c206bcc,1,942.705534
2026/02/05/10:37:13,apply-time,rs-001004-ksws4,7813995b-ed25-4f6b-b00f-adbdb77ad1ab,1,941.705534
2026/02/05/10:37:13,running-time,rs-001004-ksws4,7813995b-ed25-4f6b-b00f-adbdb77ad1ab,1,941.705534
2026/02/05/10:37:13,apply-time,rs-001005-45ckh,e810480f-69fc-4f59-a54e-c98851ec21e6,3,941.705534
2026/02/05/10:37:13,running-time,rs-001005-45ckh,e810480f-69fc-4f59-a54e-c98851ec21e6,3,941.705534
2026/02/05/10:37:13,apply-time,rs-001006-vpvkh,e5e36235-6d92-45c8-9db5-4a41f604e3d6,3,942.705534
2026/02/05/10:37:13,running-time,rs-001006-vpvkh,e5e36235-6d92-45c8-9db5-4a41f604e3d6,3,942.705534
2026/02/05/10:37:13,apply-time,rs-001007-fshj8,65d75bb1-e3ff-4cc4-aa5d-d26d39689148,4,942.705534
2026/02/05/10:37:13,running-time,rs-001007-fshj8,65d75bb1-e3ff-4cc4-aa5d-d26d39689148,4,942.705534
2026/02/05/10:37:13,apply-time,rs-001007-gw9lx,9ade3092-ce34-48dc-b740-6bfca34b07a6,4,942.705534
2026/02/05/10:37:13,running-time,rs-001007-gw9lx,9ade3092-ce34-48dc-b740-6bfca34b07a6,4,942.705534
2026/02/05/10:37:13,apply-time,rs-001008-bc8z6,0dad58b3-b698-49eb-a730-b96f6c4eedca,1,942.705534
2026/02/05/10:37:13,running-time,rs-001008-bc8z6,0dad58b3-b698-49eb-a730-b96f6c4eedca,1,942.705534
2026/02/05/10:37:13,apply-time,rs-001009-bw7mh,7f29e311-85f0-49e7-84b7-cf7fc3173455,3,942.705534
2026/02/05/10:37:13,running-time,rs-001009-bw7mh,7f29e311-85f0-49e7-84b7-cf7fc3173455,3,942.705534
2026/02/05/10:37:14,apply-time,rs-001008-jmgmh,df4a36cf-02bd-44f1-bc36-5714e08f61e3,1,942.705534
2026/02/05/10:37:14,running-time,rs-001008-jmgmh,df4a36cf-02bd-44f1-bc36-5714e08f61e3,1,942.705534
2026/02/05/10:37:14,apply-time,rs-001008-rm9sf,02edab29-e478-4432-bad3-49e1f3856c0c,1,942.705534
2026/02/05/10:37:14,running-time,rs-001008-rm9sf,02edab29-e478-4432-bad3-49e1f3856c0c,1,942.705534
2026/02/05/10:37:14,apply-time,rs-001009-msz58,96333120-7b7e-4e28-b9c3-76d6462657d8,3,943.705534
2026/02/05/10:37:14,running-time,rs-001009-msz58,96333120-7b7e-4e28-b9c3-76d6462657d8,3,943.705534
2026/02/05/10:37:14,apply-time,rs-001009-spwbv,0d403cfe-60e0-4bdd-9172-15e7b1daea6f,3,943.705534
2026/02/05/10:37:14,running-time,rs-001009-spwbv,0d403cfe-60e0-4bdd-9172-15e7b1daea6f,3,943.705534
2026/02/05/10:37:23,apply-time,rs-001010-nwqj6,94225f74-293b-4ea3-92a5-f098744994d6,2,952.705534
2026/02/05/10:37:23,running-time,rs-001010-nwqj6,94225f74-293b-4ea3-92a5-f098744994d6,2,952.705534
2026/02/05/10:37:23,apply-time,rs-001011-8vcd4,d5d1d5d9-c5c3-4da8-b0b6-eaf5f709d9ac,3,952.705534
2026/02/05/10:37:23,running-time,rs-001011-8vcd4,d5d1d5d9-c5c3-4da8-b0b6-eaf5f709d9ac,3,952.705534
2026/02/05/10:37:23,apply-time,rs-001011-j2g9h,b91c6417-14c9-4074-9ff5-23304218098b,3,952.705534
2026/02/05/10:37:23,running-time,rs-001011-j2g9h,b91c6417-14c9-4074-9ff5-23304218098b,3,952.705534
2026/02/05/10:37:23,apply-time,rs-001011-qjjfp,22751e27-f47f-43c1-8a2b-ec2259a79659,3,952.705534
2026/02/05/10:37:23,running-time,rs-001011-qjjfp,22751e27-f47f-43c1-8a2b-ec2259a79659,3,952.705534
2026/02/05/10:37:27,apply-time,rs-001012-4zlrq,b0d2e02f-1e38-4fbb-a464-97f3790360ae,2,955.705534
2026/02/05/10:37:27,running-time,rs-001012-4zlrq,b0d2e02f-1e38-4fbb-a464-97f3790360ae,2,955.705534
2026/02/05/10:37:27,apply-time,rs-001012-s8kht,f5a57e15-016a-43c2-a535-96d30f70ea0b,2,955.705534
2026/02/05/10:37:27,running-time,rs-001012-s8kht,f5a57e15-016a-43c2-a535-96d30f70ea0b,2,955.705534
2026/02/05/10:37:27,apply-time,rs-001012-vcszr,f20cad8d-7ef5-4aa5-a64d-690161067a37,2,955.705534
2026/02/05/10:37:27,running-time,rs-001012-vcszr,f20cad8d-7ef5-4aa5-a64d-690161067a37,2,955.705534
2026/02/05/10:37:27,apply-time,rs-001013-87spr,42f8de50-c4bd-4cd7-bbab-22780052efbc,2,956.705534
2026/02/05/10:37:27,running-time,rs-001013-87spr,42f8de50-c4bd-4cd7-bbab-22780052efbc,2,956.705534
2026/02/05/10:37:27,apply-time,rs-001013-8vfm9,89f0c761-11b9-4c2f-9dab-9f16fa9ad3da,2,956.705534
2026/02/05/10:37:27,running-time,rs-001013-8vfm9,89f0c761-11b9-4c2f-9dab-9f16fa9ad3da,2,956.705534
2026/02/05/10:37:27,apply-time,rs-001013-fmsz2,363771d0-b0fc-49d6-bde3-0ac3a63a84ed,2,956.705534
2026/02/05/10:37:27,running-time,rs-001013-fmsz2,363771d0-b0fc-49d6-bde3-0ac3a63a84ed,2,956.705534
2026/02/05/10:37:28,apply-time,rs-001014-dkc7j,82a35430-dd71-4414-afea-6a5935f5a661,4,956.705534
2026/02/05/10:37:28,running-time,rs-001014-dkc7j,82a35430-dd71-4414-afea-6a5935f5a661,4,956.705534
2026/02/05/10:37:28,apply-time,rs-001015-dmg5c,0634ca44-e267-40d9-a414-fa8afc0c42ed,4,956.705534
2026/02/05/10:37:28,running-time,rs-001015-dmg5c,0634ca44-e267-40d9-a414-fa8afc0c42ed,4,956.705534
2026/02/05/10:37:28,apply-time,rs-001016-vf8vt,4cad872d-875c-4e9b-b605-256180446e7c,2,956.705534
2026/02/05/10:37:28,running-time,rs-001016-vf8vt,4cad872d-875c-4e9b-b605-256180446e7c,2,956.705534
2026/02/05/10:37:36,apply-time,rs-001017-k5rgs,9e926b40-812d-44af-a53a-624d34aea86f,4,965.705534
2026/02/05/10:37:36,running-time,rs-001017-k5rgs,9e926b40-812d-44af-a53a-624d34aea86f,4,965.705534
2026/02/05/10:37:36,apply-time,rs-001017-s5hww,f8cb9cf2-22a0-4d16-8b3c-ef495f1eea08,4,965.705534
2026/02/05/10:37:36,running-time,rs-001017-s5hww,f8cb9cf2-22a0-4d16-8b3c-ef495f1eea08,4,965.705534
2026/02/05/10:37:36,apply-time,rs-001018-9zxqb,47bbcbe2-612e-48c7-8391-64c2ed9d7cc2,1,965.705534
2026/02/05/10:37:36,running-time,rs-001018-9zxqb,47bbcbe2-612e-48c7-8391-64c2ed9d7cc2,1,965.705534
2026/02/05/10:37:36,apply-time,rs-001019-rm7kr,62cd0955-1b34-419f-bbc4-b823e2aac357,3,965.705534
2026/02/05/10:37:36,running-time,rs-001019-rm7kr,62cd0955-1b34-419f-bbc4-b823e2aac357,3,965.705534
2026/02/05/10:37:36,apply-time,rs-001019-tlsr6,9096a882-e172-4139-92ad-3a8d5a2b7371,3,965.705534
2026/02/05/10:37:36,running-time,rs-001019-tlsr6,9096a882-e172-4139-92ad-3a8d5a2b7371,3,965.705534
2026/02/05/10:37:39,apply-time,rs-001020-bnn8m,873edad9-2ed4-4a68-8355-dc5cce515ba4,1,967.705534
2026/02/05/10:37:39,running-time,rs-001020-bnn8m,873edad9-2ed4-4a68-8355-dc5cce515ba4,1,967.705534
2026/02/05/10:37:39,apply-time,rs-001020-jt8lp,e6894def-d43c-49ba-9255-6b219a368bfa,1,967.705534
2026/02/05/10:37:39,running-time,rs-001020-jt8lp,e6894def-d43c-49ba-9255-6b219a368bfa,1,967.705534
2026/02/05/10:37:39,apply-time,rs-001021-k5lvg,e6a3dbeb-3ba9-4dce-ab83-5cb9e79608ef,1,967.705534
2026/02/05/10:37:39,running-time,rs-001021-k5lvg,e6a3dbeb-3ba9-4dce-ab83-5cb9e79608ef,1,967.705534
2026/02/05/10:37:40,apply-time,rs-001022-89t8b,0bafe442-54b5-4ce7-b506-47eed60f69a8,1,969.705534
2026/02/05/10:37:40,apply-time,rs-001022-8qfrg,efc24366-095a-4b8c-83ca-19be432dff7f,1,969.705534
2026/02/05/10:37:40,apply-time,rs-001022-pv56r,c9620784-575c-4142-97ae-b2d84f0ca17f,1,969.705534
2026/02/05/10:37:40,running-time,rs-001022-pv56r,c9620784-575c-4142-97ae-b2d84f0ca17f,1,969.705534
2026/02/05/10:37:40,apply-time,rs-001023-7f4t8,fd5c6251-0f72-4fe5-9047-70324774e10b,4,969.705534
2026/02/05/10:37:40,apply-time,rs-001024-s822f,48918858-f225-4af0-8e4d-403f34b83dfb,2,969.705534
2026/02/05/10:37:41,running-time,rs-001022-89t8b,0bafe442-54b5-4ce7-b506-47eed60f69a8,1,969.705534
2026/02/05/10:37:41,running-time,rs-001022-8qfrg,efc24366-095a-4b8c-83ca-19be432dff7f,1,969.705534
2026/02/05/10:37:41,running-time,rs-001023-7f4t8,fd5c6251-0f72-4fe5-9047-70324774e10b,4,969.705534
2026/02/05/10:37:41,running-time,rs-001024-s822f,48918858-f225-4af0-8e4d-403f34b83dfb,2,969.705534
2026/02/05/10:37:41,apply-time,rs-001024-xcqxz,7517cc72-b336-48c3-815b-6f899916f9bb,2,969.705534
2026/02/05/10:37:41,running-time,rs-001024-xcqxz,7517cc72-b336-48c3-815b-6f899916f9bb,2,969.705534
2026/02/05/10:37:41,apply-time,rs-001025-89r9g,a142b000-ca0b-469f-a608-2c8042a3f0a9,4,969.705534
2026/02/05/10:37:41,running-time,rs-001025-89r9g,a142b000-ca0b-469f-a608-2c8042a3f0a9,4,969.705534
2026/02/05/10:37:42,apply-time,rs-001026-7l22r,a66ac126-016b-42c6-8966-bedd14fd63a6,4,971.705534
2026/02/05/10:37:42,running-time,rs-001026-7l22r,a66ac126-016b-42c6-8966-bedd14fd63a6,4,971.705534
2026/02/05/10:37:42,apply-time,rs-001026-q7bxd,852e3efd-a5b1-4f75-996e-5887ee3d758e,4,971.705534
2026/02/05/10:37:42,running-time,rs-001026-q7bxd,852e3efd-a5b1-4f75-996e-5887ee3d758e,4,971.705534
2026/02/05/10:37:42,apply-time,rs-001026-vptxk,e469536b-ce64-4ed9-8ead-0e0d05a554dd,4,971.705534
2026/02/05/10:37:42,running-time,rs-001026-vptxk,e469536b-ce64-4ed9-8ead-0e0d05a554dd,4,971.705534
2026/02/05/10:37:48,apply-time,rs-001027-ffqhf,777ea75e-2ee0-48b0-b6db-39e034eba17c,1,977.705534
2026/02/05/10:37:48,running-time,rs-001027-ffqhf,777ea75e-2ee0-48b0-b6db-39e034eba17c,1,977.705534
2026/02/05/10:37:48,apply-time,rs-001027-rvt87,bc7b4d01-b3de-4582-8788-dc11a98ebef7,1,977.705534
2026/02/05/10:37:48,running-time,rs-001027-rvt87,bc7b4d01-b3de-4582-8788-dc11a98ebef7,1,977.705534
2026/02/05/10:37:48,apply-time,rs-001028-9xrn6,c5134a4e-551f-40ec-a911-aa2bfcb07b87,4,977.705534
2026/02/05/10:37:48,running-time,rs-001028-9xrn6,c5134a4e-551f-40ec-a911-aa2bfcb07b87,4,977.705534
2026/02/05/10:37:48,apply-time,rs-001028-nk9q9,27fbb771-c2df-41e4-a205-b7c7a243d8d9,4,977.705534
2026/02/05/10:37:48,running-time,rs-001028-nk9q9,27fbb771-c2df-41e4-a205-b7c7a243d8d9,4,977.705534
2026/02/05/10:37:48,apply-time,rs-001029-7nszb,d7d1b42f-fac7-4aba-b788-387434dacd11,3,977.705534
2026/02/05/10:37:48,running-time,rs-001029-7nszb,d7d1b42f-fac7-4aba-b788-387434dacd11,3,977.705534
2026/02/05/10:37:49,apply-time,rs-001030-524qs,9883e66e-98ee-46b9-86e4-859a2297b9e1,3,977.705534
2026/02/05/10:37:49,running-time,rs-001030-524qs,9883e66e-98ee-46b9-86e4-859a2297b9e1,3,977.705534
2026/02/05/10:37:49,apply-time,rs-001030-nz8kr,a567a2c8-02dd-4ac0-ba7a-28f696eab901,3,977.705534
2026/02/05/10:37:49,running-time,rs-001030-nz8kr,a567a2c8-02dd-4ac0-ba7a-28f696eab901,3,977.705534
2026/02/05/10:37:50,apply-time,rs-001031-9d2f8,8e3f3e41-6d1b-4e22-9088-408145faf0a1,4,979.705534
2026/02/05/10:37:50,running-time,rs-001031-9d2f8,8e3f3e41-6d1b-4e22-9088-408145faf0a1,4,979.705534
2026/02/05/10:37:50,apply-time,rs-001031-hgkx7,0ad36400-4d51-4413-a6d3-f41cb4395dee,4,979.705534
2026/02/05/10:37:50,running-time,rs-001031-hgkx7,0ad36400-4d51-4413-a6d3-f41cb4395dee,4,979.705534
2026/02/05/10:37:50,apply-time,rs-001031-srnll,ed254641-04f4-4333-b7d4-25728f1e505b,4,979.705534
2026/02/05/10:37:50,apply-time,rs-001032-vfm5l,c37c4a59-e3ab-4c01-95a5-7874b6b26446,4,979.705534
2026/02/05/10:37:50,running-time,rs-001032-vfm5l,c37c4a59-e3ab-4c01-95a5-7874b6b26446,4,979.705534
2026/02/05/10:37:50,apply-time,rs-001033-9pms4,c55a7444-c0fc-40e5-aed8-6c650dc9d50b,4,979.705534
2026/02/05/10:37:50,running-time,rs-001033-9pms4,c55a7444-c0fc-40e5-aed8-6c650dc9d50b,4,979.705534
2026/02/05/10:37:52,running-time,rs-001031-srnll,ed254641-04f4-4333-b7d4-25728f1e505b,4,981.705534
2026/02/05/10:37:59,apply-time,rs-001034-ntpqc,77cd763f-88a6-47bf-80fd-4dd69c8138b8,3,988.705534
2026/02/05/10:37:59,running-time,rs-001034-ntpqc,77cd763f-88a6-47bf-80fd-4dd69c8138b8,3,988.705534
2026/02/05/10:37:59,apply-time,rs-001034-p8kqh,ac1877eb-04eb-4d24-9527-fe42f5766340,3,988.705534
2026/02/05/10:37:59,running-time,rs-001034-p8kqh,ac1877eb-04eb-4d24-9527-fe42f5766340,3,988.705534
2026/02/05/10:37:59,apply-time,rs-001034-wx4d7,50668edb-b107-4b76-9f0f-b90e7d64578d,3,988.705534
2026/02/05/10:37:59,running-time,rs-001034-wx4d7,50668edb-b107-4b76-9f0f-b90e7d64578d,3,988.705534
2026/02/05/10:37:59,apply-time,rs-001035-6p78l,3d933314-454d-430b-a940-28b436a27b33,2,988.705534
2026/02/05/10:37:59,running-time,rs-001035-6p78l,3d933314-454d-430b-a940-28b436a27b33,2,988.705534
2026/02/05/10:37:59,apply-time,rs-001035-d8dgr,30c78beb-0263-4c6c-94c5-f67cbb2d4265,2,988.705534
2026/02/05/10:37:59,running-time,rs-001035-d8dgr,30c78beb-0263-4c6c-94c5-f67cbb2d4265,2,988.705534
2026/02/05/10:37:59,apply-time,rs-001035-zq48c,8c752e69-7179-40ed-89d4-ba4fd2ac99ed,2,988.705534
2026/02/05/10:37:59,running-time,rs-001035-zq48c,8c752e69-7179-40ed-89d4-ba4fd2ac99ed,2,988.705534
2026/02/05/10:37:59,apply-time,rs-001036-f6kcx,972dfc5a-e8c3-4ce4-8910-e84ee78a9ed7,4,988.705534
2026/02/05/10:37:59,running-time,rs-001036-f6kcx,972dfc5a-e8c3-4ce4-8910-e84ee78a9ed7,4,988.705534
2026/02/05/10:37:59,apply-time,rs-001036-nd64z,37f60ddd-aebc-470c-a4d0-df48a581ff28,4,988.705534
2026/02/05/10:37:59,running-time,rs-001036-nd64z,37f60ddd-aebc-470c-a4d0-df48a581ff28,4,988.705534
2026/02/05/10:37:59,apply-time,rs-001037-p5s8z,85ec9515-a81e-4e5b-a501-b1dc086b2ecb,4,988.705534
2026/02/05/10:37:59,running-time,rs-001037-p5s8z,85ec9515-a81e-4e5b-a501-b1dc086b2ecb,4,988.705534
2026/02/05/10:38:00,apply-time,rs-001038-ng97c,6a269dd7-fe30-446a-bd4c-b86fde5994a6,1,988.705534
2026/02/05/10:38:00,running-time,rs-001038-ng97c,6a269dd7-fe30-446a-bd4c-b86fde5994a6,1,988.705534
2026/02/05/10:38:00,apply-time,rs-001038-rhkbj,49a711a6-fd32-4657-889a-9da63e5fc0c1,1,989.705534
2026/02/05/10:38:00,running-time,rs-001038-rhkbj,49a711a6-fd32-4657-889a-9da63e5fc0c1,1,989.705534
2026/02/05/10:38:00,apply-time,rs-001039-fpgts,61b9362d-3ed3-49a6-a212-49849105b37a,4,988.705534
2026/02/05/10:38:00,running-time,rs-001039-fpgts,61b9362d-3ed3-49a6-a212-49849105b37a,4,988.705534
2026/02/05/10:38:00,apply-time,rs-001040-cp6zd,f53bd57b-8d54-4346-867b-ecd56779a0ef,2,989.705534
2026/02/05/10:38:00,running-time,rs-001040-cp6zd,f53bd57b-8d54-4346-867b-ecd56779a0ef,2,989.705534
2026/02/05/10:38:00,apply-time,rs-001041-f58vs,fa967376-d276-498c-8ee2-e9815aba20a8,2,989.705534
2026/02/05/10:38:00,running-time,rs-001041-f58vs,fa967376-d276-498c-8ee2-e9815aba20a8,2,989.705534
2026/02/05/10:38:00,apply-time,rs-001042-6c9g8,ffb11c59-2c6a-491e-ac50-9da4f8da8ee1,1,989.705534
2026/02/05/10:38:00,apply-time,rs-001042-twqb5,a618b111-0e5f-4527-ad82-a2cee6a285ae,1,989.705534
2026/02/05/10:38:00,apply-time,rs-001043-5cjkw,ec481427-b5ce-416c-8851-13bb9ec0308c,1,989.705534
2026/02/05/10:38:00,running-time,rs-001043-5cjkw,ec481427-b5ce-416c-8851-13bb9ec0308c,1,989.705534
2026/02/05/10:38:00,apply-time,rs-001043-bdsw4,13c1c25c-10db-4540-891f-18296300b8ec,1,989.705534
2026/02/05/10:38:00,running-time,rs-001043-bdsw4,13c1c25c-10db-4540-891f-18296300b8ec,1,989.705534
2026/02/05/10:38:01,apply-time,rs-001040-5nrsw,311e587e-6296-41c2-b019-6330588edc30,2,989.705534
2026/02/05/10:38:01,running-time,rs-001040-5nrsw,311e587e-6296-41c2-b019-6330588edc30,2,989.705534
2026/02/05/10:38:01,apply-time,rs-001040-xzx6x,cccb504b-2468-4880-a7e9-fe29b8e4c904,2,989.705534
2026/02/05/10:38:01,running-time,rs-001040-xzx6x,cccb504b-2468-4880-a7e9-fe29b8e4c904,2,989.705534
2026/02/05/10:38:01,apply-time,rs-001041-bd9r2,96d120c2-5bea-4a33-8060-ad83eacb3564,2,990.705534
2026/02/05/10:38:01,running-time,rs-001041-bd9r2,96d120c2-5bea-4a33-8060-ad83eacb3564,2,990.705534
2026/02/05/10:38:01,apply-time,rs-001041-kjwtz,6b3f2062-ff58-4e02-b28c-d49c2204aa5b,2,990.705534
2026/02/05/10:38:01,running-time,rs-001041-kjwtz,6b3f2062-ff58-4e02-b28c-d49c2204aa5b,2,990.705534
2026/02/05/10:38:02,running-time,rs-001042-twqb5,a618b111-0e5f-4527-ad82-a2cee6a285ae,1,991.705534
2026/02/05/10:38:03,running-time,rs-001042-6c9g8,ffb11c59-2c6a-491e-ac50-9da4f8da8ee1,1,992.705534
2026/02/05/10:38:04,apply-time,rs-001044-5qqht,1cfc7b1e-90f6-45cb-8d68-01b14de8d047,2,993.705534
2026/02/05/10:38:04,running-time,rs-001044-5qqht,1cfc7b1e-90f6-45cb-8d68-01b14de8d047,2,993.705534
2026/02/05/10:38:04,apply-time,rs-001044-82xf6,ee71409f-5dd2-4aa4-975a-0af732e09585,2,993.705534
2026/02/05/10:38:04,running-time,rs-001044-82xf6,ee71409f-5dd2-4aa4-975a-0af732e09585,2,993.705534
2026/02/05/10:38:04,apply-time,rs-001045-9tb8r,e9986d38-0378-4ef9-9273-b08c03eed9b9,1,993.705534
2026/02/05/10:38:04,running-time,rs-001045-9tb8r,e9986d38-0378-4ef9-9273-b08c03eed9b9,1,993.705534
2026/02/05/10:38:04,apply-time,rs-001045-pwtw8,9f343175-f57d-42b4-a855-abd0a4632788,1,993.705534
2026/02/05/10:38:04,running-time,rs-001045-pwtw8,9f343175-f57d-42b4-a855-abd0a4632788,1,993.705534
2026/02/05/10:38:04,apply-time,rs-001045-w4c5s,e67ab749-a90c-47f2-a9bb-6c436819a324,1,993.705534
2026/02/05/10:38:04,running-time,rs-001045-w4c5s,e67ab749-a90c-47f2-a9bb-6c436819a324,1,993.705534
2026/02/05/10:38:04,apply-time,rs-001046-4skwt,7032cfca-7de3-4c2e-8c33-d3c36732b18d,1,993.705534
2026/02/05/10:38:04,running-time,rs-001046-4skwt,7032cfca-7de3-4c2e-8c33-d3c36732b18d,1,993.705534
2026/02/05/10:38:04,apply-time,rs-001046-wgd46,1b94d25e-2d11-48ff-8e0f-af389ec6b239,1,993.705534
2026/02/05/10:38:04,running-time,rs-001046-wgd46,1b94d25e-2d11-48ff-8e0f-af389ec6b239,1,993.705534
2026/02/05/10:38:04,apply-time,rs-001046-zld56,c67f96e9-aa02-49ba-9107-63b7a1af4834,1,993.705534
2026/02/05/10:38:04,running-time,rs-001046-zld56,c67f96e9-aa02-49ba-9107-63b7a1af4834,1,993.705534
2026/02/05/10:38:05,apply-time,rs-001047-2rg5k,33882d68-e3de-4770-a9ac-2bdcebe7adb9,4,994.705534
2026/02/05/10:38:05,running-time,rs-001047-2rg5k,33882d68-e3de-4770-a9ac-2bdcebe7adb9,4,994.705534
2026/02/05/10:38:05,apply-time,rs-001047-b6c45,b6130320-f51a-4cd0-bec1-7d6545a3073b,4,994.705534
2026/02/05/10:38:05,running-time,rs-001047-b6c45,b6130320-f51a-4cd0-bec1-7d6545a3073b,4,994.705534
2026/02/05/10:38:05,apply-time,rs-001047-tktw6,a3eaf137-d701-4c64-be08-4e9fdab42314,4,994.705534
2026/02/05/10:38:05,running-time,rs-001047-tktw6,a3eaf137-d701-4c64-be08-4e9fdab42314,4,994.705534
2026/02/05/10:38:05,apply-time,rs-001048-f2gcn,8ae63017-2b9a-4915-a8c5-6ab363170f06,3,994.705534
2026/02/05/10:38:05,apply-time,rs-001048-mnkl8,30ca4c64-de51-430d-a2ba-a9e25149b41f,3,994.705534
2026/02/05/10:38:05,running-time,rs-001048-mnkl8,30ca4c64-de51-430d-a2ba-a9e25149b41f,3,994.705534
2026/02/05/10:38:05,apply-time,rs-001049-tczgk,4a8e6a03-08f1-4e27-9e61-f771c5ef0fed,1,994.705534
2026/02/05/10:38:05,running-time,rs-001049-tczgk,4a8e6a03-08f1-4e27-9e61-f771c5ef0fed,1,994.705534
2026/02/05/10:38:05,apply-time,rs-001050-xrcrf,69775b11-85d6-4191-b8c1-3053fd2b442f,1,994.705534
2026/02/05/10:38:05,apply-time,rs-001051-9hgmf,ae6788c5-36f1-4258-84cb-68202a7c840b,1,994.705534
2026/02/05/10:38:05,apply-time,rs-001052-hbfh7,e133d392-3b76-47a4-b01b-303a66a1ab56,4,994.705534
2026/02/05/10:38:05,running-time,rs-001052-hbfh7,e133d392-3b76-47a4-b01b-303a66a1ab56,4,994.705534
2026/02/05/10:38:05,apply-time,rs-001053-fl6c7,552ef3db-3587-4f91-bccf-08ec7e86a3df,3,994.705534
2026/02/05/10:38:05,apply-time,rs-001053-scjwx,e70a4e0d-a7bb-479a-a80d-34093dcf851f,3,994.705534
2026/02/05/10:38:05,apply-time,rs-001053-tzw9w,eec614c1-294a-472f-8739-7f7691fdff6f,3,994.705534
2026/02/05/10:38:05,apply-time,rs-001054-zmthb,602f9520-581a-4aa3-a0b1-12efef32f74b,3,994.705534
2026/02/05/10:38:06,running-time,rs-001048-f2gcn,8ae63017-2b9a-4915-a8c5-6ab363170f06,3,995.705534
2026/02/05/10:38:06,running-time,rs-001050-xrcrf,69775b11-85d6-4191-b8c1-3053fd2b442f,1,995.705534
2026/02/05/10:38:06,running-time,rs-001051-9hgmf,ae6788c5-36f1-4258-84cb-68202a7c840b,1,995.705534
2026/02/05/10:38:06,apply-time,rs-001051-9v24f,0c8f4660-7918-482d-8734-bcddca64627b,1,994.705534
2026/02/05/10:38:06,running-time,rs-001051-9v24f,0c8f4660-7918-482d-8734-bcddca64627b,1,995.705534
2026/02/05/10:38:06,apply-time,rs-001052-5mfhm,013f0a61-3b38-43d6-a8da-7224510147c6,4,994.705534
2026/02/05/10:38:06,running-time,rs-001052-5mfhm,013f0a61-3b38-43d6-a8da-7224510147c6,4,994.705534
2026/02/05/10:38:06,apply-time,rs-001052-pzcw2,577dfdd5-6097-44f0-8082-00d062239322,4,994.705534
2026/02/05/10:38:06,running-time,rs-001052-pzcw2,577dfdd5-6097-44f0-8082-00d062239322,4,994.705534
2026/02/05/10:38:06,running-time,rs-001053-fl6c7,552ef3db-3587-4f91-bccf-08ec7e86a3df,3,995.705534
2026/02/05/10:38:06,running-time,rs-001053-scjwx,e70a4e0d-a7bb-479a-a80d-34093dcf851f,3,995.705534
2026/02/05/10:38:06,running-time,rs-001053-tzw9w,eec614c1-294a-472f-8739-7f7691fdff6f,3,995.705534
2026/02/05/10:38:06,running-time,rs-001054-zmthb,602f9520-581a-4aa3-a0b1-12efef32f74b,3,995.705534
2026/02/05/10:38:14,apply-time,rs-001055-hmxnc,4111596b-914c-48b3-88ee-c690cb1c48c5,1,1002.705534
2026/02/05/10:38:14,apply-time,rs-001055-ld4lr,af2b813c-73cd-49d8-aff3-fef10dc61be7,1,1002.705534
2026/02/05/10:38:14,running-time,rs-001055-ld4lr,af2b813c-73cd-49d8-aff3-fef10dc61be7,1,1002.705534
2026/02/05/10:38:14,apply-time,rs-001056-9tr4b,f84eb3cc-70cf-4951-bfad-644d337139be,2,1002.705534
2026/02/05/10:38:14,running-time,rs-001056-9tr4b,f84eb3cc-70cf-4951-bfad-644d337139be,2,1003.705534
2026/02/05/10:38:14,apply-time,rs-001056-dqggl,4f054858-dc41-4bd6-b9e3-362f39ad6fb9,2,1002.705534
2026/02/05/10:38:14,running-time,rs-001056-dqggl,4f054858-dc41-4bd6-b9e3-362f39ad6fb9,2,1003.705534
2026/02/05/10:38:14,apply-time,rs-001057-49x6t,13f39b58-bcbe-4a73-a3da-ac5fddfe067a,3,1003.705534
2026/02/05/10:38:14,running-time,rs-001057-49x6t,13f39b58-bcbe-4a73-a3da-ac5fddfe067a,3,1003.705534
2026/02/05/10:38:14,apply-time,rs-001057-k59nr,e1e4a3c4-f66f-429f-bfbd-aeeeafbbbdec,3,1002.705534
2026/02/05/10:38:14,running-time,rs-001057-k59nr,e1e4a3c4-f66f-429f-bfbd-aeeeafbbbdec,3,1003.705534
2026/02/05/10:38:14,apply-time,rs-001057-wkl2q,66ab0862-3d75-4a9f-a90b-2e60dc04fe96,3,1003.705534
2026/02/05/10:38:14,running-time,rs-001057-wkl2q,66ab0862-3d75-4a9f-a90b-2e60dc04fe96,3,1003.705534
2026/02/05/10:38:14,apply-time,rs-001058-cr8hk,15d8d2bb-56f2-4d55-bd94-c9d793b4de8c,2,1003.705534
2026/02/05/10:38:14,running-time,rs-001058-cr8hk,15d8d2bb-56f2-4d55-bd94-c9d793b4de8c,2,1003.705534
2026/02/05/10:38:14,apply-time,rs-001058-j7hkb,5daa3d97-d92d-40ae-9d05-92596e4ad867,2,1002.705534
2026/02/05/10:38:14,running-time,rs-001058-j7hkb,5daa3d97-d92d-40ae-9d05-92596e4ad867,2,1003.705534
2026/02/05/10:38:14,apply-time,rs-001058-zws55,84cfc1a8-3344-4507-800f-fa8e0ef2fdb7,2,1003.705534
2026/02/05/10:38:14,running-time,rs-001058-zws55,84cfc1a8-3344-4507-800f-fa8e0ef2fdb7,2,1003.705534
2026/02/05/10:38:14,apply-time,rs-001059-8nm4p,70904573-99eb-4a0e-b72a-9519a9c301d6,1,1002.705534
2026/02/05/10:38:14,running-time,rs-001059-8nm4p,70904573-99eb-4a0e-b72a-9519a9c301d6,1,1003.705534
2026/02/05/10:38:14,apply-time,rs-001060-4nj45,dda9e28e-c945-44cf-9d35-3c838274e082,1,1003.705534
2026/02/05/10:38:14,running-time,rs-001060-4nj45,dda9e28e-c945-44cf-9d35-3c838274e082,1,1003.705534
2026/02/05/10:38:14,apply-time,rs-001060-jdb85,5e20e2e4-d37d-4682-831e-9168eeefc666,1,1003.705534
2026/02/05/10:38:14,running-time,rs-001060-jdb85,5e20e2e4-d37d-4682-831e-9168eeefc666,1,1003.705534
2026/02/05/10:38:16,apply-time,rs-001061-9k2wh,9ce7a2b0-9bc1-448e-b43f-0d2c01f238d1,2,1005.705534
2026/02/05/10:38:16,running-time,rs-001061-9k2wh,9ce7a2b0-9bc1-448e-b43f-0d2c01f238d1,2,1005.705534
2026/02/05/10:38:16,apply-time,rs-001061-qzvl4,778da7e5-5a71-4b24-8aed-978ea773bb3e,2,1005.705534
2026/02/05/10:38:16,running-time,rs-001061-qzvl4,778da7e5-5a71-4b24-8aed-978ea773bb3e,2,1005.705534
2026/02/05/10:38:16,apply-time,rs-001062-455sm,37de8a1e-af8f-4fd5-ab1b-2ed902cdc789,2,1005.705534
2026/02/05/10:38:16,running-time,rs-001062-455sm,37de8a1e-af8f-4fd5-ab1b-2ed902cdc789,2,1005.705534
2026/02/05/10:38:16,apply-time,rs-001063-q664s,8b5e3daa-bc83-49d1-b2a7-3ee2050536d8,4,1005.705534
2026/02/05/10:38:16,running-time,rs-001063-q664s,8b5e3daa-bc83-49d1-b2a7-3ee2050536d8,4,1005.705534
2026/02/05/10:38:16,apply-time,rs-001063-r6wk7,a93938a9-3d11-4b90-8626-a3dd76a4f91d,4,1005.705534
2026/02/05/10:38:16,running-time,rs-001063-r6wk7,a93938a9-3d11-4b90-8626-a3dd76a4f91d,4,1005.705534
2026/02/05/10:38:16,apply-time,rs-001063-rs6wd,628acf84-5b2c-46cb-a8c8-be35d28569c2,4,1005.705534
2026/02/05/10:38:16,running-time,rs-001063-rs6wd,628acf84-5b2c-46cb-a8c8-be35d28569c2,4,1005.705534
2026/02/05/10:38:16,apply-time,rs-001064-p7vcx,8e0c3e24-4fb4-42c6-a07d-235aca44e1c5,4,1005.705534
2026/02/05/10:38:16,running-time,rs-001064-p7vcx,8e0c3e24-4fb4-42c6-a07d-235aca44e1c5,4,1005.705534
2026/02/05/10:38:16,apply-time,rs-001065-tdr2l,654cab9e-c972-464f-a999-d7498535e52c,4,1005.705534
2026/02/05/10:38:16,running-time,rs-001065-tdr2l,654cab9e-c972-464f-a999-d7498535e52c,4,1005.705534
2026/02/05/10:38:16,apply-time,rs-001066-r79g2,cf7129ea-b408-44e0-9211-5b596835dc1c,1,1005.705534
2026/02/05/10:38:17,running-time,rs-001066-r79g2,cf7129ea-b408-44e0-9211-5b596835dc1c,1,1005.705534
2026/02/05/10:38:17,apply-time,rs-001067-l9q58,faadf85d-2021-426e-baab-30e12d97bcc4,1,1005.705534
2026/02/05/10:38:17,running-time,rs-001067-l9q58,faadf85d-2021-426e-baab-30e12d97bcc4,1,1005.705534
2026/02/05/10:38:17,apply-time,rs-001068-6pjkj,015bb31c-0b2a-4645-865f-e39530d00254,4,1006.705534
2026/02/05/10:38:17,running-time,rs-001068-6pjkj,015bb31c-0b2a-4645-865f-e39530d00254,4,1006.705534
2026/02/05/10:38:17,apply-time,rs-001068-flkgm,16d2911a-9ab8-4533-8302-f42eb8c3af3d,4,1006.705534
2026/02/05/10:38:17,running-time,rs-001068-flkgm,16d2911a-9ab8-4533-8302-f42eb8c3af3d,4,1006.705534
2026/02/05/10:38:17,apply-time,rs-001069-p9ldn,f40ffe79-cc72-4438-9a7e-7728009d8a60,4,1006.705534
2026/02/05/10:38:17,running-time,rs-001069-p9ldn,f40ffe79-cc72-4438-9a7e-7728009d8a60,4,1006.705534
2026/02/05/10:38:20,apply-time,rs-001070-gsbh7,f0e59c9d-e6ea-455f-a100-845df15bafff,2,1009.705534
2026/02/05/10:38:20,running-time,rs-001070-gsbh7,f0e59c9d-e6ea-455f-a100-845df15bafff,2,1009.705534
2026/02/05/10:38:20,apply-time,rs-001071-l2pdm,104128b8-7a9d-4dd6-a521-079ff85e3108,2,1009.705534
2026/02/05/10:38:20,running-time,rs-001071-l2pdm,104128b8-7a9d-4dd6-a521-079ff85e3108,2,1009.705534
2026/02/05/10:38:20,apply-time,rs-001072-42698,6c59bec6-cab0-4da7-a1ad-f5834bea3293,4,1009.705534
2026/02/05/10:38:20,running-time,rs-001072-42698,6c59bec6-cab0-4da7-a1ad-f5834bea3293,4,1009.705534
2026/02/05/10:38:20,apply-time,rs-001072-rp8sj,75759763-a5d6-47d7-99cf-7e95ccc2a528,4,1009.705534
2026/02/05/10:38:20,running-time,rs-001072-rp8sj,75759763-a5d6-47d7-99cf-7e95ccc2a528,4,1009.705534
2026/02/05/10:38:20,apply-time,rs-001073-7vjgj,e0e6f0bc-cc09-468f-8db7-d18725698d8e,1,1009.705534
2026/02/05/10:38:20,running-time,rs-001073-7vjgj,e0e6f0bc-cc09-468f-8db7-d18725698d8e,1,1009.705534
2026/02/05/10:38:20,apply-time,rs-001073-h46zd,1217f0c5-b1a0-4fc2-b1b7-1e93b3d23ada,1,1009.705534
2026/02/05/10:38:20,running-time,rs-001073-h46zd,1217f0c5-b1a0-4fc2-b1b7-1e93b3d23ada,1,1009.705534
2026/02/05/10:38:20,apply-time,rs-001073-rvt65,34fb581a-5bb8-4621-a381-66352f9d2e83,1,1009.705534
2026/02/05/10:38:20,running-time,rs-001073-rvt65,34fb581a-5bb8-4621-a381-66352f9d2e83,1,1009.705534
2026/02/05/10:38:20,apply-time,rs-001074-4kk66,fc30eae9-32fb-4970-aa1e-b1f924749845,1,1009.705534
2026/02/05/10:38:20,running-time,rs-001074-4kk66,fc30eae9-32fb-4970-aa1e-b1f924749845,1,1009.705534
2026/02/05/10:38:21,apply-time,rs-001075-8pjk4,7121b7d2-605d-4d5f-b12c-567a689b4e81,3,1009.705534
2026/02/05/10:38:21,running-time,rs-001075-8pjk4,7121b7d2-605d-4d5f-b12c-567a689b4e81,3,1010.705534
2026/02/05/10:38:21,apply-time,rs-001075-ccvp9,84e3bfbe-c87d-4e13-b22e-6dda94674697,3,1010.705534
2026/02/05/10:38:21,running-time,rs-001075-ccvp9,84e3bfbe-c87d-4e13-b22e-6dda94674697,3,1010.705534
2026/02/05/10:38:21,apply-time,rs-001075-xnvgb,96efbb89-e407-41f6-968e-c24f9f7e1a6f,3,1010.705534
2026/02/05/10:38:21,running-time,rs-001075-xnvgb,96efbb89-e407-41f6-968e-c24f9f7e1a6f,3,1010.705534
2026/02/05/10:38:22,apply-time,rs-001076-pkjf7,8c44745f-be33-48a0-b2eb-6b8bd38115dc,4,1011.705534
2026/02/05/10:38:22,running-time,rs-001076-pkjf7,8c44745f-be33-48a0-b2eb-6b8bd38115dc,4,1011.705534
2026/02/05/10:38:22,apply-time,rs-001076-qxdcg,c37be329-4c1f-481b-8e1e-4e3679c00a98,4,1011.705534
2026/02/05/10:38:22,running-time,rs-001076-qxdcg,c37be329-4c1f-481b-8e1e-4e3679c00a98,4,1011.705534
2026/02/05/10:38:22,apply-time,rs-001077-8mzm8,66d5d3d6-1cc5-45bb-a374-01fa5d468e38,2,1011.705534
2026/02/05/10:38:22,running-time,rs-001077-8mzm8,66d5d3d6-1cc5-45bb-a374-01fa5d468e38,2,1011.705534
2026/02/05/10:38:22,apply-time,rs-001077-v52gv,30ebb84e-a680-450b-9ab1-3573202cffb9,2,1011.705534
2026/02/05/10:38:22,running-time,rs-001077-v52gv,30ebb84e-a680-450b-9ab1-3573202cffb9,2,1011.705534
2026/02/05/10:38:22,apply-time,rs-001078-j47dn,614fa891-535f-4316-975f-9a0657cf9c0d,4,1011.705534
2026/02/05/10:38:22,running-time,rs-001078-j47dn,614fa891-535f-4316-975f-9a0657cf9c0d,4,1011.705534
2026/02/05/10:38:22,apply-time,rs-001079-4949v,7cee8909-5b97-4bf0-9c5d-4f5e56bea10a,1,1011.705534
2026/02/05/10:38:22,apply-time,rs-001080-sx6fv,fb4e9f01-643b-4492-bee6-e6ce6cbbf28d,1,1011.705534
2026/02/05/10:38:22,running-time,rs-001080-sx6fv,fb4e9f01-643b-4492-bee6-e6ce6cbbf28d,1,1011.705534
2026/02/05/10:38:22,apply-time,rs-001081-8b8db,827f897d-5a4a-4b92-ad4c-7b77b200f78a,4,1011.705534
2026/02/05/10:38:22,running-time,rs-001081-8b8db,827f897d-5a4a-4b92-ad4c-7b77b200f78a,4,1011.705534
2026/02/05/10:38:23,running-time,rs-001079-4949v,7cee8909-5b97-4bf0-9c5d-4f5e56bea10a,1,1011.705534
2026/02/05/10:38:23,apply-time,rs-001079-j84qj,b4ee42d3-7547-41ea-9a59-2cf17191a649,1,1011.705534
2026/02/05/10:38:23,apply-time,rs-001079-phbb5,1e53d0eb-bd20-4491-a377-99669a90f682,1,1012.705534
2026/02/05/10:38:23,apply-time,rs-001082-4xqbn,19a0a5c2-21d2-4bad-9947-d41efaa5e705,1,1012.705534
2026/02/05/10:38:23,apply-time,rs-001082-5trsp,34b02391-9a4c-4679-b71c-de740211069b,1,1012.705534
2026/02/05/10:38:23,apply-time,rs-001082-pms7x,5b2b6b0c-10e5-4631-a8f8-7792962b20b3,1,1012.705534
2026/02/05/10:38:24,running-time,rs-001079-j84qj,b4ee42d3-7547-41ea-9a59-2cf17191a649,1,1012.705534
2026/02/05/10:38:24,apply-time,rs-001083-q2cxr,e2314051-d11b-4ab0-b9bd-3ab89eb1fb87,3,1013.705534
2026/02/05/10:38:24,running-time,rs-001083-q2cxr,e2314051-d11b-4ab0-b9bd-3ab89eb1fb87,3,1013.705534
2026/02/05/10:38:24,apply-time,rs-001083-tvdsl,db213de7-48c2-402f-a8ec-03ac79ada4e6,3,1013.705534
2026/02/05/10:38:24,running-time,rs-001083-tvdsl,db213de7-48c2-402f-a8ec-03ac79ada4e6,3,1013.705534
2026/02/05/10:38:24,apply-time,rs-001084-sq4zs,6940e707-c08c-45fc-b63a-c7acf21d3f45,1,1013.705534
2026/02/05/10:38:24,running-time,rs-001084-sq4zs,6940e707-c08c-45fc-b63a-c7acf21d3f45,1,1013.705534
2026/02/05/10:38:24,apply-time,rs-001084-tf47p,20c6f552-7a07-402c-b136-a3eaad252eca,1,1013.705534
2026/02/05/10:38:24,running-time,rs-001084-tf47p,20c6f552-7a07-402c-b136-a3eaad252eca,1,1013.705534
2026/02/05/10:38:24,apply-time,rs-001084-zzmvt,9b629458-2a77-4d3d-af35-ea20a430ae1b,1,1013.705534
2026/02/05/10:38:24,running-time,rs-001084-zzmvt,9b629458-2a77-4d3d-af35-ea20a430ae1b,1,1013.705534
2026/02/05/10:38:27,running-time,rs-001082-4xqbn,19a0a5c2-21d2-4bad-9947-d41efaa5e705,1,1016.705534
2026/02/05/10:38:27,running-time,rs-001082-5trsp,34b02391-9a4c-4679-b71c-de740211069b,1,1016.705534
2026/02/05/10:38:27,running-time,rs-001082-pms7x,5b2b6b0c-10e5-4631-a8f8-7792962b20b3,1,1016.705534
2026/02/05/10:38:27,apply-time,rs-001085-vpbm5,9ada6623-b7b0-4877-bd3d-95cb8b55e504,3,1016.705534
2026/02/05/10:38:27,apply-time,rs-001085-wzmxf,381a73ed-49fc-47be-b531-3739fac0ee23,3,1016.705534
2026/02/05/10:38:27,running-time,rs-001085-wzmxf,381a73ed-49fc-47be-b531-3739fac0ee23,3,1016.705534
2026/02/05/10:38:27,apply-time,rs-001086-5j6nz,084cce1d-a80b-4dbb-9162-3e0c391223fe,4,1016.705534
2026/02/05/10:38:27,running-time,rs-001086-5j6nz,084cce1d-a80b-4dbb-9162-3e0c391223fe,4,1016.705534
2026/02/05/10:38:27,apply-time,rs-001086-kqwrw,3f938fe7-8891-439e-ad0a-6a324836d397,4,1016.705534
2026/02/05/10:38:27,running-time,rs-001086-kqwrw,3f938fe7-8891-439e-ad0a-6a324836d397,4,1016.705534
2026/02/05/10:38:27,apply-time,rs-001087-6ssz5,792b03ec-7cc4-46a8-94dc-9f1c6202a0a9,1,1016.705534
2026/02/05/10:38:27,running-time,rs-001087-6ssz5,792b03ec-7cc4-46a8-94dc-9f1c6202a0a9,1,1016.705534
2026/02/05/10:38:27,apply-time,rs-001087-h4wvl,c632868b-b6d8-48b3-a676-427f67fc8a0e,1,1016.705534
2026/02/05/10:38:27,running-time,rs-001087-h4wvl,c632868b-b6d8-48b3-a676-427f67fc8a0e,1,1016.705534
2026/02/05/10:38:27,apply-time,rs-001087-qsdsl,99102b75-1935-48bc-a7d2-7971970c56ed,1,1016.705534
2026/02/05/10:38:27,running-time,rs-001087-qsdsl,99102b75-1935-48bc-a7d2-7971970c56ed,1,1016.705534
2026/02/05/10:38:27,apply-time,rs-001088-6jcdn,eae242f7-1a9c-48ef-8ed7-2a12bc88934c,4,1016.705534
2026/02/05/10:38:27,running-time,rs-001088-6jcdn,eae242f7-1a9c-48ef-8ed7-2a12bc88934c,4,1016.705534
2026/02/05/10:38:27,apply-time,rs-001088-pkztm,0f2812bf-2d3e-4e7e-82c1-129e58a9d8ee,4,1016.705534
2026/02/05/10:38:27,running-time,rs-001088-pkztm,0f2812bf-2d3e-4e7e-82c1-129e58a9d8ee,4,1016.705534
2026/02/05/10:38:27,apply-time,rs-001089-n647f,ad949f66-0dec-4d75-a3ac-eef1d140d201,1,1016.705534
2026/02/05/10:38:27,running-time,rs-001089-n647f,ad949f66-0dec-4d75-a3ac-eef1d140d201,1,1016.705534
2026/02/05/10:38:28,apply-time,rs-001090-dp92b,4ba966a7-2e24-40a0-9f0f-41da3128a004,2,1017.705534
2026/02/05/10:38:28,running-time,rs-001090-dp92b,4ba966a7-2e24-40a0-9f0f-41da3128a004,2,1017.705534
2026/02/05/10:38:28,apply-time,rs-001090-mgrkp,05b104c2-625f-40e4-bfdf-6a8c272ac535,2,1017.705534
2026/02/05/10:38:28,running-time,rs-001090-mgrkp,05b104c2-625f-40e4-bfdf-6a8c272ac535,2,1017.705534
2026/02/05/10:38:28,apply-time,rs-001091-sxvgz,cad9bc69-4359-43ab-8de9-e1e8eb55e022,2,1017.705534
2026/02/05/10:38:28,running-time,rs-001091-sxvgz,cad9bc69-4359-43ab-8de9-e1e8eb55e022,2,1017.705534
2026/02/05/10:38:29,apply-time,rs-001092-bmpvr,7a3eccd6-ffdc-4d62-96de-e8be576d8854,3,1018.705534
2026/02/05/10:38:29,running-time,rs-001092-bmpvr,7a3eccd6-ffdc-4d62-96de-e8be576d8854,3,1018.705534
2026/02/05/10:38:29,apply-time,rs-001092-vlbs5,ff068366-f822-4ff9-8538-dd170003e280,3,1017.705534
2026/02/05/10:38:29,running-time,rs-001092-vlbs5,ff068366-f822-4ff9-8538-dd170003e280,3,1017.705534
2026/02/05/10:38:29,apply-time,rs-001093-b98tz,ddf1c65d-e4b0-456e-a5fc-e4b199a9648e,3,1017.705534
2026/02/05/10:38:29,running-time,rs-001093-b98tz,ddf1c65d-e4b0-456e-a5fc-e4b199a9648e,3,1017.705534
2026/02/05/10:38:29,apply-time,rs-001094-f7qxl,1fcff22e-b65e-48d2-aa6c-4135dfd33dfb,1,1018.705534
2026/02/05/10:38:29,running-time,rs-001094-f7qxl,1fcff22e-b65e-48d2-aa6c-4135dfd33dfb,1,1018.705534
2026/02/05/10:38:29,apply-time,rs-001095-jtd94,6588e3d0-dee4-4226-8596-3caa5a58bac3,1,1018.705534
2026/02/05/10:38:29,running-time,rs-001095-jtd94,6588e3d0-dee4-4226-8596-3caa5a58bac3,1,1018.705534
2026/02/05/10:38:30,running-time,rs-001085-vpbm5,9ada6623-b7b0-4877-bd3d-95cb8b55e504,3,1019.705534
2026/02/05/10:38:36,apply-time,rs-001096-8zcgr,23c4beb3-d807-4c77-b47e-fa3962ba1e7e,3,1024.705534
2026/02/05/10:38:36,running-time,rs-001096-8zcgr,23c4beb3-d807-4c77-b47e-fa3962ba1e7e,3,1024.705534
2026/02/05/10:38:36,apply-time,rs-001096-npqp7,ba8b7d87-77b9-49cd-b1a0-0b770ae66270,3,1024.705534
2026/02/05/10:38:36,running-time,rs-001096-npqp7,ba8b7d87-77b9-49cd-b1a0-0b770ae66270,3,1024.705534
2026/02/05/10:38:36,apply-time,rs-001096-qhjbz,1c2b763e-f4ab-4c87-a1fb-0ab11df1ec90,3,1024.705534
2026/02/05/10:38:36,running-time,rs-001096-qhjbz,1c2b763e-f4ab-4c87-a1fb-0ab11df1ec90,3,1025.705534
2026/02/05/10:38:36,apply-time,rs-001097-jcd5m,ebe0d159-76c0-46f1-873f-414671994a54,1,1024.705534
2026/02/05/10:38:36,running-time,rs-001097-jcd5m,ebe0d159-76c0-46f1-873f-414671994a54,1,1025.705534
2026/02/05/10:38:37,apply-time,rs-001098-mzwnf,877d9e92-8e1b-48e4-9a6c-669720ca8efa,4,1026.705534
2026/02/05/10:38:37,apply-time,rs-001098-ngrvm,8e36eca7-420e-495a-b20a-00cd2f3fc745,4,1026.705534
2026/02/05/10:38:37,apply-time,rs-001099-6st5r,7b616294-a0d2-45e7-ad66-a4b27e6dade2,1,1026.705534
2026/02/05/10:38:37,running-time,rs-001099-6st5r,7b616294-a0d2-45e7-ad66-a4b27e6dade2,1,1026.705534
2026/02/05/10:38:37,apply-time,rs-001099-hmdn7,1d611bf7-f3fd-4a58-b8b6-52259571382f,1,1026.705534
2026/02/05/10:38:37,running-time,rs-001099-hmdn7,1d611bf7-f3fd-4a58-b8b6-52259571382f,1,1026.705534
2026/02/05/10:38:37,apply-time,rs-001099-v8zcx,f21c8142-c15a-40c7-b2fe-58bf8dd1a4f7,1,1026.705534
2026/02/05/10:38:37,running-time,rs-001099-v8zcx,f21c8142-c15a-40c7-b2fe-58bf8dd1a4f7,1,1026.705534
2026/02/05/10:38:37,apply-time,rs-001100-8n4m5,6362ed94-8da8-46b3-bc92-05382e8248cc,3,1026.705534
2026/02/05/10:38:37,running-time,rs-001100-8n4m5,6362ed94-8da8-46b3-bc92-05382e8248cc,3,1026.705534
2026/02/05/10:38:40,running-time,rs-001098-mzwnf,877d9e92-8e1b-48e4-9a6c-669720ca8efa,4,1028.705534
2026/02/05/10:38:41,running-time,rs-001098-ngrvm,8e36eca7-420e-495a-b20a-00cd2f3fc745,4,1030.705534
2026/02/05/10:38:42,apply-time,rs-001101-2d7nt,d8c9071b-6832-48b1-8c3c-e8335cba067d,4,1030.705534
2026/02/05/10:38:42,running-time,rs-001101-2d7nt,d8c9071b-6832-48b1-8c3c-e8335cba067d,4,1031.705534
2026/02/05/10:38:42,apply-time,rs-001102-2wrtw,b3532e77-5c83-4d6f-9884-4c0d248950c6,2,1030.705534
2026/02/05/10:38:42,running-time,rs-001102-2wrtw,b3532e77-5c83-4d6f-9884-4c0d248950c6,2,1030.705534
2026/02/05/10:38:42,apply-time,rs-001102-q2c2z,cb65d043-61af-4e5b-9406-c2ff63c917a3,2,1030.705534
2026/02/05/10:38:42,running-time,rs-001102-q2c2z,cb65d043-61af-4e5b-9406-c2ff63c917a3,2,1030.705534
2026/02/05/10:38:43,apply-time,rs-001103-7k6wh,1ad6415e-2820-4002-8691-806fc61a6d77,3,1032.705534
2026/02/05/10:38:43,running-time,rs-001103-7k6wh,1ad6415e-2820-4002-8691-806fc61a6d77,3,1032.705534
2026/02/05/10:38:43,apply-time,rs-001103-w49p9,5ae160f1-2cb6-4183-99b3-b9e805a4bd96,3,1032.705534
2026/02/05/10:38:43,running-time,rs-001103-w49p9,5ae160f1-2cb6-4183-99b3-b9e805a4bd96,3,1032.705534
2026/02/05/10:38:43,apply-time,rs-001103-znb6k,b3bf8e37-b463-4ed5-8bb6-fdc4459df974,3,1032.705534
2026/02/05/10:38:43,running-time,rs-001103-znb6k,b3bf8e37-b463-4ed5-8bb6-fdc4459df974,3,1032.705534
2026/02/05/10:38:43,apply-time,rs-001104-56wqk,8686971a-1799-4be5-913a-5328a506a737,1,1032.705534
2026/02/05/10:38:43,running-time,rs-001104-56wqk,8686971a-1799-4be5-913a-5328a506a737,1,1032.705534
2026/02/05/10:38:43,apply-time,rs-001104-hrl4z,685b2295-0621-4d06-a099-0e6464a57a3f,1,1032.705534
2026/02/05/10:38:43,apply-time,rs-001105-946df,8cae2e33-705d-4752-bc60-dc12df6033bc,1,1032.705534
2026/02/05/10:38:43,running-time,rs-001105-946df,8cae2e33-705d-4752-bc60-dc12df6033bc,1,1032.705534
2026/02/05/10:38:43,apply-time,rs-001106-76hpn,f94b7352-ab4f-46e6-84e0-42be57c87096,1,1032.705534
2026/02/05/10:38:43,apply-time,rs-001106-xhtt7,810b2fd4-e59d-49e4-afca-8c106e95756f,1,1032.705534
2026/02/05/10:38:43,apply-time,rs-001107-gwd9c,c7d8929a-d731-4196-9f8e-5e231780f023,4,1032.705534
2026/02/05/10:38:43,running-time,rs-001107-gwd9c,c7d8929a-d731-4196-9f8e-5e231780f023,4,1032.705534
2026/02/05/10:38:43,apply-time,rs-001107-hhr6t,b62c2c97-ab52-42ff-8521-be2a3f702e04,4,1032.705534
2026/02/05/10:38:43,running-time,rs-001107-hhr6t,b62c2c97-ab52-42ff-8521-be2a3f702e04,4,1032.705534
2026/02/05/10:38:43,apply-time,rs-001107-xqbqm,3652a916-14ca-4463-93a9-626414bc98a8,4,1032.705534
2026/02/05/10:38:43,running-time,rs-001107-xqbqm,3652a916-14ca-4463-93a9-626414bc98a8,4,1032.705534
2026/02/05/10:38:44,running-time,rs-001104-hrl4z,685b2295-0621-4d06-a099-0e6464a57a3f,1,1033.705534
2026/02/05/10:38:44,running-time,rs-001106-76hpn,f94b7352-ab4f-46e6-84e0-42be57c87096,1,1033.705534
2026/02/05/10:38:44,apply-time,rs-001108-k8r8r,d3837ca5-8182-44f6-8f2c-c15d5fe767e9,1,1033.705534
2026/02/05/10:38:44,running-time,rs-001108-k8r8r,d3837ca5-8182-44f6-8f2c-c15d5fe767e9,1,1033.705534
2026/02/05/10:38:44,apply-time,rs-001109-5wl2t,53603241-5b1f-4905-8cee-87014681f4dd,1,1033.705534
2026/02/05/10:38:44,running-time,rs-001109-5wl2t,53603241-5b1f-4905-8cee-87014681f4dd,1,1033.705534
2026/02/05/10:38:44,apply-time,rs-001109-pjtbr,61f8a33e-8a50-4aee-a0fe-92b5ca03040f,1,1033.705534
2026/02/05/10:38:44,running-time,rs-001109-pjtbr,61f8a33e-8a50-4aee-a0fe-92b5ca03040f,1,1033.705534
2026/02/05/10:38:44,apply-time,rs-001110-p57vf,a695658e-cd8a-4d7f-a4ee-9669fe12249b,1,1033.705534
2026/02/05/10:38:44,running-time,rs-001110-p57vf,a695658e-cd8a-4d7f-a4ee-9669fe12249b,1,1033.705534
2026/02/05/10:38:45,apply-time,rs-001111-56gbf,53d7d5e6-7dc2-481f-8a92-473f1102c9f3,1,1033.705534
2026/02/05/10:38:45,running-time,rs-001111-56gbf,53d7d5e6-7dc2-481f-8a92-473f1102c9f3,1,1033.705534
2026/02/05/10:38:45,apply-time,rs-001111-5vw6q,d5314b90-450a-4b81-b5d2-11afcaf485a2,1,1034.705534
2026/02/05/10:38:45,running-time,rs-001111-5vw6q,d5314b90-450a-4b81-b5d2-11afcaf485a2,1,1034.705534
2026/02/05/10:38:45,apply-time,rs-001111-hqb9x,3c16e989-2d9b-4779-bdb7-0fab1fa8d15c,1,1034.705534
2026/02/05/10:38:45,running-time,rs-001111-hqb9x,3c16e989-2d9b-4779-bdb7-0fab1fa8d15c,1,1034.705534
2026/02/05/10:38:45,apply-time,rs-001112-xmd9p,1e2cb4a0-9351-459c-a4bf-33fca81fdb38,2,1034.705534
2026/02/05/10:38:45,running-time,rs-001112-xmd9p,1e2cb4a0-9351-459c-a4bf-33fca81fdb38,2,1034.705534
2026/02/05/10:38:45,apply-time,rs-001112-zbrgn,e60992b8-1822-46b7-94f6-75eaf950172b,2,1033.705534
2026/02/05/10:38:45,running-time,rs-001112-zbrgn,e60992b8-1822-46b7-94f6-75eaf950172b,2,1033.705534
2026/02/05/10:38:45,apply-time,rs-001113-2mk9q,a49a81f0-4acd-4332-a673-ac433113fbf8,3,1034.705534
2026/02/05/10:38:45,apply-time,rs-001113-lpklw,c235cc0d-0131-431a-b994-076599140392,3,1034.705534
2026/02/05/10:38:45,running-time,rs-001113-lpklw,c235cc0d-0131-431a-b994-076599140392,3,1034.705534
2026/02/05/10:38:45,apply-time,rs-001113-nppnw,7aeaa045-62b6-41ef-911e-ba7512ee38fe,3,1034.705534
2026/02/05/10:38:45,running-time,rs-001113-nppnw,7aeaa045-62b6-41ef-911e-ba7512ee38fe,3,1034.705534
2026/02/05/10:38:45,apply-time,rs-001114-mrbtl,e9d90071-aee2-4d97-912f-2c461e431371,4,1034.705534
2026/02/05/10:38:45,running-time,rs-001114-mrbtl,e9d90071-aee2-4d97-912f-2c461e431371,4,1034.705534
2026/02/05/10:38:46,running-time,rs-001113-2mk9q,a49a81f0-4acd-4332-a673-ac433113fbf8,3,1034.705534
2026/02/05/10:38:46,apply-time,rs-001115-4k5l8,ebd4d4f7-7397-4f25-a224-8a0ad513fa6b,4,1035.705534
2026/02/05/10:38:46,running-time,rs-001115-4k5l8,ebd4d4f7-7397-4f25-a224-8a0ad513fa6b,4,1035.705534
2026/02/05/10:38:46,apply-time,rs-001115-tzpkv,86594c64-1daf-45bb-b781-f35d073c3159,4,1035.705534
2026/02/05/10:38:46,running-time,rs-001115-tzpkv,86594c64-1daf-45bb-b781-f35d073c3159,4,1035.705534
2026/02/05/10:38:46,apply-time,rs-001115-zf4bd,c29f0238-0c21-4cab-ae7b-a961b4884996,4,1035.705534
2026/02/05/10:38:46,running-time,rs-001115-zf4bd,c29f0238-0c21-4cab-ae7b-a961b4884996,4,1035.705534
2026/02/05/10:38:46,apply-time,rs-001116-cd4xf,e4c1b4a1-21ce-489c-b111-67210228899a,3,1035.705534
2026/02/05/10:38:46,apply-time,rs-001116-rdwfc,37e69972-094c-4adc-b929-08d582ba934c,3,1035.705534
2026/02/05/10:38:46,apply-time,rs-001116-w2j85,1a896155-44de-4e23-85f9-f06643a8e90f,3,1035.705534
2026/02/05/10:38:46,apply-time,rs-001117-7hmmr,9fc0fab7-74b6-45d1-938f-c1244fe5dc88,4,1035.705534
2026/02/05/10:38:46,running-time,rs-001117-7hmmr,9fc0fab7-74b6-45d1-938f-c1244fe5dc88,4,1035.705534
2026/02/05/10:38:46,apply-time,rs-001119-dktvr,f3099651-aa65-4788-868e-ed57c6899c70,2,1035.705534
2026/02/05/10:38:46,running-time,rs-001119-dktvr,f3099651-aa65-4788-868e-ed57c6899c70,2,1035.705534
2026/02/05/10:38:47,running-time,rs-001116-cd4xf,e4c1b4a1-21ce-489c-b111-67210228899a,3,1036.705534
2026/02/05/10:38:47,running-time,rs-001116-rdwfc,37e69972-094c-4adc-b929-08d582ba934c,3,1036.705534
2026/02/05/10:38:47,apply-time,rs-001118-hmxd7,f001878c-410b-43ae-a403-8583193792f1,1,1036.705534
2026/02/05/10:38:47,running-time,rs-001118-hmxd7,f001878c-410b-43ae-a403-8583193792f1,1,1036.705534
2026/02/05/10:38:47,apply-time,rs-001119-g5q4c,666d4183-fcea-4ad2-b540-96481d644232,2,1035.705534
2026/02/05/10:38:47,running-time,rs-001119-g5q4c,666d4183-fcea-4ad2-b540-96481d644232,2,1035.705534
2026/02/05/10:38:47,apply-time,rs-001119-qdx82,7aa58f58-5114-4713-8a37-03a0282ae59c,2,1035.705534
2026/02/05/10:38:47,running-time,rs-001119-qdx82,7aa58f58-5114-4713-8a37-03a0282ae59c,2,1036.705534
2026/02/05/10:38:47,apply-time,rs-001120-ld656,6ff37f1b-a5ab-44ed-a9dc-0b72d39713af,3,1036.705534
2026/02/05/10:38:47,apply-time,rs-001121-md7wf,5e661a7b-34dc-4207-abca-f3e4616f1a34,3,1036.705534
2026/02/05/10:38:47,running-time,rs-001121-md7wf,5e661a7b-34dc-4207-abca-f3e4616f1a34,3,1036.705534
2026/02/05/10:38:47,apply-time,rs-001122-m5c5w,e69d0cb1-b6ac-470a-a598-6e06b8c9616e,1,1036.705534
2026/02/05/10:38:47,apply-time,rs-001123-xhsgx,b2200f43-f196-441f-a5c9-582ea6af313d,3,1036.705534
2026/02/05/10:38:47,apply-time,rs-001124-m64sx,d2c686d6-ec52-46cf-a60b-5e10df35fcb4,2,1036.705534
2026/02/05/10:38:47,running-time,rs-001124-m64sx,d2c686d6-ec52-46cf-a60b-5e10df35fcb4,2,1036.705534
2026/02/05/10:38:47,apply-time,rs-001125-vnv44,8ff48fb3-74ac-470a-893e-ebbace4f5e4b,3,1036.705534
2026/02/05/10:38:47,running-time,rs-001125-vnv44,8ff48fb3-74ac-470a-893e-ebbace4f5e4b,3,1036.705534
2026/02/05/10:38:47,apply-time,rs-001126-75vqp,cd2fbc09-d755-45ef-aca3-33b9e4724f50,1,1036.705534
2026/02/05/10:38:48,apply-time,rs-001124-fb6zd,1d845f71-33f3-4b4e-8f0b-a0d2d7be942f,2,1037.705534
2026/02/05/10:38:48,apply-time,rs-001124-wtljh,7f85aec8-413f-47a3-b05c-8380407ad61f,2,1036.705534
2026/02/05/10:38:48,apply-time,rs-001126-qmg67,1a94784f-b4b8-4a94-b314-3e623a1c55b1,1,1037.705534
2026/02/05/10:38:49,running-time,rs-001116-w2j85,1a896155-44de-4e23-85f9-f06643a8e90f,3,1038.705534
2026/02/05/10:38:49,running-time,rs-001124-fb6zd,1d845f71-33f3-4b4e-8f0b-a0d2d7be942f,2,1038.705534
2026/02/05/10:38:49,running-time,rs-001124-wtljh,7f85aec8-413f-47a3-b05c-8380407ad61f,2,1038.705534
2026/02/05/10:38:49,running-time,rs-001126-75vqp,cd2fbc09-d755-45ef-aca3-33b9e4724f50,1,1038.705534
2026/02/05/10:38:49,running-time,rs-001126-qmg67,1a94784f-b4b8-4a94-b314-3e623a1c55b1,1,1038.705534
2026/02/05/10:38:49,apply-time,rs-001127-ps6z6,a8462e6e-bfce-4d98-872d-fd9bcd42482c,3,1038.705534
2026/02/05/10:38:49,apply-time,rs-001127-vlgb7,925f05e9-93da-49df-875d-65f7c6c559d6,3,1038.705534
2026/02/05/10:38:49,apply-time,rs-001127-vz4s2,cc73f4f5-dd29-40c1-ace5-95f04a880c7c,3,1038.705534
2026/02/05/10:38:49,apply-time,rs-001128-56w2c,0826f845-7885-4c42-9ac2-33b9ce6ca421,2,1038.705534
2026/02/05/10:38:49,apply-time,rs-001129-jbd62,a8024625-5a3b-4078-827e-e297ce7e9833,1,1038.705534
2026/02/05/10:38:49,apply-time,rs-001129-tg6mj,1833243a-5b45-42c8-99ef-a38076849b13,1,1038.705534
2026/02/05/10:38:50,apply-time,rs-001130-n6bfp,d133d1f0-3e13-4556-b4a3-92b999fe7f2f,2,1039.705534
2026/02/05/10:38:50,apply-time,rs-001131-zzfhd,0c7d3e3b-5cd1-4118-abf6-400a8563c3e8,1,1039.705534
2026/02/05/10:38:50,running-time,rs-001131-zzfhd,0c7d3e3b-5cd1-4118-abf6-400a8563c3e8,1,1039.705534
2026/02/05/10:38:50,apply-time,rs-001132-x5tlq,e6042a87-a53b-4f6e-95d7-e54bc35fca34,2,1039.705534
2026/02/05/10:38:50,running-time,rs-001132-x5tlq,e6042a87-a53b-4f6e-95d7-e54bc35fca34,2,1039.705534
2026/02/05/10:38:50,apply-time,rs-001133-8jqkb,71c34997-c761-472d-a0a2-ed696766efcb,3,1039.705534
2026/02/05/10:38:51,apply-time,rs-001133-ks8cn,2e2de516-ee9d-42cd-81c2-08401b4d0785,3,1039.705534
2026/02/05/10:38:51,apply-time,rs-001134-gxctm,d6c86404-9852-4f13-9fe2-7c0cc0b8ce60,1,1039.705534
2026/02/05/10:38:51,running-time,rs-001134-gxctm,d6c86404-9852-4f13-9fe2-7c0cc0b8ce60,1,1040.705534
2026/02/05/10:38:51,apply-time,rs-001134-q4jwt,f74ce47a-d610-4bdb-bf66-19be72b86518,1,1040.705534
2026/02/05/10:38:51,running-time,rs-001134-q4jwt,f74ce47a-d610-4bdb-bf66-19be72b86518,1,1040.705534
2026/02/05/10:38:51,apply-time,rs-001135-hv49b,a36c6851-07ed-43fc-9b52-e9b96cf91c7e,3,1040.705534
2026/02/05/10:38:51,running-time,rs-001135-hv49b,a36c6851-07ed-43fc-9b52-e9b96cf91c7e,3,1040.705534
2026/02/05/10:38:51,apply-time,rs-001136-lckhm,fc3c5846-2888-4442-9642-3e847a99c86e,1,1040.705534
2026/02/05/10:38:51,running-time,rs-001136-lckhm,fc3c5846-2888-4442-9642-3e847a99c86e,1,1040.705534
2026/02/05/10:38:51,apply-time,rs-001137-29mt9,8f194cb1-a66b-4ec7-b182-24ac56b7a2c0,4,1040.705534
2026/02/05/10:38:52,running-time,rs-001137-29mt9,8f194cb1-a66b-4ec7-b182-24ac56b7a2c0,4,1041.705534
2026/02/05/10:38:52,apply-time,rs-001137-vxwbp,7a310c81-03c0-4b6e-b40e-d8945f1f825a,4,1040.705534
2026/02/05/10:38:52,running-time,rs-001137-vxwbp,7a310c81-03c0-4b6e-b40e-d8945f1f825a,4,1041.705534
2026/02/05/10:38:52,apply-time,rs-001138-gdvm9,7000028b-581b-44f5-b2a1-49c30beece36,1,1040.705534
2026/02/05/10:38:52,apply-time,rs-001138-zdzq2,e94f73ce-c551-40f9-8883-28ab4288a2de,1,1041.705534
2026/02/05/10:38:52,apply-time,rs-001139-q44dm,ec3453b2-0a14-4775-acb1-5e85c78d8ec5,4,1040.705534
2026/02/05/10:38:52,running-time,rs-001139-q44dm,ec3453b2-0a14-4775-acb1-5e85c78d8ec5,4,1041.705534
2026/02/05/10:38:52,apply-time,rs-001140-f9xpc,5d4cb012-649b-4a3d-924d-de95096e7064,3,1041.705534
2026/02/05/10:38:52,running-time,rs-001140-f9xpc,5d4cb012-649b-4a3d-924d-de95096e7064,3,1041.705534
2026/02/05/10:38:52,apply-time,rs-001140-krmww,37f99a73-5246-499d-9e09-c675ec447ee2,3,1041.705534
2026/02/05/10:38:52,running-time,rs-001140-krmww,37f99a73-5246-499d-9e09-c675ec447ee2,3,1041.705534
2026/02/05/10:38:52,apply-time,rs-001141-bmhmk,c3d3b8b1-cd9d-4d9f-b50c-f9184349322e,1,1041.705534
2026/02/05/10:38:52,apply-time,rs-001141-mvmbv,11880f80-3995-416c-a59c-dddc45d24048,1,1041.705534
2026/02/05/10:38:52,apply-time,rs-001142-dfqkw,42c2835c-b039-4404-9b01-773d3cea78b5,4,1041.705534
2026/02/05/10:38:53,running-time,rs-001141-bmhmk,c3d3b8b1-cd9d-4d9f-b50c-f9184349322e,1,1041.705534
2026/02/05/10:38:53,apply-time,rs-001142-bx5x5,86cc215e-f4ed-47f6-9739-8537c291211d,4,1041.705534
2026/02/05/10:38:53,apply-time,rs-001143-8ltl9,edf9d1aa-25e1-413b-adf2-76a8bee77c8e,1,1042.705534
2026/02/05/10:38:53,running-time,rs-001143-8ltl9,edf9d1aa-25e1-413b-adf2-76a8bee77c8e,1,1042.705534
2026/02/05/10:38:53,apply-time,rs-001143-g2pfx,c5f0151c-d8cd-4dae-b760-b2709bacac8d,1,1042.705534
2026/02/05/10:38:53,running-time,rs-001143-g2pfx,c5f0151c-d8cd-4dae-b760-b2709bacac8d,1,1042.705534
2026/02/05/10:38:53,apply-time,rs-001143-r2sdr,b8649bc1-971c-4ea0-b773-74f385094b7a,1,1042.705534
2026/02/05/10:38:53,running-time,rs-001143-r2sdr,b8649bc1-971c-4ea0-b773-74f385094b7a,1,1042.705534
2026/02/05/10:38:53,apply-time,rs-001144-dxp8b,817d8648-8db9-4cec-9902-6db018aea854,2,1042.705534
2026/02/05/10:38:53,apply-time,rs-001144-hhs4w,8b75a16a-6ee4-41f1-823f-c1747f0a6f2d,2,1042.705534
2026/02/05/10:38:53,apply-time,rs-001145-mp8gs,0abf0da1-c899-4678-9c6a-b91b393b0744,2,1042.705534
2026/02/05/10:38:53,running-time,rs-001145-mp8gs,0abf0da1-c899-4678-9c6a-b91b393b0744,2,1042.705534
2026/02/05/10:38:53,apply-time,rs-001146-2rf6d,aa7aef34-6bb9-4fee-89e9-a6b416c67c27,3,1042.705534
2026/02/05/10:38:53,apply-time,rs-001146-mvrd5,11d43e26-f60a-4f96-aecd-cd391efdae81,3,1042.705534
2026/02/05/10:38:53,apply-time,rs-001146-n2cf8,4bec4423-6d61-44bf-83e6-a6155d15820e,3,1042.705534
2026/02/05/10:38:53,apply-time,rs-001147-crw86,f1cb8f0a-3b9e-4f37-ba74-f2034ba5be9f,1,1042.705534
2026/02/05/10:38:53,running-time,rs-001147-crw86,f1cb8f0a-3b9e-4f37-ba74-f2034ba5be9f,1,1042.705534
2026/02/05/10:38:54,apply-time,rs-001147-6zhdp,a50fc185-9f21-4287-a2be-2331bd2b339a,1,1042.705534
2026/02/05/10:38:54,running-time,rs-001147-6zhdp,a50fc185-9f21-4287-a2be-2331bd2b339a,1,1042.705534
2026/02/05/10:38:54,apply-time,rs-001147-kz64q,5caec45b-15c6-44de-8a08-efb9e74a7fe4,1,1042.705534
2026/02/05/10:38:54,running-time,rs-001147-kz64q,5caec45b-15c6-44de-8a08-efb9e74a7fe4,1,1042.705534
2026/02/05/10:38:54,apply-time,rs-001148-fcjws,63a13b7b-8eb4-45e7-8f66-5e0d443f2b9b,2,1043.705534
2026/02/05/10:38:54,running-time,rs-001148-fcjws,63a13b7b-8eb4-45e7-8f66-5e0d443f2b9b,2,1043.705534
2026/02/05/10:38:54,apply-time,rs-001148-v8qmg,7d8e4f72-1b29-4571-abc2-ebcca0c1092d,2,1043.705534
2026/02/05/10:38:55,running-time,rs-001148-v8qmg,7d8e4f72-1b29-4571-abc2-ebcca0c1092d,2,1043.705534
2026/02/05/10:38:56,running-time,rs-001120-ld656,6ff37f1b-a5ab-44ed-a9dc-0b72d39713af,3,1044.705534
2026/02/05/10:38:57,apply-time,rs-001149-wkhm7,37abba3b-0dac-43c5-9ee2-90323ea39d6c,4,1046.705534
2026/02/05/10:38:57,running-time,rs-001149-wkhm7,37abba3b-0dac-43c5-9ee2-90323ea39d6c,4,1046.705534
2026/02/05/10:38:57,apply-time,rs-001150-knjrr,5e26d330-1029-487e-80bc-dd084b5b5dc2,2,1046.705534
2026/02/05/10:38:57,apply-time,rs-001150-kw2wv,32edc6d5-d72c-4ab2-904f-f0b8793abbb3,2,1046.705534
2026/02/05/10:38:58,running-time,rs-001128-56w2c,0826f845-7885-4c42-9ac2-33b9ce6ca421,2,1047.705534
2026/02/05/10:38:58,apply-time,rs-001151-c2fmb,6a08affe-f38f-4cc7-87ec-5c6b231dcee7,4,1046.705534
2026/02/05/10:38:58,running-time,rs-001151-c2fmb,6a08affe-f38f-4cc7-87ec-5c6b231dcee7,4,1046.705534
2026/02/05/10:38:58,apply-time,rs-001152-pbq82,a4791b38-ee66-452a-81da-b748875aa362,4,1046.705534
2026/02/05/10:38:58,running-time,rs-001152-pbq82,a4791b38-ee66-452a-81da-b748875aa362,4,1046.705534
2026/02/05/10:38:58,apply-time,rs-001152-vgbbp,581aecf2-3e98-4283-81cb-e70749d8f743,4,1046.705534
2026/02/05/10:38:58,running-time,rs-001152-vgbbp,581aecf2-3e98-4283-81cb-e70749d8f743,4,1046.705534
2026/02/05/10:38:58,apply-time,rs-001153-8dhhd,29b2a89f-770c-4f80-9d99-6d90dde6d5a5,1,1046.705534
2026/02/05/10:38:58,running-time,rs-001153-8dhhd,29b2a89f-770c-4f80-9d99-6d90dde6d5a5,1,1047.705534
2026/02/05/10:38:58,apply-time,rs-001154-fr7nk,13b00854-4e0d-4679-8d7e-e8c31de60938,4,1046.705534
2026/02/05/10:38:58,running-time,rs-001154-fr7nk,13b00854-4e0d-4679-8d7e-e8c31de60938,4,1047.705534
2026/02/05/10:38:58,apply-time,rs-001154-t4r4q,bac9ec83-f52e-4a99-a114-1253ab0708f7,4,1046.705534
2026/02/05/10:38:58,running-time,rs-001154-t4r4q,bac9ec83-f52e-4a99-a114-1253ab0708f7,4,1046.705534
2026/02/05/10:38:58,apply-time,rs-001154-xrptv,e2bee40f-c113-4342-bbb4-201360d558fc,4,1046.705534
2026/02/05/10:38:58,running-time,rs-001154-xrptv,e2bee40f-c113-4342-bbb4-201360d558fc,4,1047.705534
2026/02/05/10:39:00,running-time,rs-001138-gdvm9,7000028b-581b-44f5-b2a1-49c30beece36,1,1049.705534
2026/02/05/10:39:00,running-time,rs-001141-mvmbv,11880f80-3995-416c-a59c-dddc45d24048,1,1048.705534
2026/02/05/10:39:08,running-time,rs-001138-zdzq2,e94f73ce-c551-40f9-8883-28ab4288a2de,1,1056.705534
2026/02/05/10:39:11,apply-time,rs-001155-b9sxp,e6c54e76-ff35-4630-930d-ae90812b2b52,2,1060.705534
2026/02/05/10:39:11,apply-time,rs-001155-q572z,2a5f5d00-fd88-4e69-ad1a-42f069e498d4,2,1060.705534
2026/02/05/10:39:11,apply-time,rs-001155-zwqw2,4875f45c-e4eb-46e2-bf88-94c9819f26e9,2,1060.705534
2026/02/05/10:39:11,running-time,rs-001155-zwqw2,4875f45c-e4eb-46e2-bf88-94c9819f26e9,2,1060.705534
2026/02/05/10:39:12,running-time,rs-001155-b9sxp,e6c54e76-ff35-4630-930d-ae90812b2b52,2,1060.705534
2026/02/05/10:39:12,running-time,rs-001155-q572z,2a5f5d00-fd88-4e69-ad1a-42f069e498d4,2,1060.705534
2026/02/05/10:39:18,apply-time,rs-001156-zszs5,363d61d5-23b9-4b21-bbbf-66f4def748ff,4,1067.705534
2026/02/05/10:39:18,running-time,rs-001156-zszs5,363d61d5-23b9-4b21-bbbf-66f4def748ff,4,1067.705534
2026/02/05/10:39:18,apply-time,rs-001157-nvq6f,144183ae-17a1-445c-8643-b79e1f2bd320,3,1067.705534
2026/02/05/10:39:18,apply-time,rs-001157-qgk7p,91f2b6e6-38bc-4a39-9ff3-0cfd0917098e,3,1067.705534
2026/02/05/10:39:18,running-time,rs-001157-qgk7p,91f2b6e6-38bc-4a39-9ff3-0cfd0917098e,3,1067.705534
2026/02/05/10:39:18,apply-time,rs-001158-dqzx6,db41e75e-2142-42d3-a98d-050dfa0a089c,1,1067.705534
2026/02/05/10:39:18,apply-time,rs-001158-fgc4x,821d4d14-f05a-41ba-be9c-8ac1e17a3ad5,1,1067.705534
2026/02/05/10:39:18,apply-time,rs-001158-t89nd,3413e070-94de-4d0f-af6f-3f7f688f0618,1,1067.705534
2026/02/05/10:39:18,running-time,rs-001158-t89nd,3413e070-94de-4d0f-af6f-3f7f688f0618,1,1067.705534
2026/02/05/10:39:19,running-time,rs-001158-dqzx6,db41e75e-2142-42d3-a98d-050dfa0a089c,1,1067.705534
2026/02/05/10:39:19,running-time,rs-001158-fgc4x,821d4d14-f05a-41ba-be9c-8ac1e17a3ad5,1,1067.705534
2026/02/05/10:39:19,apply-time,rs-001159-4njdh,2601f3e8-07e5-420a-bb1a-af646a98f55c,4,1067.705534
2026/02/05/10:39:19,running-time,rs-001159-4njdh,2601f3e8-07e5-420a-bb1a-af646a98f55c,4,1068.705534
2026/02/05/10:39:19,apply-time,rs-001160-p8x9w,0492aa47-5216-4ac6-9a81-bd5dc47f4c2c,1,1067.705534
2026/02/05/10:39:19,running-time,rs-001160-p8x9w,0492aa47-5216-4ac6-9a81-bd5dc47f4c2c,1,1067.705534
2026/02/05/10:39:19,apply-time,rs-001161-mmld6,6a73d020-921c-4fe0-8216-cdc5790918b5,1,1068.705534
2026/02/05/10:39:19,apply-time,rs-001161-wqswb,cdff6493-7b9b-4aa1-a3b5-24fca4371914,1,1068.705534
2026/02/05/10:39:19,apply-time,rs-001161-wwgxp,35389409-0496-475e-92b9-8cd12f29a6ba,1,1068.705534
2026/02/05/10:39:19,running-time,rs-001161-wwgxp,35389409-0496-475e-92b9-8cd12f29a6ba,1,1068.705534
2026/02/05/10:39:19,apply-time,rs-001162-6fgdc,2f410b96-cd50-47b1-be43-86aa5d29f6b5,2,1068.705534
2026/02/05/10:39:19,running-time,rs-001162-6fgdc,2f410b96-cd50-47b1-be43-86aa5d29f6b5,2,1068.705534
2026/02/05/10:39:19,apply-time,rs-001162-tfk26,6b2d2692-3b47-4a4e-b3e4-c6489ed58b91,2,1068.705534
2026/02/05/10:39:19,running-time,rs-001162-tfk26,6b2d2692-3b47-4a4e-b3e4-c6489ed58b91,2,1068.705534
2026/02/05/10:39:19,apply-time,rs-001162-w6kgq,d33c4dc6-9141-467e-9209-8266cea7ac59,2,1068.705534
2026/02/05/10:39:19,running-time,rs-001162-w6kgq,d33c4dc6-9141-467e-9209-8266cea7ac59,2,1068.705534
2026/02/05/10:39:19,apply-time,rs-001163-qhmd9,84d05e64-7d39-4ba8-801c-613862d78a6a,4,1068.705534
2026/02/05/10:39:19,running-time,rs-001163-qhmd9,84d05e64-7d39-4ba8-801c-613862d78a6a,4,1068.705534
2026/02/05/10:39:19,apply-time,rs-001164-7pg9n,1d660104-1539-4467-b7a8-f5ab5eee9b8b,3,1068.705534
2026/02/05/10:39:19,apply-time,rs-001164-nlv8w,1afbf65e-79ae-455e-930f-275ab40afddb,3,1068.705534
2026/02/05/10:39:19,running-time,rs-001164-nlv8w,1afbf65e-79ae-455e-930f-275ab40afddb,3,1068.705534
2026/02/05/10:39:19,apply-time,rs-001165-7wqnp,cb20fdc4-711f-4033-a032-ec3a8f77dd25,2,1068.705534
2026/02/05/10:39:19,running-time,rs-001165-7wqnp,cb20fdc4-711f-4033-a032-ec3a8f77dd25,2,1068.705534
2026/02/05/10:39:19,apply-time,rs-001166-kjt4z,7da321b4-f046-434b-bbd6-e55c90749322,4,1068.705534
2026/02/05/10:39:19,running-time,rs-001166-kjt4z,7da321b4-f046-434b-bbd6-e55c90749322,4,1068.705534
2026/02/05/10:39:20,running-time,rs-001164-7pg9n,1d660104-1539-4467-b7a8-f5ab5eee9b8b,3,1068.705534
2026/02/05/10:39:20,apply-time,rs-001164-cd2zr,e016519b-6d25-4e1f-88a7-ed67f083ea54,3,1068.705534
2026/02/05/10:39:20,running-time,rs-001164-cd2zr,e016519b-6d25-4e1f-88a7-ed67f083ea54,3,1068.705534
2026/02/05/10:39:20,apply-time,rs-001165-5gvtd,f7480cf3-844e-47ee-9862-75c8f2c6e6d2,2,1069.705534
2026/02/05/10:39:20,running-time,rs-001165-5gvtd,f7480cf3-844e-47ee-9862-75c8f2c6e6d2,2,1069.705534
2026/02/05/10:39:20,apply-time,rs-001166-6x7l5,98d3799e-b41d-4c96-be7c-17478e0acb71,4,1068.705534
2026/02/05/10:39:20,running-time,rs-001166-6x7l5,98d3799e-b41d-4c96-be7c-17478e0acb71,4,1068.705534
2026/02/05/10:39:20,apply-time,rs-001167-fhs2q,19161137-180c-49fb-9ea0-8d67ce47cc99,3,1069.705534
2026/02/05/10:39:20,running-time,rs-001167-fhs2q,19161137-180c-49fb-9ea0-8d67ce47cc99,3,1069.705534
2026/02/05/10:39:20,apply-time,rs-001167-hrscz,47f033d5-2cef-42e0-b51f-21ee5ca823d8,3,1069.705534
2026/02/05/10:39:20,running-time,rs-001167-hrscz,47f033d5-2cef-42e0-b51f-21ee5ca823d8,3,1069.705534
2026/02/05/10:39:20,apply-time,rs-001168-jgv7s,84180ac3-4b36-41c5-a613-61638869cfa9,2,1069.705534
2026/02/05/10:39:20,running-time,rs-001168-jgv7s,84180ac3-4b36-41c5-a613-61638869cfa9,2,1069.705534
2026/02/05/10:39:21,apply-time,rs-001168-xdrxk,634f6713-72dd-44ef-90a7-36232df82429,2,1069.705534
2026/02/05/10:39:21,running-time,rs-001168-xdrxk,634f6713-72dd-44ef-90a7-36232df82429,2,1069.705534
2026/02/05/10:39:21,apply-time,rs-001168-zzmmq,fcf7e41c-6ed8-4858-9c4b-e58e95891760,2,1069.705534
2026/02/05/10:39:21,running-time,rs-001168-zzmmq,fcf7e41c-6ed8-4858-9c4b-e58e95891760,2,1069.705534
2026/02/05/10:39:21,apply-time,rs-001169-jmplq,a15bcfed-9d67-4349-997d-d608120e83f6,3,1069.705534
2026/02/05/10:39:21,running-time,rs-001169-jmplq,a15bcfed-9d67-4349-997d-d608120e83f6,3,1069.705534
2026/02/05/10:39:21,apply-time,rs-001170-7896j,cda03e6e-9fcb-41c3-b9c7-05ce499fc3e1,3,1070.705534
2026/02/05/10:39:21,running-time,rs-001170-7896j,cda03e6e-9fcb-41c3-b9c7-05ce499fc3e1,3,1070.705534
2026/02/05/10:39:21,apply-time,rs-001170-pgfvp,7f9a506a-ee64-4e57-914a-41e87675a6cf,3,1070.705534
2026/02/05/10:39:21,running-time,rs-001170-pgfvp,7f9a506a-ee64-4e57-914a-41e87675a6cf,3,1070.705534
2026/02/05/10:39:21,apply-time,rs-001171-jhsgz,2cba027b-4efb-4811-8086-c39552514082,4,1070.705534
2026/02/05/10:39:21,running-time,rs-001171-jhsgz,2cba027b-4efb-4811-8086-c39552514082,4,1070.705534
2026/02/05/10:39:28,apply-time,rs-001172-2fhdm,00797a09-ca80-4e39-9405-9ed2f0218dea,1,1077.705534
2026/02/05/10:39:28,running-time,rs-001172-2fhdm,00797a09-ca80-4e39-9405-9ed2f0218dea,1,1077.705534
2026/02/05/10:39:28,apply-time,rs-001172-hjpzv,39165483-ca02-4587-91b3-a12f6f5cca48,1,1077.705534
2026/02/05/10:39:28,running-time,rs-001172-hjpzv,39165483-ca02-4587-91b3-a12f6f5cca48,1,1077.705534
2026/02/05/10:39:28,apply-time,rs-001172-lgjl9,13584ab5-b11d-43d6-a4be-b00e31cdd535,1,1077.705534
2026/02/05/10:39:28,running-time,rs-001172-lgjl9,13584ab5-b11d-43d6-a4be-b00e31cdd535,1,1077.705534
2026/02/05/10:39:28,apply-time,rs-001173-hxddn,c9468530-ab0a-48bf-9e27-245b1f12a155,3,1077.705534
2026/02/05/10:39:28,running-time,rs-001173-hxddn,c9468530-ab0a-48bf-9e27-245b1f12a155,3,1077.705534
2026/02/05/10:39:28,apply-time,rs-001173-kxxkd,e6856c0b-fbe3-403a-82ab-9530df316b1d,3,1077.705534
2026/02/05/10:39:28,running-time,rs-001173-kxxkd,e6856c0b-fbe3-403a-82ab-9530df316b1d,3,1077.705534
2026/02/05/10:39:28,apply-time,rs-001173-pf24v,1011535a-1975-4cc0-b551-118c0a1e2534,3,1077.705534
2026/02/05/10:39:28,running-time,rs-001173-pf24v,1011535a-1975-4cc0-b551-118c0a1e2534,3,1077.705534
2026/02/05/10:39:28,apply-time,rs-001174-s5r2v,13b60ee2-0465-43e6-8b14-8b0a20cea145,1,1077.705534
2026/02/05/10:39:28,running-time,rs-001174-s5r2v,13b60ee2-0465-43e6-8b14-8b0a20cea145,1,1077.705534
2026/02/05/10:39:28,apply-time,rs-001175-bkfhr,d4a15772-d161-40ea-b991-ed78c51df689,2,1077.705534
2026/02/05/10:39:28,running-time,rs-001175-bkfhr,d4a15772-d161-40ea-b991-ed78c51df689,2,1077.705534
2026/02/05/10:39:28,apply-time,rs-001177-khlmx,1bb0db6b-3654-4083-b3cc-efaec37a94e9,1,1077.705534
2026/02/05/10:39:28,apply-time,rs-001179-mpcmk,4cd7f5e1-bbdb-4725-81f3-fc8d3affd075,1,1077.705534
2026/02/05/10:39:28,running-time,rs-001179-mpcmk,4cd7f5e1-bbdb-4725-81f3-fc8d3affd075,1,1077.705534
2026/02/05/10:39:29,apply-time,rs-001176-2mld2,48c01b8a-c904-4e18-9a7c-d4cd5fa4c1c8,4,1078.705534
2026/02/05/10:39:29,running-time,rs-001176-2mld2,48c01b8a-c904-4e18-9a7c-d4cd5fa4c1c8,4,1078.705534
2026/02/05/10:39:29,apply-time,rs-001176-t4vdp,89822494-4f51-4430-95fd-d3061adfe361,4,1078.705534
2026/02/05/10:39:29,apply-time,rs-001176-twv2d,4c5fd781-ed22-4ce2-9deb-1a605f8ba48b,4,1077.705534
2026/02/05/10:39:29,running-time,rs-001176-twv2d,4c5fd781-ed22-4ce2-9deb-1a605f8ba48b,4,1077.705534
2026/02/05/10:39:29,apply-time,rs-001177-gbs8h,6142ac87-6998-4b4b-8502-244145b60bfd,1,1078.705534
2026/02/05/10:39:29,apply-time,rs-001178-hzxpx,e314b38e-ea5f-4ae7-a666-308b8283f24b,3,1077.705534
2026/02/05/10:39:29,running-time,rs-001178-hzxpx,e314b38e-ea5f-4ae7-a666-308b8283f24b,3,1077.705534
2026/02/05/10:39:29,apply-time,rs-001180-gf2fp,8420b5bc-9121-428a-952d-b36f7bac6cac,1,1078.705534
2026/02/05/10:39:29,running-time,rs-001180-gf2fp,8420b5bc-9121-428a-952d-b36f7bac6cac,1,1078.705534
2026/02/05/10:39:29,apply-time,rs-001180-klvz9,1d6afaf5-15f2-474c-b620-150d787a7ed0,1,1078.705534
2026/02/05/10:39:29,running-time,rs-001180-klvz9,1d6afaf5-15f2-474c-b620-150d787a7ed0,1,1078.705534
2026/02/05/10:39:29,apply-time,rs-001181-qws5s,0f9bc727-a56d-4541-9113-6a7b56a654a6,3,1078.705534
2026/02/05/10:39:29,apply-time,rs-001183-n9zzb,00d396ec-425e-41a9-9125-4c8005b427b6,1,1078.705534
2026/02/05/10:39:29,running-time,rs-001183-n9zzb,00d396ec-425e-41a9-9125-4c8005b427b6,1,1078.705534
2026/02/05/10:39:29,apply-time,rs-001184-gdzb2,2be8d557-4973-499a-b9c1-e40299d654c6,1,1078.705534
2026/02/05/10:39:29,apply-time,rs-001185-7ns9d,8eb49abf-e741-4217-8434-ae6d5fc7b6cd,2,1078.705534
2026/02/05/10:39:30,running-time,rs-001181-qws5s,0f9bc727-a56d-4541-9113-6a7b56a654a6,3,1079.705534
2026/02/05/10:39:30,apply-time,rs-001182-f4qgq,85fab9e2-2ffa-41d2-9e8f-6bf4f66eb276,3,1079.705534
2026/02/05/10:39:30,running-time,rs-001182-f4qgq,85fab9e2-2ffa-41d2-9e8f-6bf4f66eb276,3,1079.705534
2026/02/05/10:39:30,apply-time,rs-001182-h7l6g,3d54ce2b-f85e-449a-a045-454d43af07ad,3,1079.705534
2026/02/05/10:39:30,running-time,rs-001182-h7l6g,3d54ce2b-f85e-449a-a045-454d43af07ad,3,1079.705534
2026/02/05/10:39:30,apply-time,rs-001183-cx8m5,b2210ef5-bf09-4425-94dd-f3ba84dbc808,1,1079.705534
2026/02/05/10:39:30,running-time,rs-001183-cx8m5,b2210ef5-bf09-4425-94dd-f3ba84dbc808,1,1079.705534
2026/02/05/10:39:30,apply-time,rs-001186-qld7h,45ab822d-684e-4ed5-a004-f13ad18b9189,1,1079.705534
2026/02/05/10:39:30,running-time,rs-001186-qld7h,45ab822d-684e-4ed5-a004-f13ad18b9189,1,1079.705534
2026/02/05/10:39:30,apply-time,rs-001187-bs4gr,afe7d26a-323c-4a30-ab09-838d0f2857eb,1,1079.705534
2026/02/05/10:39:30,running-time,rs-001187-bs4gr,afe7d26a-323c-4a30-ab09-838d0f2857eb,1,1079.705534
2026/02/05/10:39:31,apply-time,rs-001186-8f4kq,f17aa206-aad1-457f-9a80-5b331c84f54c,1,1079.705534
2026/02/05/10:39:31,running-time,rs-001186-8f4kq,f17aa206-aad1-457f-9a80-5b331c84f54c,1,1079.705534
2026/02/05/10:39:31,apply-time,rs-001188-f97wt,01e5270a-a744-41b2-86f5-8d2cfdbfb125,3,1079.705534
2026/02/05/10:39:31,running-time,rs-001188-f97wt,01e5270a-a744-41b2-86f5-8d2cfdbfb125,3,1079.705534
2026/02/05/10:39:31,apply-time,rs-001189-mt6x9,9393c052-2354-47d3-9e16-09275f0cc9d3,3,1080.705534
2026/02/05/10:39:31,running-time,rs-001189-mt6x9,9393c052-2354-47d3-9e16-09275f0cc9d3,3,1080.705534
2026/02/05/10:39:31,apply-time,rs-001190-4l4w2,facd9089-2d49-4d12-9cba-645640838770,1,1080.705534
2026/02/05/10:39:31,running-time,rs-001190-4l4w2,facd9089-2d49-4d12-9cba-645640838770,1,1080.705534
2026/02/05/10:39:31,apply-time,rs-001190-bdjrb,40e1a6c1-69dd-4837-ad16-1a7723294683,1,1080.705534
2026/02/05/10:39:31,running-time,rs-001190-bdjrb,40e1a6c1-69dd-4837-ad16-1a7723294683,1,1080.705534
2026/02/05/10:39:31,apply-time,rs-001191-8vc6c,581833aa-6bdd-4748-8002-4486f2a3cc5e,1,1080.705534
2026/02/05/10:39:31,running-time,rs-001191-8vc6c,581833aa-6bdd-4748-8002-4486f2a3cc5e,1,1080.705534
2026/02/05/10:39:31,apply-time,rs-001191-fw6ch,847701f4-a06e-4112-bcc4-80c2b07dd553,1,1080.705534
2026/02/05/10:39:31,running-time,rs-001191-fw6ch,847701f4-a06e-4112-bcc4-80c2b07dd553,1,1080.705534
2026/02/05/10:39:31,apply-time,rs-001191-k49nt,d1b8d2f7-21e7-403a-b9f4-34399d9c9c89,1,1080.705534
2026/02/05/10:39:31,running-time,rs-001191-k49nt,d1b8d2f7-21e7-403a-b9f4-34399d9c9c89,1,1080.705534
2026/02/05/10:39:31,apply-time,rs-001192-6gf8l,4458aa19-d038-473f-925e-c9314ed27038,3,1080.705534
2026/02/05/10:39:31,apply-time,rs-001194-57dn4,51b276d4-778a-402b-8c26-7fd0451a380f,2,1080.705534
2026/02/05/10:39:32,apply-time,rs-001192-5hd8j,c80327e9-ea4d-4024-93f8-79f430be3996,3,1080.705534
2026/02/05/10:39:32,apply-time,rs-001192-jxcbz,d95098a4-9991-4cbe-a409-e8310b37de7f,3,1080.705534
2026/02/05/10:39:32,apply-time,rs-001193-5pscx,d7e7421d-d35a-490c-bd31-1e4fa0ea1460,2,1080.705534
2026/02/05/10:39:32,running-time,rs-001194-57dn4,51b276d4-778a-402b-8c26-7fd0451a380f,2,1080.705534
2026/02/05/10:39:32,apply-time,rs-001194-jcmjv,36e00758-329e-4527-98be-29fdc75c6a4d,2,1081.705534
2026/02/05/10:39:32,running-time,rs-001194-jcmjv,36e00758-329e-4527-98be-29fdc75c6a4d,2,1081.705534
2026/02/05/10:39:32,apply-time,rs-001194-mp9ml,b65eb4ce-0b32-463e-9f58-659c698fbfd5,2,1081.705534
2026/02/05/10:39:32,running-time,rs-001194-mp9ml,b65eb4ce-0b32-463e-9f58-659c698fbfd5,2,1081.705534
2026/02/05/10:39:32,apply-time,rs-001195-mwcqp,3e1547e4-f465-4464-ade3-126f4e9da92c,3,1081.705534
2026/02/05/10:39:32,apply-time,rs-001196-c6whc,5a38842c-9eab-408f-bc03-ef7493c076ff,2,1081.705534
2026/02/05/10:39:32,running-time,rs-001196-c6whc,5a38842c-9eab-408f-bc03-ef7493c076ff,2,1081.705534
2026/02/05/10:39:33,running-time,rs-001195-mwcqp,3e1547e4-f465-4464-ade3-126f4e9da92c,3,1081.705534
2026/02/05/10:39:34,running-time,rs-001192-5hd8j,c80327e9-ea4d-4024-93f8-79f430be3996,3,1083.705534
2026/02/05/10:39:34,running-time,rs-001193-5pscx,d7e7421d-d35a-490c-bd31-1e4fa0ea1460,2,1083.705534
2026/02/05/10:39:34,apply-time,rs-001197-nrglz,47670af2-a33f-43b3-a4d8-ac72897eb05f,2,1083.705534
2026/02/05/10:39:34,apply-time,rs-001198-ppcjq,3e0018fd-389a-4584-ba55-4fa67ae511b3,1,1083.705534
2026/02/05/10:39:34,running-time,rs-001198-ppcjq,3e0018fd-389a-4584-ba55-4fa67ae511b3,1,1083.705534
2026/02/05/10:39:34,apply-time,rs-001199-v7zcv,f8122626-9f76-48e9-b583-50a5e03cebb7,4,1083.705534
2026/02/05/10:39:34,running-time,rs-001199-v7zcv,f8122626-9f76-48e9-b583-50a5e03cebb7,4,1083.705534
2026/02/05/10:39:35,apply-time,rs-001197-d6g6n,33ac735d-0c40-4038-acda-a1110521acf7,2,1083.705534
2026/02/05/10:39:35,apply-time,rs-001197-jbv6s,e9330d2d-463f-431e-b461-75c08793fbdf,2,1083.705534
2026/02/05/10:39:35,running-time,rs-001197-nrglz,47670af2-a33f-43b3-a4d8-ac72897eb05f,2,1084.705534
2026/02/05/10:39:37,running-time,rs-001197-d6g6n,33ac735d-0c40-4038-acda-a1110521acf7,2,1086.705534
2026/02/05/10:39:38,running-time,rs-001197-jbv6s,e9330d2d-463f-431e-b461-75c08793fbdf,2,1086.705534
2026/02/05/10:39:40,running-time,rs-001184-gdzb2,2be8d557-4973-499a-b9c1-e40299d654c6,1,1089.705534
2026/02/05/10:39:45,apply-time,rs-001200-f25zr,66141151-46fe-4443-b7d0-dc9d38dda5bf,1,1094.705534
2026/02/05/10:39:45,running-time,rs-001200-f25zr,66141151-46fe-4443-b7d0-dc9d38dda5bf,1,1094.705534
2026/02/05/10:39:45,apply-time,rs-001200-tqrlp,21580542-a804-42b2-bd5c-22be8f0e629d,1,1094.705534
2026/02/05/10:39:45,running-time,rs-001200-tqrlp,21580542-a804-42b2-bd5c-22be8f0e629d,1,1094.705534
2026/02/05/10:39:45,apply-time,rs-001201-pggnn,9022b9ec-e062-4182-b1f8-1f065ec48f11,3,1094.705534
2026/02/05/10:39:45,running-time,rs-001201-pggnn,9022b9ec-e062-4182-b1f8-1f065ec48f11,3,1094.705534
2026/02/05/10:39:45,apply-time,rs-001202-qmk5s,4112dd5c-29c6-488a-9377-7408b918cade,1,1094.705534
2026/02/05/10:39:45,running-time,rs-001202-qmk5s,4112dd5c-29c6-488a-9377-7408b918cade,1,1094.705534
2026/02/05/10:39:45,apply-time,rs-001203-bj5ld,9bd611f5-3dcf-492a-8a8c-f3c85fb5c1e2,2,1094.705534
2026/02/05/10:39:45,running-time,rs-001203-bj5ld,9bd611f5-3dcf-492a-8a8c-f3c85fb5c1e2,2,1094.705534
2026/02/05/10:39:45,apply-time,rs-001203-kjst9,c0dd40d3-56b3-448f-a0c4-2b87a729734d,2,1094.705534
2026/02/05/10:39:45,running-time,rs-001203-kjst9,c0dd40d3-56b3-448f-a0c4-2b87a729734d,2,1094.705534
2026/02/05/10:39:47,apply-time,rs-001204-79gsf,9f8b132f-b299-48eb-ba15-393bec80f7e0,4,1096.705534
2026/02/05/10:39:47,running-time,rs-001204-79gsf,9f8b132f-b299-48eb-ba15-393bec80f7e0,4,1096.705534
2026/02/05/10:39:47,apply-time,rs-001205-7zvgj,de802c7b-e001-4e72-94db-d1f28f0c0377,2,1096.705534
2026/02/05/10:39:47,running-time,rs-001205-7zvgj,de802c7b-e001-4e72-94db-d1f28f0c0377,2,1096.705534
2026/02/05/10:39:47,apply-time,rs-001205-8gdxd,7116e27f-0c07-400b-81e8-ee51456f933f,2,1096.705534
2026/02/05/10:39:48,running-time,rs-001205-8gdxd,7116e27f-0c07-400b-81e8-ee51456f933f,2,1096.705534
2026/02/05/10:39:48,apply-time,rs-001206-d9k5f,21c6ad0b-02e6-4e0e-9024-a1f1a61d7556,4,1096.705534
2026/02/05/10:39:48,running-time,rs-001206-d9k5f,21c6ad0b-02e6-4e0e-9024-a1f1a61d7556,4,1096.705534
2026/02/05/10:39:48,apply-time,rs-001207-kqc6s,619b0afc-52db-4ab0-b41e-39f41feb3d98,4,1097.705534
2026/02/05/10:39:48,running-time,rs-001207-kqc6s,619b0afc-52db-4ab0-b41e-39f41feb3d98,4,1097.705534
2026/02/05/10:39:48,apply-time,rs-001208-hfpkk,ffcd0a26-c576-4d95-973c-1a8bd4ab8fcf,2,1097.705534
2026/02/05/10:39:48,running-time,rs-001208-hfpkk,ffcd0a26-c576-4d95-973c-1a8bd4ab8fcf,2,1097.705534
2026/02/05/10:39:48,apply-time,rs-001208-kqt67,d56f32fd-5176-44fa-a2b5-965c8b742a02,2,1097.705534
2026/02/05/10:39:48,running-time,rs-001208-kqt67,d56f32fd-5176-44fa-a2b5-965c8b742a02,2,1097.705534
2026/02/05/10:39:48,apply-time,rs-001208-ldcnm,a2657619-3f75-462a-92b8-c9022c0eb356,2,1097.705534
2026/02/05/10:39:48,running-time,rs-001208-ldcnm,a2657619-3f75-462a-92b8-c9022c0eb356,2,1097.705534
2026/02/05/10:40:00,apply-time,rs-001209-fvqpm,751e98a6-b44c-464d-a5b3-ee9404b908f6,1,1109.705534
2026/02/05/10:40:00,running-time,rs-001209-fvqpm,751e98a6-b44c-464d-a5b3-ee9404b908f6,1,1109.705534
2026/02/05/10:40:00,apply-time,rs-001209-rp57r,394b022b-ae08-4448-88de-cc3e97de7020,1,1109.705534
2026/02/05/10:40:00,running-time,rs-001209-rp57r,394b022b-ae08-4448-88de-cc3e97de7020,1,1109.705534
2026/02/05/10:40:00,apply-time,rs-001210-2h8sw,256362db-9018-45a9-aaf1-60fcbf4bde79,3,1109.705534
2026/02/05/10:40:00,running-time,rs-001210-2h8sw,256362db-9018-45a9-aaf1-60fcbf4bde79,3,1109.705534
2026/02/05/10:40:00,apply-time,rs-001210-697h5,4dd4221c-e4ae-4f3e-997d-c684ef3d788a,3,1109.705534
2026/02/05/10:40:00,running-time,rs-001210-697h5,4dd4221c-e4ae-4f3e-997d-c684ef3d788a,3,1109.705534
2026/02/05/10:40:00,apply-time,rs-001210-hdhpb,b23e99bb-ac78-4d08-a063-494f796a137d,3,1109.705534
2026/02/05/10:40:00,running-time,rs-001210-hdhpb,b23e99bb-ac78-4d08-a063-494f796a137d,3,1109.705534
2026/02/05/10:40:00,apply-time,rs-001211-ghmgn,10f17c5e-02e1-4858-9e59-934d7dcf0d74,1,1109.705534
2026/02/05/10:40:00,running-time,rs-001211-ghmgn,10f17c5e-02e1-4858-9e59-934d7dcf0d74,1,1109.705534
2026/02/05/10:40:00,apply-time,rs-001211-j8xql,9802189e-f34a-428f-9e84-1612f3fec0ee,1,1109.705534
2026/02/05/10:40:00,running-time,rs-001211-j8xql,9802189e-f34a-428f-9e84-1612f3fec0ee,1,1109.705534
2026/02/05/10:40:00,apply-time,rs-001211-k6qw6,511b581a-dead-4b45-aacf-b5913ea76209,1,1109.705534
2026/02/05/10:40:00,running-time,rs-001211-k6qw6,511b581a-dead-4b45-aacf-b5913ea76209,1,1109.705534
2026/02/05/10:40:13,apply-time,rs-001212-k7ng4,352874cc-fe8d-40f9-bdfa-c73330706936,3,1122.705534
2026/02/05/10:40:13,running-time,rs-001212-k7ng4,352874cc-fe8d-40f9-bdfa-c73330706936,3,1122.705534
2026/02/05/10:40:13,apply-time,rs-001213-k7lz2,cc7aebc4-4d57-4179-bf7e-e2cbd834c4f9,1,1122.705534
2026/02/05/10:40:13,running-time,rs-001213-k7lz2,cc7aebc4-4d57-4179-bf7e-e2cbd834c4f9,1,1122.705534
2026/02/05/10:40:13,apply-time,rs-001213-njng5,88f7e243-a328-4379-bc8f-821256152291,1,1122.705534
2026/02/05/10:40:13,running-time,rs-001213-njng5,88f7e243-a328-4379-bc8f-821256152291,1,1122.705534
2026/02/05/10:40:13,apply-time,rs-001213-r7s4x,d2fa21e7-b726-42e6-89d6-fc2bc2a59b40,1,1122.705534
2026/02/05/10:40:13,running-time,rs-001213-r7s4x,d2fa21e7-b726-42e6-89d6-fc2bc2a59b40,1,1122.705534
2026/02/05/10:40:15,apply-time,rs-001214-5rczb,3b541f46-84f6-434f-8829-fab4e6fe8b8f,3,1123.705534
2026/02/05/10:40:15,running-time,rs-001214-5rczb,3b541f46-84f6-434f-8829-fab4e6fe8b8f,3,1123.705534
2026/02/05/10:40:15,apply-time,rs-001214-6wrt9,a9e798a9-c451-46da-9f5e-93adf9e307ab,3,1123.705534
2026/02/05/10:40:15,running-time,rs-001214-6wrt9,a9e798a9-c451-46da-9f5e-93adf9e307ab,3,1123.705534
2026/02/05/10:40:15,apply-time,rs-001214-rnmvk,5835433a-bf77-41cc-888c-04d0a9bdaf7f,3,1123.705534
2026/02/05/10:40:15,running-time,rs-001214-rnmvk,5835433a-bf77-41cc-888c-04d0a9bdaf7f,3,1123.705534
2026/02/05/10:40:21,apply-time,rs-001215-6xzlx,a1fcc446-5380-4e09-b5f3-807aecef8b87,1,1130.705534
2026/02/05/10:40:21,running-time,rs-001215-6xzlx,a1fcc446-5380-4e09-b5f3-807aecef8b87,1,1130.705534
2026/02/05/10:40:21,apply-time,rs-001215-sn5vt,d8aee4dc-ad0c-42f2-b29e-83eff48ba82e,1,1130.705534
2026/02/05/10:40:21,running-time,rs-001215-sn5vt,d8aee4dc-ad0c-42f2-b29e-83eff48ba82e,1,1130.705534
2026/02/05/10:40:21,apply-time,rs-001216-gbrlq,c6edb5bb-c9ad-4b69-9e9c-03a4d4c351c8,1,1130.705534
2026/02/05/10:40:21,running-time,rs-001216-gbrlq,c6edb5bb-c9ad-4b69-9e9c-03a4d4c351c8,1,1130.705534
2026/02/05/10:40:21,apply-time,rs-001217-q758s,2c9481ec-5382-460b-8309-cd24ba597398,4,1130.705534
2026/02/05/10:40:21,running-time,rs-001217-q758s,2c9481ec-5382-460b-8309-cd24ba597398,4,1130.705534
2026/02/05/10:40:21,apply-time,rs-001217-rc2h2,dfae403a-3b0c-4144-8199-ed6de1ac6985,4,1130.705534
2026/02/05/10:40:21,running-time,rs-001217-rc2h2,dfae403a-3b0c-4144-8199-ed6de1ac6985,4,1130.705534
2026/02/05/10:40:21,apply-time,rs-001217-xk69v,728f1581-e1bf-4abc-8133-830a16c1d026,4,1130.705534
2026/02/05/10:40:21,running-time,rs-001217-xk69v,728f1581-e1bf-4abc-8133-830a16c1d026,4,1130.705534
2026/02/05/10:40:21,apply-time,rs-001218-4ncfj,84fd5776-f147-4f2d-a7b3-3a76aad4f130,4,1130.705534
2026/02/05/10:40:21,running-time,rs-001218-4ncfj,84fd5776-f147-4f2d-a7b3-3a76aad4f130,4,1130.705534
2026/02/05/10:40:21,apply-time,rs-001218-clf8h,c5bb2fd8-1348-4954-841b-e316351aacf4,4,1130.705534
2026/02/05/10:40:21,running-time,rs-001218-clf8h,c5bb2fd8-1348-4954-841b-e316351aacf4,4,1130.705534
2026/02/05/10:40:21,apply-time,rs-001219-2dwrk,3de4dc84-2c0b-45b8-91e4-9b762298753b,2,1130.705534
2026/02/05/10:40:21,running-time,rs-001219-2dwrk,3de4dc84-2c0b-45b8-91e4-9b762298753b,2,1130.705534
2026/02/05/10:40:21,apply-time,rs-001219-dvfkc,350cd5ac-956f-40e7-a11a-8300617cc24f,2,1130.705534
2026/02/05/10:40:21,running-time,rs-001219-dvfkc,350cd5ac-956f-40e7-a11a-8300617cc24f,2,1130.705534
2026/02/05/10:40:21,apply-time,rs-001220-b4rnv,a1b82dad-2c6c-424c-8eb7-6b0d781d10d5,3,1130.705534
2026/02/05/10:40:21,apply-time,rs-001223-ppghg,b996cc18-8f44-4d99-919a-822a2e86ed71,4,1130.705534
2026/02/05/10:40:21,running-time,rs-001223-ppghg,b996cc18-8f44-4d99-919a-822a2e86ed71,4,1130.705534
2026/02/05/10:40:22,apply-time,rs-001221-rtz5v,8c0cd557-7ef7-4724-96b6-1bb75612b7c4,4,1131.705534
2026/02/05/10:40:22,running-time,rs-001221-rtz5v,8c0cd557-7ef7-4724-96b6-1bb75612b7c4,4,1131.705534
2026/02/05/10:40:22,apply-time,rs-001222-9bbgt,8f506317-ccc4-4780-80ee-473a59ad8887,1,1130.705534
2026/02/05/10:40:22,running-time,rs-001222-9bbgt,8f506317-ccc4-4780-80ee-473a59ad8887,1,1130.705534
2026/02/05/10:40:22,apply-time,rs-001222-tbkdx,5620b2bc-868b-426e-917c-e45069b52d83,1,1131.705534
2026/02/05/10:40:22,running-time,rs-001222-tbkdx,5620b2bc-868b-426e-917c-e45069b52d83,1,1131.705534
2026/02/05/10:40:22,apply-time,rs-001223-77z9l,82dc0ffb-1f3b-4843-ac53-b53dd26b3913,4,1131.705534
2026/02/05/10:40:22,running-time,rs-001223-77z9l,82dc0ffb-1f3b-4843-ac53-b53dd26b3913,4,1131.705534
2026/02/05/10:40:22,apply-time,rs-001224-78b4r,c0fdbb38-1970-4ccb-90f5-f88c47a285dd,1,1131.705534
2026/02/05/10:40:22,running-time,rs-001224-78b4r,c0fdbb38-1970-4ccb-90f5-f88c47a285dd,1,1131.705534
2026/02/05/10:40:22,apply-time,rs-001224-jg7v5,8f3fec1e-166d-44a1-a6de-457450755981,1,1131.705534
2026/02/05/10:40:22,running-time,rs-001224-jg7v5,8f3fec1e-166d-44a1-a6de-457450755981,1,1131.705534
2026/02/05/10:40:22,apply-time,rs-001225-bqz6s,66715e1f-cfe7-4cb4-82f2-4f3522d0522f,2,1131.705534
2026/02/05/10:40:22,running-time,rs-001225-bqz6s,66715e1f-cfe7-4cb4-82f2-4f3522d0522f,2,1131.705534
2026/02/05/10:40:26,apply-time,rs-001226-qpd28,9f691033-703f-4658-8991-9bdd90beb75e,1,1135.705534
2026/02/05/10:40:27,running-time,rs-001226-qpd28,9f691033-703f-4658-8991-9bdd90beb75e,1,1135.705534
2026/02/05/10:40:31,apply-time,rs-001227-njrpx,77c100aa-01e2-4670-aceb-1369bf8568e3,4,1140.705534
2026/02/05/10:40:31,running-time,rs-001227-njrpx,77c100aa-01e2-4670-aceb-1369bf8568e3,4,1140.705534
2026/02/05/10:40:32,apply-time,rs-001228-xbccs,d3967905-366c-4f38-afbd-b33de918bab5,4,1141.705534
2026/02/05/10:40:32,running-time,rs-001228-xbccs,d3967905-366c-4f38-afbd-b33de918bab5,4,1141.705534
2026/02/05/10:40:33,apply-time,rs-001229-lqgmf,01cb03a3-506d-4e72-9e37-6b0a3c8582ee,2,1142.705534
2026/02/05/10:40:33,running-time,rs-001229-lqgmf,01cb03a3-506d-4e72-9e37-6b0a3c8582ee,2,1142.705534
2026/02/05/10:40:33,apply-time,rs-001229-vqlrp,488d201e-f399-4505-b7fa-7462a2a2bb5f,2,1142.705534
2026/02/05/10:40:33,apply-time,rs-001229-x7mt8,e8d7db4d-8c1d-432e-973d-dbceb0592fea,2,1142.705534
2026/02/05/10:40:33,apply-time,rs-001230-c67gl,19fb6235-3a2c-4a9c-b7ae-e184743de32c,4,1142.705534
2026/02/05/10:40:33,running-time,rs-001230-c67gl,19fb6235-3a2c-4a9c-b7ae-e184743de32c,4,1142.705534
2026/02/05/10:40:33,apply-time,rs-001231-4fb9b,d7152b09-81fa-48a0-a75c-33481ed52048,1,1142.705534
2026/02/05/10:40:33,running-time,rs-001231-4fb9b,d7152b09-81fa-48a0-a75c-33481ed52048,1,1142.705534
2026/02/05/10:40:33,apply-time,rs-001231-gwp2m,f679234a-e216-4d51-8ec7-5d03091c3383,1,1142.705534
2026/02/05/10:40:33,running-time,rs-001231-gwp2m,f679234a-e216-4d51-8ec7-5d03091c3383,1,1142.705534
2026/02/05/10:40:33,apply-time,rs-001232-pfsj9,25a32768-d11b-44a0-aee3-d4cea029ed04,3,1142.705534
2026/02/05/10:40:33,apply-time,rs-001233-b4mk7,acc3d90c-3459-4e3d-8741-a5e9fd82b02b,2,1142.705534
2026/02/05/10:40:33,apply-time,rs-001233-fs42k,5f6422ba-6ca6-4c47-9b61-1cbb79784545,2,1142.705534
2026/02/05/10:40:33,apply-time,rs-001234-nvqrg,bceeea4a-cb45-4d73-a613-fa28fabe27f4,4,1142.705534
2026/02/05/10:40:33,running-time,rs-001234-nvqrg,bceeea4a-cb45-4d73-a613-fa28fabe27f4,4,1142.705534
2026/02/05/10:40:33,apply-time,rs-001235-hxtdv,bfda56ea-1087-407b-913b-afeebddcd282,1,1142.705534
2026/02/05/10:40:33,running-time,rs-001235-hxtdv,bfda56ea-1087-407b-913b-afeebddcd282,1,1142.705534
2026/02/05/10:40:34,running-time,rs-001229-vqlrp,488d201e-f399-4505-b7fa-7462a2a2bb5f,2,1143.705534
2026/02/05/10:40:37,apply-time,rs-001236-2lv2x,84e8b6a8-ff71-4eab-9d61-7c550815230f,1,1146.705534
2026/02/05/10:40:37,running-time,rs-001236-2lv2x,84e8b6a8-ff71-4eab-9d61-7c550815230f,1,1146.705534
2026/02/05/10:40:37,apply-time,rs-001236-n65gn,b2279b9e-cfe5-4a49-b231-2ca26049f29c,1,1146.705534
2026/02/05/10:40:37,running-time,rs-001236-n65gn,b2279b9e-cfe5-4a49-b231-2ca26049f29c,1,1146.705534
2026/02/05/10:40:37,apply-time,rs-001237-8tgx5,302c3199-e280-42ee-8a07-43a0659e9a77,1,1146.705534
2026/02/05/10:40:37,running-time,rs-001237-8tgx5,302c3199-e280-42ee-8a07-43a0659e9a77,1,1146.705534
2026/02/05/10:40:37,apply-time,rs-001237-mrr28,88aa421b-dd33-4780-8778-ec2331423387,1,1146.705534
2026/02/05/10:40:37,running-time,rs-001237-mrr28,88aa421b-dd33-4780-8778-ec2331423387,1,1146.705534
2026/02/05/10:40:37,apply-time,rs-001237-sxqhh,cdbb838c-b19b-4029-b03f-0ba3f6963398,1,1146.705534
2026/02/05/10:40:37,apply-time,rs-001238-fhpjc,43274cc8-9894-4586-821e-3d1dc3ebaebf,4,1146.705534
2026/02/05/10:40:37,apply-time,rs-001238-vqc6s,5ecc05a0-fadd-4a6f-afa9-6b67eb8df491,4,1146.705534
2026/02/05/10:40:37,apply-time,rs-001238-wmgtt,b4406124-1ca4-4df6-8897-08a61835b604,4,1146.705534
2026/02/05/10:40:38,running-time,rs-001237-sxqhh,cdbb838c-b19b-4029-b03f-0ba3f6963398,1,1146.705534
2026/02/05/10:40:38,running-time,rs-001238-fhpjc,43274cc8-9894-4586-821e-3d1dc3ebaebf,4,1146.705534
2026/02/05/10:40:38,running-time,rs-001238-vqc6s,5ecc05a0-fadd-4a6f-afa9-6b67eb8df491,4,1146.705534
2026/02/05/10:40:38,running-time,rs-001238-wmgtt,b4406124-1ca4-4df6-8897-08a61835b604,4,1146.705534
2026/02/05/10:40:40,apply-time,rs-001239-shb98,d986d2ea-e1ec-43f2-bd0d-1033df094dd8,3,1149.705534
2026/02/05/10:40:40,running-time,rs-001239-shb98,d986d2ea-e1ec-43f2-bd0d-1033df094dd8,3,1149.705534
2026/02/05/10:40:40,apply-time,rs-001240-bmkv7,e36f0026-cf63-4035-890b-7b1d6bc4678c,3,1149.705534
2026/02/05/10:40:40,running-time,rs-001240-bmkv7,e36f0026-cf63-4035-890b-7b1d6bc4678c,3,1149.705534
2026/02/05/10:40:40,apply-time,rs-001240-wsfzb,613e04f7-d3cd-4178-b3de-bac983dc07c2,3,1149.705534
2026/02/05/10:40:40,running-time,rs-001240-wsfzb,613e04f7-d3cd-4178-b3de-bac983dc07c2,3,1149.705534
2026/02/05/10:40:40,apply-time,rs-001241-2sfrn,6dc3f8f4-74fa-4609-9925-3d40dfcf3325,1,1149.705534
2026/02/05/10:40:40,running-time,rs-001241-2sfrn,6dc3f8f4-74fa-4609-9925-3d40dfcf3325,1,1149.705534
2026/02/05/10:40:40,apply-time,rs-001241-4d5xl,a34d934d-956e-4b26-b486-b803ba84cc6b,1,1149.705534
2026/02/05/10:40:40,running-time,rs-001241-4d5xl,a34d934d-956e-4b26-b486-b803ba84cc6b,1,1149.705534
2026/02/05/10:40:40,apply-time,rs-001241-4tsqc,1529ab2e-81ea-461f-af22-57ccf8c27b83,1,1149.705534
2026/02/05/10:40:40,running-time,rs-001241-4tsqc,1529ab2e-81ea-461f-af22-57ccf8c27b83,1,1149.705534
2026/02/05/10:40:40,apply-time,rs-001242-g7rmj,24c0d087-a31b-4600-9c41-ad83ea776420,2,1149.705534
2026/02/05/10:40:40,running-time,rs-001242-g7rmj,24c0d087-a31b-4600-9c41-ad83ea776420,2,1149.705534
2026/02/05/10:40:40,apply-time,rs-001243-vdkm7,f032c0fb-9058-4dde-8efa-61c83c7f8659,3,1149.705534
2026/02/05/10:40:40,running-time,rs-001243-vdkm7,f032c0fb-9058-4dde-8efa-61c83c7f8659,3,1149.705534
2026/02/05/10:40:40,apply-time,rs-001244-rgcnr,e56e50f7-b67b-4d58-bab9-22ff1f239ec5,3,1149.705534
2026/02/05/10:40:40,running-time,rs-001244-rgcnr,e56e50f7-b67b-4d58-bab9-22ff1f239ec5,3,1149.705534
2026/02/05/10:40:40,apply-time,rs-001245-bmfgm,8077a830-f330-4468-b5a1-deb6c208dcd1,2,1149.705534
2026/02/05/10:40:40,running-time,rs-001245-bmfgm,8077a830-f330-4468-b5a1-deb6c208dcd1,2,1149.705534
2026/02/05/10:40:41,apply-time,rs-001246-2jqts,8770358f-30be-4562-9a32-0446f615a183,4,1150.705534
2026/02/05/10:40:41,running-time,rs-001246-2jqts,8770358f-30be-4562-9a32-0446f615a183,4,1150.705534
2026/02/05/10:40:41,apply-time,rs-001246-rvt5v,95d82acf-fec2-42d8-9fd2-2c9ff45c0d76,4,1150.705534
2026/02/05/10:40:41,running-time,rs-001246-rvt5v,95d82acf-fec2-42d8-9fd2-2c9ff45c0d76,4,1150.705534
2026/02/05/10:40:41,apply-time,rs-001246-rwwk4,a10ef327-2275-4aa6-8c24-50d960937070,4,1150.705534
2026/02/05/10:40:41,running-time,rs-001246-rwwk4,a10ef327-2275-4aa6-8c24-50d960937070,4,1150.705534
2026/02/05/10:40:41,apply-time,rs-001247-pvfkg,64b0ae4a-0ed7-4f08-a602-6735262c0a1b,3,1150.705534
2026/02/05/10:40:41,apply-time,rs-001248-xr28v,75ada0a3-e74a-41e4-866e-eb65894a005f,3,1150.705534
2026/02/05/10:40:41,running-time,rs-001248-xr28v,75ada0a3-e74a-41e4-866e-eb65894a005f,3,1150.705534
2026/02/05/10:40:41,apply-time,rs-001249-bn72j,3c2c3ea5-c650-4c8c-9e25-74937fae482c,4,1150.705534
2026/02/05/10:40:41,apply-time,rs-001249-cfn5f,12dd9239-34af-407a-b5c1-4a6cbd744bef,4,1150.705534
2026/02/05/10:40:41,running-time,rs-001249-cfn5f,12dd9239-34af-407a-b5c1-4a6cbd744bef,4,1150.705534
2026/02/05/10:40:41,apply-time,rs-001249-hzbww,356becd0-72a2-4a6b-9376-dd6b63bcd705,4,1150.705534
2026/02/05/10:40:41,apply-time,rs-001250-xvgrm,6bf20ca9-37d0-4dee-b996-e1b663a9741a,4,1150.705534
2026/02/05/10:40:41,running-time,rs-001250-xvgrm,6bf20ca9-37d0-4dee-b996-e1b663a9741a,4,1150.705534
2026/02/05/10:40:42,running-time,rs-001249-bn72j,3c2c3ea5-c650-4c8c-9e25-74937fae482c,4,1151.705534
2026/02/05/10:40:42,running-time,rs-001249-hzbww,356becd0-72a2-4a6b-9376-dd6b63bcd705,4,1150.705534
2026/02/05/10:40:42,apply-time,rs-001251-bts95,46b77720-819f-42a1-b2c8-1cd0c3afc6a1,1,1151.705534
2026/02/05/10:40:42,running-time,rs-001251-bts95,46b77720-819f-42a1-b2c8-1cd0c3afc6a1,1,1151.705534
2026/02/05/10:40:45,running-time,rs-001247-pvfkg,64b0ae4a-0ed7-4f08-a602-6735262c0a1b,3,1154.705534
2026/02/05/10:40:51,apply-time,rs-001252-m52z9,e72afae7-4067-49c0-9a11-c94e8a47a772,3,1160.705534
2026/02/05/10:40:51,running-time,rs-001252-m52z9,e72afae7-4067-49c0-9a11-c94e8a47a772,3,1160.705534
2026/02/05/10:40:51,apply-time,rs-001252-xqn6p,9accc5fd-d6a1-481b-abab-1282ee29f5b1,3,1160.705534
2026/02/05/10:40:51,running-time,rs-001252-xqn6p,9accc5fd-d6a1-481b-abab-1282ee29f5b1,3,1160.705534
2026/02/05/10:40:51,apply-time,rs-001253-7bgzt,267f26b6-93a7-4917-8187-e58c37a98562,1,1160.705534
2026/02/05/10:40:51,running-time,rs-001253-7bgzt,267f26b6-93a7-4917-8187-e58c37a98562,1,1160.705534
2026/02/05/10:40:51,apply-time,rs-001254-4nbmq,21578141-bbf0-4848-9a85-f6add5673412,4,1160.705534
2026/02/05/10:40:51,running-time,rs-001254-4nbmq,21578141-bbf0-4848-9a85-f6add5673412,4,1160.705534
2026/02/05/10:40:51,apply-time,rs-001254-csbhc,7e25c3a5-558a-4049-9c98-ee4ce1cb5163,4,1160.705534
2026/02/05/10:40:51,running-time,rs-001254-csbhc,7e25c3a5-558a-4049-9c98-ee4ce1cb5163,4,1160.705534
2026/02/05/10:40:51,apply-time,rs-001254-fpjrg,c56fdfb8-b780-45e7-910c-4aeee5226018,4,1160.705534
2026/02/05/10:40:51,running-time,rs-001254-fpjrg,c56fdfb8-b780-45e7-910c-4aeee5226018,4,1160.705534
2026/02/05/10:40:51,apply-time,rs-001255-fj2h9,b61d73a9-41a0-402f-96f4-fa35e094e423,1,1160.705534
2026/02/05/10:40:51,running-time,rs-001255-fj2h9,b61d73a9-41a0-402f-96f4-fa35e094e423,1,1160.705534
2026/02/05/10:40:51,apply-time,rs-001256-cn7z8,31a19a80-b7d5-4ca9-8532-31603c917f75,2,1160.705534
2026/02/05/10:40:51,running-time,rs-001256-cn7z8,31a19a80-b7d5-4ca9-8532-31603c917f75,2,1160.705534
2026/02/05/10:40:51,apply-time,rs-001257-8hhlz,5c1feb6b-6f40-48f5-b304-ba707da3ec95,1,1161.705534
2026/02/05/10:40:51,apply-time,rs-001257-g4nw8,9b2ec4ad-a9d2-4a9e-b212-f8dd2f299e17,1,1160.705534
2026/02/05/10:40:51,running-time,rs-001257-g4nw8,9b2ec4ad-a9d2-4a9e-b212-f8dd2f299e17,1,1161.705534
2026/02/05/10:40:51,apply-time,rs-001257-ntf9n,43dab0e6-8fb6-4632-9f82-7f634b74cdfd,1,1160.705534
2026/02/05/10:40:52,running-time,rs-001257-8hhlz,5c1feb6b-6f40-48f5-b304-ba707da3ec95,1,1161.705534
2026/02/05/10:40:52,running-time,rs-001257-ntf9n,43dab0e6-8fb6-4632-9f82-7f634b74cdfd,1,1161.705534
2026/02/05/10:40:52,apply-time,rs-001258-4svcp,97da175f-4352-4312-b188-228a64b9eb08,1,1161.705534
2026/02/05/10:40:52,running-time,rs-001258-4svcp,97da175f-4352-4312-b188-228a64b9eb08,1,1161.705534
2026/02/05/10:40:54,apply-time,rs-001259-bm92s,ef498ce9-c910-43af-9d6d-12e1cd1b94d9,2,1163.705534
2026/02/05/10:40:54,apply-time,rs-001259-t255b,2f093eef-9922-491b-b3f6-26d5c8b2f0ec,2,1163.705534
2026/02/05/10:40:54,running-time,rs-001259-t255b,2f093eef-9922-491b-b3f6-26d5c8b2f0ec,2,1163.705534
2026/02/05/10:40:54,apply-time,rs-001259-tttv5,f7449370-0673-4855-8e69-a6b72d8859db,2,1163.705534
2026/02/05/10:40:54,apply-time,rs-001260-4z76r,fd30cbd7-165c-4798-abf7-6d502d893662,2,1163.705534
2026/02/05/10:40:54,running-time,rs-001260-4z76r,fd30cbd7-165c-4798-abf7-6d502d893662,2,1163.705534
2026/02/05/10:40:54,apply-time,rs-001260-pwd2c,205d8e0a-0127-40a9-9cdd-b6fe6ee4413d,2,1163.705534
2026/02/05/10:40:54,running-time,rs-001260-pwd2c,205d8e0a-0127-40a9-9cdd-b6fe6ee4413d,2,1163.705534
2026/02/05/10:40:55,running-time,rs-001259-bm92s,ef498ce9-c910-43af-9d6d-12e1cd1b94d9,2,1164.705534
2026/02/05/10:40:56,running-time,rs-001259-tttv5,f7449370-0673-4855-8e69-a6b72d8859db,2,1165.705534
2026/02/05/10:41:09,apply-time,rs-001261-9dw2b,1fabbf15-b106-44cb-9d6f-5b0c9f68d093,1,1178.705534
2026/02/05/10:41:09,running-time,rs-001261-9dw2b,1fabbf15-b106-44cb-9d6f-5b0c9f68d093,1,1178.705534
2026/02/05/10:41:09,apply-time,rs-001261-9vldh,0ec3a003-2b68-42ba-adda-6af770c0d1b5,1,1178.705534
2026/02/05/10:41:09,running-time,rs-001261-9vldh,0ec3a003-2b68-42ba-adda-6af770c0d1b5,1,1178.705534
2026/02/05/10:41:09,apply-time,rs-001261-pmck5,16177047-2e2f-4a65-929c-9b7688ac2390,1,1178.705534
2026/02/05/10:41:09,running-time,rs-001261-pmck5,16177047-2e2f-4a65-929c-9b7688ac2390,1,1178.705534
2026/02/05/10:41:11,apply-time,rs-001262-kqpm9,736e9787-9d2b-4368-9715-117f8dc425e7,2,1180.705534
2026/02/05/10:41:11,running-time,rs-001262-kqpm9,736e9787-9d2b-4368-9715-117f8dc425e7,2,1180.705534
2026/02/05/10:41:11,apply-time,rs-001262-sfqwm,0e0415a3-15d0-43f5-9265-f36ec5990d89,2,1180.705534
2026/02/05/10:41:11,running-time,rs-001262-sfqwm,0e0415a3-15d0-43f5-9265-f36ec5990d89,2,1180.705534
2026/02/05/10:41:11,apply-time,rs-001263-x5pgs,a6af46a3-f93b-4b18-a31d-61e443799a33,3,1180.705534
2026/02/05/10:41:11,running-time,rs-001263-x5pgs,a6af46a3-f93b-4b18-a31d-61e443799a33,3,1180.705534
2026/02/05/10:41:12,apply-time,rs-001264-n98fv,5033bcb1-1a57-43ce-b59c-0c52ed59c82c,2,1181.705534
2026/02/05/10:41:12,running-time,rs-001264-n98fv,5033bcb1-1a57-43ce-b59c-0c52ed59c82c,2,1181.705534
2026/02/05/10:41:12,apply-time,rs-001265-z68qh,81739d71-375a-4f09-9fff-a8a2c3feccf7,2,1181.705534
2026/02/05/10:41:12,running-time,rs-001265-z68qh,81739d71-375a-4f09-9fff-a8a2c3feccf7,2,1181.705534
2026/02/05/10:41:12,apply-time,rs-001266-89kg6,f4a5d558-f42a-40df-8dd2-103b675f8f45,4,1181.705534
2026/02/05/10:41:12,running-time,rs-001266-89kg6,f4a5d558-f42a-40df-8dd2-103b675f8f45,4,1181.705534
2026/02/05/10:41:12,apply-time,rs-001266-h572v,d0fbbc8f-ec8b-4f12-8874-cefb50b49185,4,1181.705534
2026/02/05/10:41:12,running-time,rs-001266-h572v,d0fbbc8f-ec8b-4f12-8874-cefb50b49185,4,1181.705534
2026/02/05/10:41:12,apply-time,rs-001266-lc9kj,20ec5113-b7c9-48f4-99ab-adb4cdb938c2,4,1181.705534
2026/02/05/10:41:12,running-time,rs-001266-lc9kj,20ec5113-b7c9-48f4-99ab-adb4cdb938c2,4,1181.705534
2026/02/05/10:41:12,apply-time,rs-001267-5sxn5,cb1f67f0-ec13-4ca0-8c8c-13d67cf72982,2,1181.705534
2026/02/05/10:41:12,running-time,rs-001267-5sxn5,cb1f67f0-ec13-4ca0-8c8c-13d67cf72982,2,1181.705534
2026/02/05/10:41:12,apply-time,rs-001267-xqhd8,f17b6650-0eda-4314-b314-c481dfb5d952,2,1181.705534
2026/02/05/10:41:13,apply-time,rs-001268-5kc9h,0d64ab91-5a3f-4bce-bce5-8f3de715bfc5,2,1182.705534
2026/02/05/10:41:13,running-time,rs-001268-5kc9h,0d64ab91-5a3f-4bce-bce5-8f3de715bfc5,2,1182.705534
2026/02/05/10:41:13,apply-time,rs-001268-6pvgp,b6a884c2-9eeb-419f-9a2b-d8ea3a716bb9,2,1182.705534
2026/02/05/10:41:13,running-time,rs-001268-6pvgp,b6a884c2-9eeb-419f-9a2b-d8ea3a716bb9,2,1182.705534
2026/02/05/10:41:13,apply-time,rs-001269-8h267,da020a4d-f181-47cb-95f9-933a513e5893,3,1182.705534
2026/02/05/10:41:13,running-time,rs-001269-8h267,da020a4d-f181-47cb-95f9-933a513e5893,3,1182.705534
2026/02/05/10:41:13,apply-time,rs-001269-dr58x,35e14dd5-8f10-44bd-8b6d-086e8ffab614,3,1182.705534
2026/02/05/10:41:13,running-time,rs-001269-dr58x,35e14dd5-8f10-44bd-8b6d-086e8ffab614,3,1182.705534
2026/02/05/10:41:13,apply-time,rs-001269-vknx2,a4221a6e-a90a-4ce1-8837-848f5424dfbf,3,1182.705534
2026/02/05/10:41:13,running-time,rs-001269-vknx2,a4221a6e-a90a-4ce1-8837-848f5424dfbf,3,1182.705534
2026/02/05/10:41:15,apply-time,rs-001270-95gfz,6dca08be-b37e-4d5c-a2c2-502568747c69,4,1184.705534
2026/02/05/10:41:15,running-time,rs-001270-95gfz,6dca08be-b37e-4d5c-a2c2-502568747c69,4,1184.705534
2026/02/05/10:41:15,apply-time,rs-001270-dt49f,ab9c4bd7-67c1-4f2a-a7eb-d2fbcc66ac6a,4,1184.705534
2026/02/05/10:41:15,running-time,rs-001270-dt49f,ab9c4bd7-67c1-4f2a-a7eb-d2fbcc66ac6a,4,1184.705534
2026/02/05/10:41:15,apply-time,rs-001270-g9ftr,a75891f6-2924-4eeb-971a-6159df93451d,4,1184.705534
2026/02/05/10:41:15,running-time,rs-001270-g9ftr,a75891f6-2924-4eeb-971a-6159df93451d,4,1184.705534
2026/02/05/10:41:15,apply-time,rs-001271-t9jd7,0029272e-4fee-457e-919f-3a82a6ea835a,3,1184.705534
2026/02/05/10:41:15,running-time,rs-001271-t9jd7,0029272e-4fee-457e-919f-3a82a6ea835a,3,1184.705534
2026/02/05/10:41:15,apply-time,rs-001272-b9tpv,67c2af53-dc85-4ace-8f3b-266e89b30fc8,1,1184.705534
2026/02/05/10:41:15,running-time,rs-001272-b9tpv,67c2af53-dc85-4ace-8f3b-266e89b30fc8,1,1184.705534
2026/02/05/10:41:15,apply-time,rs-001273-47b28,c057f83d-c732-480b-a4b9-bbb28bef491b,1,1184.705534
2026/02/05/10:41:15,running-time,rs-001273-47b28,c057f83d-c732-480b-a4b9-bbb28bef491b,1,1184.705534
2026/02/05/10:41:15,apply-time,rs-001273-jcj8s,3295d4a1-0958-4563-81e9-8c38f356c12a,1,1184.705534
2026/02/05/10:41:15,running-time,rs-001273-jcj8s,3295d4a1-0958-4563-81e9-8c38f356c12a,1,1184.705534
2026/02/05/10:41:15,apply-time,rs-001273-n7m2z,c9649f51-2394-4379-a5c4-fc7c792ca321,1,1184.705534
2026/02/05/10:41:15,running-time,rs-001273-n7m2z,c9649f51-2394-4379-a5c4-fc7c792ca321,1,1184.705534
2026/02/05/10:41:16,running-time,rs-001267-xqhd8,f17b6650-0eda-4314-b314-c481dfb5d952,2,1185.705534
2026/02/05/10:41:23,apply-time,rs-001274-nl6pt,a9de32be-a437-424a-8f70-c03dfb661cf5,3,1192.705534
2026/02/05/10:41:23,running-time,rs-001274-nl6pt,a9de32be-a437-424a-8f70-c03dfb661cf5,3,1192.705534
2026/02/05/10:41:23,apply-time,rs-001274-vvwwh,f176ea09-bfd2-41f2-ba6c-416d97b77b4a,3,1192.705534
2026/02/05/10:41:23,running-time,rs-001274-vvwwh,f176ea09-bfd2-41f2-ba6c-416d97b77b4a,3,1192.705534
2026/02/05/10:41:23,apply-time,rs-001274-xq8vk,72f688d7-05d1-47c4-851f-3ee0f43f6ca9,3,1192.705534
2026/02/05/10:41:23,running-time,rs-001274-xq8vk,72f688d7-05d1-47c4-851f-3ee0f43f6ca9,3,1192.705534
2026/02/05/10:41:23,apply-time,rs-001275-488rh,c0c254f7-4e8d-489c-8350-b6f7b90754bc,2,1192.705534
2026/02/05/10:41:23,running-time,rs-001275-488rh,c0c254f7-4e8d-489c-8350-b6f7b90754bc,2,1192.705534
2026/02/05/10:41:23,apply-time,rs-001276-49xp9,cf13cbbf-7c4f-429b-975e-36d5dd8b4dd6,1,1192.705534
2026/02/05/10:41:23,running-time,rs-001276-49xp9,cf13cbbf-7c4f-429b-975e-36d5dd8b4dd6,1,1192.705534
2026/02/05/10:41:23,apply-time,rs-001277-f6jpj,14fdae21-482a-4b44-bf14-0bdfe02afc9e,1,1192.705534
2026/02/05/10:41:23,running-time,rs-001277-f6jpj,14fdae21-482a-4b44-bf14-0bdfe02afc9e,1,1192.705534
2026/02/05/10:41:23,apply-time,rs-001277-jpwq7,045999a8-7ffd-44ce-ba39-78efafa8745f,1,1192.705534
2026/02/05/10:41:23,running-time,rs-001277-jpwq7,045999a8-7ffd-44ce-ba39-78efafa8745f,1,1192.705534
2026/02/05/10:41:23,apply-time,rs-001278-2c297,d2dc2769-40e0-493c-be0a-d340e4bcfe84,4,1192.705534
2026/02/05/10:41:23,running-time,rs-001278-2c297,d2dc2769-40e0-493c-be0a-d340e4bcfe84,4,1192.705534
2026/02/05/10:41:23,apply-time,rs-001279-fp9m5,b68d0990-7f2d-42a5-8c20-63cacf746d49,2,1192.705534
2026/02/05/10:41:23,running-time,rs-001279-fp9m5,b68d0990-7f2d-42a5-8c20-63cacf746d49,2,1192.705534
2026/02/05/10:41:23,apply-time,rs-001280-2zwjl,8b53b9c9-cbae-4bea-b902-8e231ea670cc,1,1192.705534
2026/02/05/10:41:23,running-time,rs-001280-2zwjl,8b53b9c9-cbae-4bea-b902-8e231ea670cc,1,1192.705534
2026/02/05/10:41:23,apply-time,rs-001280-hjzcn,2e68da17-670f-40cf-980a-c098927983ce,1,1192.705534
2026/02/05/10:41:23,running-time,rs-001280-hjzcn,2e68da17-670f-40cf-980a-c098927983ce,1,1192.705534
2026/02/05/10:41:23,apply-time,rs-001280-mg2fd,74cb4a60-faa7-403e-a9c3-8d87369e036f,1,1192.705534
2026/02/05/10:41:23,apply-time,rs-001281-2kgkt,7a43c2f6-f35e-4dcc-aaae-18f0a8260577,1,1192.705534
2026/02/05/10:41:23,running-time,rs-001281-2kgkt,7a43c2f6-f35e-4dcc-aaae-18f0a8260577,1,1192.705534
2026/02/05/10:41:24,running-time,rs-001280-mg2fd,74cb4a60-faa7-403e-a9c3-8d87369e036f,1,1193.705534
2026/02/05/10:41:24,apply-time,rs-001282-dcvjt,de59f4a6-45d9-45e5-a71e-5e641c387802,1,1193.705534
2026/02/05/10:41:24,apply-time,rs-001282-pxqfk,8de586c5-104a-423d-acdd-85c630bba448,1,1193.705534
2026/02/05/10:41:24,apply-time,rs-001283-5czgq,fd2cb080-5f24-489a-865f-5ff95dd999c5,3,1193.705534
2026/02/05/10:41:24,running-time,rs-001283-5czgq,fd2cb080-5f24-489a-865f-5ff95dd999c5,3,1193.705534
2026/02/05/10:41:24,apply-time,rs-001283-vjw4j,364c10dd-2e72-4190-ad72-6b34fe248c8e,3,1193.705534
2026/02/05/10:41:24,running-time,rs-001283-vjw4j,364c10dd-2e72-4190-ad72-6b34fe248c8e,3,1193.705534
2026/02/05/10:41:24,apply-time,rs-001284-64v58,2f8d542d-84ec-4f15-ace0-414c9045f739,1,1193.705534
2026/02/05/10:41:24,running-time,rs-001284-64v58,2f8d542d-84ec-4f15-ace0-414c9045f739,1,1193.705534
2026/02/05/10:41:24,apply-time,rs-001285-jftcx,b1d56770-2284-4835-960a-a980dd131924,1,1193.705534
2026/02/05/10:41:24,running-time,rs-001285-jftcx,b1d56770-2284-4835-960a-a980dd131924,1,1193.705534
2026/02/05/10:41:24,apply-time,rs-001286-s8zt9,d2b436f8-7855-4219-9657-7d023b47b43f,2,1193.705534
2026/02/05/10:41:26,running-time,rs-001282-dcvjt,de59f4a6-45d9-45e5-a71e-5e641c387802,1,1195.705534
2026/02/05/10:41:26,running-time,rs-001282-pxqfk,8de586c5-104a-423d-acdd-85c630bba448,1,1195.705534
2026/02/05/10:41:28,apply-time,rs-001287-q5dcm,b383216e-af4b-471c-93de-0157976f9484,2,1197.705534
2026/02/05/10:41:28,running-time,rs-001287-q5dcm,b383216e-af4b-471c-93de-0157976f9484,2,1197.705534
2026/02/05/10:41:28,apply-time,rs-001288-frx46,7bf4ab6d-1c83-4a35-bc6c-2afd81ed7d93,2,1197.705534
2026/02/05/10:41:28,running-time,rs-001288-frx46,7bf4ab6d-1c83-4a35-bc6c-2afd81ed7d93,2,1197.705534
2026/02/05/10:41:28,apply-time,rs-001289-47jlw,513df683-595b-4e71-9091-018d18c40d46,3,1197.705534
2026/02/05/10:41:28,running-time,rs-001289-47jlw,513df683-595b-4e71-9091-018d18c40d46,3,1197.705534
2026/02/05/10:41:28,apply-time,rs-001289-blfxw,7cdd6857-6d60-403e-93ff-996b118628eb,3,1197.705534
2026/02/05/10:41:28,running-time,rs-001289-blfxw,7cdd6857-6d60-403e-93ff-996b118628eb,3,1197.705534
2026/02/05/10:41:28,apply-time,rs-001289-bxfgv,ca676e08-e65c-4ef3-9d7e-00c5c52eb500,3,1197.705534
2026/02/05/10:41:28,running-time,rs-001289-bxfgv,ca676e08-e65c-4ef3-9d7e-00c5c52eb500,3,1197.705534
2026/02/05/10:41:30,apply-time,rs-001290-t9fxq,2577f8bf-aece-442a-bf10-c6e92f738f8e,4,1199.705534
2026/02/05/10:41:30,apply-time,rs-001291-hvllz,1b9a28dc-10e8-4997-83e7-ac96297c7874,2,1199.705534
2026/02/05/10:41:30,running-time,rs-001291-hvllz,1b9a28dc-10e8-4997-83e7-ac96297c7874,2,1199.705534
2026/02/05/10:41:30,apply-time,rs-001291-pchkb,8d227dca-29d0-493d-80c8-f89d98c699f4,2,1199.705534
2026/02/05/10:41:30,running-time,rs-001291-pchkb,8d227dca-29d0-493d-80c8-f89d98c699f4,2,1199.705534
2026/02/05/10:41:30,apply-time,rs-001292-49hqn,f8580dd5-e5ea-4aae-a4b8-c4642ea549c3,1,1199.705534
2026/02/05/10:41:30,running-time,rs-001292-49hqn,f8580dd5-e5ea-4aae-a4b8-c4642ea549c3,1,1199.705534
2026/02/05/10:41:30,apply-time,rs-001292-bbfq7,2b8c0290-3a6b-420d-a365-ce9c44797592,1,1199.705534
2026/02/05/10:41:30,running-time,rs-001292-bbfq7,2b8c0290-3a6b-420d-a365-ce9c44797592,1,1199.705534
2026/02/05/10:41:30,apply-time,rs-001293-2jj2w,aaf70649-c5b8-4ea3-a1cb-6f6db82cfd24,1,1199.705534
2026/02/05/10:41:30,running-time,rs-001293-2jj2w,aaf70649-c5b8-4ea3-a1cb-6f6db82cfd24,1,1199.705534
2026/02/05/10:41:30,apply-time,rs-001293-45jwn,9aad43db-5491-48f6-a9e9-4b81f0b6dc94,1,1199.705534
2026/02/05/10:41:30,running-time,rs-001293-45jwn,9aad43db-5491-48f6-a9e9-4b81f0b6dc94,1,1199.705534
2026/02/05/10:41:30,apply-time,rs-001293-cgpzq,5c1baa6d-bd74-49bf-b761-391e6264addc,1,1199.705534
2026/02/05/10:41:30,running-time,rs-001293-cgpzq,5c1baa6d-bd74-49bf-b761-391e6264addc,1,1199.705534
2026/02/05/10:41:30,apply-time,rs-001294-f7c9f,b0e3a593-9dd2-4f83-b4ba-1b4152f6e02f,4,1199.705534
2026/02/05/10:41:30,running-time,rs-001294-f7c9f,b0e3a593-9dd2-4f83-b4ba-1b4152f6e02f,4,1199.705534
2026/02/05/10:41:30,apply-time,rs-001294-pprql,8abfb72e-e0af-430e-923d-c86f6000ab35,4,1199.705534
2026/02/05/10:41:30,running-time,rs-001294-pprql,8abfb72e-e0af-430e-923d-c86f6000ab35,4,1199.705534
2026/02/05/10:41:30,apply-time,rs-001294-sjrjv,13a8f4cc-9dba-4740-a347-34b37c8ed51e,4,1199.705534
2026/02/05/10:41:30,running-time,rs-001294-sjrjv,13a8f4cc-9dba-4740-a347-34b37c8ed51e,4,1199.705534
2026/02/05/10:41:30,apply-time,rs-001295-j7zq4,89af962f-edf5-4db5-95db-454ff5b1600e,3,1199.705534
2026/02/05/10:41:30,running-time,rs-001295-j7zq4,89af962f-edf5-4db5-95db-454ff5b1600e,3,1199.705534
2026/02/05/10:41:31,apply-time,rs-001296-b6d4k,512b7efd-4347-4f74-a248-c8cc21b68e58,4,1200.705534
2026/02/05/10:41:31,running-time,rs-001296-b6d4k,512b7efd-4347-4f74-a248-c8cc21b68e58,4,1200.705534
2026/02/05/10:41:35,running-time,rs-001290-t9fxq,2577f8bf-aece-442a-bf10-c6e92f738f8e,4,1204.705534
2026/02/05/10:41:35,apply-time,rs-001297-fcfvx,c231e3a9-3b65-42d8-9e0c-510128f7f744,3,1204.705534
2026/02/05/10:41:35,running-time,rs-001297-fcfvx,c231e3a9-3b65-42d8-9e0c-510128f7f744,3,1204.705534
2026/02/05/10:41:35,apply-time,rs-001297-m7wpx,a1d01762-7ba1-4711-8ced-0ec96427800e,3,1204.705534
2026/02/05/10:41:35,running-time,rs-001297-m7wpx,a1d01762-7ba1-4711-8ced-0ec96427800e,3,1204.705534
2026/02/05/10:41:35,apply-time,rs-001298-7777z,8c6d8ab1-3b97-4f2f-af8f-c45b7cd89362,4,1204.705534
2026/02/05/10:41:35,running-time,rs-001298-7777z,8c6d8ab1-3b97-4f2f-af8f-c45b7cd89362,4,1204.705534
2026/02/05/10:41:37,apply-time,rs-001299-pq68s,585ef6cf-70f0-4b7c-ac57-a6e08e3d60de,2,1206.705534
2026/02/05/10:41:37,running-time,rs-001299-pq68s,585ef6cf-70f0-4b7c-ac57-a6e08e3d60de,2,1206.705534
2026/02/05/10:41:37,apply-time,rs-001299-qz4ss,35bb4cbb-fd56-4269-9006-5ddd94b84cb9,2,1206.705534
2026/02/05/10:41:37,running-time,rs-001299-qz4ss,35bb4cbb-fd56-4269-9006-5ddd94b84cb9,2,1206.705534
2026/02/05/10:41:37,apply-time,rs-001299-whcwr,b9a39bfa-6191-418e-8511-9a4593b3bc0b,2,1206.705534
2026/02/05/10:41:37,running-time,rs-001299-whcwr,b9a39bfa-6191-418e-8511-9a4593b3bc0b,2,1206.705534
2026/02/05/10:41:37,apply-time,rs-001300-sgb4f,ba214c54-241c-4b57-bdd4-302d205607ac,1,1206.705534
2026/02/05/10:41:37,running-time,rs-001300-sgb4f,ba214c54-241c-4b57-bdd4-302d205607ac,1,1206.705534
2026/02/05/10:41:37,apply-time,rs-001301-7wv49,af177cc8-2baf-414f-9027-c8b5231bbf9c,4,1206.705534
2026/02/05/10:41:37,apply-time,rs-001301-h8gvm,06975b0e-f646-40ec-a042-c37596c1e053,4,1206.705534
2026/02/05/10:41:37,running-time,rs-001301-h8gvm,06975b0e-f646-40ec-a042-c37596c1e053,4,1206.705534
2026/02/05/10:41:37,apply-time,rs-001301-zvlh4,535a2d6d-c62c-41e9-86d3-71758e61489d,4,1206.705534
2026/02/05/10:41:37,apply-time,rs-001302-7lvzq,cf28b4e0-e9e3-4427-9097-7152704599a4,1,1206.705534
2026/02/05/10:41:37,apply-time,rs-001302-npjwk,f5a61736-05af-4555-ad80-36d15efd4d17,1,1206.705534
2026/02/05/10:41:37,apply-time,rs-001303-nt2mh,dae0978c-e1ad-4b69-a499-a433fd6edaed,2,1206.705534
2026/02/05/10:41:37,apply-time,rs-001304-rr8qb,2407083e-9034-4d11-8650-6d57d353ba8f,3,1206.705534
2026/02/05/10:41:37,running-time,rs-001304-rr8qb,2407083e-9034-4d11-8650-6d57d353ba8f,3,1206.705534
2026/02/05/10:41:37,apply-time,rs-001305-spp8f,904ec545-d83c-454f-bd4f-9fb50f6730d6,1,1206.705534
2026/02/05/10:41:37,running-time,rs-001305-spp8f,904ec545-d83c-454f-bd4f-9fb50f6730d6,1,1206.705534
2026/02/05/10:41:37,apply-time,rs-001306-5pzd5,4d1eb309-4fb2-41d0-a404-59457d66da6b,1,1206.705534
2026/02/05/10:41:37,running-time,rs-001306-5pzd5,4d1eb309-4fb2-41d0-a404-59457d66da6b,1,1206.705534
2026/02/05/10:41:37,apply-time,rs-001307-5bksf,54755a0d-642c-4546-9cc5-570c72851c40,1,1206.705534
2026/02/05/10:41:37,apply-time,rs-001307-7kms5,05e82455-7e23-4b4b-8737-f11190342da9,1,1206.705534
2026/02/05/10:41:37,apply-time,rs-001307-vw92n,e4a7643f-d169-4ff4-9ea3-bb0909ca9a35,1,1206.705534
2026/02/05/10:41:38,running-time,rs-001301-7wv49,af177cc8-2baf-414f-9027-c8b5231bbf9c,4,1207.705534
2026/02/05/10:41:38,running-time,rs-001301-zvlh4,535a2d6d-c62c-41e9-86d3-71758e61489d,4,1207.705534
2026/02/05/10:41:38,apply-time,rs-001304-lhfqg,de183142-d248-40e9-ad68-e5d1c7a6449a,3,1207.705534
2026/02/05/10:41:38,running-time,rs-001304-lhfqg,de183142-d248-40e9-ad68-e5d1c7a6449a,3,1207.705534
2026/02/05/10:41:38,apply-time,rs-001308-225ph,740ed72a-ba75-447b-9d65-c2932c1cc139,2,1207.705534
2026/02/05/10:41:38,running-time,rs-001308-225ph,740ed72a-ba75-447b-9d65-c2932c1cc139,2,1207.705534
2026/02/05/10:41:38,apply-time,rs-001308-fmcvt,bd4794ac-b8ac-47cd-9bf9-d8eea5e5dc38,2,1207.705534
2026/02/05/10:41:38,running-time,rs-001308-fmcvt,bd4794ac-b8ac-47cd-9bf9-d8eea5e5dc38,2,1207.705534
2026/02/05/10:41:38,apply-time,rs-001309-hnt62,21567c9f-daf2-4d71-af5c-8c8a617ec28e,2,1207.705534
2026/02/05/10:41:38,running-time,rs-001309-hnt62,21567c9f-daf2-4d71-af5c-8c8a617ec28e,2,1207.705534
2026/02/05/10:41:38,apply-time,rs-001309-xbtdx,b9c3c364-ff6b-472f-82b5-f4017cf6c57f,2,1207.705534
2026/02/05/10:41:38,running-time,rs-001309-xbtdx,b9c3c364-ff6b-472f-82b5-f4017cf6c57f,2,1207.705534
2026/02/05/10:41:38,apply-time,rs-001310-cpbwx,d80dfc11-e212-42b7-a9e6-1126e3cdf22a,1,1207.705534
2026/02/05/10:41:38,running-time,rs-001310-cpbwx,d80dfc11-e212-42b7-a9e6-1126e3cdf22a,1,1207.705534
2026/02/05/10:41:38,apply-time,rs-001311-ghqdk,31e7cffb-7d27-49ce-8c08-0e826bb49341,2,1207.705534
2026/02/05/10:41:38,running-time,rs-001311-ghqdk,31e7cffb-7d27-49ce-8c08-0e826bb49341,2,1207.705534
2026/02/05/10:41:39,apply-time,rs-001312-bvqr2,a182aa9b-3212-47af-bc3e-2d16023cf5dd,1,1208.705534
2026/02/05/10:41:39,running-time,rs-001312-bvqr2,a182aa9b-3212-47af-bc3e-2d16023cf5dd,1,1208.705534
2026/02/05/10:41:39,apply-time,rs-001312-cknkl,2eb2f399-6789-485b-be37-d159621ac497,1,1208.705534
2026/02/05/10:41:39,running-time,rs-001312-cknkl,2eb2f399-6789-485b-be37-d159621ac497,1,1208.705534
2026/02/05/10:41:39,apply-time,rs-001313-d8jr8,c9e7d41e-67d2-4a4e-be30-e1ff613731ee,2,1208.705534
2026/02/05/10:41:39,running-time,rs-001313-d8jr8,c9e7d41e-67d2-4a4e-be30-e1ff613731ee,2,1208.705534
2026/02/05/10:41:39,apply-time,rs-001314-zfbjf,e98c8cf1-fcc0-460f-aa22-a841f7f1cf4c,2,1208.705534
2026/02/05/10:41:39,running-time,rs-001314-zfbjf,e98c8cf1-fcc0-460f-aa22-a841f7f1cf4c,2,1208.705534
2026/02/05/10:41:39,apply-time,rs-001315-lr5xl,883ee342-3aa2-4ca7-9b42-bb706c16a5c6,4,1208.705534
2026/02/05/10:41:39,running-time,rs-001315-lr5xl,883ee342-3aa2-4ca7-9b42-bb706c16a5c6,4,1208.705534
2026/02/05/10:41:39,apply-time,rs-001315-zjtll,b93d438d-a2b1-43aa-ba1b-e1b50e1dcd99,4,1208.705534
2026/02/05/10:41:39,running-time,rs-001315-zjtll,b93d438d-a2b1-43aa-ba1b-e1b50e1dcd99,4,1208.705534
2026/02/05/10:41:39,apply-time,rs-001316-p6khz,14a2ab8a-0404-40a2-abcc-495d32807fe7,2,1208.705534
2026/02/05/10:41:39,running-time,rs-001316-p6khz,14a2ab8a-0404-40a2-abcc-495d32807fe7,2,1208.705534
2026/02/05/10:41:39,apply-time,rs-001316-vcgvm,ca2f71f9-4e01-4404-b12b-edfc8016ffa3,2,1208.705534
2026/02/05/10:41:39,running-time,rs-001316-vcgvm,ca2f71f9-4e01-4404-b12b-edfc8016ffa3,2,1208.705534
2026/02/05/10:41:39,apply-time,rs-001316-zsswm,3b89f6dd-6b85-42ce-88a8-ad01e1a190fc,2,1208.705534
2026/02/05/10:41:39,running-time,rs-001316-zsswm,3b89f6dd-6b85-42ce-88a8-ad01e1a190fc,2,1208.705534
2026/02/05/10:41:40,running-time,rs-001302-npjwk,f5a61736-05af-4555-ad80-36d15efd4d17,1,1209.705534
2026/02/05/10:41:40,apply-time,rs-001317-gtgtw,6598bd6e-5172-4b71-8739-d0552396986c,2,1209.705534
2026/02/05/10:41:40,running-time,rs-001317-gtgtw,6598bd6e-5172-4b71-8739-d0552396986c,2,1209.705534
2026/02/05/10:41:40,apply-time,rs-001318-8zr84,af0ea80e-d994-48f8-8239-6a993ac8af87,4,1209.705534
2026/02/05/10:41:40,running-time,rs-001318-8zr84,af0ea80e-d994-48f8-8239-6a993ac8af87,4,1209.705534
2026/02/05/10:41:40,apply-time,rs-001318-nrfgn,9d4d9a24-2b47-4863-ade2-50b7351308a0,4,1209.705534
2026/02/05/10:41:40,running-time,rs-001318-nrfgn,9d4d9a24-2b47-4863-ade2-50b7351308a0,4,1209.705534
2026/02/05/10:41:40,apply-time,rs-001319-jkb9b,d1819f09-3b65-4d2e-9d78-316a83d3a1c0,2,1209.705534
2026/02/05/10:41:40,running-time,rs-001319-jkb9b,d1819f09-3b65-4d2e-9d78-316a83d3a1c0,2,1209.705534
2026/02/05/10:41:40,apply-time,rs-001320-z8ws7,314e89bf-6799-40a8-bee3-548b389a2871,3,1209.705534
2026/02/05/10:41:40,running-time,rs-001320-z8ws7,314e89bf-6799-40a8-bee3-548b389a2871,3,1209.705534
2026/02/05/10:41:41,apply-time,rs-001319-6vcfm,75cdce11-f30e-4d9a-b5f4-5d7ff14b6292,2,1210.705534
2026/02/05/10:41:41,running-time,rs-001319-6vcfm,75cdce11-f30e-4d9a-b5f4-5d7ff14b6292,2,1210.705534
2026/02/05/10:41:41,apply-time,rs-001321-6v2cf,49b82262-b5e2-4507-aa80-e4a9c000725e,2,1210.705534
2026/02/05/10:41:41,running-time,rs-001321-6v2cf,49b82262-b5e2-4507-aa80-e4a9c000725e,2,1210.705534
2026/02/05/10:41:41,apply-time,rs-001321-kl5jq,dfe67e49-220b-4045-bdf1-216345689ed0,2,1210.705534
2026/02/05/10:41:41,running-time,rs-001321-kl5jq,dfe67e49-220b-4045-bdf1-216345689ed0,2,1210.705534
2026/02/05/10:41:41,apply-time,rs-001321-mgfqn,18a3473f-67b2-46e6-8bb0-e59aa654f0bc,2,1210.705534
2026/02/05/10:41:41,running-time,rs-001321-mgfqn,18a3473f-67b2-46e6-8bb0-e59aa654f0bc,2,1210.705534
2026/02/05/10:41:41,apply-time,rs-001322-b69xk,eae247b0-86e9-4a66-8ce7-67886204b571,1,1210.705534
2026/02/05/10:41:41,apply-time,rs-001323-jtvv8,f4f783f6-9c41-45db-b40c-424415e69903,1,1210.705534
2026/02/05/10:41:41,apply-time,rs-001323-lcvnx,729b37ad-c40c-4d75-a054-aa1884285a0f,1,1210.705534
2026/02/05/10:41:41,apply-time,rs-001323-tt2kr,ea43d5de-7f06-4c1e-a0d8-939a8e728258,1,1210.705534
2026/02/05/10:41:41,apply-time,rs-001324-vvvk4,f2fe2347-9682-40fe-92a3-48692c8e963c,3,1211.705534
2026/02/05/10:41:41,running-time,rs-001324-vvvk4,f2fe2347-9682-40fe-92a3-48692c8e963c,3,1211.705534
2026/02/05/10:41:42,apply-time,rs-001325-xmgcr,0591da45-2808-49e6-8236-50071e4a654d,3,1211.705534
2026/02/05/10:41:42,apply-time,rs-001326-gzppf,3c0de51c-205a-4020-9e43-6e6b6695c0ea,3,1211.705534
2026/02/05/10:41:42,apply-time,rs-001327-klx4l,a90b638c-86b0-4b4b-b036-9269acd5ed6b,3,1211.705534
2026/02/05/10:41:42,running-time,rs-001327-klx4l,a90b638c-86b0-4b4b-b036-9269acd5ed6b,3,1211.705534
2026/02/05/10:41:42,apply-time,rs-001328-l2g24,4fb83c22-9f7b-4310-9c37-e1adade9db92,4,1211.705534
2026/02/05/10:41:42,running-time,rs-001328-l2g24,4fb83c22-9f7b-4310-9c37-e1adade9db92,4,1211.705534
2026/02/05/10:41:42,apply-time,rs-001328-tqfpx,aa2fc328-b3d0-4349-aee9-0d0add0b95e9,4,1211.705534
2026/02/05/10:41:42,running-time,rs-001328-tqfpx,aa2fc328-b3d0-4349-aee9-0d0add0b95e9,4,1211.705534
2026/02/05/10:41:42,apply-time,rs-001329-dkk2h,bbf122d9-71db-4998-b6a1-25dbc39038a1,4,1211.705534
2026/02/05/10:41:42,running-time,rs-001329-dkk2h,bbf122d9-71db-4998-b6a1-25dbc39038a1,4,1211.705534
2026/02/05/10:41:42,apply-time,rs-001329-hhqjx,07a25a3d-f75b-4c9c-b11b-6fe08181eef7,4,1211.705534
2026/02/05/10:41:42,running-time,rs-001329-hhqjx,07a25a3d-f75b-4c9c-b11b-6fe08181eef7,4,1211.705534
2026/02/05/10:41:42,apply-time,rs-001329-pzxpx,c8178852-b107-46bc-88a8-0a5d593cbe90,4,1211.705534
2026/02/05/10:41:42,running-time,rs-001329-pzxpx,c8178852-b107-46bc-88a8-0a5d593cbe90,4,1211.705534
2026/02/05/10:41:43,running-time,rs-001326-gzppf,3c0de51c-205a-4020-9e43-6e6b6695c0ea,3,1212.705534
2026/02/05/10:41:53,apply-time,rs-001330-zgnvr,52217cca-2221-41b8-bd29-4d71e5a0bf9f,3,1222.705534
2026/02/05/10:41:53,running-time,rs-001330-zgnvr,52217cca-2221-41b8-bd29-4d71e5a0bf9f,3,1222.705534
2026/02/05/10:41:54,apply-time,rs-001331-cpspt,896fc2fb-46c6-47e6-a8f8-8fc4faf4f959,1,1223.705534
2026/02/05/10:41:54,running-time,rs-001331-cpspt,896fc2fb-46c6-47e6-a8f8-8fc4faf4f959,1,1223.705534
2026/02/05/10:41:54,apply-time,rs-001332-h274w,080f8ee6-9f95-45e6-a9df-bc24772ef454,1,1223.705534
2026/02/05/10:41:54,apply-time,rs-001332-vb527,cdc62804-8cc3-44e9-84fa-5eaa084c4cff,1,1223.705534
2026/02/05/10:41:54,apply-time,rs-001333-n9g8h,9f34b48c-dfb6-4ca5-b43a-5efb7827aa73,1,1223.705534
2026/02/05/10:41:54,running-time,rs-001333-n9g8h,9f34b48c-dfb6-4ca5-b43a-5efb7827aa73,1,1223.705534
2026/02/05/10:41:54,apply-time,rs-001334-x8w8c,675108bf-5341-465f-af17-ff9f22a72bc9,1,1223.705534
2026/02/05/10:41:54,running-time,rs-001334-x8w8c,675108bf-5341-465f-af17-ff9f22a72bc9,1,1223.705534
2026/02/05/10:41:54,apply-time,rs-001335-49ttw,90278fb4-b93b-48c8-9417-91c472b848aa,1,1223.705534
2026/02/05/10:41:54,running-time,rs-001335-49ttw,90278fb4-b93b-48c8-9417-91c472b848aa,1,1223.705534
2026/02/05/10:41:55,apply-time,rs-001336-nknmq,c319e3e3-55b7-4488-b5a8-f75c461a0c79,3,1224.705534
2026/02/05/10:41:55,running-time,rs-001336-nknmq,c319e3e3-55b7-4488-b5a8-f75c461a0c79,3,1224.705534
2026/02/05/10:41:56,apply-time,rs-001337-5mlzb,f2c114bd-937d-4d34-bf2b-45823b6101d2,3,1225.705534
2026/02/05/10:41:56,running-time,rs-001337-5mlzb,f2c114bd-937d-4d34-bf2b-45823b6101d2,3,1225.705534
2026/02/05/10:41:56,apply-time,rs-001337-qxtjr,7759c25f-3683-4fd2-bc06-c4ce24af8d57,3,1225.705534
2026/02/05/10:41:56,running-time,rs-001337-qxtjr,7759c25f-3683-4fd2-bc06-c4ce24af8d57,3,1225.705534
2026/02/05/10:41:56,apply-time,rs-001337-r8pcl,f8b0aa9e-d2db-4077-afc2-618e94f508c7,3,1225.705534
2026/02/05/10:41:56,running-time,rs-001337-r8pcl,f8b0aa9e-d2db-4077-afc2-618e94f508c7,3,1225.705534
2026/02/05/10:42:03,running-time,rs-001303-nt2mh,dae0978c-e1ad-4b69-a499-a433fd6edaed,2,1232.705534
2026/02/05/10:42:04,apply-time,rs-001338-26l5z,ef55845d-e358-4688-a063-56824395b57b,1,1233.705534
2026/02/05/10:42:04,running-time,rs-001338-26l5z,ef55845d-e358-4688-a063-56824395b57b,1,1233.705534
2026/02/05/10:42:04,apply-time,rs-001338-h6r5q,96961869-f336-4578-bc5d-8cc7aacb8bd0,1,1233.705534
2026/02/05/10:42:04,running-time,rs-001338-h6r5q,96961869-f336-4578-bc5d-8cc7aacb8bd0,1,1233.705534
2026/02/05/10:42:04,apply-time,rs-001338-j42lw,278bab77-2482-457b-b805-547f93e05a21,1,1233.705534
2026/02/05/10:42:04,running-time,rs-001338-j42lw,278bab77-2482-457b-b805-547f93e05a21,1,1233.705534
2026/02/05/10:42:04,apply-time,rs-001339-2dj4w,7435fb6b-916c-47a3-855d-48c47574bb60,1,1233.705534
2026/02/05/10:42:04,apply-time,rs-001339-hgrml,f8c190f6-cd50-4277-8c64-b7d6bea955a5,1,1233.705534
2026/02/05/10:42:04,apply-time,rs-001339-q2d8n,c87d791f-41ba-4f72-8e3d-eea511497361,1,1233.705534
2026/02/05/10:42:04,apply-time,rs-001340-954zd,dc4c9c7c-acca-4faf-a0a2-fca00e2f330f,2,1233.705534
2026/02/05/10:42:04,running-time,rs-001340-954zd,dc4c9c7c-acca-4faf-a0a2-fca00e2f330f,2,1233.705534
2026/02/05/10:42:09,apply-time,rs-001341-tlzfm,3494f302-1006-453b-a093-edbb91944c20,2,1238.705534
2026/02/05/10:42:09,running-time,rs-001341-tlzfm,3494f302-1006-453b-a093-edbb91944c20,2,1238.705534
2026/02/05/10:42:09,apply-time,rs-001341-xdcrz,edb2c74f-067e-4660-ba9e-0a72864fcde3,2,1238.705534
2026/02/05/10:42:09,running-time,rs-001341-xdcrz,edb2c74f-067e-4660-ba9e-0a72864fcde3,2,1238.705534
2026/02/05/10:42:09,apply-time,rs-001342-zlm62,9d1bfd4f-673e-4f02-80d0-8023469563c5,1,1238.705534
2026/02/05/10:42:09,running-time,rs-001342-zlm62,9d1bfd4f-673e-4f02-80d0-8023469563c5,1,1238.705534
2026/02/05/10:42:09,apply-time,rs-001343-bpv2p,25fc1f44-8cbc-441e-9e8a-c034294cf508,1,1238.705534
2026/02/05/10:42:09,running-time,rs-001343-bpv2p,25fc1f44-8cbc-441e-9e8a-c034294cf508,1,1238.705534
2026/02/05/10:42:09,apply-time,rs-001344-79fqf,e36a3eac-6c80-4cb4-8162-e964ccc82839,2,1238.705534
2026/02/05/10:42:09,running-time,rs-001344-79fqf,e36a3eac-6c80-4cb4-8162-e964ccc82839,2,1238.705534
2026/02/05/10:42:09,apply-time,rs-001345-vx6h9,76037a47-472d-456e-8a16-f15f5c9a5a30,1,1238.705534
2026/02/05/10:42:09,running-time,rs-001345-vx6h9,76037a47-472d-456e-8a16-f15f5c9a5a30,1,1238.705534
2026/02/05/10:42:10,apply-time,rs-001346-4mwh6,63375807-e457-477c-8eb3-d1039bf3d922,3,1239.705534
2026/02/05/10:42:10,running-time,rs-001346-4mwh6,63375807-e457-477c-8eb3-d1039bf3d922,3,1239.705534
2026/02/05/10:42:10,apply-time,rs-001346-hcw6w,d74f6c65-be0a-4461-a333-2393908d4e3c,3,1239.705534
2026/02/05/10:42:10,running-time,rs-001346-hcw6w,d74f6c65-be0a-4461-a333-2393908d4e3c,3,1239.705534
2026/02/05/10:42:10,apply-time,rs-001347-66sxq,e53f5ae8-17b8-49f0-b6b2-0e2c29f6eb8a,3,1239.705534
2026/02/05/10:42:10,running-time,rs-001347-66sxq,e53f5ae8-17b8-49f0-b6b2-0e2c29f6eb8a,3,1239.705534
2026/02/05/10:42:10,apply-time,rs-001347-cd7fn,2e1856f0-fe65-45df-921b-56b5eca338ab,3,1239.705534
2026/02/05/10:42:10,running-time,rs-001347-cd7fn,2e1856f0-fe65-45df-921b-56b5eca338ab,3,1239.705534
2026/02/05/10:42:10,apply-time,rs-001347-csjbh,aa92ed1d-3f5e-4b5e-873d-6be100ae5c36,3,1239.705534
2026/02/05/10:42:10,running-time,rs-001347-csjbh,aa92ed1d-3f5e-4b5e-873d-6be100ae5c36,3,1239.705534
2026/02/05/10:42:10,apply-time,rs-001348-f4l7f,77128d20-d1c5-4979-b83e-bb0199fd1ba0,3,1239.705534
2026/02/05/10:42:10,running-time,rs-001348-f4l7f,77128d20-d1c5-4979-b83e-bb0199fd1ba0,3,1240.705534
2026/02/05/10:42:10,apply-time,rs-001348-phpb9,e8abc9aa-8153-4381-9cf8-7da1bb75ffaa,3,1239.705534
2026/02/05/10:42:10,running-time,rs-001348-phpb9,e8abc9aa-8153-4381-9cf8-7da1bb75ffaa,3,1239.705534
2026/02/05/10:42:10,apply-time,rs-001348-sj2kz,cbf2c1c2-461f-44a6-a640-3e4cb261c77a,3,1240.705534
2026/02/05/10:42:10,running-time,rs-001348-sj2kz,cbf2c1c2-461f-44a6-a640-3e4cb261c77a,3,1240.705534
2026/02/05/10:42:10,apply-time,rs-001349-b94bd,02a8ddf7-fe6a-4737-a270-379d90460e47,2,1239.705534
2026/02/05/10:42:10,apply-time,rs-001350-gldsn,89e22d8a-662e-4a8f-a3e6-6abb9f7d0a0a,3,1239.705534
2026/02/05/10:42:10,running-time,rs-001350-gldsn,89e22d8a-662e-4a8f-a3e6-6abb9f7d0a0a,3,1239.705534
2026/02/05/10:42:11,apply-time,rs-001350-kl4p6,a28a0f84-daa7-4df5-9ed2-6134e9265e20,3,1240.705534
2026/02/05/10:42:11,running-time,rs-001350-kl4p6,a28a0f84-daa7-4df5-9ed2-6134e9265e20,3,1240.705534
2026/02/05/10:42:11,apply-time,rs-001351-xshqm,6d5c2e74-f160-4b38-840b-238b77845149,2,1240.705534
2026/02/05/10:42:11,running-time,rs-001351-xshqm,6d5c2e74-f160-4b38-840b-238b77845149,2,1240.705534
2026/02/05/10:42:11,apply-time,rs-001351-z6tjd,b2330749-bf35-49f6-b465-aa49429843f6,2,1240.705534
2026/02/05/10:42:11,running-time,rs-001351-z6tjd,b2330749-bf35-49f6-b465-aa49429843f6,2,1240.705534
2026/02/05/10:42:11,apply-time,rs-001352-rwnlg,7d1d6fe7-7b10-408a-aac4-ea273af14514,2,1240.705534
2026/02/05/10:42:11,running-time,rs-001352-rwnlg,7d1d6fe7-7b10-408a-aac4-ea273af14514,2,1240.705534
2026/02/05/10:42:11,apply-time,rs-001353-cngtg,70593a1d-511d-4b1f-bcc5-15d3f5ca24df,4,1240.705534
2026/02/05/10:42:11,apply-time,rs-001353-fskl8,5eb7e59f-9ee3-44a5-b7fa-266bf2c37e13,4,1240.705534
2026/02/05/10:42:11,apply-time,rs-001353-g4wfc,f49a769b-1f10-41b3-8ff2-36a444c8fe09,4,1240.705534
2026/02/05/10:42:11,apply-time,rs-001354-27fw2,9b2cd7d7-07e8-493f-b2b0-104285f788e4,4,1240.705534
2026/02/05/10:42:11,running-time,rs-001354-27fw2,9b2cd7d7-07e8-493f-b2b0-104285f788e4,4,1240.705534
2026/02/05/10:42:11,apply-time,rs-001355-4nrt7,d2648162-9d41-4f37-b798-4d2af66acb73,2,1241.705534
2026/02/05/10:42:11,apply-time,rs-001355-cc5xz,0dec10f3-ba13-4a83-acb1-43d91d12f724,2,1241.705534
2026/02/05/10:42:11,apply-time,rs-001355-pm8pb,382860cf-b9fe-4c32-ab9f-10f8b6e9c82d,2,1240.705534
2026/02/05/10:42:12,running-time,rs-001353-cngtg,70593a1d-511d-4b1f-bcc5-15d3f5ca24df,4,1241.705534
2026/02/05/10:42:12,running-time,rs-001353-fskl8,5eb7e59f-9ee3-44a5-b7fa-266bf2c37e13,4,1241.705534
2026/02/05/10:42:12,running-time,rs-001353-g4wfc,f49a769b-1f10-41b3-8ff2-36a444c8fe09,4,1241.705534
2026/02/05/10:42:12,apply-time,rs-001357-m2wx9,0e6ab4ba-bdfa-459d-a1d7-fc08d7041e48,2,1241.705534
2026/02/05/10:42:12,running-time,rs-001357-m2wx9,0e6ab4ba-bdfa-459d-a1d7-fc08d7041e48,2,1241.705534
2026/02/05/10:42:14,running-time,rs-001349-b94bd,02a8ddf7-fe6a-4737-a270-379d90460e47,2,1243.705534
2026/02/05/10:42:17,apply-time,rs-001358-9q2xr,09284268-51f6-4007-9fcd-0cb0db39f7b8,1,1246.705534
2026/02/05/10:42:17,running-time,rs-001358-9q2xr,09284268-51f6-4007-9fcd-0cb0db39f7b8,1,1246.705534
2026/02/05/10:42:17,apply-time,rs-001359-c75rj,2fb9297d-155e-4cc8-a682-45834e351a37,4,1246.705534
2026/02/05/10:42:17,running-time,rs-001359-c75rj,2fb9297d-155e-4cc8-a682-45834e351a37,4,1246.705534
2026/02/05/10:42:17,apply-time,rs-001359-nb7kp,b028422e-51a6-4f66-81db-1b9ae0b66e0f,4,1246.705534
2026/02/05/10:42:17,running-time,rs-001359-nb7kp,b028422e-51a6-4f66-81db-1b9ae0b66e0f,4,1246.705534
2026/02/05/10:42:17,apply-time,rs-001360-hs2tw,a4c1795a-98d2-491c-900e-a12ab4677974,3,1246.705534
2026/02/05/10:42:17,running-time,rs-001360-hs2tw,a4c1795a-98d2-491c-900e-a12ab4677974,3,1246.705534
2026/02/05/10:42:17,apply-time,rs-001360-pvsqt,9df251b0-1eae-4449-8b3a-2546421e6d07,3,1246.705534
2026/02/05/10:42:17,running-time,rs-001360-pvsqt,9df251b0-1eae-4449-8b3a-2546421e6d07,3,1246.705534
2026/02/05/10:42:17,apply-time,rs-001360-w8n5h,072acc28-e561-4806-a605-cfd59b64e28a,3,1246.705534
2026/02/05/10:42:17,running-time,rs-001360-w8n5h,072acc28-e561-4806-a605-cfd59b64e28a,3,1246.705534
2026/02/05/10:42:17,apply-time,rs-001361-zwwjw,20320220-bfd4-4d11-ab16-e49d8d5760d3,3,1246.705534
2026/02/05/10:42:17,running-time,rs-001361-zwwjw,20320220-bfd4-4d11-ab16-e49d8d5760d3,3,1246.705534
2026/02/05/10:42:17,apply-time,rs-001362-km6wr,a0c8bcdc-5d66-44e7-8417-2882228c45d4,1,1246.705534
2026/02/05/10:42:17,running-time,rs-001362-km6wr,a0c8bcdc-5d66-44e7-8417-2882228c45d4,1,1246.705534
2026/02/05/10:42:17,apply-time,rs-001362-swqpm,32a4af10-a49d-4a24-8338-750fbe6d6f4e,1,1246.705534
2026/02/05/10:42:17,running-time,rs-001362-swqpm,32a4af10-a49d-4a24-8338-750fbe6d6f4e,1,1246.705534
2026/02/05/10:42:17,apply-time,rs-001363-nllbq,ba64afb1-2348-46d7-afc4-ae54b31920d1,1,1247.705534
2026/02/05/10:42:18,running-time,rs-001363-nllbq,ba64afb1-2348-46d7-afc4-ae54b31920d1,1,1247.705534
2026/02/05/10:42:18,apply-time,rs-001364-lhf95,4f52dc2b-b0d0-48ba-b72c-1a8a5548bf5f,1,1247.705534
2026/02/05/10:42:18,running-time,rs-001364-lhf95,4f52dc2b-b0d0-48ba-b72c-1a8a5548bf5f,1,1247.705534
2026/02/05/10:42:18,apply-time,rs-001364-x4pgj,6c203ba6-a614-471a-8a16-68916911f52f,1,1247.705534
2026/02/05/10:42:18,apply-time,rs-001365-wg9j9,6ef59887-dc75-4766-bcd1-3172a4921519,2,1247.705534
2026/02/05/10:42:18,running-time,rs-001365-wg9j9,6ef59887-dc75-4766-bcd1-3172a4921519,2,1247.705534
2026/02/05/10:42:18,apply-time,rs-001366-k4tqz,6eaa7368-6441-4807-84b7-e9b2fcef495b,4,1247.705534
2026/02/05/10:42:18,running-time,rs-001366-k4tqz,6eaa7368-6441-4807-84b7-e9b2fcef495b,4,1247.705534
2026/02/05/10:42:18,apply-time,rs-001366-lqmjf,8f8f000a-e172-4ced-9a58-a989d85313c9,4,1247.705534
2026/02/05/10:42:18,running-time,rs-001366-lqmjf,8f8f000a-e172-4ced-9a58-a989d85313c9,4,1247.705534
2026/02/05/10:42:18,apply-time,rs-001367-lzmx6,bb8a95ca-8f6a-49e6-a2d0-daad26f971b5,3,1247.705534
2026/02/05/10:42:18,running-time,rs-001367-lzmx6,bb8a95ca-8f6a-49e6-a2d0-daad26f971b5,3,1247.705534
2026/02/05/10:42:18,apply-time,rs-001368-6jbv7,6cecf2ad-3e15-4aa5-8177-dd919ae204b0,2,1247.705534
2026/02/05/10:42:18,running-time,rs-001368-6jbv7,6cecf2ad-3e15-4aa5-8177-dd919ae204b0,2,1247.705534
2026/02/05/10:42:19,running-time,rs-001364-x4pgj,6c203ba6-a614-471a-8a16-68916911f52f,1,1248.705534
2026/02/05/10:42:22,apply-time,rs-001369-mkn86,bded7f70-755b-4e8b-83f8-9f0c513d8eeb,4,1252.705534
2026/02/05/10:42:22,running-time,rs-001369-mkn86,bded7f70-755b-4e8b-83f8-9f0c513d8eeb,4,1252.705534
2026/02/05/10:42:22,apply-time,rs-001369-szn4h,7c622be7-0065-480f-a2b3-d4c34365a0f7,4,1252.705534
2026/02/05/10:42:22,running-time,rs-001369-szn4h,7c622be7-0065-480f-a2b3-d4c34365a0f7,4,1252.705534
2026/02/05/10:42:25,apply-time,rs-001370-r4ncg,f143f3d4-d9bd-4dd2-ad35-b4b0a06aeb18,1,1254.705534
2026/02/05/10:42:25,running-time,rs-001370-r4ncg,f143f3d4-d9bd-4dd2-ad35-b4b0a06aeb18,1,1254.705534
2026/02/05/10:42:25,apply-time,rs-001371-6ljw6,02758e11-6986-4507-8862-0983b2edda8d,4,1254.705534
2026/02/05/10:42:25,running-time,rs-001371-6ljw6,02758e11-6986-4507-8862-0983b2edda8d,4,1254.705534
2026/02/05/10:42:25,apply-time,rs-001372-ds2pk,ba6a8085-26c1-4d34-925f-bd502fb405bb,4,1254.705534
2026/02/05/10:42:25,running-time,rs-001372-ds2pk,ba6a8085-26c1-4d34-925f-bd502fb405bb,4,1254.705534
2026/02/05/10:42:25,apply-time,rs-001372-klrjc,c1c24682-11cd-4eeb-accf-84dd0c8fcf00,4,1254.705534
2026/02/05/10:42:25,running-time,rs-001372-klrjc,c1c24682-11cd-4eeb-accf-84dd0c8fcf00,4,1254.705534
2026/02/05/10:42:25,apply-time,rs-001372-tzq5z,0062cc04-405e-4423-b028-d97e7c662a6d,4,1254.705534
2026/02/05/10:42:25,running-time,rs-001372-tzq5z,0062cc04-405e-4423-b028-d97e7c662a6d,4,1254.705534
2026/02/05/10:42:25,apply-time,rs-001373-w6r58,747aecba-773e-415c-bb1a-5af1b66f15ac,1,1254.705534
2026/02/05/10:42:25,running-time,rs-001373-w6r58,747aecba-773e-415c-bb1a-5af1b66f15ac,1,1254.705534
2026/02/05/10:42:26,apply-time,rs-001374-jj8lw,48341a2d-0b9d-4e7c-8d33-502ff2bd5a67,2,1255.705534
2026/02/05/10:42:26,apply-time,rs-001374-v78g8,b950b87f-c878-490b-be53-74231d91fae1,2,1255.705534
2026/02/05/10:42:26,running-time,rs-001374-v78g8,b950b87f-c878-490b-be53-74231d91fae1,2,1255.705534
2026/02/05/10:42:26,apply-time,rs-001374-wbpbr,9c997504-fa46-4c0b-86da-05abb14fa0ec,2,1255.705534
2026/02/05/10:42:26,apply-time,rs-001375-48s2b,2d3f8f22-f542-4884-a428-5b846f336658,1,1256.705534
2026/02/05/10:42:26,running-time,rs-001375-48s2b,2d3f8f22-f542-4884-a428-5b846f336658,1,1256.705534
2026/02/05/10:42:26,apply-time,rs-001375-lrl4s,1c7100f3-548c-41f6-979e-227fcd013166,1,1255.705534
2026/02/05/10:42:26,running-time,rs-001375-lrl4s,1c7100f3-548c-41f6-979e-227fcd013166,1,1256.705534
2026/02/05/10:42:26,apply-time,rs-001376-df9rx,6edcd5a0-5dd4-408d-b5bc-5aa90e8116eb,2,1255.705534
2026/02/05/10:42:26,running-time,rs-001376-df9rx,6edcd5a0-5dd4-408d-b5bc-5aa90e8116eb,2,1256.705534
2026/02/05/10:42:26,apply-time,rs-001376-hr8bx,0825a658-7dce-4840-9724-e2ae7ec69b11,2,1255.705534
2026/02/05/10:42:26,running-time,rs-001376-hr8bx,0825a658-7dce-4840-9724-e2ae7ec69b11,2,1256.705534
2026/02/05/10:42:26,apply-time,rs-001377-g596n,448c235a-7c70-4593-a9d5-a63dc9e695fe,3,1255.705534
2026/02/05/10:42:26,running-time,rs-001377-g596n,448c235a-7c70-4593-a9d5-a63dc9e695fe,3,1256.705534
2026/02/05/10:42:26,apply-time,rs-001377-vxwzq,a9ed50f1-ed8b-46ac-99d4-f7186ef0ba9c,3,1256.705534
2026/02/05/10:42:26,running-time,rs-001377-vxwzq,a9ed50f1-ed8b-46ac-99d4-f7186ef0ba9c,3,1256.705534
2026/02/05/10:42:27,running-time,rs-001374-jj8lw,48341a2d-0b9d-4e7c-8d33-502ff2bd5a67,2,1256.705534
2026/02/05/10:42:27,running-time,rs-001374-wbpbr,9c997504-fa46-4c0b-86da-05abb14fa0ec,2,1256.705534
2026/02/05/10:42:36,apply-time,rs-001378-gt79d,f28567c5-766e-485d-b314-44e1e09f48e2,2,1264.705534
2026/02/05/10:42:36,running-time,rs-001378-gt79d,f28567c5-766e-485d-b314-44e1e09f48e2,2,1264.705534
2026/02/05/10:42:36,apply-time,rs-001378-vsfgd,6502bf13-eabf-4aac-8cfa-12d40f1c3c39,2,1264.705534
2026/02/05/10:42:36,running-time,rs-001378-vsfgd,6502bf13-eabf-4aac-8cfa-12d40f1c3c39,2,1264.705534
2026/02/05/10:42:38,apply-time,rs-001379-c52mf,4416ed93-eee0-437d-981f-bda708eb8554,4,1267.705534
2026/02/05/10:42:38,running-time,rs-001379-c52mf,4416ed93-eee0-437d-981f-bda708eb8554,4,1267.705534
2026/02/05/10:42:38,apply-time,rs-001379-ffwbz,cf503da2-1587-4632-acdf-b7872f045688,4,1267.705534
2026/02/05/10:42:38,running-time,rs-001379-ffwbz,cf503da2-1587-4632-acdf-b7872f045688,4,1267.705534
2026/02/05/10:42:38,apply-time,rs-001379-t9c8b,86d0f50a-2cfa-43b0-adbc-a82ce6164767,4,1267.705534
2026/02/05/10:42:38,running-time,rs-001379-t9c8b,86d0f50a-2cfa-43b0-adbc-a82ce6164767,4,1267.705534
2026/02/05/10:42:50,apply-time,rs-001380-7k6w4,df1c5a66-9953-472b-b869-f5639d69a7b4,1,1278.705534
2026/02/05/10:42:50,running-time,rs-001380-7k6w4,df1c5a66-9953-472b-b869-f5639d69a7b4,1,1279.705534
2026/02/05/10:42:50,apply-time,rs-001380-ct9dk,b337fbfb-93c1-4bd2-aac1-022b2f3777fd,1,1278.705534
2026/02/05/10:42:50,running-time,rs-001380-ct9dk,b337fbfb-93c1-4bd2-aac1-022b2f3777fd,1,1278.705534
2026/02/05/10:42:50,apply-time,rs-001381-4hdjz,ea386a37-f495-46d5-9150-999fc3c2e57b,3,1279.705534
2026/02/05/10:42:50,running-time,rs-001381-4hdjz,ea386a37-f495-46d5-9150-999fc3c2e57b,3,1279.705534
2026/02/05/10:42:50,apply-time,rs-001381-prnw2,faa4934b-2595-4cbd-87f8-a88e0a4db2a8,3,1279.705534
2026/02/05/10:42:50,running-time,rs-001381-prnw2,faa4934b-2595-4cbd-87f8-a88e0a4db2a8,3,1279.705534
2026/02/05/10:42:50,apply-time,rs-001381-tsmcp,de31ad16-d3f4-40b1-8943-968ce8456134,3,1279.705534
2026/02/05/10:42:50,running-time,rs-001381-tsmcp,de31ad16-d3f4-40b1-8943-968ce8456134,3,1279.705534
2026/02/05/10:42:50,apply-time,rs-001382-b5bjb,022f8426-c054-4c57-87ee-a6026e02e031,1,1279.705534
2026/02/05/10:42:50,running-time,rs-001382-b5bjb,022f8426-c054-4c57-87ee-a6026e02e031,1,1279.705534
2026/02/05/10:42:50,apply-time,rs-001382-gbh9m,bc89c049-42a2-46ec-866e-3e2e7bac47f4,1,1278.705534
2026/02/05/10:42:50,running-time,rs-001382-gbh9m,bc89c049-42a2-46ec-866e-3e2e7bac47f4,1,1279.705534
2026/02/05/10:42:50,apply-time,rs-001382-sfnbc,74607f0c-8ff0-45c3-aac8-bc8d86d34458,1,1279.705534
2026/02/05/10:42:50,running-time,rs-001382-sfnbc,74607f0c-8ff0-45c3-aac8-bc8d86d34458,1,1279.705534
2026/02/05/10:42:52,apply-time,rs-001383-877ll,78b07dac-8255-4e6d-abfa-ebe2cb1f5b39,4,1280.705534
2026/02/05/10:42:52,running-time,rs-001383-877ll,78b07dac-8255-4e6d-abfa-ebe2cb1f5b39,4,1280.705534
2026/02/05/10:42:52,apply-time,rs-001383-pl4dw,d018349e-e402-453b-be03-d89943d5d816,4,1280.705534
2026/02/05/10:42:52,running-time,rs-001383-pl4dw,d018349e-e402-453b-be03-d89943d5d816,4,1280.705534
2026/02/05/10:42:52,apply-time,rs-001383-r7xr6,3eb1cd6b-8d0f-4025-a5c3-b9469c2d2d75,4,1280.705534
2026/02/05/10:42:52,running-time,rs-001383-r7xr6,3eb1cd6b-8d0f-4025-a5c3-b9469c2d2d75,4,1280.705534
2026/02/05/10:42:52,apply-time,rs-001384-f44mz,9ad649cf-6bba-4ce9-b990-24b77677cd42,1,1280.705534
2026/02/05/10:42:52,apply-time,rs-001384-sl94s,90854ee3-8265-48d5-8ac8-38a1a5ec4d9f,1,1280.705534
2026/02/05/10:42:52,apply-time,rs-001384-xzwng,621704c2-9851-4095-9543-94fe8dc789a5,1,1280.705534
2026/02/05/10:42:52,apply-time,rs-001385-5sqmb,2bfb38b6-523a-41df-826a-b3270b96fc80,4,1280.705534
2026/02/05/10:42:52,running-time,rs-001385-5sqmb,2bfb38b6-523a-41df-826a-b3270b96fc80,4,1280.705534
2026/02/05/10:42:52,apply-time,rs-001385-b4sfz,b31abf8a-91a7-4a6f-9a9d-fec66ff15ba5,4,1280.705534
2026/02/05/10:42:52,running-time,rs-001385-b4sfz,b31abf8a-91a7-4a6f-9a9d-fec66ff15ba5,4,1280.705534
2026/02/05/10:42:52,apply-time,rs-001385-th9x6,847251a6-5071-4e70-99fb-4a9a187e4511,4,1280.705534
2026/02/05/10:42:52,running-time,rs-001385-th9x6,847251a6-5071-4e70-99fb-4a9a187e4511,4,1280.705534
2026/02/05/10:42:53,running-time,rs-001384-f44mz,9ad649cf-6bba-4ce9-b990-24b77677cd42,1,1281.705534
2026/02/05/10:42:53,running-time,rs-001384-sl94s,90854ee3-8265-48d5-8ac8-38a1a5ec4d9f,1,1281.705534
2026/02/05/10:42:53,running-time,rs-001384-xzwng,621704c2-9851-4095-9543-94fe8dc789a5,1,1281.705534
2026/02/05/10:42:53,apply-time,rs-001386-72xpg,2f7f2181-c571-4f8a-b175-a9795b1b31a2,4,1281.705534
2026/02/05/10:42:53,running-time,rs-001386-72xpg,2f7f2181-c571-4f8a-b175-a9795b1b31a2,4,1281.705534
2026/02/05/10:42:53,apply-time,rs-001387-9vjq8,e6326c6a-6daa-4a4b-96b3-6650570eaf96,1,1281.705534
2026/02/05/10:42:53,running-time,rs-001387-9vjq8,e6326c6a-6daa-4a4b-96b3-6650570eaf96,1,1281.705534
2026/02/05/10:42:53,apply-time,rs-001387-lcxnp,f57efc6e-0e20-455d-9a67-bbe286b27f88,1,1281.705534
2026/02/05/10:42:53,running-time,rs-001387-lcxnp,f57efc6e-0e20-455d-9a67-bbe286b27f88,1,1281.705534
2026/02/05/10:42:53,apply-time,rs-001388-g562m,decc4a34-819d-4d5c-b065-811f7238f10c,1,1281.705534
2026/02/05/10:42:58,apply-time,rs-001389-bhb7n,96ccb070-a88e-4bad-a585-96362e66aa86,2,1286.705534
2026/02/05/10:42:58,running-time,rs-001389-bhb7n,96ccb070-a88e-4bad-a585-96362e66aa86,2,1286.705534
2026/02/05/10:42:58,apply-time,rs-001389-m8b8m,6bfda860-a922-4b9f-be99-512f0d143237,2,1286.705534
2026/02/05/10:42:58,running-time,rs-001389-m8b8m,6bfda860-a922-4b9f-be99-512f0d143237,2,1286.705534
2026/02/05/10:42:58,apply-time,rs-001390-srs9q,434bd4ab-940b-4fd2-a007-8945f0c169b8,2,1286.705534
2026/02/05/10:42:58,running-time,rs-001390-srs9q,434bd4ab-940b-4fd2-a007-8945f0c169b8,2,1286.705534
2026/02/05/10:42:58,apply-time,rs-001391-wdt62,7319da2a-707e-4da7-a796-80950c62a873,2,1286.705534
2026/02/05/10:42:58,running-time,rs-001391-wdt62,7319da2a-707e-4da7-a796-80950c62a873,2,1286.705534
2026/02/05/10:43:01,running-time,rs-001388-g562m,decc4a34-819d-4d5c-b065-811f7238f10c,1,1289.705534
2026/02/05/10:43:09,apply-time,rs-001392-2jksg,f578e01c-a7dc-43e8-9dd9-e2eb6ede0546,1,1297.705534
2026/02/05/10:43:09,running-time,rs-001392-2jksg,f578e01c-a7dc-43e8-9dd9-e2eb6ede0546,1,1297.705534
2026/02/05/10:43:09,apply-time,rs-001392-djh45,be2b3d89-3847-4ea0-915f-6f6bcaedee03,1,1297.705534
2026/02/05/10:43:09,running-time,rs-001392-djh45,be2b3d89-3847-4ea0-915f-6f6bcaedee03,1,1297.705534
2026/02/05/10:43:10,apply-time,rs-001393-5kh9k,d7262dc2-dc8f-4306-8a59-cd48698a9a58,2,1298.705534
2026/02/05/10:43:10,running-time,rs-001393-5kh9k,d7262dc2-dc8f-4306-8a59-cd48698a9a58,2,1298.705534
2026/02/05/10:43:10,apply-time,rs-001394-mbnk8,030abaef-4319-4ea7-95f0-9c6129c7036f,1,1298.705534
2026/02/05/10:43:10,running-time,rs-001394-mbnk8,030abaef-4319-4ea7-95f0-9c6129c7036f,1,1298.705534
2026/02/05/10:43:10,apply-time,rs-001394-thxmd,3358d0ce-6466-40ee-97e6-6e1ea2e669ff,1,1298.705534
2026/02/05/10:43:10,running-time,rs-001394-thxmd,3358d0ce-6466-40ee-97e6-6e1ea2e669ff,1,1298.705534
2026/02/05/10:43:10,apply-time,rs-001395-z2mcp,5a94da5c-7639-4f51-82a3-bcf37c8099ae,1,1298.705534
2026/02/05/10:43:10,running-time,rs-001395-z2mcp,5a94da5c-7639-4f51-82a3-bcf37c8099ae,1,1298.705534
2026/02/05/10:43:10,apply-time,rs-001396-9bgdv,801e9e3d-4b0d-408e-b81c-5f4777c85599,1,1298.705534
2026/02/05/10:43:10,running-time,rs-001396-9bgdv,801e9e3d-4b0d-408e-b81c-5f4777c85599,1,1298.705534
2026/02/05/10:43:10,apply-time,rs-001397-9nb68,945319ec-3f61-4e5c-ba91-a94d1bc75e4c,1,1298.705534
2026/02/05/10:43:10,running-time,rs-001397-9nb68,945319ec-3f61-4e5c-ba91-a94d1bc75e4c,1,1298.705534
2026/02/05/10:43:10,apply-time,rs-001398-gvt5g,b91f6cb1-7be3-4a89-9105-969643816b5f,1,1298.705534
2026/02/05/10:43:10,running-time,rs-001398-gvt5g,b91f6cb1-7be3-4a89-9105-969643816b5f,1,1298.705534
2026/02/05/10:43:10,apply-time,rs-001399-nw8nf,c623ad22-f79a-4fbb-b57a-ef369f90c985,3,1299.705534
2026/02/05/10:43:11,running-time,rs-001399-nw8nf,c623ad22-f79a-4fbb-b57a-ef369f90c985,3,1299.705534
2026/02/05/10:43:11,apply-time,rs-001400-gght5,5cc60813-3810-4421-922f-17ca50ecbea4,1,1299.705534
2026/02/05/10:43:11,running-time,rs-001400-gght5,5cc60813-3810-4421-922f-17ca50ecbea4,1,1299.705534
2026/02/05/10:43:11,apply-time,rs-001400-v8cd4,49e2e8ca-1153-4a7f-b970-d58a6170b7f0,1,1299.705534
2026/02/05/10:43:11,running-time,rs-001400-v8cd4,49e2e8ca-1153-4a7f-b970-d58a6170b7f0,1,1299.705534
2026/02/05/10:43:11,apply-time,rs-001400-w4zkl,2b88caa7-ddf5-4ada-82a9-98db138323cc,1,1299.705534
2026/02/05/10:43:11,running-time,rs-001400-w4zkl,2b88caa7-ddf5-4ada-82a9-98db138323cc,1,1299.705534
2026/02/05/10:43:15,apply-time,rs-001401-4bmp4,a34bff9f-e3eb-4060-94f7-407076467332,4,1303.705534
2026/02/05/10:43:15,running-time,rs-001401-4bmp4,a34bff9f-e3eb-4060-94f7-407076467332,4,1303.705534
2026/02/05/10:43:15,apply-time,rs-001401-qlbwb,1002b3e5-2c3c-4d4b-b9d0-279fc3b73980,4,1303.705534
2026/02/05/10:43:15,running-time,rs-001401-qlbwb,1002b3e5-2c3c-4d4b-b9d0-279fc3b73980,4,1303.705534
2026/02/05/10:43:15,apply-time,rs-001401-shx6g,3ada63b8-669d-49f9-bfce-eadce0df3603,4,1303.705534
2026/02/05/10:43:15,running-time,rs-001401-shx6g,3ada63b8-669d-49f9-bfce-eadce0df3603,4,1303.705534
2026/02/05/10:43:15,apply-time,rs-001402-xnwrh,58debf1e-44f2-409e-96f6-d033929fc76e,2,1303.705534
2026/02/05/10:43:15,running-time,rs-001402-xnwrh,58debf1e-44f2-409e-96f6-d033929fc76e,2,1303.705534
2026/02/05/10:43:16,apply-time,rs-001403-bpjwp,7a6175e6-3fbd-48f8-a0c8-88833d309513,4,1304.705534
2026/02/05/10:43:16,running-time,rs-001403-bpjwp,7a6175e6-3fbd-48f8-a0c8-88833d309513,4,1304.705534
2026/02/05/10:43:16,apply-time,rs-001403-gwf22,e48ea704-6d8b-41c4-b6b8-62d77351795d,4,1304.705534
2026/02/05/10:43:16,running-time,rs-001403-gwf22,e48ea704-6d8b-41c4-b6b8-62d77351795d,4,1304.705534
2026/02/05/10:43:16,apply-time,rs-001404-h9h2h,d068771f-19c0-4ce1-b377-6d85ecca896f,4,1304.705534
2026/02/05/10:43:16,running-time,rs-001404-h9h2h,d068771f-19c0-4ce1-b377-6d85ecca896f,4,1304.705534
2026/02/05/10:43:16,apply-time,rs-001404-vpcjr,527353b6-4fc0-42fb-a756-47f77ad9d76a,4,1304.705534
2026/02/05/10:43:16,running-time,rs-001404-vpcjr,527353b6-4fc0-42fb-a756-47f77ad9d76a,4,1304.705534
2026/02/05/10:43:16,apply-time,rs-001405-d99lr,5b9df32f-c394-4cae-8e21-cda7fd2d068e,2,1304.705534
2026/02/05/10:43:16,running-time,rs-001405-d99lr,5b9df32f-c394-4cae-8e21-cda7fd2d068e,2,1304.705534
2026/02/05/10:43:16,apply-time,rs-001405-m47mr,373af822-8434-408e-ae5f-e9029051b3bd,2,1304.705534
2026/02/05/10:43:16,running-time,rs-001405-m47mr,373af822-8434-408e-ae5f-e9029051b3bd,2,1304.705534
2026/02/05/10:43:16,apply-time,rs-001406-2thvp,2aa32847-09f9-4d91-8cfb-438c619d2653,1,1304.705534
2026/02/05/10:43:16,running-time,rs-001406-2thvp,2aa32847-09f9-4d91-8cfb-438c619d2653,1,1304.705534
2026/02/05/10:43:16,apply-time,rs-001406-mwxzc,8dff4c87-99b9-45aa-9c92-1a5c7700689f,1,1304.705534
2026/02/05/10:43:16,running-time,rs-001406-mwxzc,8dff4c87-99b9-45aa-9c92-1a5c7700689f,1,1304.705534
2026/02/05/10:43:16,apply-time,rs-001407-tb6g7,e841b5f1-a878-48e4-8113-801025ff0ffe,3,1304.705534
2026/02/05/10:43:16,running-time,rs-001407-tb6g7,e841b5f1-a878-48e4-8113-801025ff0ffe,3,1304.705534
2026/02/05/10:43:16,apply-time,rs-001408-jf6bg,a3a7eb5f-c767-42e8-a9f6-6927785ea7ac,4,1305.705534
2026/02/05/10:43:16,running-time,rs-001408-jf6bg,a3a7eb5f-c767-42e8-a9f6-6927785ea7ac,4,1305.705534
2026/02/05/10:43:16,apply-time,rs-001409-vwbwc,fec54e00-6bf0-438a-ae05-6e1f6982cf3b,1,1304.705534
2026/02/05/10:43:16,running-time,rs-001409-vwbwc,fec54e00-6bf0-438a-ae05-6e1f6982cf3b,1,1304.705534
2026/02/05/10:43:16,apply-time,rs-001410-jwrj4,e80bf20c-0e94-4cc6-94d4-91d135717790,3,1304.705534
2026/02/05/10:43:16,running-time,rs-001410-jwrj4,e80bf20c-0e94-4cc6-94d4-91d135717790,3,1305.705534
2026/02/05/10:43:17,apply-time,rs-001408-lldfg,e94aecbe-7c83-4334-8b4e-c7b54daaa46c,4,1305.705534
2026/02/05/10:43:17,running-time,rs-001408-lldfg,e94aecbe-7c83-4334-8b4e-c7b54daaa46c,4,1305.705534
2026/02/05/10:43:17,apply-time,rs-001409-bfnht,df582d10-7e5a-4a82-be90-944bd1539831,1,1305.705534
2026/02/05/10:43:17,apply-time,rs-001410-69xsl,8656416d-5dd7-4a18-9f8d-b5a168e553a1,3,1305.705534
2026/02/05/10:43:17,running-time,rs-001410-69xsl,8656416d-5dd7-4a18-9f8d-b5a168e553a1,3,1305.705534
2026/02/05/10:43:17,apply-time,rs-001410-bk7jf,84d9e114-3a93-41ed-bc6c-33d298f1ddef,3,1305.705534
2026/02/05/10:43:17,running-time,rs-001410-bk7jf,84d9e114-3a93-41ed-bc6c-33d298f1ddef,3,1305.705534
2026/02/05/10:43:18,apply-time,rs-001411-6kxps,25aeca07-7588-4796-9140-92165f772254,1,1306.705534
2026/02/05/10:43:18,apply-time,rs-001411-hv8pc,692cb8ce-5bb9-4141-8d04-aa79a2fffc89,1,1306.705534
2026/02/05/10:43:18,running-time,rs-001411-hv8pc,692cb8ce-5bb9-4141-8d04-aa79a2fffc89,1,1306.705534
2026/02/05/10:43:18,apply-time,rs-001411-mzbgd,9113afff-361f-448e-b32e-4a9e1eb7d996,1,1306.705534
2026/02/05/10:43:18,apply-time,rs-001412-7zffn,b3d83a69-4211-43eb-b844-610da426f24b,4,1306.705534
2026/02/05/10:43:18,running-time,rs-001412-7zffn,b3d83a69-4211-43eb-b844-610da426f24b,4,1306.705534
2026/02/05/10:43:18,apply-time,rs-001413-khxfm,e4f1b907-ae9a-4025-8a9e-10fa4a11dd18,1,1306.705534
2026/02/05/10:43:18,running-time,rs-001413-khxfm,e4f1b907-ae9a-4025-8a9e-10fa4a11dd18,1,1306.705534
2026/02/05/10:43:18,apply-time,rs-001413-prwbx,e7f90ba2-d06c-4a24-9fcd-52ea6f8e1f80,1,1306.705534
2026/02/05/10:43:18,running-time,rs-001413-prwbx,e7f90ba2-d06c-4a24-9fcd-52ea6f8e1f80,1,1306.705534
2026/02/05/10:43:18,apply-time,rs-001414-wdp47,c414e565-b255-463d-80c6-488b907c1334,1,1306.705534
2026/02/05/10:43:18,running-time,rs-001414-wdp47,c414e565-b255-463d-80c6-488b907c1334,1,1306.705534
2026/02/05/10:43:18,apply-time,rs-001415-cb8wt,a9561f77-04b6-45ee-8e40-1d6d6a64dfa9,1,1307.705534
2026/02/05/10:43:18,running-time,rs-001415-cb8wt,a9561f77-04b6-45ee-8e40-1d6d6a64dfa9,1,1307.705534
2026/02/05/10:43:18,apply-time,rs-001417-6prj8,548ac81e-e032-48c8-8af5-cdb783d3ec3a,2,1307.705534
2026/02/05/10:43:19,running-time,rs-001411-mzbgd,9113afff-361f-448e-b32e-4a9e1eb7d996,1,1307.705534
2026/02/05/10:43:19,apply-time,rs-001416-rsk58,d8024415-e526-4418-8739-403ca21afbc9,1,1307.705534
2026/02/05/10:43:19,running-time,rs-001416-rsk58,d8024415-e526-4418-8739-403ca21afbc9,1,1307.705534
2026/02/05/10:43:19,running-time,rs-001417-6prj8,548ac81e-e032-48c8-8af5-cdb783d3ec3a,2,1307.705534
2026/02/05/10:43:19,apply-time,rs-001417-r6699,fec5226b-d29c-4c0f-987c-3f33a088d1de,2,1307.705534
2026/02/05/10:43:19,running-time,rs-001417-r6699,fec5226b-d29c-4c0f-987c-3f33a088d1de,2,1307.705534
2026/02/05/10:43:19,apply-time,rs-001418-nws5k,b146694d-26a1-49fe-8038-134e3907c6f4,1,1308.705534
2026/02/05/10:43:19,running-time,rs-001418-nws5k,b146694d-26a1-49fe-8038-134e3907c6f4,1,1308.705534
2026/02/05/10:43:20,apply-time,rs-001418-mdjxj,a66a506b-0771-4019-9e72-dd5883b7bf79,1,1308.705534
2026/02/05/10:43:20,running-time,rs-001418-mdjxj,a66a506b-0771-4019-9e72-dd5883b7bf79,1,1308.705534
2026/02/05/10:43:21,apply-time,rs-001419-6zwnp,a7d6e19f-5ad3-49fe-9bc1-19bef72ed4e1,3,1309.705534
2026/02/05/10:43:21,running-time,rs-001419-6zwnp,a7d6e19f-5ad3-49fe-9bc1-19bef72ed4e1,3,1309.705534
2026/02/05/10:43:21,apply-time,rs-001419-cgm6k,7d99830b-dec5-4454-8978-f078d2a76d13,3,1309.705534
2026/02/05/10:43:21,running-time,rs-001419-cgm6k,7d99830b-dec5-4454-8978-f078d2a76d13,3,1309.705534
2026/02/05/10:43:21,apply-time,rs-001419-k97xh,b0acc1e9-a21c-4d54-a4af-0874c6e38c63,3,1309.705534
2026/02/05/10:43:21,running-time,rs-001419-k97xh,b0acc1e9-a21c-4d54-a4af-0874c6e38c63,3,1309.705534
2026/02/05/10:43:21,apply-time,rs-001420-z46h6,e30052b7-e07f-4754-a396-091cea275824,4,1309.705534
2026/02/05/10:43:21,running-time,rs-001420-z46h6,e30052b7-e07f-4754-a396-091cea275824,4,1309.705534
2026/02/05/10:43:21,apply-time,rs-001421-2gbxr,539a9d36-5d63-42a8-8ea8-a43452f71ddf,1,1309.705534
2026/02/05/10:43:21,apply-time,rs-001421-hzbrd,ce1645af-50bb-4ec7-b79a-a6c4d9202ab7,1,1309.705534
2026/02/05/10:43:21,apply-time,rs-001422-bsjgf,f7085370-8fed-4e2d-8b4f-ba894c9f95c4,3,1309.705534
2026/02/05/10:43:21,running-time,rs-001422-bsjgf,f7085370-8fed-4e2d-8b4f-ba894c9f95c4,3,1309.705534
2026/02/05/10:43:21,apply-time,rs-001422-xwgfc,d2f29234-9648-4c61-91e2-2fdcbd0efcd6,3,1309.705534
2026/02/05/10:43:21,running-time,rs-001422-xwgfc,d2f29234-9648-4c61-91e2-2fdcbd0efcd6,3,1309.705534
2026/02/05/10:43:21,apply-time,rs-001423-9dg97,eea3eac1-59b1-41b4-be8e-c62bc135de60,3,1309.705534
2026/02/05/10:43:21,running-time,rs-001423-9dg97,eea3eac1-59b1-41b4-be8e-c62bc135de60,3,1309.705534
2026/02/05/10:43:21,apply-time,rs-001423-gfmgg,dccdb2fb-025f-4a5b-b285-0e2fc93f0af0,3,1309.705534
2026/02/05/10:43:21,running-time,rs-001423-gfmgg,dccdb2fb-025f-4a5b-b285-0e2fc93f0af0,3,1309.705534
2026/02/05/10:43:21,apply-time,rs-001423-kzg6w,c9e59996-1eaf-4144-b060-23e59518aac6,3,1309.705534
2026/02/05/10:43:21,running-time,rs-001423-kzg6w,c9e59996-1eaf-4144-b060-23e59518aac6,3,1309.705534
2026/02/05/10:43:22,apply-time,rs-001424-58f6m,6d6930ec-1844-46e3-ab3f-51987c1640e5,2,1310.705534
2026/02/05/10:43:22,running-time,rs-001424-58f6m,6d6930ec-1844-46e3-ab3f-51987c1640e5,2,1310.705534
2026/02/05/10:43:22,apply-time,rs-001424-9r9nt,4baa3da6-313d-42ad-90ca-ff5cbf806cb4,2,1310.705534
2026/02/05/10:43:22,running-time,rs-001424-9r9nt,4baa3da6-313d-42ad-90ca-ff5cbf806cb4,2,1310.705534
2026/02/05/10:43:22,apply-time,rs-001424-bxrx2,130dc918-96e1-4f4b-9f86-a2c938778fcb,2,1310.705534
2026/02/05/10:43:22,running-time,rs-001424-bxrx2,130dc918-96e1-4f4b-9f86-a2c938778fcb,2,1310.705534
2026/02/05/10:43:24,running-time,rs-001421-2gbxr,539a9d36-5d63-42a8-8ea8-a43452f71ddf,1,1312.705534
2026/02/05/10:43:35,apply-time,rs-001425-rndg8,df1eed57-185f-44e2-8e91-17bdc3506fd7,3,1323.705534
2026/02/05/10:43:35,running-time,rs-001425-rndg8,df1eed57-185f-44e2-8e91-17bdc3506fd7,3,1324.705534
2026/02/05/10:43:35,apply-time,rs-001425-zvr22,44defc0a-a945-4add-ad14-5904bc6eea2b,3,1323.705534
2026/02/05/10:43:35,apply-time,rs-001426-492sg,3538245b-2f12-418d-9ae0-4c0aab57dee0,1,1323.705534
2026/02/05/10:43:35,running-time,rs-001426-492sg,3538245b-2f12-418d-9ae0-4c0aab57dee0,1,1324.705534
2026/02/05/10:43:35,apply-time,rs-001427-bgf7n,50b9d43d-a6a5-43db-b80a-35431c6e4dde,1,1324.705534
2026/02/05/10:43:35,apply-time,rs-001428-4fx5w,2e54ab26-8cdd-4317-8b2f-7a45395ae001,1,1323.705534
2026/02/05/10:43:35,running-time,rs-001428-4fx5w,2e54ab26-8cdd-4317-8b2f-7a45395ae001,1,1324.705534
2026/02/05/10:43:35,apply-time,rs-001428-hsl6r,80ee7584-8176-404e-ac87-358379812877,1,1323.705534
2026/02/05/10:43:35,apply-time,rs-001429-b8lsz,ecf82d15-42f4-4ae5-b9fb-17766d8b94c0,2,1324.705534
2026/02/05/10:43:35,running-time,rs-001429-b8lsz,ecf82d15-42f4-4ae5-b9fb-17766d8b94c0,2,1324.705534
2026/02/05/10:43:35,apply-time,rs-001429-czkwj,721f1a02-5e55-4b2e-88e9-8dcc9751bee1,2,1324.705534
2026/02/05/10:43:35,running-time,rs-001429-czkwj,721f1a02-5e55-4b2e-88e9-8dcc9751bee1,2,1324.705534
2026/02/05/10:43:35,apply-time,rs-001429-zd5js,769f9219-00e4-4eac-b1e3-a7dc9e969f32,2,1324.705534
2026/02/05/10:43:35,running-time,rs-001429-zd5js,769f9219-00e4-4eac-b1e3-a7dc9e969f32,2,1324.705534
2026/02/05/10:43:36,apply-time,rs-001430-8dn9m,11dec87f-d474-475d-86fb-82acbee384cd,1,1324.705534
2026/02/05/10:43:36,running-time,rs-001430-8dn9m,11dec87f-d474-475d-86fb-82acbee384cd,1,1324.705534
2026/02/05/10:43:36,apply-time,rs-001431-4n82x,1639a422-e305-430e-9147-4f4d70389f59,4,1324.705534
2026/02/05/10:43:37,running-time,rs-001431-4n82x,1639a422-e305-430e-9147-4f4d70389f59,4,1325.705534
2026/02/05/10:43:38,running-time,rs-001428-hsl6r,80ee7584-8176-404e-ac87-358379812877,1,1326.705534
2026/02/05/10:43:38,apply-time,rs-001432-7vvxg,42aa4fcc-aab6-4888-a0a3-6de2813bb3ab,2,1326.705534
2026/02/05/10:43:38,apply-time,rs-001432-f79wr,4409f712-10e4-4c61-8298-ec2daf9f7d36,2,1326.705534
2026/02/05/10:43:38,apply-time,rs-001433-bnxt5,95019ac5-b264-49f9-8a78-835f43c52d81,4,1326.705534
2026/02/05/10:43:38,running-time,rs-001433-bnxt5,95019ac5-b264-49f9-8a78-835f43c52d81,4,1326.705534
2026/02/05/10:43:38,apply-time,rs-001433-cbqlm,cb112719-8197-480f-a2b2-a69870486350,4,1326.705534
2026/02/05/10:43:38,running-time,rs-001433-cbqlm,cb112719-8197-480f-a2b2-a69870486350,4,1326.705534
2026/02/05/10:43:38,apply-time,rs-001433-ccgvw,8b3d11d1-7712-4c50-821e-ad6af093c472,4,1326.705534
2026/02/05/10:43:38,running-time,rs-001433-ccgvw,8b3d11d1-7712-4c50-821e-ad6af093c472,4,1326.705534
2026/02/05/10:43:38,apply-time,rs-001434-d5flb,6fe6713e-f147-4956-8330-11a7aae2a552,1,1326.705534
2026/02/05/10:43:38,running-time,rs-001434-d5flb,6fe6713e-f147-4956-8330-11a7aae2a552,1,1326.705534
2026/02/05/10:43:38,apply-time,rs-001435-bsxxw,c3bc96e0-5299-48d7-a3e6-aeafe28cc498,2,1326.705534
2026/02/05/10:43:38,running-time,rs-001435-bsxxw,c3bc96e0-5299-48d7-a3e6-aeafe28cc498,2,1326.705534
2026/02/05/10:43:38,apply-time,rs-001435-dfb82,d7f127c9-ff44-4221-b9d7-f662b0480c09,2,1326.705534
2026/02/05/10:43:38,running-time,rs-001435-dfb82,d7f127c9-ff44-4221-b9d7-f662b0480c09,2,1327.705534
2026/02/05/10:43:38,apply-time,rs-001436-gkfjv,e65f407e-4703-4831-a6eb-b222b5201a56,1,1326.705534
2026/02/05/10:43:38,running-time,rs-001436-gkfjv,e65f407e-4703-4831-a6eb-b222b5201a56,1,1326.705534
2026/02/05/10:43:38,apply-time,rs-001436-qc2zs,3063869a-bc82-4db0-97e5-4cfb6fa55c1d,1,1326.705534
2026/02/05/10:43:38,running-time,rs-001436-qc2zs,3063869a-bc82-4db0-97e5-4cfb6fa55c1d,1,1326.705534
2026/02/05/10:43:42,running-time,rs-001427-bgf7n,50b9d43d-a6a5-43db-b80a-35431c6e4dde,1,1331.705534
2026/02/05/10:43:42,running-time,rs-001432-7vvxg,42aa4fcc-aab6-4888-a0a3-6de2813bb3ab,2,1330.705534
2026/02/05/10:43:43,apply-time,rs-001437-dtbsv,c43397e2-6558-48fa-af42-65f232980cba,2,1331.705534
2026/02/05/10:43:43,running-time,rs-001437-dtbsv,c43397e2-6558-48fa-af42-65f232980cba,2,1331.705534
2026/02/05/10:43:43,apply-time,rs-001437-vkvqq,f7dc8b48-0cde-4f12-b539-405aed240b02,2,1331.705534
2026/02/05/10:43:43,running-time,rs-001437-vkvqq,f7dc8b48-0cde-4f12-b539-405aed240b02,2,1331.705534
2026/02/05/10:43:43,apply-time,rs-001438-msllc,3c1cc9c1-4934-4e4a-bb83-3a5020dc9b24,3,1331.705534
2026/02/05/10:43:43,running-time,rs-001438-msllc,3c1cc9c1-4934-4e4a-bb83-3a5020dc9b24,3,1331.705534
2026/02/05/10:43:43,apply-time,rs-001438-xtg7p,4b7780ac-e70d-4896-9723-34300063990b,3,1331.705534
2026/02/05/10:43:43,running-time,rs-001438-xtg7p,4b7780ac-e70d-4896-9723-34300063990b,3,1331.705534
2026/02/05/10:43:43,apply-time,rs-001438-zj479,e5fd9c4f-407b-4beb-a00a-a1f48b0a455b,3,1331.705534
2026/02/05/10:43:43,running-time,rs-001438-zj479,e5fd9c4f-407b-4beb-a00a-a1f48b0a455b,3,1331.705534
2026/02/05/10:43:49,apply-time,rs-001439-bn2kq,5530cf0d-be42-48d1-8525-4926a869197b,4,1338.705534
2026/02/05/10:43:49,apply-time,rs-001439-pbz7h,a9bec00f-617a-484e-abea-01b7e36e9192,4,1338.705534
2026/02/05/10:43:49,apply-time,rs-001439-qjr4v,c29c2eff-4e46-41c2-b2f6-33c39a54561b,4,1338.705534
2026/02/05/10:43:49,apply-time,rs-001440-bt5sk,4a1e2d8d-f19c-4816-868a-7e914a508ab3,2,1338.705534
2026/02/05/10:43:49,running-time,rs-001440-bt5sk,4a1e2d8d-f19c-4816-868a-7e914a508ab3,2,1338.705534
2026/02/05/10:43:49,apply-time,rs-001440-x6qpm,375a9e5a-fcb9-41ca-9905-56c1f2922ebc,2,1338.705534
2026/02/05/10:43:49,running-time,rs-001440-x6qpm,375a9e5a-fcb9-41ca-9905-56c1f2922ebc,2,1338.705534
2026/02/05/10:43:53,apply-time,rs-001441-hkpkc,48dcf1d3-086e-4f60-8804-931d9114eb85,1,1341.705534
2026/02/05/10:43:53,apply-time,rs-001441-q7vn7,682118ad-952e-4b5e-9cc2-b79cb9f40a9c,1,1341.705534
2026/02/05/10:43:53,running-time,rs-001441-q7vn7,682118ad-952e-4b5e-9cc2-b79cb9f40a9c,1,1342.705534
2026/02/05/10:43:53,apply-time,rs-001441-sr57m,c17783eb-4abf-426f-a715-801338209d6e,1,1341.705534
2026/02/05/10:43:53,running-time,rs-001441-sr57m,c17783eb-4abf-426f-a715-801338209d6e,1,1341.705534
2026/02/05/10:43:53,apply-time,rs-001442-5f48q,c20f4234-6879-4aaa-91c1-b4b3159f8f14,3,1341.705534
2026/02/05/10:43:53,running-time,rs-001442-5f48q,c20f4234-6879-4aaa-91c1-b4b3159f8f14,3,1342.705534
2026/02/05/10:43:53,apply-time,rs-001442-b5ffj,c01903c5-006e-45b4-a382-51ad762bbce4,3,1342.705534
2026/02/05/10:43:53,running-time,rs-001442-b5ffj,c01903c5-006e-45b4-a382-51ad762bbce4,3,1342.705534
2026/02/05/10:43:53,apply-time,rs-001443-8cj2r,f0667a8a-6df2-4f03-9852-c0e5c91c76db,2,1342.705534
2026/02/05/10:43:53,running-time,rs-001443-8cj2r,f0667a8a-6df2-4f03-9852-c0e5c91c76db,2,1342.705534
2026/02/05/10:43:53,apply-time,rs-001443-9vbqn,659130d7-5203-43b9-971f-5dc535480f9d,2,1341.705534
2026/02/05/10:43:53,running-time,rs-001443-9vbqn,659130d7-5203-43b9-971f-5dc535480f9d,2,1342.705534
2026/02/05/10:43:53,apply-time,rs-001444-czkx5,7f0e067b-49be-4440-9aea-a90ef5aabbf1,1,1341.705534
2026/02/05/10:43:53,running-time,rs-001444-czkx5,7f0e067b-49be-4440-9aea-a90ef5aabbf1,1,1342.705534
2026/02/05/10:43:53,apply-time,rs-001444-rtzjg,ad6a3804-6acc-4d53-adfc-e2764e3a8324,1,1341.705534
2026/02/05/10:43:53,running-time,rs-001444-rtzjg,ad6a3804-6acc-4d53-adfc-e2764e3a8324,1,1342.705534
2026/02/05/10:43:54,apply-time,rs-001445-djzpq,482945cc-9f2c-4b91-8c5f-bcce049090d1,2,1343.705534
2026/02/05/10:43:54,apply-time,rs-001445-t5c8h,fb31f609-2342-4611-96c2-624f81600e20,2,1342.705534
2026/02/05/10:43:54,apply-time,rs-001446-5zhhd,77be6c5d-ac56-46c3-958f-32286d412957,2,1342.705534
2026/02/05/10:43:54,apply-time,rs-001446-hhzqs,6436c396-d279-44bf-b93e-ae77500d9ccf,2,1342.705534
2026/02/05/10:43:54,apply-time,rs-001447-k5848,a44662f5-cf13-4155-a4f5-06644d29aa04,3,1342.705534
2026/02/05/10:43:55,apply-time,rs-001448-8frtc,a6f4cd3d-545a-4407-a51f-2271fc48f2a5,3,1343.705534
2026/02/05/10:43:55,apply-time,rs-001448-9922n,92c83b77-1697-4ad6-b8fd-89d20c8e6d33,3,1343.705534
2026/02/05/10:43:55,running-time,rs-001448-9922n,92c83b77-1697-4ad6-b8fd-89d20c8e6d33,3,1343.705534
2026/02/05/10:43:55,apply-time,rs-001449-65mv2,b8c08892-cf69-470d-9a2a-2d8b788f9b46,2,1343.705534
2026/02/05/10:43:55,running-time,rs-001449-65mv2,b8c08892-cf69-470d-9a2a-2d8b788f9b46,2,1343.705534
2026/02/05/10:43:55,apply-time,rs-001449-v4xr5,2338c5ed-a50f-42f6-9ff5-27643c3986f0,2,1343.705534
2026/02/05/10:43:55,running-time,rs-001449-v4xr5,2338c5ed-a50f-42f6-9ff5-27643c3986f0,2,1343.705534
2026/02/05/10:43:55,apply-time,rs-001450-bh69t,c14b3d5f-f92d-4718-87da-a3ad196f1a63,2,1343.705534
2026/02/05/10:43:55,running-time,rs-001450-bh69t,c14b3d5f-f92d-4718-87da-a3ad196f1a63,2,1343.705534
2026/02/05/10:43:55,apply-time,rs-001450-rtk59,05537b5c-ec9a-4f60-9bdb-953690d4fa95,2,1343.705534
2026/02/05/10:43:55,running-time,rs-001450-rtk59,05537b5c-ec9a-4f60-9bdb-953690d4fa95,2,1343.705534
2026/02/05/10:43:55,apply-time,rs-001452-ftjk4,9bbf7c0d-e8fb-4497-9f5d-cb0d054d2684,1,1343.705534
2026/02/05/10:43:55,running-time,rs-001452-ftjk4,9bbf7c0d-e8fb-4497-9f5d-cb0d054d2684,1,1343.705534
2026/02/05/10:43:55,apply-time,rs-001452-rzht9,e7f08a47-7884-47ac-a891-4e3b97249acb,1,1343.705534
2026/02/05/10:43:55,running-time,rs-001452-rzht9,e7f08a47-7884-47ac-a891-4e3b97249acb,1,1343.705534
2026/02/05/10:43:56,running-time,rs-001448-8frtc,a6f4cd3d-545a-4407-a51f-2271fc48f2a5,3,1344.705534
2026/02/05/10:43:56,apply-time,rs-001451-8dbh5,041de6dc-9b82-478d-af03-432b10494a81,1,1344.705534
2026/02/05/10:43:56,running-time,rs-001451-8dbh5,041de6dc-9b82-478d-af03-432b10494a81,1,1344.705534
2026/02/05/10:43:56,apply-time,rs-001451-ncgkw,e8b13ae6-70d4-45b4-8681-1804a170f52e,1,1344.705534
2026/02/05/10:43:56,apply-time,rs-001451-whwf4,285f3d38-2414-4f05-bdf7-ead98903b958,1,1344.705534
2026/02/05/10:43:56,apply-time,rs-001453-cbjcw,6897f1cc-962a-48bb-baea-7c015190067c,1,1344.705534
2026/02/05/10:43:56,running-time,rs-001453-cbjcw,6897f1cc-962a-48bb-baea-7c015190067c,1,1344.705534
2026/02/05/10:43:57,running-time,rs-001451-ncgkw,e8b13ae6-70d4-45b4-8681-1804a170f52e,1,1346.705534
2026/02/05/10:43:57,running-time,rs-001451-whwf4,285f3d38-2414-4f05-bdf7-ead98903b958,1,1346.705534
2026/02/05/10:43:58,running-time,rs-001446-5zhhd,77be6c5d-ac56-46c3-958f-32286d412957,2,1347.705534
2026/02/05/10:43:58,running-time,rs-001446-hhzqs,6436c396-d279-44bf-b93e-ae77500d9ccf,2,1347.705534
2026/02/05/10:44:04,apply-time,rs-001454-8k95k,41fb9bd1-2285-4b70-ada8-cdf4ee56e9e8,2,1353.705534
2026/02/05/10:44:04,running-time,rs-001454-8k95k,41fb9bd1-2285-4b70-ada8-cdf4ee56e9e8,2,1353.705534
2026/02/05/10:44:04,apply-time,rs-001454-lfbpj,ab801c3f-dff4-4da7-9804-31d18da588a2,2,1353.705534
2026/02/05/10:44:04,running-time,rs-001454-lfbpj,ab801c3f-dff4-4da7-9804-31d18da588a2,2,1353.705534
2026/02/05/10:44:04,apply-time,rs-001454-wzstf,ca992cf5-9a3d-4e7a-b062-c7c7f325843b,2,1353.705534
2026/02/05/10:44:04,running-time,rs-001454-wzstf,ca992cf5-9a3d-4e7a-b062-c7c7f325843b,2,1353.705534
2026/02/05/10:44:04,apply-time,rs-001455-d7bbf,ca909c3b-b8c7-4e51-91b9-3b821c40e46c,4,1353.705534
2026/02/05/10:44:04,apply-time,rs-001455-dq4sb,db1e57e5-909b-4970-8adb-aa30d87e2e9c,4,1353.705534
2026/02/05/10:44:04,running-time,rs-001455-dq4sb,db1e57e5-909b-4970-8adb-aa30d87e2e9c,4,1353.705534
2026/02/05/10:44:07,running-time,rs-001455-d7bbf,ca909c3b-b8c7-4e51-91b9-3b821c40e46c,4,1355.705534
2026/02/05/10:44:15,apply-time,rs-001456-n76rc,ec369470-fb6d-4a1b-b375-d8782a63158c,1,1363.705534
2026/02/05/10:44:15,running-time,rs-001456-n76rc,ec369470-fb6d-4a1b-b375-d8782a63158c,1,1363.705534
2026/02/05/10:44:15,apply-time,rs-001456-qj4lx,4edcc92e-b926-40ee-a138-604a89fb016d,1,1363.705534
2026/02/05/10:44:15,running-time,rs-001456-qj4lx,4edcc92e-b926-40ee-a138-604a89fb016d,1,1363.705534
2026/02/05/10:44:15,apply-time,rs-001457-c2m2g,523d877a-3a4c-413a-a9ae-afc4817b1e76,1,1363.705534
2026/02/05/10:44:15,apply-time,rs-001457-jms5j,810eba30-53c4-4ab6-8328-466b27972604,1,1363.705534
2026/02/05/10:44:15,apply-time,rs-001457-tbsgp,89e2a7bb-a650-4d06-9b3c-33130af2024b,1,1363.705534
2026/02/05/10:44:15,apply-time,rs-001458-mlp4v,99987a97-9383-4737-929e-724fec11ec56,1,1363.705534
2026/02/05/10:44:15,running-time,rs-001458-mlp4v,99987a97-9383-4737-929e-724fec11ec56,1,1364.705534
2026/02/05/10:44:21,apply-time,rs-001459-fbdfh,d01140c4-b482-487e-a9fc-8339ef236f12,2,1370.705534
2026/02/05/10:44:21,running-time,rs-001459-fbdfh,d01140c4-b482-487e-a9fc-8339ef236f12,2,1370.705534
2026/02/05/10:44:21,apply-time,rs-001460-mgdzt,84f318ca-d630-4323-b786-68d4562317f0,4,1370.705534
2026/02/05/10:44:21,running-time,rs-001460-mgdzt,84f318ca-d630-4323-b786-68d4562317f0,4,1370.705534
2026/02/05/10:44:21,apply-time,rs-001461-5pj47,3a0e0eac-e910-4a3a-a332-84a410334218,2,1370.705534
2026/02/05/10:44:21,running-time,rs-001461-5pj47,3a0e0eac-e910-4a3a-a332-84a410334218,2,1370.705534
2026/02/05/10:44:21,apply-time,rs-001462-26dzk,ce44e977-ce23-42b8-bfb6-5fbe75b171fa,1,1370.705534
2026/02/05/10:44:21,running-time,rs-001462-26dzk,ce44e977-ce23-42b8-bfb6-5fbe75b171fa,1,1370.705534
2026/02/05/10:44:21,apply-time,rs-001462-qqxb6,7c5e1a7c-2676-4a7f-80ef-e732bbb9fbc1,1,1370.705534
2026/02/05/10:44:21,running-time,rs-001462-qqxb6,7c5e1a7c-2676-4a7f-80ef-e732bbb9fbc1,1,1370.705534
2026/02/05/10:44:21,apply-time,rs-001463-cftbf,3a5dd432-e509-42c0-8658-4d9a3e3831ee,4,1370.705534
2026/02/05/10:44:21,running-time,rs-001463-cftbf,3a5dd432-e509-42c0-8658-4d9a3e3831ee,4,1370.705534
2026/02/05/10:44:21,apply-time,rs-001464-h9v4n,55d944a2-d16e-4ca0-bf82-2490412274c1,4,1370.705534
2026/02/05/10:44:21,running-time,rs-001464-h9v4n,55d944a2-d16e-4ca0-bf82-2490412274c1,4,1370.705534
2026/02/05/10:44:21,apply-time,rs-001464-mqfz4,3071d367-2898-4716-95b1-7862202c50b5,4,1370.705534
2026/02/05/10:44:22,running-time,rs-001464-mqfz4,3071d367-2898-4716-95b1-7862202c50b5,4,1370.705534
2026/02/05/10:44:22,apply-time,rs-001465-pxllg,8a788608-15a8-4f5c-a025-7c5fdd7b824b,1,1370.705534
2026/02/05/10:44:22,running-time,rs-001465-pxllg,8a788608-15a8-4f5c-a025-7c5fdd7b824b,1,1370.705534
2026/02/05/10:44:22,apply-time,rs-001465-zpdx5,66d05c4b-dad8-43a3-8c72-1418a45e98ec,1,1370.705534
2026/02/05/10:44:22,running-time,rs-001465-zpdx5,66d05c4b-dad8-43a3-8c72-1418a45e98ec,1,1370.705534
2026/02/05/10:44:22,apply-time,rs-001466-sjwkr,c3c880fb-3858-42c5-8e70-392fa1d48c70,3,1370.705534
2026/02/05/10:44:31,apply-time,rs-001467-w5gx5,5ec23fac-846d-44fd-8a50-1c41a732e669,1,1379.705534
2026/02/05/10:44:31,running-time,rs-001467-w5gx5,5ec23fac-846d-44fd-8a50-1c41a732e669,1,1379.705534
2026/02/05/10:44:31,apply-time,rs-001468-bkjbx,0d9b1d8e-2481-4629-976e-4554f7e999a8,4,1379.705534
2026/02/05/10:44:31,running-time,rs-001468-bkjbx,0d9b1d8e-2481-4629-976e-4554f7e999a8,4,1379.705534
2026/02/05/10:44:31,apply-time,rs-001468-gvrdj,14886550-aa2e-4f5f-909a-eb41b27aac97,4,1379.705534
2026/02/05/10:44:31,running-time,rs-001468-gvrdj,14886550-aa2e-4f5f-909a-eb41b27aac97,4,1379.705534
2026/02/05/10:44:31,apply-time,rs-001468-mqps7,512b8496-8162-4ab7-bb1b-09a84b7e0ddd,4,1379.705534
2026/02/05/10:44:31,running-time,rs-001468-mqps7,512b8496-8162-4ab7-bb1b-09a84b7e0ddd,4,1379.705534
2026/02/05/10:44:31,apply-time,rs-001469-xhzfh,fce2b73d-44e0-42b6-ab0e-4ced3e523e11,1,1379.705534
2026/02/05/10:44:31,running-time,rs-001469-xhzfh,fce2b73d-44e0-42b6-ab0e-4ced3e523e11,1,1379.705534
2026/02/05/10:44:31,apply-time,rs-001470-pc5sz,15edf7a1-8cb9-4289-bd01-ea41813cdc3f,1,1379.705534
2026/02/05/10:44:31,running-time,rs-001470-pc5sz,15edf7a1-8cb9-4289-bd01-ea41813cdc3f,1,1379.705534
2026/02/05/10:44:31,apply-time,rs-001470-q5st5,49a786c0-a8b1-423c-85db-3cbc9399a024,1,1379.705534
2026/02/05/10:44:31,running-time,rs-001470-q5st5,49a786c0-a8b1-423c-85db-3cbc9399a024,1,1379.705534
2026/02/05/10:44:31,apply-time,rs-001471-frdkf,dfb45c36-e350-409d-b774-d626fce7a639,1,1379.705534
2026/02/05/10:44:31,apply-time,rs-001471-hb5d5,4c05e74d-6e06-4a0a-a59c-2b4b60c6d01d,1,1379.705534
2026/02/05/10:44:33,running-time,rs-001471-frdkf,dfb45c36-e350-409d-b774-d626fce7a639,1,1382.705534
2026/02/05/10:44:33,running-time,rs-001471-hb5d5,4c05e74d-6e06-4a0a-a59c-2b4b60c6d01d,1,1382.705534
2026/02/05/10:44:34,apply-time,rs-001472-9sw7h,b0dfc1a0-51b9-45d9-b90e-49716336b4ab,2,1382.705534
2026/02/05/10:44:34,running-time,rs-001472-9sw7h,b0dfc1a0-51b9-45d9-b90e-49716336b4ab,2,1382.705534
2026/02/05/10:44:34,apply-time,rs-001473-dqwqn,101d82c0-1665-4301-b528-5d2f27214bcc,4,1382.705534
2026/02/05/10:44:34,running-time,rs-001473-dqwqn,101d82c0-1665-4301-b528-5d2f27214bcc,4,1382.705534
2026/02/05/10:44:34,apply-time,rs-001473-fqx4h,e801ab9e-54b8-46d8-9ea6-3019587f691b,4,1382.705534
2026/02/05/10:44:34,running-time,rs-001473-fqx4h,e801ab9e-54b8-46d8-9ea6-3019587f691b,4,1382.705534
2026/02/05/10:44:34,apply-time,rs-001473-qp5n5,83802014-712c-4d8b-9e87-156ffabb0a89,4,1382.705534
2026/02/05/10:44:34,running-time,rs-001473-qp5n5,83802014-712c-4d8b-9e87-156ffabb0a89,4,1382.705534
2026/02/05/10:44:34,apply-time,rs-001474-m4xks,80d0c3ac-b908-4286-b92a-ec6ba5e391fe,2,1382.705534
2026/02/05/10:44:34,apply-time,rs-001475-vv5b4,a627d575-f7ad-4d92-b7fa-d5a7bb615735,4,1382.705534
2026/02/05/10:44:34,running-time,rs-001475-vv5b4,a627d575-f7ad-4d92-b7fa-d5a7bb615735,4,1382.705534
2026/02/05/10:44:34,apply-time,rs-001475-wbk2l,82ca6d86-6a0d-4ff5-85b1-d9339d399029,4,1382.705534
2026/02/05/10:44:34,running-time,rs-001475-wbk2l,82ca6d86-6a0d-4ff5-85b1-d9339d399029,4,1382.705534
2026/02/05/10:44:34,apply-time,rs-001476-8drj7,3da2a526-97eb-443b-be95-89700102409a,3,1382.705534
2026/02/05/10:44:34,running-time,rs-001476-8drj7,3da2a526-97eb-443b-be95-89700102409a,3,1382.705534
2026/02/05/10:44:34,apply-time,rs-001477-c8xqq,2864fe6a-0a0c-4ff4-b733-c1d2dd8f5c42,2,1382.705534
2026/02/05/10:44:34,running-time,rs-001477-c8xqq,2864fe6a-0a0c-4ff4-b733-c1d2dd8f5c42,2,1382.705534
2026/02/05/10:44:34,apply-time,rs-001477-jctpg,ff5063a6-5a32-41a2-b134-22960d85bc18,2,1383.705534
2026/02/05/10:44:34,running-time,rs-001477-jctpg,ff5063a6-5a32-41a2-b134-22960d85bc18,2,1383.705534
2026/02/05/10:44:34,apply-time,rs-001477-l7lt8,d93cd2fc-a537-48da-ad6a-56eb77510711,2,1383.705534
2026/02/05/10:44:34,running-time,rs-001477-l7lt8,d93cd2fc-a537-48da-ad6a-56eb77510711,2,1383.705534
2026/02/05/10:44:34,apply-time,rs-001478-h72gd,8e1dd1a8-032c-4137-b7da-afab91bd9511,1,1382.705534
2026/02/05/10:44:34,running-time,rs-001478-h72gd,8e1dd1a8-032c-4137-b7da-afab91bd9511,1,1382.705534
2026/02/05/10:44:34,apply-time,rs-001479-2gthp,dcf6f012-bfd6-4e88-a11d-b1db87a1c370,3,1382.705534
2026/02/05/10:44:34,running-time,rs-001479-2gthp,dcf6f012-bfd6-4e88-a11d-b1db87a1c370,3,1382.705534
2026/02/05/10:44:34,apply-time,rs-001479-pc6sr,8a35eb86-766a-43bc-8b9e-bba67b4e0cdc,3,1383.705534
2026/02/05/10:44:34,running-time,rs-001479-pc6sr,8a35eb86-766a-43bc-8b9e-bba67b4e0cdc,3,1383.705534
2026/02/05/10:44:34,apply-time,rs-001480-gtlc2,d26c109c-677d-45e9-832e-2a261a1b7ae2,2,1383.705534
2026/02/05/10:44:34,running-time,rs-001480-gtlc2,d26c109c-677d-45e9-832e-2a261a1b7ae2,2,1383.705534
2026/02/05/10:44:34,apply-time,rs-001480-mhbjn,3084f2cb-0f61-42c6-a19e-4f7c011e72b9,2,1382.705534
2026/02/05/10:44:34,running-time,rs-001480-mhbjn,3084f2cb-0f61-42c6-a19e-4f7c011e72b9,2,1382.705534
2026/02/05/10:44:34,apply-time,rs-001480-mn74d,d465f02f-9eb7-4082-84d7-b800cbc2d723,2,1383.705534
2026/02/05/10:44:34,apply-time,rs-001481-85w6f,63a98337-9180-4f87-b89d-8d006156177c,1,1383.705534
2026/02/05/10:44:34,running-time,rs-001481-85w6f,63a98337-9180-4f87-b89d-8d006156177c,1,1383.705534
2026/02/05/10:44:34,apply-time,rs-001481-ckt52,9fc6675d-f95a-40e1-889e-f06f4726769f,1,1382.705534
2026/02/05/10:44:34,running-time,rs-001481-ckt52,9fc6675d-f95a-40e1-889e-f06f4726769f,1,1382.705534
2026/02/05/10:44:35,running-time,rs-001480-mn74d,d465f02f-9eb7-4082-84d7-b800cbc2d723,2,1383.705534
2026/02/05/10:44:35,apply-time,rs-001482-hrgbn,9d2c2e6b-dd3a-4176-90db-7c213191dbd6,4,1383.705534
2026/02/05/10:44:35,apply-time,rs-001482-kq6c4,ca0d6895-82c1-4934-a878-4d9d3df41669,4,1383.705534
2026/02/05/10:44:35,apply-time,rs-001483-ss587,f9afed3d-3243-4449-9f5c-fbb3623723ab,3,1383.705534
2026/02/05/10:44:35,running-time,rs-001483-ss587,f9afed3d-3243-4449-9f5c-fbb3623723ab,3,1383.705534
2026/02/05/10:44:35,apply-time,rs-001484-44lgb,d6b4d62f-6132-45d8-95c4-0dda918d6faf,1,1384.705534
2026/02/05/10:44:35,running-time,rs-001484-44lgb,d6b4d62f-6132-45d8-95c4-0dda918d6faf,1,1384.705534
2026/02/05/10:44:35,apply-time,rs-001484-9g6s8,a5d22d08-817a-48be-bcbb-f20d74351c22,1,1383.705534
2026/02/05/10:44:35,running-time,rs-001484-9g6s8,a5d22d08-817a-48be-bcbb-f20d74351c22,1,1383.705534
2026/02/05/10:44:35,apply-time,rs-001485-97msv,7ba52aa3-dc48-42c4-a023-65ec3fcd2fc5,2,1384.705534
2026/02/05/10:44:35,apply-time,rs-001485-dbqtq,9a2cc92a-61fd-42e1-840e-bbcb7c20ca23,2,1384.705534
2026/02/05/10:44:35,apply-time,rs-001485-rl4xt,c442e7d6-94ef-4f48-b09c-63fc5da355da,2,1383.705534
2026/02/05/10:44:35,apply-time,rs-001486-dzmw9,7543cf97-ecf4-4b12-bda1-a2642c837389,1,1383.705534
2026/02/05/10:44:36,apply-time,rs-001486-4nvnt,ae2241f9-7416-4b18-965b-864f23811650,1,1384.705534
2026/02/05/10:44:36,apply-time,rs-001487-h99tn,7cae5c4f-8986-41eb-84e7-6c0b1686ff7f,1,1384.705534
2026/02/05/10:44:36,apply-time,rs-001487-sq56b,e4d2f09a-07df-43a9-9c90-0da551a2f530,1,1384.705534
2026/02/05/10:44:36,apply-time,rs-001489-2bhz5,9368fc38-6199-495a-a836-c1bb310f0371,2,1384.705534
2026/02/05/10:44:36,running-time,rs-001489-2bhz5,9368fc38-6199-495a-a836-c1bb310f0371,2,1384.705534
2026/02/05/10:44:36,apply-time,rs-001490-94zff,d189552b-10b1-4b29-b7e3-f616ad033508,1,1385.705534
2026/02/05/10:44:36,running-time,rs-001490-94zff,d189552b-10b1-4b29-b7e3-f616ad033508,1,1385.705534
2026/02/05/10:44:37,apply-time,rs-001489-6x6ps,2e7e5559-68f1-4298-a636-1e7fb015c9b0,2,1385.705534
2026/02/05/10:44:37,running-time,rs-001489-6x6ps,2e7e5559-68f1-4298-a636-1e7fb015c9b0,2,1385.705534
2026/02/05/10:44:37,apply-time,rs-001489-vxdzh,6d658235-8c47-4368-93ca-7d9a0711233d,2,1385.705534
2026/02/05/10:44:37,running-time,rs-001489-vxdzh,6d658235-8c47-4368-93ca-7d9a0711233d,2,1385.705534
2026/02/05/10:44:37,apply-time,rs-001491-gfdfq,6b6d06da-0c57-431a-abf1-8b5023be56b1,2,1385.705534
2026/02/05/10:44:37,running-time,rs-001491-gfdfq,6b6d06da-0c57-431a-abf1-8b5023be56b1,2,1385.705534
2026/02/05/10:44:37,apply-time,rs-001491-mnwgh,8d33c24c-909f-4d58-a6a2-af192ee6df9f,2,1385.705534
2026/02/05/10:44:37,running-time,rs-001491-mnwgh,8d33c24c-909f-4d58-a6a2-af192ee6df9f,2,1385.705534
2026/02/05/10:44:37,apply-time,rs-001491-rvnrs,969de17b-d4aa-451c-ad78-3b603733f05e,2,1385.705534
2026/02/05/10:44:37,apply-time,rs-001492-6bjkq,928ccb2b-5759-4217-a57e-721a9040a5b2,2,1385.705534
2026/02/05/10:44:37,apply-time,rs-001492-jlz6j,300a9a8c-1819-42cd-9eb9-544dda46a116,2,1386.705534
2026/02/05/10:44:37,apply-time,rs-001494-lcczk,3f76dbdd-ffad-4649-b2a7-35f33111268b,1,1385.705534
2026/02/05/10:44:37,apply-time,rs-001495-lrsfq,5f12f238-1601-4cce-8998-25b571ac4b2c,2,1386.705534
2026/02/05/10:44:37,running-time,rs-001495-lrsfq,5f12f238-1601-4cce-8998-25b571ac4b2c,2,1386.705534
2026/02/05/10:44:37,apply-time,rs-001496-89257,2063f695-3179-4b90-9988-ce77aabbbc44,3,1386.705534
2026/02/05/10:44:37,running-time,rs-001496-89257,2063f695-3179-4b90-9988-ce77aabbbc44,3,1386.705534
2026/02/05/10:44:38,running-time,rs-001487-h99tn,7cae5c4f-8986-41eb-84e7-6c0b1686ff7f,1,1386.705534
2026/02/05/10:44:38,apply-time,rs-001497-466rv,13075459-05e1-4967-9edd-bb2497d6ebd7,4,1386.705534
2026/02/05/10:44:38,running-time,rs-001497-466rv,13075459-05e1-4967-9edd-bb2497d6ebd7,4,1386.705534
2026/02/05/10:44:38,apply-time,rs-001499-j8hx7,0b91bde0-0b65-440d-ad8e-97595a047241,1,1386.705534
2026/02/05/10:44:38,running-time,rs-001499-j8hx7,0b91bde0-0b65-440d-ad8e-97595a047241,1,1386.705534
2026/02/05/10:44:38,apply-time,rs-001499-k2fvx,4eb6e1fb-9444-46a4-958e-3058bd6a3fff,1,1387.705534
2026/02/05/10:44:38,running-time,rs-001499-k2fvx,4eb6e1fb-9444-46a4-958e-3058bd6a3fff,1,1387.705534
2026/02/05/10:44:38,apply-time,rs-001499-zth25,3540d5e2-2763-49ea-8d45-cccb6b81f42a,1,1387.705534
2026/02/05/10:44:38,running-time,rs-001499-zth25,3540d5e2-2763-49ea-8d45-cccb6b81f42a,1,1387.705534
2026/02/05/10:44:38,apply-time,rs-001500-jv4vp,c165468a-a516-46ca-9edd-14b8409bb6a5,2,1386.705534
2026/02/05/10:44:39,running-time,rs-001487-sq56b,e4d2f09a-07df-43a9-9c90-0da551a2f530,1,1388.705534
2026/02/05/10:44:39,running-time,rs-001494-lcczk,3f76dbdd-ffad-4649-b2a7-35f33111268b,1,1388.705534
2026/02/05/10:44:39,running-time,rs-001500-jv4vp,c165468a-a516-46ca-9edd-14b8409bb6a5,2,1388.705534
2026/02/05/10:44:39,apply-time,rs-001501-9tql7,0b96d1ee-1c93-414e-b450-6762d7ec945b,1,1387.705534
2026/02/05/10:44:39,apply-time,rs-001501-jckdt,2b228a57-032a-4a5b-a475-e095725b52d9,1,1387.705534
2026/02/05/10:44:39,apply-time,rs-001501-jncw5,c8ddc66e-f731-44f7-bbfe-26750c5a5dc8,1,1387.705534
2026/02/05/10:44:40,running-time,rs-001474-m4xks,80d0c3ac-b908-4286-b92a-ec6ba5e391fe,2,1389.705534
2026/02/05/10:44:42,running-time,rs-001492-6bjkq,928ccb2b-5759-4217-a57e-721a9040a5b2,2,1390.705534
2026/02/05/10:44:43,running-time,rs-001492-jlz6j,300a9a8c-1819-42cd-9eb9-544dda46a116,2,1391.705534
2026/02/05/10:44:50,apply-time,rs-001503-j4fnk,9fd6b6cd-51a9-4b83-b45e-db352f075855,2,1398.705534
2026/02/05/10:44:50,running-time,rs-001503-j4fnk,9fd6b6cd-51a9-4b83-b45e-db352f075855,2,1399.705534
2026/02/05/10:44:50,apply-time,rs-001504-6w6gg,edd06548-9a71-45bb-ae03-fc2120635094,2,1398.705534
2026/02/05/10:44:50,running-time,rs-001504-6w6gg,edd06548-9a71-45bb-ae03-fc2120635094,2,1398.705534
2026/02/05/10:44:50,apply-time,rs-001505-fr8kk,cc19079b-ec01-404f-8416-da11587fe5d4,1,1399.705534
2026/02/05/10:44:50,apply-time,rs-001506-rx8d5,f3d4fe49-9065-44fa-ba0c-7c76eb622ce5,3,1399.705534
2026/02/05/10:44:50,running-time,rs-001506-rx8d5,f3d4fe49-9065-44fa-ba0c-7c76eb622ce5,3,1399.705534
2026/02/05/10:44:50,apply-time,rs-001507-bgpv4,04287e50-e28a-4031-8647-8305726a15ed,3,1399.705534
2026/02/05/10:44:50,running-time,rs-001507-bgpv4,04287e50-e28a-4031-8647-8305726a15ed,3,1399.705534
2026/02/05/10:44:50,apply-time,rs-001508-w9xjm,8ec582d9-b310-4c1e-8de8-0d3936e88c5e,1,1399.705534
2026/02/05/10:44:50,running-time,rs-001508-w9xjm,8ec582d9-b310-4c1e-8de8-0d3936e88c5e,1,1399.705534
2026/02/05/10:44:50,apply-time,rs-001508-wl8m2,c05bdbda-8926-4e12-a8b3-26ab8fb10886,1,1399.705534
2026/02/05/10:44:50,running-time,rs-001508-wl8m2,c05bdbda-8926-4e12-a8b3-26ab8fb10886,1,1399.705534
2026/02/05/10:44:50,apply-time,rs-001508-zpprn,a24801e1-83e1-4de9-93e4-7fe630a479f0,1,1399.705534
2026/02/05/10:44:50,running-time,rs-001508-zpprn,a24801e1-83e1-4de9-93e4-7fe630a479f0,1,1399.705534
2026/02/05/10:44:50,apply-time,rs-001509-8zjrh,09d8eaa7-4774-4edf-bfc1-5171eb1462b8,2,1399.705534
2026/02/05/10:44:51,apply-time,rs-001510-cn6lx,b55993ad-532f-45da-bf4e-45327580fba2,1,1399.705534
2026/02/05/10:44:51,running-time,rs-001510-cn6lx,b55993ad-532f-45da-bf4e-45327580fba2,1,1399.705534
2026/02/05/10:44:51,apply-time,rs-001511-9rq8v,b820e284-38b3-4dd4-867e-f14f7a29d507,2,1399.705534
2026/02/05/10:44:51,running-time,rs-001511-9rq8v,b820e284-38b3-4dd4-867e-f14f7a29d507,2,1399.705534
2026/02/05/10:44:51,apply-time,rs-001511-k985m,e559726a-a48f-41cb-a329-ce8d87c1d959,2,1399.705534
2026/02/05/10:44:51,apply-time,rs-001512-7gb9w,f71565fe-fa52-45e6-b73b-f9581ded6ad0,1,1399.705534
2026/02/05/10:44:51,running-time,rs-001512-7gb9w,f71565fe-fa52-45e6-b73b-f9581ded6ad0,1,1399.705534
2026/02/05/10:44:51,apply-time,rs-001512-tjtlt,e3b5b0d2-fb27-46e2-9acf-f21a2e39b098,1,1399.705534
2026/02/05/10:44:51,apply-time,rs-001513-56lk6,760bc53d-1097-403b-952e-e4e9cb266538,3,1399.705534
2026/02/05/10:44:51,running-time,rs-001513-56lk6,760bc53d-1097-403b-952e-e4e9cb266538,3,1399.705534
2026/02/05/10:44:51,apply-time,rs-001513-6vvzt,0bb8ecaf-d0b6-4231-a727-4074ab5b58e9,3,1399.705534
2026/02/05/10:44:51,running-time,rs-001513-6vvzt,0bb8ecaf-d0b6-4231-a727-4074ab5b58e9,3,1400.705534
2026/02/05/10:44:51,apply-time,rs-001513-slpxt,3ae50a30-9693-47ad-b9a7-d9d10453bb5f,3,1399.705534
2026/02/05/10:44:51,running-time,rs-001513-slpxt,3ae50a30-9693-47ad-b9a7-d9d10453bb5f,3,1399.705534
2026/02/05/10:44:51,apply-time,rs-001514-579rf,a108f005-6461-4560-9480-13a7341616d3,4,1399.705534
2026/02/05/10:44:51,running-time,rs-001514-579rf,a108f005-6461-4560-9480-13a7341616d3,4,1399.705534
2026/02/05/10:44:51,apply-time,rs-001514-bp57v,386f6348-f4d7-42aa-a2ce-495e2731b75a,4,1400.705534
2026/02/05/10:44:51,apply-time,rs-001514-ggsgg,0e8d5d9e-b6c7-409b-b476-4bcda5c372c8,4,1400.705534
2026/02/05/10:44:51,running-time,rs-001514-ggsgg,0e8d5d9e-b6c7-409b-b476-4bcda5c372c8,4,1400.705534
2026/02/05/10:44:52,running-time,rs-001514-bp57v,386f6348-f4d7-42aa-a2ce-495e2731b75a,4,1400.705534
2026/02/05/10:44:52,apply-time,rs-001515-99qb2,3aa1da12-a867-42a5-b283-81eaeb8c51f2,3,1400.705534
2026/02/05/10:44:52,apply-time,rs-001515-scbk9,d4548993-10b7-464d-8337-d362293dd95f,3,1400.705534
2026/02/05/10:44:52,apply-time,rs-001515-sj54g,6ecc6abc-454a-4129-8cf4-5c8d7fc9616a,3,1400.705534
2026/02/05/10:44:53,running-time,rs-001505-fr8kk,cc19079b-ec01-404f-8416-da11587fe5d4,1,1401.705534
2026/02/05/10:44:53,running-time,rs-001515-99qb2,3aa1da12-a867-42a5-b283-81eaeb8c51f2,3,1401.705534
2026/02/05/10:44:53,running-time,rs-001515-scbk9,d4548993-10b7-464d-8337-d362293dd95f,3,1401.705534
2026/02/05/10:44:53,running-time,rs-001515-sj54g,6ecc6abc-454a-4129-8cf4-5c8d7fc9616a,3,1401.705534
2026/02/05/10:44:57,apply-time,rs-001516-5mc6n,dd44c438-61ec-4c9a-9faa-4ba95aeeccae,1,1406.705534
2026/02/05/10:44:57,running-time,rs-001516-5mc6n,dd44c438-61ec-4c9a-9faa-4ba95aeeccae,1,1406.705534
2026/02/05/10:44:57,apply-time,rs-001516-p4z2g,6597f318-521a-448f-9946-824e883d7f31,1,1406.705534
2026/02/05/10:44:57,running-time,rs-001516-p4z2g,6597f318-521a-448f-9946-824e883d7f31,1,1406.705534
2026/02/05/10:44:57,apply-time,rs-001516-s6mqm,02e66371-fbab-485e-ba00-dec9425a4485,1,1406.705534
2026/02/05/10:44:57,running-time,rs-001516-s6mqm,02e66371-fbab-485e-ba00-dec9425a4485,1,1406.705534
2026/02/05/10:44:57,apply-time,rs-001517-j5qbc,35b18479-6834-4956-ae8d-2d85e08e944b,2,1406.705534
2026/02/05/10:44:57,running-time,rs-001517-j5qbc,35b18479-6834-4956-ae8d-2d85e08e944b,2,1406.705534
2026/02/05/10:44:57,apply-time,rs-001518-brdhx,669f24a0-90af-491b-8198-be16cb816f06,4,1406.705534
2026/02/05/10:44:57,running-time,rs-001518-brdhx,669f24a0-90af-491b-8198-be16cb816f06,4,1406.705534
2026/02/05/10:44:57,apply-time,rs-001518-qh7l4,f54d122f-0eba-486a-9cb6-7655e777b37b,4,1406.705534
2026/02/05/10:44:57,running-time,rs-001518-qh7l4,f54d122f-0eba-486a-9cb6-7655e777b37b,4,1406.705534
2026/02/05/10:44:57,apply-time,rs-001519-d6bj5,b344a55b-b85b-46e4-a539-6d4f19a276fc,3,1406.705534
2026/02/05/10:44:57,running-time,rs-001519-d6bj5,b344a55b-b85b-46e4-a539-6d4f19a276fc,3,1406.705534
2026/02/05/10:44:57,apply-time,rs-001519-h7rff,0a57a267-1591-4f26-8cc5-3e0020879892,3,1406.705534
2026/02/05/10:44:57,running-time,rs-001519-h7rff,0a57a267-1591-4f26-8cc5-3e0020879892,3,1406.705534
2026/02/05/10:44:57,apply-time,rs-001519-z6r2h,9db89eac-2af4-412d-9ba8-923d301862e0,3,1406.705534
2026/02/05/10:44:57,running-time,rs-001519-z6r2h,9db89eac-2af4-412d-9ba8-923d301862e0,3,1406.705534
2026/02/05/10:44:57,apply-time,rs-001520-dn727,b49c1ab2-6e4d-4f8b-9a41-865a6927e644,4,1406.705534
2026/02/05/10:44:57,running-time,rs-001520-dn727,b49c1ab2-6e4d-4f8b-9a41-865a6927e644,4,1406.705534
2026/02/05/10:44:57,apply-time,rs-001520-k8r72,0f893619-2360-4f82-9577-f83878b8e94d,4,1406.705534
2026/02/05/10:44:57,running-time,rs-001520-k8r72,0f893619-2360-4f82-9577-f83878b8e94d,4,1406.705534
2026/02/05/10:44:58,apply-time,rs-001521-d8974,8bc7b829-0cc4-46a6-9be0-f9e3284f0145,2,1406.705534
2026/02/05/10:44:58,apply-time,rs-001521-gnfv8,9144944a-43c8-440b-8ac6-248cbe583b5d,2,1406.705534
2026/02/05/10:44:58,apply-time,rs-001521-pl4b2,3988debd-36bc-43dc-8bd3-a8f4dea16af0,2,1406.705534
2026/02/05/10:45:09,apply-time,rs-001522-bmtf8,45e6787a-a0df-44e2-b577-6a292dcd0aa5,1,1417.705534
2026/02/05/10:45:09,running-time,rs-001522-bmtf8,45e6787a-a0df-44e2-b577-6a292dcd0aa5,1,1417.705534
2026/02/05/10:45:09,apply-time,rs-001522-d49bl,0e75d8e0-5c71-4bfc-b5e4-3f7898898e6d,1,1417.705534
2026/02/05/10:45:09,running-time,rs-001522-d49bl,0e75d8e0-5c71-4bfc-b5e4-3f7898898e6d,1,1417.705534
2026/02/05/10:45:09,apply-time,rs-001522-qqv89,3f8fa6d0-16e1-4a41-8bb6-4bb3c75512ff,1,1417.705534
2026/02/05/10:45:09,running-time,rs-001522-qqv89,3f8fa6d0-16e1-4a41-8bb6-4bb3c75512ff,1,1417.705534
2026/02/05/10:45:09,apply-time,rs-001523-8w8c2,08366537-ce3c-40ab-9935-005f658dff59,4,1417.705534
2026/02/05/10:45:09,running-time,rs-001523-8w8c2,08366537-ce3c-40ab-9935-005f658dff59,4,1417.705534
2026/02/05/10:45:09,apply-time,rs-001523-97w5q,bd711602-0d88-4b32-b957-80fbfb9defe9,4,1417.705534
2026/02/05/10:45:09,running-time,rs-001523-97w5q,bd711602-0d88-4b32-b957-80fbfb9defe9,4,1417.705534
2026/02/05/10:45:10,apply-time,rs-001524-wm7wv,2b335901-a414-4082-9bb9-a246a8954a74,2,1418.705534
2026/02/05/10:45:10,apply-time,rs-001525-t89gz,b0a814cf-3dd4-41b9-a412-836d95302ed7,1,1418.705534
2026/02/05/10:45:10,running-time,rs-001525-t89gz,b0a814cf-3dd4-41b9-a412-836d95302ed7,1,1418.705534
2026/02/05/10:45:10,apply-time,rs-001525-xrq64,11dc05c4-688d-4743-914b-a8de31407839,1,1418.705534
2026/02/05/10:45:10,running-time,rs-001525-xrq64,11dc05c4-688d-4743-914b-a8de31407839,1,1418.705534
2026/02/05/10:45:10,apply-time,rs-001526-4v5w7,ff0ee44d-47d8-49c7-ba0d-ad34ef9baefe,4,1418.705534
2026/02/05/10:45:10,running-time,rs-001526-4v5w7,ff0ee44d-47d8-49c7-ba0d-ad34ef9baefe,4,1418.705534
2026/02/05/10:45:10,apply-time,rs-001526-mcbh7,0db832a5-5f37-440d-9ab4-2bdad498cd78,4,1418.705534
2026/02/05/10:45:10,running-time,rs-001526-mcbh7,0db832a5-5f37-440d-9ab4-2bdad498cd78,4,1418.705534
2026/02/05/10:45:10,apply-time,rs-001527-48m5j,60e92e6e-ceab-4716-9329-8d2b10a1216a,1,1418.705534
2026/02/05/10:45:10,apply-time,rs-001527-pgr2h,de3bfcc1-2839-48db-abde-da2f26d3a7d5,1,1418.705534
2026/02/05/10:45:10,apply-time,rs-001527-w76s9,e0d12751-5a84-4105-8b30-810f89e89dd6,1,1418.705534
2026/02/05/10:45:10,apply-time,rs-001528-tlgxf,8041fe60-ea37-45a8-8c28-b3745068f276,2,1418.705534
2026/02/05/10:45:10,running-time,rs-001528-tlgxf,8041fe60-ea37-45a8-8c28-b3745068f276,2,1418.705534
2026/02/05/10:45:10,apply-time,rs-001528-ttbq8,ea012ffe-8f72-4410-8c93-53aa4ac32948,2,1418.705534
2026/02/05/10:45:10,running-time,rs-001528-ttbq8,ea012ffe-8f72-4410-8c93-53aa4ac32948,2,1418.705534
2026/02/05/10:45:10,apply-time,rs-001529-dq7p7,e627840e-6881-4aed-a384-633c2f1026ca,1,1419.705534
2026/02/05/10:45:10,running-time,rs-001529-dq7p7,e627840e-6881-4aed-a384-633c2f1026ca,1,1419.705534
2026/02/05/10:45:10,apply-time,rs-001529-qjg69,cec86206-0e52-4160-8e70-f85a0cd382d8,1,1419.705534
2026/02/05/10:45:10,running-time,rs-001529-qjg69,cec86206-0e52-4160-8e70-f85a0cd382d8,1,1419.705534
2026/02/05/10:45:10,apply-time,rs-001530-pbxd2,3c978992-b5f8-400c-902f-6a22932905eb,4,1419.705534
2026/02/05/10:45:10,apply-time,rs-001531-v2t7f,f1a363f4-c044-4bf0-8d69-6fea7a145e53,4,1419.705534
2026/02/05/10:45:10,running-time,rs-001531-v2t7f,f1a363f4-c044-4bf0-8d69-6fea7a145e53,4,1419.705534
2026/02/05/10:45:11,running-time,rs-001530-pbxd2,3c978992-b5f8-400c-902f-6a22932905eb,4,1419.705534
2026/02/05/10:45:11,apply-time,rs-001532-7p4cv,daf94434-c52c-48af-96aa-8d7c2d3f0923,2,1419.705534
2026/02/05/10:45:11,running-time,rs-001532-7p4cv,daf94434-c52c-48af-96aa-8d7c2d3f0923,2,1419.705534
2026/02/05/10:45:11,apply-time,rs-001532-d59k9,6bdbe1da-e625-474d-be96-754438f0aaa0,2,1419.705534
2026/02/05/10:45:11,running-time,rs-001532-d59k9,6bdbe1da-e625-474d-be96-754438f0aaa0,2,1419.705534
2026/02/05/10:45:11,apply-time,rs-001533-w9j7g,741acc1d-f7c2-452c-a6b0-f46cdf1a6d24,2,1419.705534
2026/02/05/10:45:11,running-time,rs-001533-w9j7g,741acc1d-f7c2-452c-a6b0-f46cdf1a6d24,2,1419.705534
2026/02/05/10:45:11,apply-time,rs-001533-xlfm2,c6f80e88-6b1f-45ce-9017-6b4bcc081d35,2,1420.705534
2026/02/05/10:45:11,running-time,rs-001533-xlfm2,c6f80e88-6b1f-45ce-9017-6b4bcc081d35,2,1420.705534
2026/02/05/10:45:11,apply-time,rs-001534-g6dvh,098f79dc-5873-4142-92f1-1c46a1c29a60,3,1419.705534
2026/02/05/10:45:11,apply-time,rs-001535-8ldvn,df96a7ef-fb19-453d-b2ae-ac3c66b2bfbc,2,1420.705534
2026/02/05/10:45:11,running-time,rs-001535-8ldvn,df96a7ef-fb19-453d-b2ae-ac3c66b2bfbc,2,1420.705534
2026/02/05/10:45:11,apply-time,rs-001535-9jfqk,dad3c501-d885-43a9-b1ab-1cfda65b56f5,2,1419.705534
2026/02/05/10:45:11,running-time,rs-001535-9jfqk,dad3c501-d885-43a9-b1ab-1cfda65b56f5,2,1419.705534
2026/02/05/10:45:11,apply-time,rs-001535-ttk8r,e6b28cbc-a061-4ca2-92a5-311f0d621a08,2,1420.705534
2026/02/05/10:45:11,running-time,rs-001535-ttk8r,e6b28cbc-a061-4ca2-92a5-311f0d621a08,2,1420.705534
2026/02/05/10:45:11,apply-time,rs-001536-gk6w6,f3ab6716-cf2f-4c19-af59-2dbde3b63e2e,2,1419.705534
2026/02/05/10:45:11,running-time,rs-001536-gk6w6,f3ab6716-cf2f-4c19-af59-2dbde3b63e2e,2,1419.705534
2026/02/05/10:45:11,apply-time,rs-001536-jw67k,dabf2a10-01c1-43dc-95b5-3902d4624d6f,2,1420.705534
2026/02/05/10:45:11,running-time,rs-001536-jw67k,dabf2a10-01c1-43dc-95b5-3902d4624d6f,2,1420.705534
2026/02/05/10:45:12,apply-time,rs-001537-wvrt2,fad23376-8fdc-4f80-931d-054d3762d409,3,1420.705534
2026/02/05/10:45:12,running-time,rs-001537-wvrt2,fad23376-8fdc-4f80-931d-054d3762d409,3,1420.705534
2026/02/05/10:45:24,apply-time,rs-001538-5d5fm,62b9719e-e0ed-45f0-bd11-a96a12eaf25a,3,1432.705534
2026/02/05/10:45:24,running-time,rs-001538-5d5fm,62b9719e-e0ed-45f0-bd11-a96a12eaf25a,3,1432.705534
2026/02/05/10:45:24,apply-time,rs-001538-696t8,40d86b55-fa68-4b28-ac3f-8b4d6dfd7e59,3,1432.705534
2026/02/05/10:45:24,running-time,rs-001538-696t8,40d86b55-fa68-4b28-ac3f-8b4d6dfd7e59,3,1432.705534
2026/02/05/10:45:24,apply-time,rs-001538-9tdbd,46aca12e-8d2f-49dc-95aa-6ce834292a64,3,1432.705534
2026/02/05/10:45:24,running-time,rs-001538-9tdbd,46aca12e-8d2f-49dc-95aa-6ce834292a64,3,1432.705534
2026/02/05/10:45:24,apply-time,rs-001539-prm9j,130e9ca4-9f9b-4d2a-9cbd-7dd2ec96dcb0,1,1433.705534
2026/02/05/10:45:24,running-time,rs-001539-prm9j,130e9ca4-9f9b-4d2a-9cbd-7dd2ec96dcb0,1,1433.705534
2026/02/05/10:45:24,apply-time,rs-001539-ps8wj,2e384baf-f0b9-4995-be73-48052b49588a,1,1433.705534
2026/02/05/10:45:24,running-time,rs-001539-ps8wj,2e384baf-f0b9-4995-be73-48052b49588a,1,1433.705534
2026/02/05/10:45:24,apply-time,rs-001540-6mcht,19cb91cc-24a4-4701-bcdf-4571331f57e5,2,1433.705534
2026/02/05/10:45:24,running-time,rs-001540-6mcht,19cb91cc-24a4-4701-bcdf-4571331f57e5,2,1433.705534
2026/02/05/10:45:24,apply-time,rs-001541-nggcn,d13f0c7c-897d-47b7-afd1-b896daef99eb,2,1433.705534
2026/02/05/10:45:24,apply-time,rs-001542-5lg5g,732ab32b-5fd9-4500-93a8-1dea8adf7f30,3,1433.705534
2026/02/05/10:45:24,apply-time,rs-001542-dhtn8,c2be7adb-839f-460e-ac0a-2a1c5c82ab22,3,1433.705534
2026/02/05/10:45:25,running-time,rs-001541-nggcn,d13f0c7c-897d-47b7-afd1-b896daef99eb,2,1433.705534
2026/02/05/10:45:25,running-time,rs-001542-5lg5g,732ab32b-5fd9-4500-93a8-1dea8adf7f30,3,1433.705534
2026/02/05/10:45:25,running-time,rs-001542-dhtn8,c2be7adb-839f-460e-ac0a-2a1c5c82ab22,3,1433.705534
2026/02/05/10:45:27,apply-time,rs-001543-gb9rl,6a2aa69b-1ac8-4949-bad4-eec93a6fa79c,2,1436.705534
2026/02/05/10:45:27,running-time,rs-001543-gb9rl,6a2aa69b-1ac8-4949-bad4-eec93a6fa79c,2,1436.705534
2026/02/05/10:45:27,apply-time,rs-001544-ld9dd,df0f3d3b-b44d-4540-b3f0-19c3cd589d35,1,1435.705534
2026/02/05/10:45:27,apply-time,rs-001544-v4c2c,9c614a59-5b0d-444d-956e-802fdefcf59a,1,1435.705534
2026/02/05/10:45:27,running-time,rs-001544-v4c2c,9c614a59-5b0d-444d-956e-802fdefcf59a,1,1436.705534
2026/02/05/10:45:27,apply-time,rs-001545-29ms9,6e905b8a-186a-43f0-abee-249418c0e158,1,1435.705534
2026/02/05/10:45:27,running-time,rs-001545-29ms9,6e905b8a-186a-43f0-abee-249418c0e158,1,1436.705534
2026/02/05/10:45:27,apply-time,rs-001545-fflqn,f9331064-3cbf-40da-a15c-4a8e93fa9d6a,1,1435.705534
2026/02/05/10:45:27,running-time,rs-001545-fflqn,f9331064-3cbf-40da-a15c-4a8e93fa9d6a,1,1436.705534
2026/02/05/10:45:27,apply-time,rs-001546-bdp6d,18bee82e-6035-463e-a56b-6284f66e444a,1,1435.705534
2026/02/05/10:45:27,running-time,rs-001546-bdp6d,18bee82e-6035-463e-a56b-6284f66e444a,1,1436.705534
2026/02/05/10:45:27,apply-time,rs-001546-g6frv,a0c58805-a5ab-4ec8-a2f9-263969497806,1,1435.705534
2026/02/05/10:45:27,running-time,rs-001546-g6frv,a0c58805-a5ab-4ec8-a2f9-263969497806,1,1436.705534
2026/02/05/10:45:27,apply-time,rs-001547-bnl9s,bde57f7b-8f23-4c25-a649-548618ac76ac,2,1436.705534
2026/02/05/10:45:27,apply-time,rs-001547-qbqtx,e04d1ba8-2a89-4286-ba7a-61230a669353,2,1436.705534
2026/02/05/10:45:27,apply-time,rs-001547-wv6qj,e4fc7f02-b5fc-4d33-9390-00ab64eda5e4,2,1436.705534
2026/02/05/10:45:28,apply-time,rs-001548-dtd84,48de8786-2550-4cee-842a-f66f282f332c,1,1436.705534
2026/02/05/10:45:28,running-time,rs-001548-dtd84,48de8786-2550-4cee-842a-f66f282f332c,1,1436.705534
2026/02/05/10:45:28,apply-time,rs-001549-5jszn,a76975a2-1144-401c-be1a-15421f5e25fa,2,1436.705534
2026/02/05/10:45:28,apply-time,rs-001549-nsjcd,7819ce5f-09b2-4203-9443-6e157918a202,2,1436.705534
2026/02/05/10:45:28,apply-time,rs-001549-sq8ws,26685f7b-d3a3-4eb6-94aa-3679ff9fbcec,2,1436.705534
2026/02/05/10:45:28,running-time,rs-001549-sq8ws,26685f7b-d3a3-4eb6-94aa-3679ff9fbcec,2,1436.705534
2026/02/05/10:45:28,apply-time,rs-001551-v4c2l,5b867b54-94cb-42de-9a41-c31a07488db0,4,1437.705534
2026/02/05/10:45:29,apply-time,rs-001550-4sr44,f246431b-14a3-40f4-9bc2-cde911cebda4,4,1437.705534
2026/02/05/10:45:29,apply-time,rs-001550-g5cvn,61175afe-ce9f-4536-89f4-64dce7387aa1,4,1437.705534
2026/02/05/10:45:29,apply-time,rs-001550-gpwk2,4118c355-73de-44cf-81ec-b17fa3c61dc0,4,1437.705534
2026/02/05/10:45:29,running-time,rs-001550-gpwk2,4118c355-73de-44cf-81ec-b17fa3c61dc0,4,1438.705534
2026/02/05/10:45:29,running-time,rs-001551-v4c2l,5b867b54-94cb-42de-9a41-c31a07488db0,4,1437.705534
2026/02/05/10:45:29,apply-time,rs-001552-tf97p,412c4af2-c833-4ec8-9174-d1d7ca67d9d9,2,1437.705534
2026/02/05/10:45:29,running-time,rs-001552-tf97p,412c4af2-c833-4ec8-9174-d1d7ca67d9d9,2,1437.705534
2026/02/05/10:45:29,apply-time,rs-001554-rlgkb,764377ec-0eae-4d58-9bdb-becd68e2db61,3,1438.705534
2026/02/05/10:45:30,running-time,rs-001549-5jszn,a76975a2-1144-401c-be1a-15421f5e25fa,2,1438.705534
2026/02/05/10:45:30,running-time,rs-001549-nsjcd,7819ce5f-09b2-4203-9443-6e157918a202,2,1438.705534
2026/02/05/10:45:30,apply-time,rs-001553-b24vd,9a17e55b-ebc1-4ed2-83ca-e97865d91bee,1,1438.705534
2026/02/05/10:45:30,running-time,rs-001553-b24vd,9a17e55b-ebc1-4ed2-83ca-e97865d91bee,1,1438.705534
2026/02/05/10:45:30,apply-time,rs-001553-xg7l2,1feb29fb-a472-47e6-9bfc-bb8e04d1af18,1,1438.705534
2026/02/05/10:45:30,running-time,rs-001553-xg7l2,1feb29fb-a472-47e6-9bfc-bb8e04d1af18,1,1438.705534
2026/02/05/10:45:31,apply-time,rs-001555-6hjv4,0b1f55cc-491b-44bd-ae38-ed01391f3985,4,1439.705534
2026/02/05/10:45:31,running-time,rs-001555-6hjv4,0b1f55cc-491b-44bd-ae38-ed01391f3985,4,1439.705534
2026/02/05/10:45:31,apply-time,rs-001555-t6chn,9884e7fd-137f-45ee-9712-b517a315f8f0,4,1439.705534
2026/02/05/10:45:31,running-time,rs-001555-t6chn,9884e7fd-137f-45ee-9712-b517a315f8f0,4,1439.705534
2026/02/05/10:45:31,apply-time,rs-001556-9bfxk,c6d23552-1e38-42c2-95f1-625d55750444,4,1439.705534
2026/02/05/10:45:32,apply-time,rs-001557-64q2v,4975ba25-42e2-4ed8-a797-b4e783338328,3,1441.705534
2026/02/05/10:45:32,running-time,rs-001557-64q2v,4975ba25-42e2-4ed8-a797-b4e783338328,3,1441.705534
2026/02/05/10:45:32,apply-time,rs-001557-hpxqs,effe9ca0-f926-4e63-a5f8-782ad5c82073,3,1441.705534
2026/02/05/10:45:32,running-time,rs-001557-hpxqs,effe9ca0-f926-4e63-a5f8-782ad5c82073,3,1441.705534
2026/02/05/10:45:32,apply-time,rs-001557-prwf4,548310f9-42c4-4143-a138-24a9c809174c,3,1441.705534
2026/02/05/10:45:32,apply-time,rs-001558-bkjwm,8582d586-e5ed-4635-b833-76f1bed71ca6,1,1441.705534
2026/02/05/10:45:32,running-time,rs-001558-bkjwm,8582d586-e5ed-4635-b833-76f1bed71ca6,1,1441.705534
2026/02/05/10:45:32,apply-time,rs-001558-p4wbr,abe6fcca-b0a8-417c-b472-f080e042a272,1,1441.705534
2026/02/05/10:45:32,running-time,rs-001558-p4wbr,abe6fcca-b0a8-417c-b472-f080e042a272,1,1441.705534
2026/02/05/10:45:32,apply-time,rs-001559-c57mr,7ae7d9fb-47cc-459e-9672-cfadecf783cf,4,1441.705534
2026/02/05/10:45:32,apply-time,rs-001559-d5jsd,b3ac9f9e-1f18-4f49-b47c-98de648ade0f,4,1441.705534
2026/02/05/10:45:32,apply-time,rs-001559-hrjrf,52d7d92c-ed75-4985-92ba-9fd314cb0502,4,1441.705534
2026/02/05/10:45:32,apply-time,rs-001560-xvzcc,37278060-10a7-47cf-9da1-7be541ce5145,4,1441.705534
2026/02/05/10:45:33,apply-time,rs-001560-8kmlj,a4bb1b9d-57f9-4a0d-ac1c-cd3c8029a988,4,1441.705534
2026/02/05/10:45:33,running-time,rs-001560-8kmlj,a4bb1b9d-57f9-4a0d-ac1c-cd3c8029a988,4,1441.705534
2026/02/05/10:45:33,running-time,rs-001560-xvzcc,37278060-10a7-47cf-9da1-7be541ce5145,4,1441.705534
2026/02/05/10:45:34,running-time,rs-001559-d5jsd,b3ac9f9e-1f18-4f49-b47c-98de648ade0f,4,1442.705534
2026/02/05/10:45:38,apply-time,rs-001561-bks7z,0670cbe1-578f-4311-b71c-a77079eed9f4,2,1447.705534
2026/02/05/10:45:38,running-time,rs-001561-bks7z,0670cbe1-578f-4311-b71c-a77079eed9f4,2,1447.705534
2026/02/05/10:45:38,apply-time,rs-001562-f86m8,fc8912a0-4f59-4935-80f9-e1910746e41d,4,1447.705534
2026/02/05/10:45:38,running-time,rs-001562-f86m8,fc8912a0-4f59-4935-80f9-e1910746e41d,4,1447.705534
2026/02/05/10:45:38,apply-time,rs-001563-25hqm,17fa4608-c83f-4144-842d-8b8391c4e818,1,1447.705534
2026/02/05/10:45:38,running-time,rs-001563-25hqm,17fa4608-c83f-4144-842d-8b8391c4e818,1,1447.705534
2026/02/05/10:45:38,apply-time,rs-001563-rvpxf,bee8e955-35d7-4af5-97f0-039b15ee5041,1,1447.705534
2026/02/05/10:45:38,running-time,rs-001563-rvpxf,bee8e955-35d7-4af5-97f0-039b15ee5041,1,1447.705534
2026/02/05/10:45:39,apply-time,rs-001564-ncwfz,fdd78557-9580-4454-b48a-294d6ba5d207,1,1447.705534
2026/02/05/10:45:39,running-time,rs-001564-ncwfz,fdd78557-9580-4454-b48a-294d6ba5d207,1,1447.705534
2026/02/05/10:45:42,running-time,rs-001554-rlgkb,764377ec-0eae-4d58-9bdb-becd68e2db61,3,1450.705534
2026/02/05/10:45:43,apply-time,rs-001565-hjdsj,e5100adb-dd24-45ca-9fe7-59b161866dc0,2,1452.705534
2026/02/05/10:45:43,running-time,rs-001565-hjdsj,e5100adb-dd24-45ca-9fe7-59b161866dc0,2,1452.705534
2026/02/05/10:45:43,apply-time,rs-001566-wxjzp,5aad9b35-bb03-44a9-96cb-26d639dcac11,4,1452.705534
2026/02/05/10:45:43,apply-time,rs-001567-5rfct,18eada4a-8af2-4e85-ab2d-9366bcd09821,3,1452.705534
2026/02/05/10:45:43,running-time,rs-001567-5rfct,18eada4a-8af2-4e85-ab2d-9366bcd09821,3,1452.705534
2026/02/05/10:45:43,apply-time,rs-001568-nkld8,182c6735-d1ad-4345-9322-a851b997e140,2,1452.705534
2026/02/05/10:45:43,running-time,rs-001568-nkld8,182c6735-d1ad-4345-9322-a851b997e140,2,1452.705534
2026/02/05/10:45:44,apply-time,rs-001569-gpql4,c6634647-8f65-4ae2-b1a8-df744161c313,1,1452.705534
2026/02/05/10:45:44,apply-time,rs-001570-5gj6r,361fb6d9-d14b-4338-9af1-4b3ecf48a313,1,1452.705534
2026/02/05/10:45:44,running-time,rs-001570-5gj6r,361fb6d9-d14b-4338-9af1-4b3ecf48a313,1,1452.705534
2026/02/05/10:45:44,apply-time,rs-001571-lln8v,972e60b4-7b21-40bd-897f-9bde6845883a,2,1452.705534
2026/02/05/10:45:44,running-time,rs-001571-lln8v,972e60b4-7b21-40bd-897f-9bde6845883a,2,1452.705534
2026/02/05/10:45:44,apply-time,rs-001572-hvltx,39aef4e6-5f20-438d-ad96-5a77cdc0228c,2,1452.705534
2026/02/05/10:45:44,running-time,rs-001572-hvltx,39aef4e6-5f20-438d-ad96-5a77cdc0228c,2,1452.705534
2026/02/05/10:45:44,apply-time,rs-001572-vtbkn,0df24f5f-08d5-426c-8a26-ed017bc4d195,2,1452.705534
2026/02/05/10:45:44,running-time,rs-001572-vtbkn,0df24f5f-08d5-426c-8a26-ed017bc4d195,2,1452.705534
2026/02/05/10:45:44,apply-time,rs-001573-spr4t,d39e5b98-c832-46a0-a39e-1cf9b37b4165,3,1452.705534
2026/02/05/10:45:44,running-time,rs-001573-spr4t,d39e5b98-c832-46a0-a39e-1cf9b37b4165,3,1452.705534
2026/02/05/10:45:44,apply-time,rs-001573-z29hm,5efb2348-cd28-4e36-aa34-af57be50b684,3,1453.705534
2026/02/05/10:45:45,apply-time,rs-001574-9w7vs,245afed2-a8ad-45a7-93b3-570fe88e80fb,1,1453.705534
2026/02/05/10:45:45,running-time,rs-001574-9w7vs,245afed2-a8ad-45a7-93b3-570fe88e80fb,1,1453.705534
2026/02/05/10:45:45,apply-time,rs-001574-zq2kj,8dcbfce0-6a2f-4596-b1bd-0459ed5901ec,1,1453.705534
2026/02/05/10:45:45,running-time,rs-001574-zq2kj,8dcbfce0-6a2f-4596-b1bd-0459ed5901ec,1,1453.705534
2026/02/05/10:45:45,apply-time,rs-001575-w89xn,890cf5a4-ca3d-46de-8ce4-a0c4c91ca921,4,1453.705534
2026/02/05/10:45:45,apply-time,rs-001575-xx6qw,2eef1b45-4502-4743-a7f0-ec800fbc9b28,4,1453.705534
2026/02/05/10:45:45,running-time,rs-001575-xx6qw,2eef1b45-4502-4743-a7f0-ec800fbc9b28,4,1453.705534
2026/02/05/10:45:46,running-time,rs-001566-wxjzp,5aad9b35-bb03-44a9-96cb-26d639dcac11,4,1454.705534
2026/02/05/10:45:46,running-time,rs-001575-w89xn,890cf5a4-ca3d-46de-8ce4-a0c4c91ca921,4,1454.705534
2026/02/05/10:45:49,apply-time,rs-001576-hcftj,3cbc55ff-76c7-462e-b582-4000be3af697,1,1457.705534
2026/02/05/10:45:49,running-time,rs-001576-hcftj,3cbc55ff-76c7-462e-b582-4000be3af697,1,1457.705534
2026/02/05/10:45:49,apply-time,rs-001576-p8nlt,a4746688-bc52-4868-87f1-0ebbfc953526,1,1457.705534
2026/02/05/10:45:49,running-time,rs-001576-p8nlt,a4746688-bc52-4868-87f1-0ebbfc953526,1,1457.705534
2026/02/05/10:45:49,apply-time,rs-001577-7brhq,51936c20-be2f-410f-94bd-79275efeddd4,2,1457.705534
2026/02/05/10:45:49,apply-time,rs-001577-flvh7,95fe95f0-41ea-437f-93a6-68c5558b0417,2,1457.705534
2026/02/05/10:45:49,apply-time,rs-001577-fxdpt,26b60073-36e0-404f-8eb7-5b0134a3d177,2,1457.705534
2026/02/05/10:45:49,apply-time,rs-001578-8c7j7,546815b7-5344-4e25-980f-a1fd9d9531dd,1,1457.705534
2026/02/05/10:45:49,running-time,rs-001578-8c7j7,546815b7-5344-4e25-980f-a1fd9d9531dd,1,1457.705534
2026/02/05/10:45:49,apply-time,rs-001579-gn8dv,a40018ec-be99-4a75-bb58-c1718ebf5f0a,3,1457.705534
2026/02/05/10:45:49,running-time,rs-001579-gn8dv,a40018ec-be99-4a75-bb58-c1718ebf5f0a,3,1458.705534
2026/02/05/10:45:49,apply-time,rs-001579-jsk8k,fc19f649-569a-418f-bf7e-1d3adaac4809,3,1457.705534
2026/02/05/10:45:49,apply-time,rs-001579-mmkvk,da9cf0fe-8110-47a0-a43f-a12f1a6d93f2,3,1457.705534
2026/02/05/10:45:51,running-time,rs-001579-jsk8k,fc19f649-569a-418f-bf7e-1d3adaac4809,3,1459.705534
2026/02/05/10:45:51,running-time,rs-001579-mmkvk,da9cf0fe-8110-47a0-a43f-a12f1a6d93f2,3,1459.705534
2026/02/05/10:45:53,apply-time,rs-001580-g8xqt,54a65b43-694f-4425-bba3-5b059796eae0,1,1461.705534
2026/02/05/10:45:53,apply-time,rs-001580-xh5l8,8137b228-396e-4b36-8c8e-a4244cbb29ad,1,1461.705534
2026/02/05/10:45:53,apply-time,rs-001581-4d2qg,e9b2e800-2cd0-4d03-88fc-0d8485b236da,1,1462.705534
2026/02/05/10:45:53,apply-time,rs-001581-cfz54,81cd940c-6e88-47d4-ab14-8fb3cf68d258,1,1462.705534
2026/02/05/10:45:53,apply-time,rs-001581-hsvss,aeb015fb-bead-4c42-b9cb-440fb71f73f0,1,1462.705534
2026/02/05/10:45:53,apply-time,rs-001582-7crkc,7304d29c-284d-4f10-be64-637ffeaf20cc,1,1462.705534
2026/02/05/10:45:53,running-time,rs-001582-7crkc,7304d29c-284d-4f10-be64-637ffeaf20cc,1,1462.705534
2026/02/05/10:45:53,apply-time,rs-001583-g96t7,3df4f112-f98d-4596-8e60-38663187552a,3,1462.705534
2026/02/05/10:45:53,apply-time,rs-001584-xp559,e15e7f28-f4c9-4eab-951a-b2c20a6c153a,4,1462.705534
2026/02/05/10:45:53,apply-time,rs-001585-bksnr,df823df5-1a4e-4adf-8741-23b6033be31c,3,1462.705534
2026/02/05/10:45:53,apply-time,rs-001585-f7kv9,90ff9657-31d1-48c5-ada3-4a63184be53d,3,1462.705534
2026/02/05/10:45:53,apply-time,rs-001586-pnc6p,2ccdde8d-324e-493a-907d-de0830b5eadd,3,1462.705534
2026/02/05/10:45:53,running-time,rs-001586-pnc6p,2ccdde8d-324e-493a-907d-de0830b5eadd,3,1462.705534
2026/02/05/10:45:54,apply-time,rs-001587-5qlrc,f5c83116-6f9e-4676-8807-06a5ab544855,2,1462.705534
2026/02/05/10:45:54,apply-time,rs-001588-2pg8s,b95b8965-4795-48f4-b917-532cacfc9b9b,4,1462.705534
2026/02/05/10:45:54,running-time,rs-001588-2pg8s,b95b8965-4795-48f4-b917-532cacfc9b9b,4,1462.705534
2026/02/05/10:45:54,apply-time,rs-001588-9ffpv,0bec65cf-71e0-4181-9779-2b394f6fae45,4,1462.705534
2026/02/05/10:45:54,running-time,rs-001588-9ffpv,0bec65cf-71e0-4181-9779-2b394f6fae45,4,1462.705534
2026/02/05/10:45:54,apply-time,rs-001588-fnc4p,3dc2d136-5527-4865-886f-dc3955b04fa4,4,1462.705534
2026/02/05/10:45:54,running-time,rs-001588-fnc4p,3dc2d136-5527-4865-886f-dc3955b04fa4,4,1462.705534
2026/02/05/10:45:54,apply-time,rs-001589-dpmd2,02505cea-c3c0-4206-999f-e25993b7bdce,3,1462.705534
2026/02/05/10:45:54,running-time,rs-001589-dpmd2,02505cea-c3c0-4206-999f-e25993b7bdce,3,1462.705534
2026/02/05/10:45:54,apply-time,rs-001589-mkz5w,c158e30e-f6b7-40d1-a34d-d32e00c81718,3,1463.705534
2026/02/05/10:45:54,apply-time,rs-001591-22szc,ad603959-6d20-42dd-b69b-95ac000c6e6c,4,1463.705534
2026/02/05/10:45:54,running-time,rs-001591-22szc,ad603959-6d20-42dd-b69b-95ac000c6e6c,4,1463.705534
2026/02/05/10:45:54,apply-time,rs-001591-fwk4b,645ef80f-1a34-4592-8047-3f409ff5cb93,4,1463.705534
2026/02/05/10:45:54,apply-time,rs-001593-qgm58,af07cb7f-1114-4568-8670-4993fcb2a085,4,1463.705534
2026/02/05/10:45:55,running-time,rs-001580-xh5l8,8137b228-396e-4b36-8c8e-a4244cbb29ad,1,1463.705534
2026/02/05/10:45:55,apply-time,rs-001590-v6nwf,9ace21e9-8404-493b-8052-b3245744ecad,2,1463.705534
2026/02/05/10:45:55,apply-time,rs-001590-wxsqg,bb1ecf46-2b75-4acf-9cfb-59f0b666660e,2,1463.705534
2026/02/05/10:45:55,apply-time,rs-001590-zhxns,d7af3752-46b1-4e71-aee1-244f4fc57da9,2,1463.705534
2026/02/05/10:45:55,apply-time,rs-001592-9f58p,b4cdbd11-5d35-4929-a146-310f96765bd3,1,1463.705534
2026/02/05/10:45:55,apply-time,rs-001593-g48qq,ea99b2c6-f521-4931-aa3e-b1929cb08f2c,4,1463.705534
2026/02/05/10:45:55,apply-time,rs-001594-b24s7,510fdf1d-553f-458c-ab55-7eff5c0dbdcf,4,1463.705534
2026/02/05/10:45:55,running-time,rs-001594-b24s7,510fdf1d-553f-458c-ab55-7eff5c0dbdcf,4,1463.705534
2026/02/05/10:45:55,apply-time,rs-001594-j5dwj,2208dcf6-fd90-42c0-9543-9e884bb48200,4,1463.705534
2026/02/05/10:45:55,running-time,rs-001594-j5dwj,2208dcf6-fd90-42c0-9543-9e884bb48200,4,1463.705534
2026/02/05/10:45:56,running-time,rs-001590-v6nwf,9ace21e9-8404-493b-8052-b3245744ecad,2,1464.705534
2026/02/05/10:45:57,running-time,rs-001584-xp559,e15e7f28-f4c9-4eab-951a-b2c20a6c153a,4,1465.705534
2026/02/05/10:45:57,running-time,rs-001591-fwk4b,645ef80f-1a34-4592-8047-3f409ff5cb93,4,1465.705534
2026/02/05/10:45:57,running-time,rs-001592-9f58p,b4cdbd11-5d35-4929-a146-310f96765bd3,1,1466.705534
2026/02/05/10:45:58,apply-time,rs-001595-w6b2l,99c7414a-ce9d-41ce-8157-bea05fbe3f6e,3,1466.705534
2026/02/05/10:45:58,apply-time,rs-001596-ntvx2,6bd3ce95-f61a-4617-a590-5738a426af9d,3,1466.705534
2026/02/05/10:45:58,apply-time,rs-001597-v4zjt,7a5d7bc0-9250-48cf-8aca-e6686c7fec1c,4,1466.705534
2026/02/05/10:45:58,apply-time,rs-001597-x8q7d,67080c9d-5bfb-4025-89a5-14daaeab61af,4,1466.705534
2026/02/05/10:45:58,apply-time,rs-001598-5nz2b,8ba9e567-86bc-4078-aa70-be841ecd87ef,2,1466.705534
2026/02/05/10:45:58,apply-time,rs-001598-79wd4,07809dc8-b24e-49e0-9ffb-14455aeea489,2,1466.705534
2026/02/05/10:45:58,apply-time,rs-001598-tsn5w,2c5f7b49-954c-4d93-9538-4a4b24aad957,2,1466.705534
2026/02/05/10:45:58,running-time,rs-001598-tsn5w,2c5f7b49-954c-4d93-9538-4a4b24aad957,2,1467.705534
2026/02/05/10:45:58,apply-time,rs-001599-f7bt9,dd74658f-e0b8-43ee-b76b-7aaf60eb68bf,2,1466.705534
2026/02/05/10:45:58,apply-time,rs-001600-jsk4w,9c4af953-298e-4b00-9beb-a0a393a16f59,2,1467.705534
2026/02/05/10:45:58,running-time,rs-001600-jsk4w,9c4af953-298e-4b00-9beb-a0a393a16f59,2,1467.705534
2026/02/05/10:45:58,apply-time,rs-001600-q76dl,4df1f506-a4a2-4365-81b7-cd50ee0c9bf8,2,1467.705534
2026/02/05/10:45:58,running-time,rs-001600-q76dl,4df1f506-a4a2-4365-81b7-cd50ee0c9bf8,2,1467.705534
2026/02/05/10:45:58,apply-time,rs-001600-qbv8z,6224695c-b9d2-47bf-9c02-20cd86a290e9,2,1467.705534
2026/02/05/10:45:58,running-time,rs-001600-qbv8z,6224695c-b9d2-47bf-9c02-20cd86a290e9,2,1467.705534
2026/02/05/10:45:58,apply-time,rs-001602-7286f,c4e1e80d-8a9d-4ace-ab0d-357c7511def9,2,1467.705534
2026/02/05/10:45:59,running-time,rs-001597-x8q7d,67080c9d-5bfb-4025-89a5-14daaeab61af,4,1467.705534
2026/02/05/10:45:59,running-time,rs-001599-f7bt9,dd74658f-e0b8-43ee-b76b-7aaf60eb68bf,2,1467.705534
2026/02/05/10:45:59,apply-time,rs-001601-8vf87,d2ffb945-2208-496f-b664-ea373fa2836e,4,1467.705534
2026/02/05/10:45:59,running-time,rs-001601-8vf87,d2ffb945-2208-496f-b664-ea373fa2836e,4,1468.705534
2026/02/05/10:45:59,apply-time,rs-001601-d86jv,e7ff20a5-acb6-4bef-bb2b-b8d80f03c28c,4,1467.705534
2026/02/05/10:45:59,running-time,rs-001601-d86jv,e7ff20a5-acb6-4bef-bb2b-b8d80f03c28c,4,1467.705534
2026/02/05/10:45:59,apply-time,rs-001601-kbtmr,15b92095-951e-4795-a976-6e47c9ff9183,4,1467.705534
2026/02/05/10:45:59,running-time,rs-001601-kbtmr,15b92095-951e-4795-a976-6e47c9ff9183,4,1468.705534
2026/02/05/10:45:59,running-time,rs-001602-7286f,c4e1e80d-8a9d-4ace-ab0d-357c7511def9,2,1467.705534
2026/02/05/10:45:59,apply-time,rs-001603-f58rl,e6ab492f-7d6f-42cd-bd85-c3756bf1861d,1,1467.705534
2026/02/05/10:45:59,running-time,rs-001603-f58rl,e6ab492f-7d6f-42cd-bd85-c3756bf1861d,1,1468.705534
2026/02/05/10:45:59,apply-time,rs-001603-g7s5g,8aaf3609-0483-4c2d-a7ed-2cf0697b7321,1,1467.705534
2026/02/05/10:45:59,running-time,rs-001603-g7s5g,8aaf3609-0483-4c2d-a7ed-2cf0697b7321,1,1468.705534
2026/02/05/10:45:59,apply-time,rs-001604-sz8ks,cae769ed-3e06-4669-a7a4-8511ef893e10,3,1468.705534
2026/02/05/10:46:00,apply-time,rs-001604-hj4nf,764f9a64-7cf4-48df-be00-5ed4f95d0cd6,3,1468.705534
2026/02/05/10:46:00,apply-time,rs-001604-p92n8,188a850c-27e0-4733-8d5f-ef2eb21c352e,3,1468.705534
2026/02/05/10:46:01,running-time,rs-001598-79wd4,07809dc8-b24e-49e0-9ffb-14455aeea489,2,1469.705534
2026/02/05/10:46:02,running-time,rs-001597-v4zjt,7a5d7bc0-9250-48cf-8aca-e6686c7fec1c,4,1471.705534
2026/02/05/10:46:03,running-time,rs-001593-g48qq,ea99b2c6-f521-4931-aa3e-b1929cb08f2c,4,1471.705534
2026/02/05/10:46:03,running-time,rs-001593-qgm58,af07cb7f-1114-4568-8670-4993fcb2a085,4,1471.705534
2026/02/05/10:46:13,apply-time,rs-001605-9b7ln,5603080b-dd2a-4429-83b1-54bbb467ebfa,3,1482.705534
2026/02/05/10:46:13,apply-time,rs-001606-fc2n6,4472e375-df05-43c6-b3a1-f0cd6ae06d81,2,1482.705534
2026/02/05/10:46:13,running-time,rs-001606-fc2n6,4472e375-df05-43c6-b3a1-f0cd6ae06d81,2,1482.705534
2026/02/05/10:46:13,apply-time,rs-001606-jp95n,2be2add9-907a-46ec-a6a8-354ad46c78dc,2,1482.705534
2026/02/05/10:46:14,running-time,rs-001606-jp95n,2be2add9-907a-46ec-a6a8-354ad46c78dc,2,1482.705534
2026/02/05/10:46:14,apply-time,rs-001607-rdhqh,9fe65860-e99e-49c1-aaf2-bdccae1aa44e,2,1482.705534
2026/02/05/10:46:14,running-time,rs-001607-rdhqh,9fe65860-e99e-49c1-aaf2-bdccae1aa44e,2,1482.705534
2026/02/05/10:46:14,apply-time,rs-001608-zl2d4,89da295c-6db7-48f1-a246-1a1b3a186cfd,3,1482.705534
2026/02/05/10:46:14,running-time,rs-001608-zl2d4,89da295c-6db7-48f1-a246-1a1b3a186cfd,3,1482.705534
2026/02/05/10:46:14,apply-time,rs-001609-4jwj2,dc31f864-4fd0-4f46-a092-405fc6cee03a,1,1482.705534
2026/02/05/10:46:14,running-time,rs-001609-4jwj2,dc31f864-4fd0-4f46-a092-405fc6cee03a,1,1482.705534
2026/02/05/10:46:14,apply-time,rs-001609-hb5cd,7f689b50-506d-494b-9b77-d2023c45c95d,1,1482.705534
2026/02/05/10:46:14,running-time,rs-001609-hb5cd,7f689b50-506d-494b-9b77-d2023c45c95d,1,1482.705534
2026/02/05/10:46:14,apply-time,rs-001609-kkvvq,fcad3c9f-fc6b-493d-87b3-ce6bd8723930,1,1482.705534
2026/02/05/10:46:15,apply-time,rs-001610-28hwp,54c1fee2-4810-402d-96f6-5dc825a0186c,3,1483.705534
2026/02/05/10:46:15,running-time,rs-001610-28hwp,54c1fee2-4810-402d-96f6-5dc825a0186c,3,1483.705534
2026/02/05/10:46:15,apply-time,rs-001610-grqgv,87d57077-f0b9-4a45-8ca3-ff897cac7b24,3,1483.705534
2026/02/05/10:46:15,running-time,rs-001610-grqgv,87d57077-f0b9-4a45-8ca3-ff897cac7b24,3,1483.705534
2026/02/05/10:46:15,apply-time,rs-001610-mqxhg,658d1e76-6611-4928-949a-d88966623c23,3,1483.705534
2026/02/05/10:46:15,running-time,rs-001610-mqxhg,658d1e76-6611-4928-949a-d88966623c23,3,1483.705534
2026/02/05/10:46:15,apply-time,rs-001611-qqtrw,7af61487-21b1-4795-80f1-b1e03f9c7fbc,1,1483.705534
2026/02/05/10:46:15,running-time,rs-001611-qqtrw,7af61487-21b1-4795-80f1-b1e03f9c7fbc,1,1483.705534
2026/02/05/10:46:17,apply-time,rs-001612-hq224,8f00d611-ab32-4665-9921-822b5cdfe324,1,1486.705534
2026/02/05/10:46:17,running-time,rs-001612-hq224,8f00d611-ab32-4665-9921-822b5cdfe324,1,1486.705534
2026/02/05/10:46:17,apply-time,rs-001612-lj7h4,2ae9a657-da66-4b1a-81a3-56a88522c561,1,1486.705534
2026/02/05/10:46:17,running-time,rs-001612-lj7h4,2ae9a657-da66-4b1a-81a3-56a88522c561,1,1486.705534
2026/02/05/10:46:17,apply-time,rs-001613-j7xcx,96506d2e-6e3f-4c2b-9c3a-14a0a0aa82ac,4,1486.705534
2026/02/05/10:46:17,apply-time,rs-001613-kjx4r,3f5a0424-b731-4864-907b-47e2478d1304,4,1486.705534
2026/02/05/10:46:17,running-time,rs-001613-kjx4r,3f5a0424-b731-4864-907b-47e2478d1304,4,1486.705534
2026/02/05/10:46:17,apply-time,rs-001613-vcsfq,c846e2d3-540d-427e-9f44-b9c657f913e0,4,1486.705534
2026/02/05/10:46:17,apply-time,rs-001614-v4nnk,fdb750ed-a0a9-4bf4-9ca3-ec024d561d1f,3,1486.705534
2026/02/05/10:46:17,running-time,rs-001614-v4nnk,fdb750ed-a0a9-4bf4-9ca3-ec024d561d1f,3,1486.705534
2026/02/05/10:46:18,running-time,rs-001613-j7xcx,96506d2e-6e3f-4c2b-9c3a-14a0a0aa82ac,4,1486.705534
2026/02/05/10:46:18,apply-time,rs-001615-pfm9d,0b71c5b0-3ffa-4b38-9ffd-94ebd89d16d4,4,1487.705534
2026/02/05/10:46:18,apply-time,rs-001616-gsgtr,7ef12e0e-1ac5-42a9-96ed-5e285a008653,1,1487.705534
2026/02/05/10:46:18,apply-time,rs-001616-lsts4,7bb29986-a70f-4156-8043-e55151b6475b,1,1487.705534
2026/02/05/10:46:18,apply-time,rs-001617-g5vxb,0adf6a34-30fb-479e-b7d3-7c32d11edcf1,1,1487.705534
2026/02/05/10:46:18,running-time,rs-001617-g5vxb,0adf6a34-30fb-479e-b7d3-7c32d11edcf1,1,1487.705534
2026/02/05/10:46:18,apply-time,rs-001618-5shk9,9944080d-bb3a-46c0-9193-dd7d45588280,1,1487.705534
2026/02/05/10:46:18,apply-time,rs-001618-8jpns,f8e07c6e-0d66-433d-a46b-48ad4d644499,1,1487.705534
2026/02/05/10:46:18,apply-time,rs-001618-j6vbg,e48de29a-9f62-442b-aa93-721ba8c1b96d,1,1487.705534
2026/02/05/10:46:18,apply-time,rs-001619-jj4gq,9700de4e-d961-4c94-9499-bca3e45e852a,2,1487.705534
2026/02/05/10:46:19,apply-time,rs-001620-pn9hk,0d735f3b-74f5-4f35-a249-10acaac3b579,1,1487.705534
2026/02/05/10:46:19,running-time,rs-001620-pn9hk,0d735f3b-74f5-4f35-a249-10acaac3b579,1,1487.705534
2026/02/05/10:46:19,apply-time,rs-001621-8sts6,51ba26ad-9e02-4608-8b21-80cd40717bb0,2,1487.705534
2026/02/05/10:46:19,running-time,rs-001621-8sts6,51ba26ad-9e02-4608-8b21-80cd40717bb0,2,1487.705534
2026/02/05/10:46:19,apply-time,rs-001621-rxn2c,9856bfa9-086f-45bc-8212-b0638ba58063,2,1487.705534
2026/02/05/10:46:19,running-time,rs-001621-rxn2c,9856bfa9-086f-45bc-8212-b0638ba58063,2,1488.705534
2026/02/05/10:46:19,apply-time,rs-001622-zrpcc,0fa4d9c8-a1bc-4094-a3be-b4f6c4d19e91,1,1488.705534
2026/02/05/10:46:19,apply-time,rs-001623-srhl6,ddc1920b-a1d3-42b8-8cf3-8700e798c6f5,4,1488.705534
2026/02/05/10:46:19,running-time,rs-001623-srhl6,ddc1920b-a1d3-42b8-8cf3-8700e798c6f5,4,1488.705534
2026/02/05/10:46:19,apply-time,rs-001624-mwtnn,bcc50cfa-f5ee-42c9-9702-f12e63ef5e07,2,1488.705534
2026/02/05/10:46:19,running-time,rs-001624-mwtnn,bcc50cfa-f5ee-42c9-9702-f12e63ef5e07,2,1488.705534
2026/02/05/10:46:20,running-time,rs-001616-gsgtr,7ef12e0e-1ac5-42a9-96ed-5e285a008653,1,1488.705534
2026/02/05/10:46:20,apply-time,rs-001624-l2dc7,ca3ac74f-fa8d-4057-bd78-ca778aa3fd46,2,1488.705534
2026/02/05/10:46:20,apply-time,rs-001624-r7s4x,7dd3ce50-36eb-4d53-ab99-ac1f4f5f6a31,2,1488.705534
2026/02/05/10:46:20,apply-time,rs-001625-xn6rl,1a9d7cc8-0adc-4f4c-9eba-13de198c0711,3,1489.705534
2026/02/05/10:46:20,apply-time,rs-001626-mr5h6,1cf9ffbe-2c39-43c6-8cbb-9c4ce745a948,2,1488.705534
2026/02/05/10:46:20,apply-time,rs-001626-x2tdg,ae44728f-6147-4401-9819-1d1412b13e59,2,1489.705534
2026/02/05/10:46:20,apply-time,rs-001627-4zdxn,2073cc7a-a06d-4755-83b9-8d862568a20b,2,1488.705534
2026/02/05/10:46:20,apply-time,rs-001627-s46jz,dc250927-186f-4268-884d-64a59c0c54ef,2,1489.705534
2026/02/05/10:46:20,apply-time,rs-001628-vrhzq,f0a66c4d-72d6-417c-801e-69519655b8ab,1,1489.705534
2026/02/05/10:46:21,running-time,rs-001624-l2dc7,ca3ac74f-fa8d-4057-bd78-ca778aa3fd46,2,1489.705534
2026/02/05/10:46:21,apply-time,rs-001625-65gjh,91a0f4a7-b3c9-4f6a-9f80-bd8321f479af,3,1489.705534
2026/02/05/10:46:21,apply-time,rs-001629-2f6mg,627f5b4f-1e33-4611-91ce-d8bc0d4e20b5,1,1489.705534
2026/02/05/10:46:21,apply-time,rs-001629-sh4l6,1cb21f89-198a-404a-8d9a-92a585f8837e,1,1490.705534
2026/02/05/10:46:22,running-time,rs-001629-2f6mg,627f5b4f-1e33-4611-91ce-d8bc0d4e20b5,1,1491.705534
2026/02/05/10:46:22,apply-time,rs-001630-6sczg,6083753d-1a66-4244-8cb3-c880b7047794,1,1490.705534
2026/02/05/10:46:22,apply-time,rs-001630-w4w2v,b11dbd03-75cb-422f-b6a2-791c1ac301db,1,1490.705534
2026/02/05/10:46:22,apply-time,rs-001631-twcwc,f3a4d8fb-6f7f-4592-b324-e71f5edbe1de,2,1490.705534
2026/02/05/10:46:22,running-time,rs-001631-twcwc,f3a4d8fb-6f7f-4592-b324-e71f5edbe1de,2,1490.705534
2026/02/05/10:46:22,apply-time,rs-001632-z8xb6,3c2ecada-0161-4b09-a6bb-1569478ed73d,3,1490.705534
2026/02/05/10:46:22,apply-time,rs-001633-8ccvj,cef58681-5345-4c2c-9065-054c94f526ed,4,1490.705534
2026/02/05/10:46:22,apply-time,rs-001634-zdg69,6ec32e17-e925-4d83-86d0-28d15071ce27,1,1491.705534
2026/02/05/10:46:23,running-time,rs-001615-pfm9d,0b71c5b0-3ffa-4b38-9ffd-94ebd89d16d4,4,1491.705534
2026/02/05/10:46:23,running-time,rs-001630-w4w2v,b11dbd03-75cb-422f-b6a2-791c1ac301db,1,1491.705534
2026/02/05/10:46:23,apply-time,rs-001634-6zp7b,a7f2b0a7-3733-4477-8c0a-4c0932c73aa0,1,1491.705534
2026/02/05/10:46:23,running-time,rs-001634-6zp7b,a7f2b0a7-3733-4477-8c0a-4c0932c73aa0,1,1491.705534
2026/02/05/10:46:23,apply-time,rs-001634-kq8mx,ee9d21f4-0148-4dda-8d91-a8987f152b35,1,1491.705534
2026/02/05/10:46:23,running-time,rs-001634-zdg69,6ec32e17-e925-4d83-86d0-28d15071ce27,1,1491.705534
2026/02/05/10:46:23,apply-time,rs-001635-46ff6,c464bdcf-5d78-4b85-b248-db0cf3d4a514,2,1491.705534
2026/02/05/10:46:23,running-time,rs-001635-46ff6,c464bdcf-5d78-4b85-b248-db0cf3d4a514,2,1491.705534
2026/02/05/10:46:23,apply-time,rs-001635-tkwrd,c0944a5d-38e3-412a-9ec6-57c75d92bda1,2,1492.705534
2026/02/05/10:46:23,running-time,rs-001635-tkwrd,c0944a5d-38e3-412a-9ec6-57c75d92bda1,2,1492.705534
2026/02/05/10:46:23,apply-time,rs-001636-2pwrt,4b3a18ff-9fdc-4c40-bf65-c44ce7ae1949,2,1492.705534
2026/02/05/10:46:23,apply-time,rs-001636-dj4b6,e9444530-248f-4858-a4b7-3a8feff34c79,2,1491.705534
2026/02/05/10:46:23,running-time,rs-001636-dj4b6,e9444530-248f-4858-a4b7-3a8feff34c79,2,1492.705534
2026/02/05/10:46:23,apply-time,rs-001636-mc8fp,5c57c8aa-be07-41ac-987c-d86d064f1a42,2,1492.705534
2026/02/05/10:46:23,apply-time,rs-001637-fxz6j,5bc03807-8cc7-4438-9f93-15b6ddbb4ced,2,1492.705534
2026/02/05/10:46:23,apply-time,rs-001637-krdxt,d659674e-0131-4df7-b05e-1653a0f4445e,2,1491.705534
2026/02/05/10:46:24,running-time,rs-001636-2pwrt,4b3a18ff-9fdc-4c40-bf65-c44ce7ae1949,2,1492.705534
2026/02/05/10:46:24,running-time,rs-001636-mc8fp,5c57c8aa-be07-41ac-987c-d86d064f1a42,2,1492.705534
2026/02/05/10:46:24,apply-time,rs-001638-hrxt9,7a310365-c7b7-485b-a058-3746709e94f7,2,1492.705534
2026/02/05/10:46:24,running-time,rs-001638-hrxt9,7a310365-c7b7-485b-a058-3746709e94f7,2,1492.705534
2026/02/05/10:46:24,apply-time,rs-001638-s8ksv,f7497a35-57e3-41a0-baeb-27f731a8e75a,2,1492.705534
2026/02/05/10:46:24,apply-time,rs-001639-vftbd,21788963-4ee4-4485-9669-a92424f10685,1,1492.705534
2026/02/05/10:46:24,running-time,rs-001639-vftbd,21788963-4ee4-4485-9669-a92424f10685,1,1492.705534
2026/02/05/10:46:25,running-time,rs-001625-xn6rl,1a9d7cc8-0adc-4f4c-9eba-13de198c0711,3,1493.705534
2026/02/05/10:46:25,running-time,rs-001633-8ccvj,cef58681-5345-4c2c-9065-054c94f526ed,4,1493.705534
2026/02/05/10:46:25,running-time,rs-001634-kq8mx,ee9d21f4-0148-4dda-8d91-a8987f152b35,1,1493.705534
2026/02/05/10:46:25,running-time,rs-001638-s8ksv,f7497a35-57e3-41a0-baeb-27f731a8e75a,2,1493.705534
2026/02/05/10:46:26,running-time,rs-001616-lsts4,7bb29986-a70f-4156-8043-e55151b6475b,1,1495.705534
2026/02/05/10:46:26,running-time,rs-001624-r7s4x,7dd3ce50-36eb-4d53-ab99-ac1f4f5f6a31,2,1495.705534
2026/02/05/10:46:26,running-time,rs-001625-65gjh,91a0f4a7-b3c9-4f6a-9f80-bd8321f479af,3,1495.705534
2026/02/05/10:46:27,running-time,rs-001630-6sczg,6083753d-1a66-4244-8cb3-c880b7047794,1,1495.705534
2026/02/05/10:46:27,apply-time,rs-001640-5nd52,14b6a11a-46fb-4559-8ff3-b68c5a793226,3,1495.705534
2026/02/05/10:46:27,apply-time,rs-001640-p6kgh,d078d40e-58e1-4b0e-8b9d-c585377f631a,3,1495.705534
2026/02/05/10:46:27,apply-time,rs-001641-6dtwl,b5bdcef8-1825-48bc-8a58-983859817296,4,1495.705534
2026/02/05/10:46:27,apply-time,rs-001641-lt2wr,8812d502-15b2-46dc-8730-6b80990fb824,4,1495.705534
2026/02/05/10:46:27,apply-time,rs-001642-6ldt6,e45fa3ad-5c66-4eb2-951e-1b121b630dee,3,1495.705534
2026/02/05/10:46:27,running-time,rs-001642-6ldt6,e45fa3ad-5c66-4eb2-951e-1b121b630dee,3,1496.705534
2026/02/05/10:46:27,apply-time,rs-001643-9t7tx,c7adc222-948d-4a62-8895-c3bd98be9d53,2,1495.705534
2026/02/05/10:46:27,apply-time,rs-001643-cgvpz,91187c90-539e-430f-a38c-f06671b8b815,2,1495.705534
2026/02/05/10:46:27,apply-time,rs-001643-qrpps,ae27387a-0e0e-4e58-b4a3-1a19f9c1c25f,2,1495.705534
2026/02/05/10:46:27,apply-time,rs-001644-6p4rm,c90a4306-8303-4e94-8b15-bcc1f31a968d,2,1495.705534
2026/02/05/10:46:27,running-time,rs-001644-6p4rm,c90a4306-8303-4e94-8b15-bcc1f31a968d,2,1496.705534
2026/02/05/10:46:27,apply-time,rs-001644-cnmxl,f41e7cd7-624d-47e2-a732-26b298cfe119,2,1495.705534
2026/02/05/10:46:27,apply-time,rs-001644-sm84b,179e2c80-65b6-4651-a40f-6935117918f9,2,1495.705534
2026/02/05/10:46:29,running-time,rs-001643-9t7tx,c7adc222-948d-4a62-8895-c3bd98be9d53,2,1497.705534
2026/02/05/10:46:30,running-time,rs-001626-mr5h6,1cf9ffbe-2c39-43c6-8cbb-9c4ce745a948,2,1499.705534
2026/02/05/10:46:30,running-time,rs-001643-qrpps,ae27387a-0e0e-4e58-b4a3-1a19f9c1c25f,2,1498.705534
2026/02/05/10:46:31,running-time,rs-001643-cgvpz,91187c90-539e-430f-a38c-f06671b8b815,2,1499.705534
2026/02/05/10:46:32,apply-time,rs-001645-77lm5,9fba829e-b725-4f0e-b104-8a3f25eae93e,4,1501.705534
2026/02/05/10:46:33,running-time,rs-001645-77lm5,9fba829e-b725-4f0e-b104-8a3f25eae93e,4,1501.705534
2026/02/05/10:46:33,apply-time,rs-001646-9fzlr,1575fdea-e3fc-4a6e-8c6d-aca4c729a9b1,1,1501.705534
2026/02/05/10:46:33,apply-time,rs-001646-lgwh8,84386e72-4101-42c0-a6ad-1d2ccaf7bde2,1,1501.705534
2026/02/05/10:46:33,apply-time,rs-001646-lksb8,2c418a3a-fe39-4b49-8cdc-5de953562b0d,1,1501.705534
2026/02/05/10:46:33,running-time,rs-001646-lksb8,2c418a3a-fe39-4b49-8cdc-5de953562b0d,1,1501.705534
2026/02/05/10:46:33,apply-time,rs-001647-4hgwz,c9d04232-03c2-4c7a-bbaa-af9d8688195b,4,1501.705534
2026/02/05/10:46:33,running-time,rs-001647-4hgwz,c9d04232-03c2-4c7a-bbaa-af9d8688195b,4,1501.705534
2026/02/05/10:46:33,apply-time,rs-001648-88drb,abca3eeb-311e-4aeb-887d-6d0a93dd352e,3,1501.705534
2026/02/05/10:46:33,apply-time,rs-001649-bcsj2,8146110f-d686-478f-9169-ab9f5380081b,1,1501.705534
2026/02/05/10:46:33,apply-time,rs-001649-kjw89,2df175f5-1250-4d5d-9c14-8127319927b8,1,1501.705534
2026/02/05/10:46:33,apply-time,rs-001649-l4tn7,b4a35563-0634-46cf-8136-6f6003f21887,1,1501.705534
2026/02/05/10:46:33,apply-time,rs-001650-jnr98,9a396dac-9f9d-4d11-ba84-f85dca435b74,1,1501.705534
2026/02/05/10:46:33,running-time,rs-001650-jnr98,9a396dac-9f9d-4d11-ba84-f85dca435b74,1,1501.705534
2026/02/05/10:46:33,apply-time,rs-001651-cx7n7,33971685-c505-4f36-b436-171168961f6a,3,1502.705534
2026/02/05/10:46:33,running-time,rs-001651-cx7n7,33971685-c505-4f36-b436-171168961f6a,3,1502.705534
2026/02/05/10:46:34,running-time,rs-001649-bcsj2,8146110f-d686-478f-9169-ab9f5380081b,1,1502.705534
2026/02/05/10:46:34,running-time,rs-001649-l4tn7,b4a35563-0634-46cf-8136-6f6003f21887,1,1502.705534
2026/02/05/10:46:35,running-time,rs-001609-kkvvq,fcad3c9f-fc6b-493d-87b3-ce6bd8723930,1,1504.705534
2026/02/05/10:46:40,running-time,rs-001646-9fzlr,1575fdea-e3fc-4a6e-8c6d-aca4c729a9b1,1,1508.705534
2026/02/05/10:46:40,running-time,rs-001646-lgwh8,84386e72-4101-42c0-a6ad-1d2ccaf7bde2,1,1508.705534
2026/02/05/10:46:41,running-time,rs-001627-s46jz,dc250927-186f-4268-884d-64a59c0c54ef,2,1509.705534
2026/02/05/10:46:47,running-time,rs-001627-4zdxn,2073cc7a-a06d-4755-83b9-8d862568a20b,2,1515.705534
2026/02/05/10:46:47,apply-time,rs-001652-kctpb,3fa58ecc-ec42-4a1f-a93c-9a0734d38e34,1,1516.705534
2026/02/05/10:46:47,running-time,rs-001652-kctpb,3fa58ecc-ec42-4a1f-a93c-9a0734d38e34,1,1516.705534
2026/02/05/10:46:47,apply-time,rs-001652-v8xhr,dcfe8757-01f4-4ebc-98aa-3bdc402365f7,1,1516.705534
2026/02/05/10:46:47,running-time,rs-001652-v8xhr,dcfe8757-01f4-4ebc-98aa-3bdc402365f7,1,1516.705534
2026/02/05/10:46:47,apply-time,rs-001653-f7pq8,a1f8535f-acd4-4352-93ce-570130f1349f,2,1516.705534
2026/02/05/10:46:47,running-time,rs-001653-f7pq8,a1f8535f-acd4-4352-93ce-570130f1349f,2,1516.705534
2026/02/05/10:46:47,apply-time,rs-001653-fg4gc,be73524a-7002-43d7-a156-1aaef918d40c,2,1516.705534
2026/02/05/10:46:51,apply-time,rs-001654-8zv5l,c5f012da-9ce4-423c-8a01-4e0941e867b6,2,1519.705534
2026/02/05/10:46:51,apply-time,rs-001654-bxqb9,6296c40e-762d-426f-9723-456c1ec3fb1e,2,1519.705534
2026/02/05/10:46:51,apply-time,rs-001654-pqjdg,d87492a3-5449-4d94-bc97-a7e420e1a9b7,2,1519.705534
2026/02/05/10:46:51,apply-time,rs-001655-f45mg,abaae0df-85a4-4815-a787-8cf3d6919236,2,1519.705534
2026/02/05/10:46:51,running-time,rs-001655-f45mg,abaae0df-85a4-4815-a787-8cf3d6919236,2,1519.705534
2026/02/05/10:46:51,apply-time,rs-001655-qrhnn,aa46169c-40e6-44c8-9476-a34178a26479,2,1519.705534
2026/02/05/10:46:51,running-time,rs-001655-qrhnn,aa46169c-40e6-44c8-9476-a34178a26479,2,1519.705534
2026/02/05/10:46:51,apply-time,rs-001655-t7kvc,a5f143db-8ba8-4309-b3ac-9cf49920dfe2,2,1519.705534
2026/02/05/10:46:51,running-time,rs-001655-t7kvc,a5f143db-8ba8-4309-b3ac-9cf49920dfe2,2,1519.705534
2026/02/05/10:46:51,apply-time,rs-001656-74zwn,a20f1415-6bf4-46e0-bfbd-b497fd984e6c,4,1519.705534
2026/02/05/10:46:51,running-time,rs-001656-74zwn,a20f1415-6bf4-46e0-bfbd-b497fd984e6c,4,1519.705534
2026/02/05/10:46:51,apply-time,rs-001656-t5sw7,824bd5ea-6456-4cae-b3c8-717288eb039e,4,1519.705534
2026/02/05/10:46:51,apply-time,rs-001656-tr8sm,572ccf78-b743-40fc-b8be-e5c3e3e8507c,4,1519.705534
2026/02/05/10:46:51,apply-time,rs-001657-n4xqg,51bcb890-7749-4cf9-843c-470ac5d6c510,2,1519.705534
2026/02/05/10:46:51,running-time,rs-001657-n4xqg,51bcb890-7749-4cf9-843c-470ac5d6c510,2,1519.705534
2026/02/05/10:46:53,running-time,rs-001628-vrhzq,f0a66c4d-72d6-417c-801e-69519655b8ab,1,1521.705534
2026/02/05/10:46:55,apply-time,rs-001658-lqgg2,e17d5419-f656-4045-8d2a-f7a74f228f93,2,1523.705534
2026/02/05/10:46:55,running-time,rs-001658-lqgg2,e17d5419-f656-4045-8d2a-f7a74f228f93,2,1523.705534
2026/02/05/10:46:55,apply-time,rs-001658-rsrmn,047a1d36-9136-4131-84e8-c92e50f6bbe1,2,1523.705534
2026/02/05/10:46:55,running-time,rs-001658-rsrmn,047a1d36-9136-4131-84e8-c92e50f6bbe1,2,1523.705534
2026/02/05/10:46:55,apply-time,rs-001659-r676g,5442cea9-8339-4d82-a9fa-4a18d375a6c4,2,1523.705534
2026/02/05/10:46:55,running-time,rs-001659-r676g,5442cea9-8339-4d82-a9fa-4a18d375a6c4,2,1523.705534
2026/02/05/10:46:55,apply-time,rs-001659-w4blp,7418db2c-9487-435d-b36c-1d256c858b0e,2,1523.705534
2026/02/05/10:46:55,running-time,rs-001659-w4blp,7418db2c-9487-435d-b36c-1d256c858b0e,2,1523.705534
2026/02/05/10:46:55,apply-time,rs-001660-46xt8,4d2dfb84-1630-4212-ae6c-61616e49d8ed,4,1523.705534
2026/02/05/10:46:55,running-time,rs-001660-46xt8,4d2dfb84-1630-4212-ae6c-61616e49d8ed,4,1523.705534
2026/02/05/10:46:55,apply-time,rs-001660-q6g9t,44088f6c-df9b-48dd-89f7-c2f01b8f46bc,4,1523.705534
2026/02/05/10:46:55,running-time,rs-001660-q6g9t,44088f6c-df9b-48dd-89f7-c2f01b8f46bc,4,1523.705534
2026/02/05/10:46:55,apply-time,rs-001660-z4j8t,dd4e4a60-11d3-4e4e-b95c-6dcf468f391b,4,1523.705534
2026/02/05/10:46:55,running-time,rs-001660-z4j8t,dd4e4a60-11d3-4e4e-b95c-6dcf468f391b,4,1523.705534
2026/02/05/10:46:55,apply-time,rs-001661-mx2qx,f09cb667-91c1-455c-b2b2-370912108dc1,2,1523.705534
2026/02/05/10:46:55,running-time,rs-001661-mx2qx,f09cb667-91c1-455c-b2b2-370912108dc1,2,1523.705534
2026/02/05/10:46:55,apply-time,rs-001661-pqk4g,d66f53d7-8f10-4f12-8739-f5115d36cd91,2,1523.705534
2026/02/05/10:46:55,running-time,rs-001661-pqk4g,d66f53d7-8f10-4f12-8739-f5115d36cd91,2,1523.705534
2026/02/05/10:46:55,apply-time,rs-001662-5kzsq,8096b2ec-b8b3-429b-9433-4eafde1aedc9,2,1524.705534
2026/02/05/10:46:55,apply-time,rs-001662-jqc9l,6f07d4c7-d8d9-4370-96c6-32c4638c67e6,2,1524.705534
2026/02/05/10:46:55,apply-time,rs-001663-x5nwd,5efed7d6-ca45-4823-911b-348eed06da27,4,1524.705534
2026/02/05/10:46:55,running-time,rs-001663-x5nwd,5efed7d6-ca45-4823-911b-348eed06da27,4,1524.705534
2026/02/05/10:46:55,apply-time,rs-001664-d2jqz,1b58c3ac-3894-4721-bfe0-2a76ed5392d2,2,1524.705534
2026/02/05/10:46:55,running-time,rs-001664-d2jqz,1b58c3ac-3894-4721-bfe0-2a76ed5392d2,2,1524.705534
2026/02/05/10:46:55,apply-time,rs-001665-ktnxl,680289f7-702b-42d3-86db-f5d1fbec4101,1,1524.705534
2026/02/05/10:46:56,running-time,rs-001665-ktnxl,680289f7-702b-42d3-86db-f5d1fbec4101,1,1524.705534
2026/02/05/10:46:56,apply-time,rs-001666-dfcds,09df1234-2f75-461d-9c61-0bbd2e898297,2,1524.705534
2026/02/05/10:46:56,running-time,rs-001666-dfcds,09df1234-2f75-461d-9c61-0bbd2e898297,2,1524.705534
2026/02/05/10:46:59,running-time,rs-001662-5kzsq,8096b2ec-b8b3-429b-9433-4eafde1aedc9,2,1527.705534
2026/02/05/10:47:00,running-time,rs-001662-jqc9l,6f07d4c7-d8d9-4370-96c6-32c4638c67e6,2,1528.705534
2026/02/05/10:47:04,apply-time,rs-001667-h2x52,0bee9fbc-fe89-4179-855e-3941d2b49f0f,3,1533.705534
2026/02/05/10:47:04,running-time,rs-001667-h2x52,0bee9fbc-fe89-4179-855e-3941d2b49f0f,3,1533.705534
2026/02/05/10:47:04,apply-time,rs-001667-t5m77,85dbfbb1-9020-4b77-8b5d-98a1e778e46f,3,1533.705534
2026/02/05/10:47:04,running-time,rs-001667-t5m77,85dbfbb1-9020-4b77-8b5d-98a1e778e46f,3,1533.705534
2026/02/05/10:47:04,apply-time,rs-001667-x8fsn,7aa4f5ef-7651-4c9d-8b57-3d3b3cb76dbd,3,1533.705534
2026/02/05/10:47:04,running-time,rs-001667-x8fsn,7aa4f5ef-7651-4c9d-8b57-3d3b3cb76dbd,3,1533.705534
2026/02/05/10:47:04,apply-time,rs-001668-2z8f4,a2b80f5c-27c4-4f21-9cd3-13de1d9566e4,1,1533.705534
2026/02/05/10:47:04,running-time,rs-001668-2z8f4,a2b80f5c-27c4-4f21-9cd3-13de1d9566e4,1,1533.705534
2026/02/05/10:47:04,apply-time,rs-001669-j4qkc,eb17bd6f-f693-4e8d-98fa-c31ef521d809,2,1533.705534
2026/02/05/10:47:04,running-time,rs-001669-j4qkc,eb17bd6f-f693-4e8d-98fa-c31ef521d809,2,1533.705534
2026/02/05/10:47:04,apply-time,rs-001669-xjq84,83de9e02-640d-43e1-8282-896d1b17b414,2,1533.705534
2026/02/05/10:47:04,running-time,rs-001669-xjq84,83de9e02-640d-43e1-8282-896d1b17b414,2,1533.705534
2026/02/05/10:47:04,apply-time,rs-001670-2xccd,a9778575-81e2-47ea-9c14-ea7b7a1afc49,1,1533.705534
2026/02/05/10:47:04,running-time,rs-001670-2xccd,a9778575-81e2-47ea-9c14-ea7b7a1afc49,1,1533.705534
2026/02/05/10:47:04,apply-time,rs-001670-7kj5b,47ff6fb1-9e04-463a-aa87-8dd82f726e82,1,1533.705534
2026/02/05/10:47:04,running-time,rs-001670-7kj5b,47ff6fb1-9e04-463a-aa87-8dd82f726e82,1,1533.705534
2026/02/05/10:47:04,apply-time,rs-001671-6smzl,bd093503-0749-46b6-ba3d-115d3ebf50d4,2,1533.705534
2026/02/05/10:47:04,running-time,rs-001671-6smzl,bd093503-0749-46b6-ba3d-115d3ebf50d4,2,1533.705534
2026/02/05/10:47:04,apply-time,rs-001671-nx6t8,a18413ce-7d83-4336-b4d4-ca86fb9c58fb,2,1533.705534
2026/02/05/10:47:04,running-time,rs-001671-nx6t8,a18413ce-7d83-4336-b4d4-ca86fb9c58fb,2,1533.705534
2026/02/05/10:47:04,apply-time,rs-001671-x6l7k,00d8e8c3-e016-4bd4-9a20-2a755ac57b33,2,1533.705534
2026/02/05/10:47:04,running-time,rs-001671-x6l7k,00d8e8c3-e016-4bd4-9a20-2a755ac57b33,2,1533.705534
2026/02/05/10:47:05,apply-time,rs-001672-mkmcp,ebbcc93b-b65e-49e7-9f99-e2818ee8182d,1,1533.705534
2026/02/05/10:47:05,running-time,rs-001672-mkmcp,ebbcc93b-b65e-49e7-9f99-e2818ee8182d,1,1533.705534
2026/02/05/10:47:05,apply-time,rs-001673-cm4cp,8cde4780-93e4-47f7-8146-83a6452573ad,1,1534.705534
2026/02/05/10:47:05,running-time,rs-001673-cm4cp,8cde4780-93e4-47f7-8146-83a6452573ad,1,1534.705534
2026/02/05/10:47:05,apply-time,rs-001673-kxpbt,3d3b97ab-8bac-451e-9d7b-15afec1ce1fe,1,1533.705534
2026/02/05/10:47:05,running-time,rs-001673-kxpbt,3d3b97ab-8bac-451e-9d7b-15afec1ce1fe,1,1533.705534
2026/02/05/10:47:05,apply-time,rs-001673-rnt6d,b65275a0-a684-4b8e-9256-3158cacabefd,1,1534.705534
2026/02/05/10:47:05,running-time,rs-001673-rnt6d,b65275a0-a684-4b8e-9256-3158cacabefd,1,1534.705534
2026/02/05/10:47:15,apply-time,rs-001674-5m8dc,418e5659-5b37-4134-a9f5-5b6a64c18550,4,1544.705534
2026/02/05/10:47:15,running-time,rs-001674-5m8dc,418e5659-5b37-4134-a9f5-5b6a64c18550,4,1544.705534
2026/02/05/10:47:15,apply-time,rs-001674-tm8wj,0946b63d-0b60-496d-8da5-802c81e197db,4,1544.705534
2026/02/05/10:47:15,running-time,rs-001674-tm8wj,0946b63d-0b60-496d-8da5-802c81e197db,4,1544.705534
2026/02/05/10:47:15,apply-time,rs-001674-vhhn5,d0c625a9-7274-4143-a372-70f8c51e73a5,4,1544.705534
2026/02/05/10:47:15,running-time,rs-001674-vhhn5,d0c625a9-7274-4143-a372-70f8c51e73a5,4,1544.705534
2026/02/05/10:47:15,apply-time,rs-001675-hgn4w,f38d3d8e-63af-4a41-9fa7-29974dfa0a3d,3,1544.705534
2026/02/05/10:47:15,running-time,rs-001675-hgn4w,f38d3d8e-63af-4a41-9fa7-29974dfa0a3d,3,1544.705534
2026/02/05/10:47:15,apply-time,rs-001675-nztb4,9433bad1-cfd8-4294-b920-fd019100815d,3,1544.705534
2026/02/05/10:47:15,running-time,rs-001675-nztb4,9433bad1-cfd8-4294-b920-fd019100815d,3,1544.705534
2026/02/05/10:47:15,apply-time,rs-001675-p9fth,f7128c7f-da0c-44e0-8ba1-bc1dd5631721,3,1544.705534
2026/02/05/10:47:15,running-time,rs-001675-p9fth,f7128c7f-da0c-44e0-8ba1-bc1dd5631721,3,1544.705534
2026/02/05/10:47:15,apply-time,rs-001676-vzb9w,74400714-9ac1-4ca2-b8a4-a2a841ec35d1,3,1544.705534
2026/02/05/10:47:15,running-time,rs-001676-vzb9w,74400714-9ac1-4ca2-b8a4-a2a841ec35d1,3,1544.705534
2026/02/05/10:47:23,apply-time,rs-001677-mnftk,bd79f343-0327-41ab-a474-9d81ac531b06,4,1551.705534
2026/02/05/10:47:23,running-time,rs-001677-mnftk,bd79f343-0327-41ab-a474-9d81ac531b06,4,1551.705534
2026/02/05/10:47:23,apply-time,rs-001677-ph45h,202614bd-1843-432a-9403-73e2ff8d8660,4,1551.705534
2026/02/05/10:47:23,running-time,rs-001677-ph45h,202614bd-1843-432a-9403-73e2ff8d8660,4,1551.705534
2026/02/05/10:47:23,apply-time,rs-001678-lkssx,5603fc41-a701-4e0a-8c7b-8e38278bd464,1,1551.705534
2026/02/05/10:47:23,running-time,rs-001678-lkssx,5603fc41-a701-4e0a-8c7b-8e38278bd464,1,1551.705534
2026/02/05/10:47:38,apply-time,rs-001679-dj4fp,fd22c1cb-968d-44c3-8e16-fee13deba530,2,1567.705534
2026/02/05/10:47:38,running-time,rs-001679-dj4fp,fd22c1cb-968d-44c3-8e16-fee13deba530,2,1567.705534
2026/02/05/10:47:38,apply-time,rs-001679-wdgv2,5ac6bcf2-f55e-4fca-b329-fcdc0301a4dc,2,1567.705534
2026/02/05/10:47:38,running-time,rs-001679-wdgv2,5ac6bcf2-f55e-4fca-b329-fcdc0301a4dc,2,1567.705534
2026/02/05/10:47:38,apply-time,rs-001680-2twgn,3fcce219-e1e0-4e2f-9bdd-8a33bad7b0ac,2,1567.705534
2026/02/05/10:47:38,running-time,rs-001680-2twgn,3fcce219-e1e0-4e2f-9bdd-8a33bad7b0ac,2,1567.705534
2026/02/05/10:47:38,apply-time,rs-001680-vrhj6,6512cf61-a886-487a-8ba6-50344c2098cb,2,1567.705534
2026/02/05/10:47:38,running-time,rs-001680-vrhj6,6512cf61-a886-487a-8ba6-50344c2098cb,2,1567.705534
2026/02/05/10:47:38,apply-time,rs-001680-z7blx,63f7624e-53dc-4f1d-93d2-816aa18e2f2a,2,1567.705534
2026/02/05/10:47:38,running-time,rs-001680-z7blx,63f7624e-53dc-4f1d-93d2-816aa18e2f2a,2,1567.705534
2026/02/05/10:47:38,apply-time,rs-001681-stcl2,5b52f842-9e01-48a7-b1cb-154ee03501ce,1,1567.705534
2026/02/05/10:47:38,running-time,rs-001681-stcl2,5b52f842-9e01-48a7-b1cb-154ee03501ce,1,1567.705534
2026/02/05/10:47:39,apply-time,rs-001682-mzk5r,723ca844-61d1-4df7-8ea4-ce3608660988,3,1567.705534
2026/02/05/10:47:39,running-time,rs-001682-mzk5r,723ca844-61d1-4df7-8ea4-ce3608660988,3,1567.705534
2026/02/05/10:47:39,apply-time,rs-001682-tgl9l,ec0a55b8-ccf9-4e92-934e-72ae838d6fe0,3,1567.705534
2026/02/05/10:47:39,running-time,rs-001682-tgl9l,ec0a55b8-ccf9-4e92-934e-72ae838d6fe0,3,1567.705534
2026/02/05/10:47:39,apply-time,rs-001683-lhhrc,2f0075fb-acc0-4ef9-9faa-32a006c917a8,3,1568.705534
2026/02/05/10:47:39,running-time,rs-001683-lhhrc,2f0075fb-acc0-4ef9-9faa-32a006c917a8,3,1568.705534
2026/02/05/10:47:39,apply-time,rs-001683-tp4fb,f1843bfb-b142-4b5b-8f4b-ba950a0b696e,3,1568.705534
2026/02/05/10:47:39,running-time,rs-001683-tp4fb,f1843bfb-b142-4b5b-8f4b-ba950a0b696e,3,1568.705534
2026/02/05/10:47:39,apply-time,rs-001683-xmrwb,bbadd5bf-493e-4af5-9793-dcb96652717e,3,1568.705534
2026/02/05/10:47:39,running-time,rs-001683-xmrwb,bbadd5bf-493e-4af5-9793-dcb96652717e,3,1568.705534
2026/02/05/10:47:39,apply-time,rs-001684-qmpnp,22b6007a-ea05-4689-a306-d3731703d932,1,1568.705534
2026/02/05/10:47:39,running-time,rs-001684-qmpnp,22b6007a-ea05-4689-a306-d3731703d932,1,1568.705534
2026/02/05/10:47:41,apply-time,rs-001685-gmtdx,fb9d16f4-d0f2-4f41-a88e-a9d45d027b9c,4,1569.705534
2026/02/05/10:47:41,running-time,rs-001685-gmtdx,fb9d16f4-d0f2-4f41-a88e-a9d45d027b9c,4,1569.705534
2026/02/05/10:47:41,apply-time,rs-001686-zzkps,04e267f9-edc1-459a-b4cf-2e996b7cce60,4,1569.705534
2026/02/05/10:47:41,running-time,rs-001686-zzkps,04e267f9-edc1-459a-b4cf-2e996b7cce60,4,1569.705534
2026/02/05/10:47:41,apply-time,rs-001687-j248b,112e31cb-7a39-4b2d-82f6-1aac0ff48d8d,3,1569.705534
2026/02/05/10:47:41,running-time,rs-001687-j248b,112e31cb-7a39-4b2d-82f6-1aac0ff48d8d,3,1569.705534
2026/02/05/10:47:41,apply-time,rs-001687-m5pxq,7e9c2e70-f101-4e60-bcf7-1853d2df91e8,3,1569.705534
2026/02/05/10:47:41,running-time,rs-001687-m5pxq,7e9c2e70-f101-4e60-bcf7-1853d2df91e8,3,1569.705534
2026/02/05/10:47:41,apply-time,rs-001688-n98mv,f368acb7-97a3-4d11-96d4-f6539f595b90,3,1569.705534
2026/02/05/10:47:41,running-time,rs-001688-n98mv,f368acb7-97a3-4d11-96d4-f6539f595b90,3,1569.705534
2026/02/05/10:47:45,apply-time,rs-001689-7tr5g,63288907-d9dd-49b5-923f-0a1295310896,1,1573.705534
2026/02/05/10:47:45,running-time,rs-001689-7tr5g,63288907-d9dd-49b5-923f-0a1295310896,1,1573.705534
2026/02/05/10:47:45,apply-time,rs-001689-xplnz,e0a2fb78-ab46-4eed-ab5b-d20ef2010c67,1,1573.705534
2026/02/05/10:47:45,running-time,rs-001689-xplnz,e0a2fb78-ab46-4eed-ab5b-d20ef2010c67,1,1573.705534
2026/02/05/10:47:45,apply-time,rs-001690-2qkpc,774b257e-35e7-4e93-a63e-8feb9791bb8b,2,1573.705534
2026/02/05/10:47:45,running-time,rs-001690-2qkpc,774b257e-35e7-4e93-a63e-8feb9791bb8b,2,1573.705534
2026/02/05/10:47:45,apply-time,rs-001690-fs6m4,3902cc36-3d35-44d4-bded-082e0bf753f4,2,1573.705534
2026/02/05/10:47:45,running-time,rs-001690-fs6m4,3902cc36-3d35-44d4-bded-082e0bf753f4,2,1573.705534
2026/02/05/10:47:45,apply-time,rs-001690-tv46v,d3bb2a65-4407-49e0-a1a1-3548c073296e,2,1573.705534
2026/02/05/10:47:45,running-time,rs-001690-tv46v,d3bb2a65-4407-49e0-a1a1-3548c073296e,2,1573.705534
2026/02/05/10:47:45,apply-time,rs-001691-cqdkn,c8e2ab9a-7840-4fcd-8db3-a021e5fb292b,2,1573.705534
2026/02/05/10:47:45,running-time,rs-001691-cqdkn,c8e2ab9a-7840-4fcd-8db3-a021e5fb292b,2,1573.705534
2026/02/05/10:47:45,apply-time,rs-001692-5fv7q,2c31afc4-8d6c-4eb1-b6b3-8170dc0f38af,3,1573.705534
2026/02/05/10:47:45,running-time,rs-001692-5fv7q,2c31afc4-8d6c-4eb1-b6b3-8170dc0f38af,3,1573.705534
2026/02/05/10:47:45,apply-time,rs-001693-2p8pv,0d14f147-3537-4a41-872a-523ba17a914d,2,1573.705534
2026/02/05/10:47:45,running-time,rs-001693-2p8pv,0d14f147-3537-4a41-872a-523ba17a914d,2,1573.705534
2026/02/05/10:47:45,apply-time,rs-001693-nkkw5,76616f57-6b0f-4fdb-8031-35cb1840bd36,2,1573.705534
2026/02/05/10:47:45,running-time,rs-001693-nkkw5,76616f57-6b0f-4fdb-8031-35cb1840bd36,2,1573.705534
2026/02/05/10:47:45,apply-time,rs-001693-sb4jh,02319d9c-23ad-453e-ba66-aa63a7dc02fb,2,1573.705534
2026/02/05/10:47:45,running-time,rs-001693-sb4jh,02319d9c-23ad-453e-ba66-aa63a7dc02fb,2,1573.705534
2026/02/05/10:47:45,apply-time,rs-001694-4m99g,21de044d-81fa-4b63-906e-39d5d0cd1f19,3,1574.705534
2026/02/05/10:47:45,running-time,rs-001694-4m99g,21de044d-81fa-4b63-906e-39d5d0cd1f19,3,1574.705534
2026/02/05/10:47:45,apply-time,rs-001694-7fb8b,c9fe3453-87a4-4bbd-8e1d-9ff4bdf5babd,3,1574.705534
2026/02/05/10:47:45,running-time,rs-001694-7fb8b,c9fe3453-87a4-4bbd-8e1d-9ff4bdf5babd,3,1574.705534
2026/02/05/10:47:45,apply-time,rs-001694-slcv5,9746e443-2b92-4cbc-913f-483aae155742,3,1574.705534
2026/02/05/10:47:45,apply-time,rs-001695-lz8wn,335b56b7-e9db-474f-b08d-fd6dcca2654c,3,1574.705534
2026/02/05/10:47:45,running-time,rs-001695-lz8wn,335b56b7-e9db-474f-b08d-fd6dcca2654c,3,1574.705534
2026/02/05/10:47:46,running-time,rs-001694-slcv5,9746e443-2b92-4cbc-913f-483aae155742,3,1574.705534
2026/02/05/10:47:46,apply-time,rs-001695-2g87z,e44a2deb-bf77-40ed-93dd-62714961371f,3,1574.705534
2026/02/05/10:47:46,running-time,rs-001695-2g87z,e44a2deb-bf77-40ed-93dd-62714961371f,3,1574.705534
2026/02/05/10:47:46,apply-time,rs-001695-77b7j,98a18de0-d6b1-40a7-8add-e3642fb47ae4,3,1574.705534
2026/02/05/10:47:46,running-time,rs-001695-77b7j,98a18de0-d6b1-40a7-8add-e3642fb47ae4,3,1574.705534
2026/02/05/10:47:55,apply-time,rs-001696-tb7hl,af16b041-b517-4acf-9964-0d0eee50eed3,4,1584.705534
2026/02/05/10:47:55,running-time,rs-001696-tb7hl,af16b041-b517-4acf-9964-0d0eee50eed3,4,1584.705534
2026/02/05/10:47:55,apply-time,rs-001696-vg6pp,4639b352-b716-497e-9c16-ca7e7285aaa4,4,1584.705534
2026/02/05/10:47:55,running-time,rs-001696-vg6pp,4639b352-b716-497e-9c16-ca7e7285aaa4,4,1584.705534
2026/02/05/10:47:55,apply-time,rs-001696-vp6bs,b20334e8-c9ae-4c1d-972d-0786105eb7da,4,1584.705534
2026/02/05/10:47:55,running-time,rs-001696-vp6bs,b20334e8-c9ae-4c1d-972d-0786105eb7da,4,1584.705534
2026/02/05/10:47:57,apply-time,rs-001697-5pxxm,e40dccee-8fa3-4b14-8187-1b2e1f9beb69,4,1586.705534
2026/02/05/10:47:57,running-time,rs-001697-5pxxm,e40dccee-8fa3-4b14-8187-1b2e1f9beb69,4,1586.705534
2026/02/05/10:47:57,apply-time,rs-001697-qt8qh,f57c150c-79e4-4183-b924-54c3f6b6f6e1,4,1586.705534
2026/02/05/10:47:57,running-time,rs-001697-qt8qh,f57c150c-79e4-4183-b924-54c3f6b6f6e1,4,1586.705534
2026/02/05/10:47:57,apply-time,rs-001697-qw97n,30ebeae9-736e-49a7-ada2-ebca2e90be35,4,1586.705534
2026/02/05/10:47:57,running-time,rs-001697-qw97n,30ebeae9-736e-49a7-ada2-ebca2e90be35,4,1586.705534
2026/02/05/10:47:57,apply-time,rs-001698-lwpm5,47665b17-0ee2-45ea-9150-bac027a05357,3,1586.705534
2026/02/05/10:47:57,running-time,rs-001698-lwpm5,47665b17-0ee2-45ea-9150-bac027a05357,3,1586.705534
2026/02/05/10:47:58,apply-time,rs-001699-7nsfn,4b84fac3-73de-495c-a42b-ff7e54330da6,2,1586.705534
2026/02/05/10:47:58,running-time,rs-001699-7nsfn,4b84fac3-73de-495c-a42b-ff7e54330da6,2,1586.705534
2026/02/05/10:47:58,apply-time,rs-001700-4ln42,dcb819e5-8f8e-4481-97e0-7db3198ffb49,3,1586.705534
2026/02/05/10:47:58,apply-time,rs-001700-rqsr8,077c8fbc-ca8a-4311-893a-51524638d8dc,3,1586.705534
2026/02/05/10:47:58,running-time,rs-001700-rqsr8,077c8fbc-ca8a-4311-893a-51524638d8dc,3,1586.705534
2026/02/05/10:47:58,apply-time,rs-001701-4d69g,050f1121-b1b0-4768-8553-b5d17015ffdb,1,1586.705534
2026/02/05/10:47:58,running-time,rs-001701-4d69g,050f1121-b1b0-4768-8553-b5d17015ffdb,1,1587.705534
2026/02/05/10:47:58,apply-time,rs-001701-f2968,4fd52ce0-aa59-4328-9528-04e76aec7870,1,1586.705534
2026/02/05/10:47:58,running-time,rs-001701-f2968,4fd52ce0-aa59-4328-9528-04e76aec7870,1,1587.705534
2026/02/05/10:47:59,apply-time,rs-001702-87hqk,93093944-bca0-4d73-bd27-f7effa7824d7,4,1587.705534
2026/02/05/10:47:59,running-time,rs-001702-87hqk,93093944-bca0-4d73-bd27-f7effa7824d7,4,1587.705534
2026/02/05/10:47:59,apply-time,rs-001702-t6g8j,085fcadd-bb18-4d35-bd5d-9b1f3877fff6,4,1587.705534
2026/02/05/10:47:59,running-time,rs-001702-t6g8j,085fcadd-bb18-4d35-bd5d-9b1f3877fff6,4,1587.705534
2026/02/05/10:47:59,apply-time,rs-001702-wfs7d,6e670f26-78ad-431a-a278-f12a66b237da,4,1587.705534
2026/02/05/10:47:59,running-time,rs-001702-wfs7d,6e670f26-78ad-431a-a278-f12a66b237da,4,1587.705534
2026/02/05/10:47:59,apply-time,rs-001703-gnbv2,03b3f658-71f8-4ba4-a5c6-6722a9fca53e,4,1587.705534
2026/02/05/10:47:59,running-time,rs-001703-gnbv2,03b3f658-71f8-4ba4-a5c6-6722a9fca53e,4,1587.705534
2026/02/05/10:47:59,apply-time,rs-001704-bhrd2,b45e6b16-6953-4073-b970-7ded78133499,4,1588.705534
2026/02/05/10:47:59,running-time,rs-001704-bhrd2,b45e6b16-6953-4073-b970-7ded78133499,4,1588.705534
2026/02/05/10:47:59,apply-time,rs-001704-mkx7s,bb143699-e48f-4ca5-b3a6-48609d8afe95,4,1588.705534
2026/02/05/10:47:59,running-time,rs-001704-mkx7s,bb143699-e48f-4ca5-b3a6-48609d8afe95,4,1588.705534
2026/02/05/10:47:59,apply-time,rs-001705-8t5hj,46866f6e-d37a-46ff-8e62-faa5ec1f1138,1,1588.705534
2026/02/05/10:47:59,running-time,rs-001705-8t5hj,46866f6e-d37a-46ff-8e62-faa5ec1f1138,1,1588.705534
2026/02/05/10:48:02,apply-time,rs-001706-bs8ml,f503e244-7d9a-4f4c-ad0c-6d8b919e7176,1,1590.705534
2026/02/05/10:48:02,running-time,rs-001706-bs8ml,f503e244-7d9a-4f4c-ad0c-6d8b919e7176,1,1590.705534
2026/02/05/10:48:04,apply-time,rs-001707-td9wh,444fbe69-28f2-4c63-bf87-f42d651d1a51,2,1592.705534
2026/02/05/10:48:04,running-time,rs-001707-td9wh,444fbe69-28f2-4c63-bf87-f42d651d1a51,2,1592.705534
2026/02/05/10:48:04,apply-time,rs-001707-wb6jm,2ceef3d9-cd2f-4810-93f6-0bd63f44902d,2,1592.705534
2026/02/05/10:48:04,running-time,rs-001707-wb6jm,2ceef3d9-cd2f-4810-93f6-0bd63f44902d,2,1592.705534
2026/02/05/10:48:04,apply-time,rs-001708-rp8wm,ef3e35f0-0fbb-4fe9-84c5-f69fa9c27225,1,1593.705534
2026/02/05/10:48:04,running-time,rs-001708-rp8wm,ef3e35f0-0fbb-4fe9-84c5-f69fa9c27225,1,1593.705534
2026/02/05/10:48:04,apply-time,rs-001709-c56x6,f57b5710-2264-4ede-b14a-6fd7ffb81ad7,2,1593.705534
2026/02/05/10:48:04,running-time,rs-001709-c56x6,f57b5710-2264-4ede-b14a-6fd7ffb81ad7,2,1593.705534
2026/02/05/10:48:04,apply-time,rs-001709-gjsjz,89e64383-245e-4ee9-9a64-97229f22189f,2,1593.705534
2026/02/05/10:48:04,running-time,rs-001709-gjsjz,89e64383-245e-4ee9-9a64-97229f22189f,2,1593.705534
2026/02/05/10:48:04,apply-time,rs-001709-msd6h,af991f1b-aa3b-4038-8640-6bf6682bbcf7,2,1593.705534
2026/02/05/10:48:04,running-time,rs-001709-msd6h,af991f1b-aa3b-4038-8640-6bf6682bbcf7,2,1593.705534
2026/02/05/10:48:04,apply-time,rs-001710-67r95,d20afc43-9704-42c0-9364-adcc3f3012a6,4,1593.705534
2026/02/05/10:48:04,running-time,rs-001710-67r95,d20afc43-9704-42c0-9364-adcc3f3012a6,4,1593.705534
2026/02/05/10:48:04,apply-time,rs-001711-zk4pl,db2f0ea0-3125-429e-aae6-807be9516706,1,1593.705534
2026/02/05/10:48:04,running-time,rs-001711-zk4pl,db2f0ea0-3125-429e-aae6-807be9516706,1,1593.705534
2026/02/05/10:48:04,apply-time,rs-001712-hvhcn,65b24beb-a938-467c-8f0d-a2d2a944021a,2,1593.705534
2026/02/05/10:48:04,running-time,rs-001712-hvhcn,65b24beb-a938-467c-8f0d-a2d2a944021a,2,1593.705534
2026/02/05/10:48:04,apply-time,rs-001712-ljccp,a47d5f79-480a-4fc1-9efc-9a1f46499f75,2,1593.705534
2026/02/05/10:48:04,running-time,rs-001712-ljccp,a47d5f79-480a-4fc1-9efc-9a1f46499f75,2,1593.705534
2026/02/05/10:48:04,apply-time,rs-001712-mqm67,0eac2b0c-a49d-4268-9e37-575b99c42107,2,1593.705534
2026/02/05/10:48:04,running-time,rs-001712-mqm67,0eac2b0c-a49d-4268-9e37-575b99c42107,2,1593.705534
2026/02/05/10:48:05,apply-time,rs-001713-kzqrq,a0b36b35-260e-45d5-a266-515f51d5e21e,4,1593.705534
2026/02/05/10:48:05,running-time,rs-001713-kzqrq,a0b36b35-260e-45d5-a266-515f51d5e21e,4,1593.705534
2026/02/05/10:48:05,apply-time,rs-001713-mbv42,05862cfc-7d07-4752-b13c-e2ed4108122a,4,1593.705534
2026/02/05/10:48:05,running-time,rs-001713-mbv42,05862cfc-7d07-4752-b13c-e2ed4108122a,4,1593.705534
2026/02/05/10:48:05,apply-time,rs-001713-vq5t6,c6075528-ce27-4832-8cfa-565af187700e,4,1593.705534
2026/02/05/10:48:05,running-time,rs-001713-vq5t6,c6075528-ce27-4832-8cfa-565af187700e,4,1593.705534
2026/02/05/10:48:07,apply-time,rs-001714-h72zp,cbdfedef-2183-4e34-909d-eb22719ef7fc,3,1595.705534
2026/02/05/10:48:07,running-time,rs-001714-h72zp,cbdfedef-2183-4e34-909d-eb22719ef7fc,3,1595.705534
2026/02/05/10:48:07,apply-time,rs-001715-5vdjx,278c3709-8446-4191-b9b4-eae95e2fb01e,2,1595.705534
2026/02/05/10:48:07,running-time,rs-001715-5vdjx,278c3709-8446-4191-b9b4-eae95e2fb01e,2,1595.705534
2026/02/05/10:48:07,apply-time,rs-001716-g5dh4,6ede41f7-bf21-4246-9c53-7b337b95a8f5,4,1595.705534
2026/02/05/10:48:07,running-time,rs-001716-g5dh4,6ede41f7-bf21-4246-9c53-7b337b95a8f5,4,1595.705534
2026/02/05/10:48:07,apply-time,rs-001717-fmfs4,ae2069e2-c7ca-4750-b1c8-762fc3924da1,3,1595.705534
2026/02/05/10:48:07,running-time,rs-001717-fmfs4,ae2069e2-c7ca-4750-b1c8-762fc3924da1,3,1595.705534
2026/02/05/10:48:07,apply-time,rs-001717-rcvzk,829b3ae1-543d-4c7c-b447-e2498fc773bc,3,1595.705534
2026/02/05/10:48:07,apply-time,rs-001718-846kw,65230f28-75b9-415a-9684-0d452ee00e21,1,1595.705534
2026/02/05/10:48:07,apply-time,rs-001718-nm96x,600d5b0c-4062-43c5-ac77-3a0399501844,1,1595.705534
2026/02/05/10:48:07,apply-time,rs-001719-9lmsr,a9272af1-9a43-4429-8311-e3c6ecdb88a5,1,1596.705534
2026/02/05/10:48:07,running-time,rs-001719-9lmsr,a9272af1-9a43-4429-8311-e3c6ecdb88a5,1,1596.705534
2026/02/05/10:48:07,apply-time,rs-001719-f9m5n,d821f93a-88da-4ccb-a43a-ffac59c82c90,1,1595.705534
2026/02/05/10:48:07,running-time,rs-001719-f9m5n,d821f93a-88da-4ccb-a43a-ffac59c82c90,1,1596.705534
2026/02/05/10:48:07,apply-time,rs-001719-xs7cz,80ccd557-357f-4a87-8408-dc40ffa2eda9,1,1596.705534
2026/02/05/10:48:07,running-time,rs-001719-xs7cz,80ccd557-357f-4a87-8408-dc40ffa2eda9,1,1596.705534
2026/02/05/10:48:08,running-time,rs-001717-rcvzk,829b3ae1-543d-4c7c-b447-e2498fc773bc,3,1596.705534
2026/02/05/10:48:08,running-time,rs-001718-846kw,65230f28-75b9-415a-9684-0d452ee00e21,1,1596.705534
2026/02/05/10:48:08,running-time,rs-001718-nm96x,600d5b0c-4062-43c5-ac77-3a0399501844,1,1596.705534
2026/02/05/10:48:16,apply-time,rs-001720-z9hk9,95590676-0f1d-4a71-afa9-b674cf3f3dbe,3,1605.705534
2026/02/05/10:48:16,running-time,rs-001720-z9hk9,95590676-0f1d-4a71-afa9-b674cf3f3dbe,3,1605.705534
2026/02/05/10:48:16,apply-time,rs-001721-7r542,8168b102-988e-433f-8cca-488ee3f1e52c,3,1605.705534
2026/02/05/10:48:16,running-time,rs-001721-7r542,8168b102-988e-433f-8cca-488ee3f1e52c,3,1605.705534
2026/02/05/10:48:16,apply-time,rs-001721-dgmbx,7ac408eb-bf6c-4a6a-87f0-925faf9ee001,3,1605.705534
2026/02/05/10:48:16,running-time,rs-001721-dgmbx,7ac408eb-bf6c-4a6a-87f0-925faf9ee001,3,1605.705534
2026/02/05/10:48:16,apply-time,rs-001722-bngd6,0b509de0-0a9a-46a2-a9b8-f8850a1883cb,3,1605.705534
2026/02/05/10:48:16,running-time,rs-001722-bngd6,0b509de0-0a9a-46a2-a9b8-f8850a1883cb,3,1605.705534
2026/02/05/10:48:16,apply-time,rs-001722-rwnwj,578980aa-0479-4419-9f94-4c036353b270,3,1605.705534
2026/02/05/10:48:16,running-time,rs-001722-rwnwj,578980aa-0479-4419-9f94-4c036353b270,3,1605.705534
2026/02/05/10:48:16,apply-time,rs-001723-br77n,4448d83e-6b2a-4de9-bcfc-7cd9107a128c,2,1605.705534
2026/02/05/10:48:16,running-time,rs-001723-br77n,4448d83e-6b2a-4de9-bcfc-7cd9107a128c,2,1605.705534
2026/02/05/10:48:16,apply-time,rs-001723-nwprq,303e627f-62de-44b8-b53e-39fc3a2f5f4e,2,1605.705534
2026/02/05/10:48:16,running-time,rs-001723-nwprq,303e627f-62de-44b8-b53e-39fc3a2f5f4e,2,1605.705534
2026/02/05/10:48:16,apply-time,rs-001724-87lhx,ecbcffb2-2f50-409d-ac0d-180a48e66496,4,1605.705534
2026/02/05/10:48:16,running-time,rs-001724-87lhx,ecbcffb2-2f50-409d-ac0d-180a48e66496,4,1605.705534
2026/02/05/10:48:16,apply-time,rs-001724-gpkfv,e2aa5b70-28cf-4729-bacd-931c2d4de60d,4,1605.705534
2026/02/05/10:48:16,running-time,rs-001724-gpkfv,e2aa5b70-28cf-4729-bacd-931c2d4de60d,4,1605.705534
2026/02/05/10:48:17,apply-time,rs-001725-8b462,3e9cadcc-6a17-42df-9ffe-9b9dd4330c5d,1,1605.705534
2026/02/05/10:48:17,running-time,rs-001725-8b462,3e9cadcc-6a17-42df-9ffe-9b9dd4330c5d,1,1605.705534
2026/02/05/10:48:17,apply-time,rs-001725-c5bb8,664e4ac7-7d14-4b44-9acb-b847fe449ca5,1,1605.705534
2026/02/05/10:48:17,running-time,rs-001725-c5bb8,664e4ac7-7d14-4b44-9acb-b847fe449ca5,1,1606.705534
2026/02/05/10:48:17,apply-time,rs-001725-gxrf5,a40ff127-f5ea-4e60-bac3-9c496d441d18,1,1605.705534
2026/02/05/10:48:17,running-time,rs-001725-gxrf5,a40ff127-f5ea-4e60-bac3-9c496d441d18,1,1605.705534
2026/02/05/10:48:22,apply-time,rs-001726-rjhx9,c35b6fc3-d501-4911-b4a5-16c7566a92d8,1,1610.705534
2026/02/05/10:48:22,running-time,rs-001726-rjhx9,c35b6fc3-d501-4911-b4a5-16c7566a92d8,1,1610.705534
2026/02/05/10:48:22,apply-time,rs-001726-sscwl,1de7f422-a507-452a-87f7-ba872d7b430c,1,1610.705534
2026/02/05/10:48:22,running-time,rs-001726-sscwl,1de7f422-a507-452a-87f7-ba872d7b430c,1,1610.705534
2026/02/05/10:48:22,apply-time,rs-001726-vdqg7,93aa8ef2-0bec-4c3d-a4e8-7c58e0b420e3,1,1610.705534
2026/02/05/10:48:22,running-time,rs-001726-vdqg7,93aa8ef2-0bec-4c3d-a4e8-7c58e0b420e3,1,1610.705534
2026/02/05/10:48:26,apply-time,rs-001727-8wj67,8517c9f8-4659-4fe1-a19a-839966b2ab86,3,1614.705534
2026/02/05/10:48:26,running-time,rs-001727-8wj67,8517c9f8-4659-4fe1-a19a-839966b2ab86,3,1614.705534
2026/02/05/10:48:26,apply-time,rs-001727-ngfkm,27ca58d1-dbbd-421d-a7c6-22cf4efb49fc,3,1614.705534
2026/02/05/10:48:26,running-time,rs-001727-ngfkm,27ca58d1-dbbd-421d-a7c6-22cf4efb49fc,3,1614.705534
2026/02/05/10:48:26,apply-time,rs-001728-9xnz2,b967e1c8-0acb-45a8-b081-c11f2a711375,3,1614.705534
2026/02/05/10:48:26,running-time,rs-001728-9xnz2,b967e1c8-0acb-45a8-b081-c11f2a711375,3,1614.705534
2026/02/05/10:48:26,apply-time,rs-001728-l76nw,e3de0f0e-2b06-467a-81c9-c4597c86d1b8,3,1614.705534
2026/02/05/10:48:26,running-time,rs-001728-l76nw,e3de0f0e-2b06-467a-81c9-c4597c86d1b8,3,1614.705534
2026/02/05/10:48:26,apply-time,rs-001728-xtjwm,05b07d86-650a-4436-aa2c-be7dc84126f1,3,1614.705534
2026/02/05/10:48:26,running-time,rs-001728-xtjwm,05b07d86-650a-4436-aa2c-be7dc84126f1,3,1614.705534
2026/02/05/10:48:28,apply-time,rs-001729-4cm8w,ab0a0e12-e298-4a61-be11-150c5524c35f,2,1617.705534
2026/02/05/10:48:28,running-time,rs-001729-4cm8w,ab0a0e12-e298-4a61-be11-150c5524c35f,2,1617.705534
2026/02/05/10:48:28,apply-time,rs-001729-bjmcs,62d386e2-54ce-465f-8f0d-bc38521db142,2,1617.705534
2026/02/05/10:48:28,running-time,rs-001729-bjmcs,62d386e2-54ce-465f-8f0d-bc38521db142,2,1617.705534
2026/02/05/10:48:28,apply-time,rs-001730-fvt9g,f86c7c0b-918c-4f57-8559-ef298b289793,4,1617.705534
2026/02/05/10:48:28,apply-time,rs-001730-kd8zn,da53f780-9b47-4607-b4f9-6b3b37b0fbe8,4,1617.705534
2026/02/05/10:48:28,running-time,rs-001730-kd8zn,da53f780-9b47-4607-b4f9-6b3b37b0fbe8,4,1617.705534
2026/02/05/10:48:29,running-time,rs-001730-fvt9g,f86c7c0b-918c-4f57-8559-ef298b289793,4,1617.705534
2026/02/05/10:48:31,apply-time,rs-001731-98p7f,17783d27-e200-40fc-826f-a99522dbe9b2,2,1620.705534
2026/02/05/10:48:31,running-time,rs-001731-98p7f,17783d27-e200-40fc-826f-a99522dbe9b2,2,1620.705534
2026/02/05/10:48:31,apply-time,rs-001731-nbqrx,f42b7c55-3708-4f78-94b1-01dbf0b24e51,2,1620.705534
2026/02/05/10:48:31,running-time,rs-001731-nbqrx,f42b7c55-3708-4f78-94b1-01dbf0b24e51,2,1620.705534
2026/02/05/10:48:31,apply-time,rs-001731-z295p,3dfc9cb9-f0cf-4306-bcf7-bb2e8cf66646,2,1620.705534
2026/02/05/10:48:31,running-time,rs-001731-z295p,3dfc9cb9-f0cf-4306-bcf7-bb2e8cf66646,2,1620.705534
2026/02/05/10:48:31,apply-time,rs-001732-95rr9,2b1107d8-e4a8-434b-b262-91596687532a,2,1620.705534
2026/02/05/10:48:31,running-time,rs-001732-95rr9,2b1107d8-e4a8-434b-b262-91596687532a,2,1620.705534
2026/02/05/10:48:31,apply-time,rs-001732-n44q2,012175ab-e1ee-4531-8480-aae1392fb5ec,2,1620.705534
2026/02/05/10:48:31,running-time,rs-001732-n44q2,012175ab-e1ee-4531-8480-aae1392fb5ec,2,1620.705534
2026/02/05/10:48:31,apply-time,rs-001732-t6lk8,0fb5673d-409d-4a50-9a95-cbebdc8290d3,2,1620.705534
2026/02/05/10:48:31,running-time,rs-001732-t6lk8,0fb5673d-409d-4a50-9a95-cbebdc8290d3,2,1620.705534
2026/02/05/10:48:31,apply-time,rs-001733-rb8bg,3fe1332f-1e53-4949-a0ee-4d2da972eb60,3,1620.705534
2026/02/05/10:48:31,apply-time,rs-001734-4hdjx,3cf01337-ce25-4dc6-98c4-c4c87b880dcb,1,1620.705534
2026/02/05/10:48:31,apply-time,rs-001734-z8lff,fa07cb94-2c11-406b-84ca-c6b789c7c4db,1,1620.705534
2026/02/05/10:48:31,apply-time,rs-001734-zwddz,2fd33d55-c759-4976-928e-37b9fca53966,1,1620.705534
2026/02/05/10:48:31,running-time,rs-001734-zwddz,2fd33d55-c759-4976-928e-37b9fca53966,1,1620.705534
2026/02/05/10:48:31,apply-time,rs-001735-nbqt7,ad965706-99c1-42af-a8dc-b5fb85c26b60,2,1620.705534
2026/02/05/10:48:31,running-time,rs-001735-nbqt7,ad965706-99c1-42af-a8dc-b5fb85c26b60,2,1620.705534
2026/02/05/10:48:31,apply-time,rs-001735-tnf6d,3226491b-7f3d-44e3-a6e8-5181d0d3a59f,2,1620.705534
2026/02/05/10:48:31,running-time,rs-001735-tnf6d,3226491b-7f3d-44e3-a6e8-5181d0d3a59f,2,1620.705534
2026/02/05/10:48:32,running-time,rs-001734-4hdjx,3cf01337-ce25-4dc6-98c4-c4c87b880dcb,1,1620.705534
2026/02/05/10:48:32,running-time,rs-001734-z8lff,fa07cb94-2c11-406b-84ca-c6b789c7c4db,1,1620.705534
2026/02/05/10:48:32,apply-time,rs-001736-5qg2m,dca23df9-a127-497b-895b-bf6e0900d764,4,1621.705534
2026/02/05/10:48:32,apply-time,rs-001736-d7tm6,530343d4-9a73-44ef-941e-953d3fc53c20,4,1621.705534
2026/02/05/10:48:32,apply-time,rs-001736-tg468,5b2de93e-6911-4151-b776-d087490da866,4,1620.705534
2026/02/05/10:48:40,apply-time,rs-001737-pcttx,33190252-740c-4dd6-a3ed-78b052288a4e,1,1628.705534
2026/02/05/10:48:40,running-time,rs-001737-pcttx,33190252-740c-4dd6-a3ed-78b052288a4e,1,1628.705534
2026/02/05/10:48:50,apply-time,rs-001738-wsj9k,9d4095f2-5722-4960-bda6-f9e42fa931cc,2,1639.705534
2026/02/05/10:48:50,running-time,rs-001738-wsj9k,9d4095f2-5722-4960-bda6-f9e42fa931cc,2,1639.705534
2026/02/05/10:48:50,apply-time,rs-001738-xs6rx,cd7b22d0-49fb-4cd4-9d9f-e35cc12d8daf,2,1639.705534
2026/02/05/10:48:50,running-time,rs-001738-xs6rx,cd7b22d0-49fb-4cd4-9d9f-e35cc12d8daf,2,1639.705534
2026/02/05/10:48:50,apply-time,rs-001739-bcp48,8346cce8-e218-4bbe-a729-282f4ea077a8,1,1639.705534
2026/02/05/10:48:50,running-time,rs-001739-bcp48,8346cce8-e218-4bbe-a729-282f4ea077a8,1,1639.705534
2026/02/05/10:48:51,apply-time,rs-001740-hlt47,54cb697e-3358-40e6-8f94-e4bdc9d4f8cf,4,1639.705534
2026/02/05/10:48:51,running-time,rs-001740-hlt47,54cb697e-3358-40e6-8f94-e4bdc9d4f8cf,4,1639.705534
2026/02/05/10:48:51,apply-time,rs-001741-mxtrw,b1af8080-c5aa-4ced-8f32-cb9302312a3d,1,1639.705534
2026/02/05/10:48:51,running-time,rs-001741-mxtrw,b1af8080-c5aa-4ced-8f32-cb9302312a3d,1,1639.705534
2026/02/05/10:48:51,apply-time,rs-001741-qj6gb,0c53cbdd-53cf-4d07-aec2-52daf4789fe0,1,1639.705534
2026/02/05/10:48:51,running-time,rs-001741-qj6gb,0c53cbdd-53cf-4d07-aec2-52daf4789fe0,1,1639.705534
2026/02/05/10:48:51,apply-time,rs-001742-b75wz,571e4006-483c-4923-a418-643295b9f418,4,1639.705534
2026/02/05/10:48:51,running-time,rs-001742-b75wz,571e4006-483c-4923-a418-643295b9f418,4,1639.705534
2026/02/05/10:48:51,apply-time,rs-001742-dkgx2,6709719d-353b-4200-b8f4-4e17da323e62,4,1639.705534
2026/02/05/10:48:51,running-time,rs-001742-dkgx2,6709719d-353b-4200-b8f4-4e17da323e62,4,1639.705534
2026/02/05/10:48:51,apply-time,rs-001742-z4n7r,e737feff-1580-461a-9ca5-106f9bf33c8c,4,1639.705534
2026/02/05/10:48:51,running-time,rs-001742-z4n7r,e737feff-1580-461a-9ca5-106f9bf33c8c,4,1639.705534
2026/02/05/10:48:51,apply-time,rs-001743-b7bp2,b6e60f6f-1f33-464a-af01-8181b910a71b,2,1639.705534
2026/02/05/10:48:51,running-time,rs-001743-b7bp2,b6e60f6f-1f33-464a-af01-8181b910a71b,2,1639.705534
2026/02/05/10:48:51,apply-time,rs-001743-wmxkw,d3e5b641-b206-4bfa-a90e-69323ef18e9a,2,1639.705534
2026/02/05/10:48:51,running-time,rs-001743-wmxkw,d3e5b641-b206-4bfa-a90e-69323ef18e9a,2,1639.705534
2026/02/05/10:48:51,apply-time,rs-001743-zvrzn,b825a8bf-86a5-4711-85e9-abf5756dfb4f,2,1639.705534
2026/02/05/10:48:51,running-time,rs-001743-zvrzn,b825a8bf-86a5-4711-85e9-abf5756dfb4f,2,1639.705534
2026/02/05/10:48:51,apply-time,rs-001744-gcp4v,cfa20bd4-ff7b-4984-8999-d0c9ff3f65bc,2,1640.705534
2026/02/05/10:48:51,running-time,rs-001744-gcp4v,cfa20bd4-ff7b-4984-8999-d0c9ff3f65bc,2,1640.705534
2026/02/05/10:48:51,apply-time,rs-001744-h9bsq,28d8b055-315a-4517-b32f-01210d8a018c,2,1640.705534
2026/02/05/10:48:51,running-time,rs-001744-h9bsq,28d8b055-315a-4517-b32f-01210d8a018c,2,1640.705534
2026/02/05/10:48:51,apply-time,rs-001745-8x45c,894946ca-50e9-4fc1-8a52-e073e31ad892,2,1639.705534
2026/02/05/10:48:51,running-time,rs-001745-8x45c,894946ca-50e9-4fc1-8a52-e073e31ad892,2,1640.705534
2026/02/05/10:48:56,apply-time,rs-001746-q7dmw,7caec0ef-157d-4b71-97fd-404d07e25c7a,1,1645.705534
2026/02/05/10:48:56,running-time,rs-001746-q7dmw,7caec0ef-157d-4b71-97fd-404d07e25c7a,1,1645.705534
2026/02/05/10:48:56,apply-time,rs-001747-6rkvs,e739cf92-85a1-4071-8ef2-875be3847c97,1,1645.705534
2026/02/05/10:48:56,running-time,rs-001747-6rkvs,e739cf92-85a1-4071-8ef2-875be3847c97,1,1645.705534
2026/02/05/10:48:56,apply-time,rs-001748-xn9wm,f4679c21-5759-47c8-8aab-26da64f38a7f,4,1645.705534
2026/02/05/10:48:56,running-time,rs-001748-xn9wm,f4679c21-5759-47c8-8aab-26da64f38a7f,4,1645.705534
2026/02/05/10:48:56,apply-time,rs-001749-ck6mn,9c0dd69e-3bdf-48bb-9c67-ce07aeb5425e,1,1645.705534
2026/02/05/10:48:56,running-time,rs-001749-ck6mn,9c0dd69e-3bdf-48bb-9c67-ce07aeb5425e,1,1645.705534
2026/02/05/10:48:56,apply-time,rs-001749-pmvmh,1221bc26-087b-44dd-979a-7774caf8d4a8,1,1645.705534
2026/02/05/10:48:56,running-time,rs-001749-pmvmh,1221bc26-087b-44dd-979a-7774caf8d4a8,1,1645.705534
2026/02/05/10:48:56,apply-time,rs-001750-b9dmf,7a9d21fc-354a-4ce4-a82c-49f7c0b827ef,3,1645.705534
2026/02/05/10:48:56,running-time,rs-001750-b9dmf,7a9d21fc-354a-4ce4-a82c-49f7c0b827ef,3,1645.705534
2026/02/05/10:48:57,apply-time,rs-001751-2dhgm,2d5a9a58-a2df-48ab-99c2-b6862b24c011,1,1645.705534
2026/02/05/10:48:57,running-time,rs-001751-2dhgm,2d5a9a58-a2df-48ab-99c2-b6862b24c011,1,1646.705534
2026/02/05/10:48:57,apply-time,rs-001752-794rq,abd67ef4-33f3-4123-88c5-523e9cef826c,2,1645.705534
2026/02/05/10:48:57,apply-time,rs-001752-99fgc,bbcf1140-ab3e-47c6-a078-8403b3709fb6,2,1645.705534
2026/02/05/10:48:57,apply-time,rs-001752-dflln,f87ceb33-6d36-41a1-971f-9c25153355f0,2,1645.705534
2026/02/05/10:48:58,apply-time,rs-001753-4v4fk,f2536c38-5048-4873-b7c5-37d69f2a0d5e,2,1646.705534
2026/02/05/10:48:58,running-time,rs-001753-4v4fk,f2536c38-5048-4873-b7c5-37d69f2a0d5e,2,1647.705534
2026/02/05/10:48:58,apply-time,rs-001753-x55vs,1750bcac-f07b-4ce7-9f86-ddda3603af67,2,1646.705534
2026/02/05/10:48:58,running-time,rs-001753-x55vs,1750bcac-f07b-4ce7-9f86-ddda3603af67,2,1646.705534
2026/02/05/10:48:58,apply-time,rs-001754-m7l27,90a25344-451a-4c0e-a34e-e885d72830d3,1,1646.705534
2026/02/05/10:48:58,running-time,rs-001754-m7l27,90a25344-451a-4c0e-a34e-e885d72830d3,1,1646.705534
2026/02/05/10:48:58,apply-time,rs-001755-kzt8p,d7012aa6-87d0-4f19-864f-e564cbb856f2,1,1646.705534
2026/02/05/10:48:58,running-time,rs-001755-kzt8p,d7012aa6-87d0-4f19-864f-e564cbb856f2,1,1646.705534
2026/02/05/10:48:58,apply-time,rs-001755-lggq6,d24d4061-b206-4d90-a76b-bb3983794ad4,1,1646.705534
2026/02/05/10:48:58,running-time,rs-001755-lggq6,d24d4061-b206-4d90-a76b-bb3983794ad4,1,1646.705534
2026/02/05/10:49:01,apply-time,rs-001756-xzdl8,9fe0d739-43b9-416b-afd1-a01d691f15c8,1,1649.705534
2026/02/05/10:49:01,running-time,rs-001756-xzdl8,9fe0d739-43b9-416b-afd1-a01d691f15c8,1,1649.705534
2026/02/05/10:49:01,apply-time,rs-001757-cvxdh,66b58ff1-98db-4d1e-abde-fe9850df0f94,1,1649.705534
2026/02/05/10:49:01,running-time,rs-001757-cvxdh,66b58ff1-98db-4d1e-abde-fe9850df0f94,1,1649.705534
2026/02/05/10:49:01,apply-time,rs-001757-l6wpg,c0ab4dd3-6b00-4d87-8901-b039870b9816,1,1649.705534
2026/02/05/10:49:01,running-time,rs-001757-l6wpg,c0ab4dd3-6b00-4d87-8901-b039870b9816,1,1649.705534
2026/02/05/10:49:01,apply-time,rs-001757-sc5mf,6ac791c1-fb4f-48d3-ba4b-079184924870,1,1649.705534
2026/02/05/10:49:01,running-time,rs-001757-sc5mf,6ac791c1-fb4f-48d3-ba4b-079184924870,1,1649.705534
2026/02/05/10:49:01,apply-time,rs-001758-22gnr,cb11f838-49a2-4a2c-9264-21f90a135308,2,1649.705534
2026/02/05/10:49:01,running-time,rs-001758-22gnr,cb11f838-49a2-4a2c-9264-21f90a135308,2,1649.705534
2026/02/05/10:49:01,apply-time,rs-001758-57skm,bed6bda7-e7d6-4dc0-9eeb-a10ffc82c691,2,1649.705534
2026/02/05/10:49:01,running-time,rs-001758-57skm,bed6bda7-e7d6-4dc0-9eeb-a10ffc82c691,2,1649.705534
2026/02/05/10:49:01,apply-time,rs-001758-s8pmf,e20b67d5-f0f3-4398-bbf3-0eb66f9deaa8,2,1649.705534
2026/02/05/10:49:01,running-time,rs-001758-s8pmf,e20b67d5-f0f3-4398-bbf3-0eb66f9deaa8,2,1649.705534
2026/02/05/10:49:01,apply-time,rs-001759-br6ng,54121737-8375-4927-ab90-a128343e700e,3,1649.705534
2026/02/05/10:49:01,running-time,rs-001759-br6ng,54121737-8375-4927-ab90-a128343e700e,3,1650.705534
2026/02/05/10:49:01,apply-time,rs-001759-nk4rh,565a8a32-ef5c-4967-8c80-3d33039cccc9,3,1649.705534
2026/02/05/10:49:01,running-time,rs-001759-nk4rh,565a8a32-ef5c-4967-8c80-3d33039cccc9,3,1650.705534
2026/02/05/10:49:01,apply-time,rs-001760-p7m8h,b3ed8fa9-9c4c-4ec1-937a-c015a15c6a11,2,1649.705534
2026/02/05/10:49:01,running-time,rs-001760-p7m8h,b3ed8fa9-9c4c-4ec1-937a-c015a15c6a11,2,1649.705534
2026/02/05/10:49:01,apply-time,rs-001761-bd5nq,a8ac599f-b228-4bca-9de1-9f2bd4893337,3,1650.705534
2026/02/05/10:49:01,running-time,rs-001761-bd5nq,a8ac599f-b228-4bca-9de1-9f2bd4893337,3,1650.705534
2026/02/05/10:49:01,apply-time,rs-001762-hp6g8,fdf86c2a-e48c-41eb-b2ed-f294ab2fa61f,3,1650.705534
2026/02/05/10:49:01,running-time,rs-001762-hp6g8,fdf86c2a-e48c-41eb-b2ed-f294ab2fa61f,3,1650.705534
2026/02/05/10:49:02,apply-time,rs-001761-ndqcc,37dac2ff-3b62-4b2f-b985-7ae9c31e0dc0,3,1650.705534
2026/02/05/10:49:02,running-time,rs-001761-ndqcc,37dac2ff-3b62-4b2f-b985-7ae9c31e0dc0,3,1650.705534
2026/02/05/10:49:02,apply-time,rs-001761-qzmzw,2dd99811-3406-44e7-ae5a-a2f316d8b50c,3,1650.705534
2026/02/05/10:49:02,running-time,rs-001761-qzmzw,2dd99811-3406-44e7-ae5a-a2f316d8b50c,3,1650.705534
2026/02/05/10:49:02,apply-time,rs-001762-zhcft,19f1e095-b5c9-44ef-8b09-551a86660785,3,1650.705534
2026/02/05/10:49:02,running-time,rs-001762-zhcft,19f1e095-b5c9-44ef-8b09-551a86660785,3,1650.705534
2026/02/05/10:49:02,apply-time,rs-001763-rc9sq,f4d8e2de-f244-4cfb-9823-7c3351980b18,2,1650.705534
2026/02/05/10:49:02,running-time,rs-001763-rc9sq,f4d8e2de-f244-4cfb-9823-7c3351980b18,2,1650.705534
2026/02/05/10:49:02,apply-time,rs-001763-xvrbb,0b8085b9-d09c-4adc-87c3-5da6dae0c50f,2,1651.705534
2026/02/05/10:49:02,running-time,rs-001763-xvrbb,0b8085b9-d09c-4adc-87c3-5da6dae0c50f,2,1651.705534
2026/02/05/10:49:03,apply-time,rs-001764-6rhfd,8d6f50cd-52c4-46dc-b436-28c3c4c45bf3,3,1651.705534
2026/02/05/10:49:03,running-time,rs-001764-6rhfd,8d6f50cd-52c4-46dc-b436-28c3c4c45bf3,3,1652.705534
2026/02/05/10:49:03,apply-time,rs-001764-bpdxg,0ae0562d-6305-4bd0-96e0-7b5dbb9a6719,3,1651.705534
2026/02/05/10:49:03,running-time,rs-001764-bpdxg,0ae0562d-6305-4bd0-96e0-7b5dbb9a6719,3,1651.705534
2026/02/05/10:49:03,apply-time,rs-001764-cfpkg,44d44085-7d24-4e89-b9e0-1022ecab1ce6,3,1651.705534
2026/02/05/10:49:03,running-time,rs-001764-cfpkg,44d44085-7d24-4e89-b9e0-1022ecab1ce6,3,1651.705534
2026/02/05/10:49:03,apply-time,rs-001765-2zll5,1af4b26e-071d-446e-98b9-1de7977d2967,4,1651.705534
2026/02/05/10:49:03,running-time,rs-001765-2zll5,1af4b26e-071d-446e-98b9-1de7977d2967,4,1651.705534
2026/02/05/10:49:03,apply-time,rs-001765-5hzsv,8a1a50dc-e819-46b2-a33f-9e864625f851,4,1651.705534
2026/02/05/10:49:03,running-time,rs-001765-5hzsv,8a1a50dc-e819-46b2-a33f-9e864625f851,4,1651.705534
2026/02/05/10:49:03,apply-time,rs-001766-4m5gr,7beaa417-9767-44af-8c9c-4cbf131de41d,3,1652.705534
2026/02/05/10:49:03,running-time,rs-001766-4m5gr,7beaa417-9767-44af-8c9c-4cbf131de41d,3,1652.705534
2026/02/05/10:49:07,apply-time,rs-001767-mgr47,8987aafa-d39c-4f57-90d0-706d722f485a,3,1656.705534
2026/02/05/10:49:07,running-time,rs-001767-mgr47,8987aafa-d39c-4f57-90d0-706d722f485a,3,1656.705534
2026/02/05/10:49:08,apply-time,rs-001768-258cp,71dddaa4-5a30-4c86-8717-5cde56a358c3,4,1656.705534
2026/02/05/10:49:08,running-time,rs-001768-258cp,71dddaa4-5a30-4c86-8717-5cde56a358c3,4,1656.705534
2026/02/05/10:49:08,apply-time,rs-001768-75jlp,249e40a2-3ddc-4b59-bfa1-294ae465715a,4,1656.705534
2026/02/05/10:49:08,running-time,rs-001768-75jlp,249e40a2-3ddc-4b59-bfa1-294ae465715a,4,1656.705534
2026/02/05/10:49:08,apply-time,rs-001769-vwbrn,e82746cb-967e-4ae3-af24-76a6952632a2,2,1657.705534
2026/02/05/10:49:08,running-time,rs-001769-vwbrn,e82746cb-967e-4ae3-af24-76a6952632a2,2,1657.705534
2026/02/05/10:49:08,apply-time,rs-001770-76d64,58182eff-5e83-417a-a4a8-e7a715407066,4,1657.705534
2026/02/05/10:49:08,running-time,rs-001770-76d64,58182eff-5e83-417a-a4a8-e7a715407066,4,1657.705534
2026/02/05/10:49:08,apply-time,rs-001770-n62sw,4aad1e0c-e0a5-4f02-bc07-2d7f942e6e4b,4,1657.705534
2026/02/05/10:49:08,running-time,rs-001770-n62sw,4aad1e0c-e0a5-4f02-bc07-2d7f942e6e4b,4,1657.705534
2026/02/05/10:49:08,apply-time,rs-001770-zg5qr,328cd983-eba5-45d7-85cc-327c37b822ff,4,1657.705534
2026/02/05/10:49:08,running-time,rs-001770-zg5qr,328cd983-eba5-45d7-85cc-327c37b822ff,4,1657.705534
2026/02/05/10:49:08,apply-time,rs-001771-wtmb8,003c60d4-48b8-4d32-a15c-ba7ebd9b3d31,2,1657.705534
2026/02/05/10:49:08,running-time,rs-001771-wtmb8,003c60d4-48b8-4d32-a15c-ba7ebd9b3d31,2,1657.705534
2026/02/05/10:49:09,apply-time,rs-001772-hnz5d,03277e1c-2814-42b8-83ff-697ad61dad33,3,1658.705534
2026/02/05/10:49:09,running-time,rs-001772-hnz5d,03277e1c-2814-42b8-83ff-697ad61dad33,3,1658.705534
2026/02/05/10:49:09,apply-time,rs-001773-n42r7,52a4fbef-ff29-4514-8002-6254015be8b2,1,1658.705534
2026/02/05/10:49:09,running-time,rs-001773-n42r7,52a4fbef-ff29-4514-8002-6254015be8b2,1,1658.705534
2026/02/05/10:49:09,apply-time,rs-001774-bf56t,8f031391-8b18-4108-ab13-f336053f7a51,1,1658.705534
2026/02/05/10:49:09,running-time,rs-001774-bf56t,8f031391-8b18-4108-ab13-f336053f7a51,1,1658.705534
2026/02/05/10:49:09,apply-time,rs-001775-jxdtc,d2d2188a-098a-49e3-8ba9-f042e4076e16,3,1658.705534
2026/02/05/10:49:09,running-time,rs-001775-jxdtc,d2d2188a-098a-49e3-8ba9-f042e4076e16,3,1658.705534
2026/02/05/10:49:09,apply-time,rs-001775-pc28j,fabe1f8b-5ed8-4b34-aec6-de9bbfeb6672,3,1658.705534
2026/02/05/10:49:09,apply-time,rs-001775-sjdm7,985482af-af76-4b43-89f8-6ff32bf90019,3,1658.705534
2026/02/05/10:49:09,running-time,rs-001775-sjdm7,985482af-af76-4b43-89f8-6ff32bf90019,3,1658.705534
2026/02/05/10:49:09,apply-time,rs-001776-7m2jk,c021d812-ee27-4404-8c66-b7fa6aa2d15c,2,1658.705534
2026/02/05/10:49:09,running-time,rs-001776-7m2jk,c021d812-ee27-4404-8c66-b7fa6aa2d15c,2,1658.705534
2026/02/05/10:49:09,apply-time,rs-001776-qc7sm,0c108984-ab58-4e75-8992-7a5b2f3fdfd5,2,1658.705534
2026/02/05/10:49:09,running-time,rs-001776-qc7sm,0c108984-ab58-4e75-8992-7a5b2f3fdfd5,2,1658.705534
2026/02/05/10:49:09,apply-time,rs-001776-t2wwq,ec1554ea-c8ff-4a8e-abe7-65fdc65e3ae5,2,1658.705534
2026/02/05/10:49:09,running-time,rs-001776-t2wwq,ec1554ea-c8ff-4a8e-abe7-65fdc65e3ae5,2,1658.705534
2026/02/05/10:49:09,apply-time,rs-001777-82ml7,0e6e5046-b3e9-493c-a5a1-065161d6b089,3,1658.705534
2026/02/05/10:49:09,running-time,rs-001777-82ml7,0e6e5046-b3e9-493c-a5a1-065161d6b089,3,1658.705534
2026/02/05/10:49:10,apply-time,rs-001777-ljlpk,505da666-d848-4553-9b25-eb3effd87348,3,1658.705534
2026/02/05/10:49:10,running-time,rs-001777-ljlpk,505da666-d848-4553-9b25-eb3effd87348,3,1658.705534
2026/02/05/10:49:10,apply-time,rs-001777-p44lt,586fa9c7-012a-4021-9a16-bbdb5a032889,3,1658.705534
2026/02/05/10:49:10,apply-time,rs-001778-pzxfj,34872897-e259-4e47-9c7e-7ca89b135f42,2,1659.705534
2026/02/05/10:49:10,running-time,rs-001778-pzxfj,34872897-e259-4e47-9c7e-7ca89b135f42,2,1659.705534
2026/02/05/10:49:10,apply-time,rs-001778-szfmb,a179c45b-1431-42b9-99c8-de4c00b1f00c,2,1659.705534
2026/02/05/10:49:10,running-time,rs-001778-szfmb,a179c45b-1431-42b9-99c8-de4c00b1f00c,2,1659.705534
2026/02/05/10:49:10,apply-time,rs-001779-k6ksh,3eeae28e-442d-450c-96a2-1729da8560f7,1,1659.705534
2026/02/05/10:49:10,apply-time,rs-001779-qds2f,8f7e7a15-6855-4344-a180-e414ebecbefb,1,1659.705534
2026/02/05/10:49:10,running-time,rs-001779-qds2f,8f7e7a15-6855-4344-a180-e414ebecbefb,1,1659.705534
2026/02/05/10:49:11,running-time,rs-001779-k6ksh,3eeae28e-442d-450c-96a2-1729da8560f7,1,1660.705534
2026/02/05/10:49:13,running-time,rs-001775-pc28j,fabe1f8b-5ed8-4b34-aec6-de9bbfeb6672,3,1661.705534
2026/02/05/10:49:14,apply-time,rs-001780-s4sdk,3ea376cd-3430-4ec2-9506-ba0d368cc7c0,2,1662.705534
2026/02/05/10:49:14,running-time,rs-001780-s4sdk,3ea376cd-3430-4ec2-9506-ba0d368cc7c0,2,1662.705534
2026/02/05/10:49:14,apply-time,rs-001781-b6xk7,8c146db5-aa76-47d4-bf04-3293b0c7732a,3,1662.705534
2026/02/05/10:49:14,running-time,rs-001781-b6xk7,8c146db5-aa76-47d4-bf04-3293b0c7732a,3,1662.705534
2026/02/05/10:49:14,apply-time,rs-001781-jmlfk,9df0a075-d547-4296-a53c-5a4640cea850,3,1662.705534
2026/02/05/10:49:14,running-time,rs-001781-jmlfk,9df0a075-d547-4296-a53c-5a4640cea850,3,1662.705534
2026/02/05/10:49:14,apply-time,rs-001782-kn5m8,eed31a22-9cce-47d2-85a7-d102777d0160,3,1662.705534
2026/02/05/10:49:14,running-time,rs-001782-kn5m8,eed31a22-9cce-47d2-85a7-d102777d0160,3,1662.705534
2026/02/05/10:49:14,apply-time,rs-001782-th4jj,77c752e5-c899-49f9-b487-8e70f6654f90,3,1662.705534
2026/02/05/10:49:14,running-time,rs-001782-th4jj,77c752e5-c899-49f9-b487-8e70f6654f90,3,1662.705534
2026/02/05/10:49:14,apply-time,rs-001783-h4tjd,306f9510-1620-4ee8-a6f0-e68d8c20d461,3,1662.705534
2026/02/05/10:49:14,apply-time,rs-001784-bspf7,5d5e6ab8-42c6-448c-964a-5f9c561471f9,1,1662.705534
2026/02/05/10:49:14,running-time,rs-001784-bspf7,5d5e6ab8-42c6-448c-964a-5f9c561471f9,1,1662.705534
2026/02/05/10:49:14,apply-time,rs-001784-k7xmf,da7d0cce-f1d8-483b-b8b2-d3bb3fa0b054,1,1662.705534
2026/02/05/10:49:14,running-time,rs-001784-k7xmf,da7d0cce-f1d8-483b-b8b2-d3bb3fa0b054,1,1662.705534
2026/02/05/10:49:14,apply-time,rs-001784-pb99f,629d6647-6a13-434c-9ae4-33222f5cf4c9,1,1662.705534
2026/02/05/10:49:14,running-time,rs-001784-pb99f,629d6647-6a13-434c-9ae4-33222f5cf4c9,1,1662.705534
2026/02/05/10:49:14,apply-time,rs-001785-zb72j,3afd8395-1613-462b-acca-5a9c6cae4d32,4,1663.705534
2026/02/05/10:49:14,running-time,rs-001785-zb72j,3afd8395-1613-462b-acca-5a9c6cae4d32,4,1663.705534
2026/02/05/10:49:14,apply-time,rs-001787-pb22v,9e4910b5-8098-4b47-8b9b-9abc03b2e79e,1,1663.705534
2026/02/05/10:49:14,apply-time,rs-001788-lbm82,d634e06f-03a9-4bd2-9c7d-a1769289065a,2,1663.705534
2026/02/05/10:49:14,running-time,rs-001788-lbm82,d634e06f-03a9-4bd2-9c7d-a1769289065a,2,1663.705534
2026/02/05/10:49:15,apply-time,rs-001786-frsn4,45901811-cb6a-46cc-94c1-c9851cb0cea6,4,1664.705534
2026/02/05/10:49:15,running-time,rs-001786-frsn4,45901811-cb6a-46cc-94c1-c9851cb0cea6,4,1664.705534
2026/02/05/10:49:15,apply-time,rs-001786-r6hh8,81730acb-ad1b-4351-95b0-a914d87abaa6,4,1663.705534
2026/02/05/10:49:15,running-time,rs-001786-r6hh8,81730acb-ad1b-4351-95b0-a914d87abaa6,4,1663.705534
2026/02/05/10:49:15,apply-time,rs-001787-tlg9l,5ac1a065-67b9-4439-a733-3cade7331791,1,1663.705534
2026/02/05/10:49:15,apply-time,rs-001787-vtwj7,429f0649-4382-489c-a0bb-443f67060923,1,1663.705534
2026/02/05/10:49:15,apply-time,rs-001788-d9j8h,33391411-fd5d-47f4-af29-fcc65994d0f4,2,1663.705534
2026/02/05/10:49:15,running-time,rs-001788-d9j8h,33391411-fd5d-47f4-af29-fcc65994d0f4,2,1663.705534
2026/02/05/10:49:15,apply-time,rs-001789-b6ggf,c8d6b076-8ef7-4c2c-9590-dcfe75c66fa8,1,1664.705534
2026/02/05/10:49:15,apply-time,rs-001789-vdsrk,2a8601fb-c186-44c3-90c0-6afeacf78a69,1,1663.705534
2026/02/05/10:49:15,apply-time,rs-001790-47jcz,c4b0cbbb-5b9a-4be9-82aa-769a87f59a3f,4,1664.705534
2026/02/05/10:49:15,running-time,rs-001790-47jcz,c4b0cbbb-5b9a-4be9-82aa-769a87f59a3f,4,1664.705534
2026/02/05/10:49:15,apply-time,rs-001791-j9c42,69ee6ef9-1fb6-485a-9e1a-124d7f59d79e,2,1664.705534
2026/02/05/10:49:15,running-time,rs-001791-j9c42,69ee6ef9-1fb6-485a-9e1a-124d7f59d79e,2,1664.705534
2026/02/05/10:49:15,apply-time,rs-001791-q9qhm,8873264c-0382-4070-a1b9-b4c53cd63bd5,2,1664.705534
2026/02/05/10:49:16,running-time,rs-001791-q9qhm,8873264c-0382-4070-a1b9-b4c53cd63bd5,2,1664.705534
2026/02/05/10:49:16,apply-time,rs-001792-4nzsr,0431eefb-e23e-41cc-b88c-3ab666ba851c,2,1664.705534
2026/02/05/10:49:16,running-time,rs-001792-4nzsr,0431eefb-e23e-41cc-b88c-3ab666ba851c,2,1664.705534
2026/02/05/10:49:16,apply-time,rs-001792-hpnxh,6c0318a2-4b00-462c-85a3-f8a18526a77e,2,1664.705534
2026/02/05/10:49:16,running-time,rs-001792-hpnxh,6c0318a2-4b00-462c-85a3-f8a18526a77e,2,1664.705534
2026/02/05/10:49:16,apply-time,rs-001792-r6xrs,bc4d550e-1413-4553-b852-91e14312e9cc,2,1664.705534
2026/02/05/10:49:16,running-time,rs-001792-r6xrs,bc4d550e-1413-4553-b852-91e14312e9cc,2,1664.705534
2026/02/05/10:49:16,apply-time,rs-001793-6grhm,5174e9a6-a012-4e23-ac16-32bf54f2de39,4,1665.705534
2026/02/05/10:49:16,running-time,rs-001793-6grhm,5174e9a6-a012-4e23-ac16-32bf54f2de39,4,1665.705534
2026/02/05/10:49:16,apply-time,rs-001793-c4mlw,20c8551c-9640-4240-a985-33388c56659b,4,1665.705534
2026/02/05/10:49:16,running-time,rs-001793-c4mlw,20c8551c-9640-4240-a985-33388c56659b,4,1665.705534
2026/02/05/10:49:16,apply-time,rs-001793-qmkcm,9c1124ba-3b39-4429-bcc8-add05ba96df3,4,1664.705534
2026/02/05/10:49:16,running-time,rs-001793-qmkcm,9c1124ba-3b39-4429-bcc8-add05ba96df3,4,1664.705534
2026/02/05/10:49:18,running-time,rs-001789-vdsrk,2a8601fb-c186-44c3-90c0-6afeacf78a69,1,1666.705534
2026/02/05/10:49:20,apply-time,rs-001794-c6vlq,1dfc75e4-f08a-4cab-830c-15296eb0e1bf,1,1669.705534
2026/02/05/10:49:20,running-time,rs-001794-c6vlq,1dfc75e4-f08a-4cab-830c-15296eb0e1bf,1,1669.705534
2026/02/05/10:49:20,apply-time,rs-001794-zqxvb,2aa3b37b-8860-4c0f-b117-1f37b53fedf9,1,1669.705534
2026/02/05/10:49:20,running-time,rs-001794-zqxvb,2aa3b37b-8860-4c0f-b117-1f37b53fedf9,1,1669.705534
2026/02/05/10:49:21,apply-time,rs-001795-84fv7,81bcac5d-ee72-4926-b19e-4a6a414c685b,4,1669.705534
2026/02/05/10:49:21,running-time,rs-001795-84fv7,81bcac5d-ee72-4926-b19e-4a6a414c685b,4,1669.705534
2026/02/05/10:49:21,apply-time,rs-001795-bjkrp,817e6484-6f4b-4070-9c52-cf2d7d427f49,4,1669.705534
2026/02/05/10:49:21,running-time,rs-001795-bjkrp,817e6484-6f4b-4070-9c52-cf2d7d427f49,4,1669.705534
2026/02/05/10:49:21,apply-time,rs-001796-pcdnv,6859698d-3215-4c01-8161-5a150f701e11,2,1669.705534
2026/02/05/10:49:21,running-time,rs-001796-pcdnv,6859698d-3215-4c01-8161-5a150f701e11,2,1669.705534
2026/02/05/10:49:21,apply-time,rs-001797-tfqzw,b5407649-5c4d-4402-93ef-9a4be27d236a,3,1669.705534
2026/02/05/10:49:21,running-time,rs-001797-tfqzw,b5407649-5c4d-4402-93ef-9a4be27d236a,3,1669.705534
2026/02/05/10:49:26,running-time,rs-001789-b6ggf,c8d6b076-8ef7-4c2c-9590-dcfe75c66fa8,1,1675.705534
2026/02/05/10:49:35,apply-time,rs-001798-pmmfg,35f15aaf-82cc-4330-9d76-2572ec9cd21a,1,1683.705534
2026/02/05/10:49:35,running-time,rs-001798-pmmfg,35f15aaf-82cc-4330-9d76-2572ec9cd21a,1,1683.705534
2026/02/05/10:49:36,apply-time,rs-001799-xbsmz,69edd5ec-2ce4-4f7c-a916-43ac6ca363f9,2,1684.705534
2026/02/05/10:49:36,running-time,rs-001799-xbsmz,69edd5ec-2ce4-4f7c-a916-43ac6ca363f9,2,1684.705534
2026/02/05/10:49:36,apply-time,rs-001800-46zk2,1c87bd0c-4244-4035-ad69-978ecc239df3,2,1684.705534
2026/02/05/10:49:36,running-time,rs-001800-46zk2,1c87bd0c-4244-4035-ad69-978ecc239df3,2,1684.705534
2026/02/05/10:49:36,apply-time,rs-001800-8wjt5,7d3839c4-ad7c-433c-bfac-b6c5e8a95b11,2,1684.705534
2026/02/05/10:49:36,running-time,rs-001800-8wjt5,7d3839c4-ad7c-433c-bfac-b6c5e8a95b11,2,1684.705534
2026/02/05/10:49:36,apply-time,rs-001800-jglqm,852af0e8-4151-4180-bf0a-856ea34fcb96,2,1684.705534
2026/02/05/10:49:36,running-time,rs-001800-jglqm,852af0e8-4151-4180-bf0a-856ea34fcb96,2,1684.705534
2026/02/05/10:49:37,apply-time,rs-001801-x89b6,60cc308b-22e7-46f4-9087-0c228309b0b8,1,1685.705534
2026/02/05/10:49:37,running-time,rs-001801-x89b6,60cc308b-22e7-46f4-9087-0c228309b0b8,1,1685.705534
2026/02/05/10:49:37,apply-time,rs-001801-zr4w5,4b3729a9-129d-4420-ab9f-39fd38bbb5c9,1,1685.705534
2026/02/05/10:49:37,running-time,rs-001801-zr4w5,4b3729a9-129d-4420-ab9f-39fd38bbb5c9,1,1685.705534
2026/02/05/10:49:37,apply-time,rs-001802-6v68t,9db45758-34ab-469f-a836-86fd986a451e,4,1685.705534
2026/02/05/10:49:37,running-time,rs-001802-6v68t,9db45758-34ab-469f-a836-86fd986a451e,4,1685.705534
2026/02/05/10:49:37,apply-time,rs-001803-htp4m,79bba86d-c7c3-44ef-aece-072a25550d88,1,1685.705534
2026/02/05/10:49:37,running-time,rs-001803-htp4m,79bba86d-c7c3-44ef-aece-072a25550d88,1,1685.705534
2026/02/05/10:49:37,apply-time,rs-001804-kgjfd,158440b7-a17c-4ba8-9f72-0224f0824b89,1,1686.705534
2026/02/05/10:49:37,running-time,rs-001804-kgjfd,158440b7-a17c-4ba8-9f72-0224f0824b89,1,1686.705534
2026/02/05/10:49:37,apply-time,rs-001804-x7c5c,85e5ccb6-991e-4553-8666-d491e5445dd0,1,1686.705534
2026/02/05/10:49:37,running-time,rs-001804-x7c5c,85e5ccb6-991e-4553-8666-d491e5445dd0,1,1686.705534
2026/02/05/10:49:38,apply-time,rs-001805-4zf29,13791d8d-3b38-4acd-ad8e-00a4e04ae7a8,4,1687.705534
2026/02/05/10:49:38,running-time,rs-001805-4zf29,13791d8d-3b38-4acd-ad8e-00a4e04ae7a8,4,1687.705534
2026/02/05/10:49:38,apply-time,rs-001805-mpq2k,70f9da1f-3142-4c0b-adfc-6e674ecbf0c8,4,1687.705534
2026/02/05/10:49:38,running-time,rs-001805-mpq2k,70f9da1f-3142-4c0b-adfc-6e674ecbf0c8,4,1687.705534
2026/02/05/10:49:38,apply-time,rs-001805-r5wns,439351d2-d1ba-4419-ada1-c5c7898b0bf2,4,1687.705534
2026/02/05/10:49:38,running-time,rs-001805-r5wns,439351d2-d1ba-4419-ada1-c5c7898b0bf2,4,1687.705534
2026/02/05/10:49:38,apply-time,rs-001806-ch6vd,ab7d799d-5a58-4882-b60c-ac3bdc02bea7,1,1687.705534
2026/02/05/10:49:38,running-time,rs-001806-ch6vd,ab7d799d-5a58-4882-b60c-ac3bdc02bea7,1,1687.705534
2026/02/05/10:49:38,apply-time,rs-001806-chjvt,3cafdab9-e56e-48fe-9f37-d7628c5d08ee,1,1687.705534
2026/02/05/10:49:38,running-time,rs-001806-chjvt,3cafdab9-e56e-48fe-9f37-d7628c5d08ee,1,1687.705534
2026/02/05/10:49:38,apply-time,rs-001806-dnwz7,b5b37466-7ff8-454b-8f82-e45fc212dce5,1,1687.705534
2026/02/05/10:49:38,running-time,rs-001806-dnwz7,b5b37466-7ff8-454b-8f82-e45fc212dce5,1,1687.705534
2026/02/05/10:49:39,apply-time,rs-001807-zb4dq,b121d0c7-67a6-44ec-90bb-e3678918fb54,1,1687.705534
2026/02/05/10:49:39,running-time,rs-001807-zb4dq,b121d0c7-67a6-44ec-90bb-e3678918fb54,1,1687.705534
2026/02/05/10:49:39,apply-time,rs-001808-74ng6,d5a7a769-f3bc-479c-9846-5e9a9a8f304d,4,1688.705534
2026/02/05/10:49:39,running-time,rs-001808-74ng6,d5a7a769-f3bc-479c-9846-5e9a9a8f304d,4,1688.705534
2026/02/05/10:49:39,apply-time,rs-001808-7h9cv,b93f2dfc-b748-4c2c-a904-137c980f55ff,4,1688.705534
2026/02/05/10:49:39,running-time,rs-001808-7h9cv,b93f2dfc-b748-4c2c-a904-137c980f55ff,4,1688.705534
2026/02/05/10:49:39,apply-time,rs-001808-gkmvl,911c40ce-b49c-415f-b335-35826fc3cc5a,4,1688.705534
2026/02/05/10:49:40,running-time,rs-001808-gkmvl,911c40ce-b49c-415f-b335-35826fc3cc5a,4,1688.705534
2026/02/05/10:49:40,apply-time,rs-001809-2qsc6,e78c2099-45a4-40cb-8940-f84331478cb1,1,1688.705534
2026/02/05/10:49:40,running-time,rs-001809-2qsc6,e78c2099-45a4-40cb-8940-f84331478cb1,1,1689.705534
2026/02/05/10:49:40,apply-time,rs-001809-7dbps,b5374710-1009-4bed-bdf8-5d9363caaaae,1,1688.705534
2026/02/05/10:49:40,running-time,rs-001809-7dbps,b5374710-1009-4bed-bdf8-5d9363caaaae,1,1688.705534
2026/02/05/10:49:40,apply-time,rs-001810-tmwfx,8ea9991d-2461-4121-8b6f-376649eb1a7c,2,1688.705534
2026/02/05/10:49:40,running-time,rs-001810-tmwfx,8ea9991d-2461-4121-8b6f-376649eb1a7c,2,1688.705534
2026/02/05/10:49:40,apply-time,rs-001811-kshr5,cec32112-b215-4ee9-b443-2df62305f7e0,3,1688.705534
2026/02/05/10:49:40,running-time,rs-001811-kshr5,cec32112-b215-4ee9-b443-2df62305f7e0,3,1688.705534
2026/02/05/10:49:40,apply-time,rs-001811-lf2cz,870652ed-f528-41a8-ae6c-76536daa2fdc,3,1688.705534
2026/02/05/10:49:40,running-time,rs-001811-lf2cz,870652ed-f528-41a8-ae6c-76536daa2fdc,3,1688.705534
2026/02/05/10:49:40,apply-time,rs-001811-pjr5z,fb17fe83-758e-41cd-b697-da71334a0581,3,1688.705534
2026/02/05/10:49:40,running-time,rs-001811-pjr5z,fb17fe83-758e-41cd-b697-da71334a0581,3,1688.705534
2026/02/05/10:49:51,apply-time,rs-001812-5zt9s,7b773a3b-7a70-47f3-92d5-9653d5abc0d8,1,1700.705534
2026/02/05/10:49:51,running-time,rs-001812-5zt9s,7b773a3b-7a70-47f3-92d5-9653d5abc0d8,1,1700.705534
2026/02/05/10:49:51,apply-time,rs-001813-9c6nx,f327bded-e156-4fbd-8fdd-f76d503db181,1,1700.705534
2026/02/05/10:49:51,running-time,rs-001813-9c6nx,f327bded-e156-4fbd-8fdd-f76d503db181,1,1700.705534
2026/02/05/10:49:51,apply-time,rs-001813-bz64z,86ad5290-4cbf-480f-9409-bac5a3d642fc,1,1700.705534
2026/02/05/10:49:51,running-time,rs-001813-bz64z,86ad5290-4cbf-480f-9409-bac5a3d642fc,1,1700.705534
2026/02/05/10:49:51,apply-time,rs-001813-vhrsw,0eaa1555-ee0f-44b1-9e14-8b7a577e88be,1,1700.705534
2026/02/05/10:49:51,running-time,rs-001813-vhrsw,0eaa1555-ee0f-44b1-9e14-8b7a577e88be,1,1700.705534
2026/02/05/10:49:51,apply-time,rs-001814-g9cpp,b304935c-1716-49fd-8e2a-e4815e6cdc69,4,1700.705534
2026/02/05/10:49:51,running-time,rs-001814-g9cpp,b304935c-1716-49fd-8e2a-e4815e6cdc69,4,1700.705534
2026/02/05/10:49:51,apply-time,rs-001815-w2fqf,5d63346a-0095-42d3-a8c0-a6c28310cf9a,1,1700.705534
2026/02/05/10:49:51,apply-time,rs-001816-89scv,bf80befc-600d-4e2d-911b-5ba188aeb396,4,1700.705534
2026/02/05/10:49:52,running-time,rs-001815-w2fqf,5d63346a-0095-42d3-a8c0-a6c28310cf9a,1,1700.705534
2026/02/05/10:49:52,running-time,rs-001816-89scv,bf80befc-600d-4e2d-911b-5ba188aeb396,4,1700.705534
2026/02/05/10:49:52,apply-time,rs-001817-jbp7d,a98df93a-b1a3-4d20-9185-9109d5d55f89,3,1700.705534
2026/02/05/10:49:53,running-time,rs-001817-jbp7d,a98df93a-b1a3-4d20-9185-9109d5d55f89,3,1701.705534
2026/02/05/10:49:53,apply-time,rs-001818-kzjsr,fa2e7c94-382c-43cf-853e-27a0c4bc14d4,3,1701.705534
2026/02/05/10:49:53,running-time,rs-001818-kzjsr,fa2e7c94-382c-43cf-853e-27a0c4bc14d4,3,1701.705534
2026/02/05/10:49:53,apply-time,rs-001818-vdh74,97270783-3a57-4917-a47c-77c76d7f04b5,3,1701.705534
2026/02/05/10:49:53,running-time,rs-001818-vdh74,97270783-3a57-4917-a47c-77c76d7f04b5,3,1701.705534
2026/02/05/10:49:53,apply-time,rs-001819-8gzvh,699a4040-9803-4a2e-a015-84e1b7c2edea,1,1701.705534
2026/02/05/10:49:53,apply-time,rs-001819-98gd5,8ca8b739-e4ec-4e20-b3f9-5d4a3c70c57c,1,1701.705534
2026/02/05/10:49:53,apply-time,rs-001819-gvkst,fc997289-7ae4-4aab-9ab3-97c8073098e5,1,1701.705534
2026/02/05/10:49:53,apply-time,rs-001820-dndr6,e55b8b72-cc51-460d-85aa-c3dccfa4f2ad,1,1701.705534
2026/02/05/10:49:53,running-time,rs-001820-dndr6,e55b8b72-cc51-460d-85aa-c3dccfa4f2ad,1,1701.705534
2026/02/05/10:49:53,apply-time,rs-001820-gp997,6fabc819-4a66-43da-88f6-a082a8a68962,1,1701.705534
2026/02/05/10:49:53,running-time,rs-001820-gp997,6fabc819-4a66-43da-88f6-a082a8a68962,1,1701.705534
2026/02/05/10:49:53,apply-time,rs-001820-mzkx8,4753af3e-ac11-4336-8979-afde0b3ac8b5,1,1701.705534
2026/02/05/10:49:53,running-time,rs-001820-mzkx8,4753af3e-ac11-4336-8979-afde0b3ac8b5,1,1701.705534
2026/02/05/10:49:53,apply-time,rs-001821-49s54,336c26ce-3cb8-4227-9c6c-4b15fffe9c85,4,1701.705534
2026/02/05/10:49:53,running-time,rs-001821-49s54,336c26ce-3cb8-4227-9c6c-4b15fffe9c85,4,1701.705534
2026/02/05/10:49:53,apply-time,rs-001821-wqhwc,a01e63bc-c668-4cb4-8438-c8eb197ccd5e,4,1701.705534
2026/02/05/10:49:53,running-time,rs-001821-wqhwc,a01e63bc-c668-4cb4-8438-c8eb197ccd5e,4,1701.705534
2026/02/05/10:49:53,apply-time,rs-001822-vtbbh,2c862d88-6afa-448c-8387-9cdf9711daf6,2,1701.705534
2026/02/05/10:49:53,running-time,rs-001822-vtbbh,2c862d88-6afa-448c-8387-9cdf9711daf6,2,1701.705534
2026/02/05/10:49:54,running-time,rs-001819-gvkst,fc997289-7ae4-4aab-9ab3-97c8073098e5,1,1702.705534
2026/02/05/10:49:54,apply-time,rs-001823-psdrc,a038f687-7d7d-4cf0-97ac-b2d28ccce426,3,1703.705534
2026/02/05/10:49:54,apply-time,rs-001824-g6s26,45870727-c5b5-48a1-81c5-7fdfff9e11f2,2,1703.705534
2026/02/05/10:49:55,running-time,rs-001819-8gzvh,699a4040-9803-4a2e-a015-84e1b7c2edea,1,1704.705534
2026/02/05/10:49:55,running-time,rs-001823-psdrc,a038f687-7d7d-4cf0-97ac-b2d28ccce426,3,1703.705534
2026/02/05/10:49:55,running-time,rs-001824-g6s26,45870727-c5b5-48a1-81c5-7fdfff9e11f2,2,1703.705534
2026/02/05/10:49:55,apply-time,rs-001824-nprvk,9d07cdce-c219-4bfd-8d43-d4f9ebd97f73,2,1703.705534
2026/02/05/10:49:55,running-time,rs-001824-nprvk,9d07cdce-c219-4bfd-8d43-d4f9ebd97f73,2,1703.705534
2026/02/05/10:49:56,running-time,rs-001819-98gd5,8ca8b739-e4ec-4e20-b3f9-5d4a3c70c57c,1,1705.705534
2026/02/05/10:50:02,apply-time,rs-001825-47hz4,8c94dc46-3e91-4f3c-a929-e2251fa6f375,1,1710.705534
2026/02/05/10:50:02,running-time,rs-001825-47hz4,8c94dc46-3e91-4f3c-a929-e2251fa6f375,1,1710.705534
2026/02/05/10:50:02,apply-time,rs-001825-dr7l6,f9d899b5-e138-4d3d-a971-e861a3f32cef,1,1710.705534
2026/02/05/10:50:02,running-time,rs-001825-dr7l6,f9d899b5-e138-4d3d-a971-e861a3f32cef,1,1710.705534
2026/02/05/10:50:02,apply-time,rs-001826-dgr9x,946a49d7-6cd5-40b1-9495-7b23cef3a485,4,1711.705534
2026/02/05/10:50:02,running-time,rs-001826-dgr9x,946a49d7-6cd5-40b1-9495-7b23cef3a485,4,1711.705534
2026/02/05/10:50:02,apply-time,rs-001826-fhlmd,7a5268de-df4a-484c-a675-2027363db55d,4,1711.705534
2026/02/05/10:50:02,running-time,rs-001826-fhlmd,7a5268de-df4a-484c-a675-2027363db55d,4,1711.705534
2026/02/05/10:50:02,apply-time,rs-001826-pcvjn,1cd2e841-df4c-4acb-841a-1d042e9631fe,4,1711.705534
2026/02/05/10:50:02,running-time,rs-001826-pcvjn,1cd2e841-df4c-4acb-841a-1d042e9631fe,4,1711.705534
2026/02/05/10:50:02,apply-time,rs-001827-xmm7n,c6859d8a-8051-4bc7-b367-b597eaf5b86f,4,1711.705534
2026/02/05/10:50:02,apply-time,rs-001828-6sbh6,302ceee5-2297-4bb1-a2ba-4946c0058971,3,1711.705534
2026/02/05/10:50:02,running-time,rs-001828-6sbh6,302ceee5-2297-4bb1-a2ba-4946c0058971,3,1711.705534
2026/02/05/10:50:02,apply-time,rs-001828-bdvwk,942e9022-2741-4876-ac02-8c7866890bec,3,1711.705534
2026/02/05/10:50:02,apply-time,rs-001829-cnltn,e3664f2c-7dbb-4e7b-80da-7e51021fadda,2,1711.705534
2026/02/05/10:50:02,apply-time,rs-001829-nvbs7,8ce32bd7-5dce-431f-a8f5-cc668fcc7e57,2,1711.705534
2026/02/05/10:50:02,apply-time,rs-001829-r6cmv,cd29b11a-c43d-45ed-952a-c6780f5121ad,2,1711.705534
2026/02/05/10:50:02,apply-time,rs-001830-pprk4,105c3b2f-a153-4d1b-aaee-f6ccc359f476,1,1711.705534
2026/02/05/10:50:02,apply-time,rs-001831-5fscj,e4d43942-d6c0-492a-84d4-bdfec444fdba,1,1711.705534
2026/02/05/10:50:03,running-time,rs-001827-xmm7n,c6859d8a-8051-4bc7-b367-b597eaf5b86f,4,1711.705534
2026/02/05/10:50:03,running-time,rs-001828-bdvwk,942e9022-2741-4876-ac02-8c7866890bec,3,1711.705534
2026/02/05/10:50:03,running-time,rs-001829-cnltn,e3664f2c-7dbb-4e7b-80da-7e51021fadda,2,1711.705534
2026/02/05/10:50:03,running-time,rs-001829-nvbs7,8ce32bd7-5dce-431f-a8f5-cc668fcc7e57,2,1711.705534
2026/02/05/10:50:03,running-time,rs-001829-r6cmv,cd29b11a-c43d-45ed-952a-c6780f5121ad,2,1711.705534
2026/02/05/10:50:03,running-time,rs-001830-pprk4,105c3b2f-a153-4d1b-aaee-f6ccc359f476,1,1711.705534
2026/02/05/10:50:03,apply-time,rs-001830-r6jdz,5f0b5814-30c0-430a-92b7-14c81629953b,1,1711.705534
2026/02/05/10:50:03,running-time,rs-001830-r6jdz,5f0b5814-30c0-430a-92b7-14c81629953b,1,1711.705534
2026/02/05/10:50:03,running-time,rs-001831-5fscj,e4d43942-d6c0-492a-84d4-bdfec444fdba,1,1711.705534
2026/02/05/10:50:03,apply-time,rs-001831-f9mxh,9565f6bc-5fb4-4741-b997-aae64fea8c19,1,1711.705534
2026/02/05/10:50:03,running-time,rs-001831-f9mxh,9565f6bc-5fb4-4741-b997-aae64fea8c19,1,1711.705534
2026/02/05/10:50:03,apply-time,rs-001831-nffds,0b33bd2f-37af-4d3a-91fc-6cb874aeb47c,1,1711.705534
2026/02/05/10:50:03,running-time,rs-001831-nffds,0b33bd2f-37af-4d3a-91fc-6cb874aeb47c,1,1711.705534
2026/02/05/10:50:03,apply-time,rs-001832-85f6x,7338619b-7622-41b3-aba5-901923fc8720,1,1711.705534
2026/02/05/10:50:03,running-time,rs-001832-85f6x,7338619b-7622-41b3-aba5-901923fc8720,1,1711.705534
2026/02/05/10:50:03,apply-time,rs-001832-8qrxh,fcbb7db4-e08d-49a6-bca0-813911807d6e,1,1712.705534
2026/02/05/10:50:03,running-time,rs-001832-8qrxh,fcbb7db4-e08d-49a6-bca0-813911807d6e,1,1712.705534
2026/02/05/10:50:03,apply-time,rs-001832-9bpjt,f092a343-15db-4b82-8e65-e194c1cfbb55,1,1712.705534
2026/02/05/10:50:03,running-time,rs-001832-9bpjt,f092a343-15db-4b82-8e65-e194c1cfbb55,1,1712.705534
2026/02/05/10:50:03,apply-time,rs-001835-m64kf,47c793fb-cc4e-47b4-95ea-f57bc4173508,2,1712.705534
2026/02/05/10:50:03,running-time,rs-001835-m64kf,47c793fb-cc4e-47b4-95ea-f57bc4173508,2,1712.705534
2026/02/05/10:50:04,apply-time,rs-001833-6jgjc,23830221-5516-4398-81ec-a3dc7b5d0510,1,1712.705534
2026/02/05/10:50:04,running-time,rs-001833-6jgjc,23830221-5516-4398-81ec-a3dc7b5d0510,1,1712.705534
2026/02/05/10:50:04,apply-time,rs-001833-bjj8q,622f9811-1b5c-454b-9491-a9f7048b29e0,1,1712.705534
2026/02/05/10:50:18,apply-time,rs-001836-bp22g,decf11af-877a-468a-80b1-18c4c8fdef1b,1,1726.705534
2026/02/05/10:50:18,running-time,rs-001836-bp22g,decf11af-877a-468a-80b1-18c4c8fdef1b,1,1727.705534
2026/02/05/10:50:18,apply-time,rs-001836-cplh5,c4c6739b-b4cf-4d03-97f3-46375a9594aa,1,1726.705534
2026/02/05/10:50:18,running-time,rs-001836-cplh5,c4c6739b-b4cf-4d03-97f3-46375a9594aa,1,1727.705534
2026/02/05/10:50:18,apply-time,rs-001836-hkfjc,f683ce5b-8caf-4871-8b48-666869c776bc,1,1726.705534
2026/02/05/10:50:18,running-time,rs-001836-hkfjc,f683ce5b-8caf-4871-8b48-666869c776bc,1,1726.705534
2026/02/05/10:50:18,apply-time,rs-001837-9rs4b,514702ba-3884-4dc3-96d6-dd831250baf0,1,1727.705534
2026/02/05/10:50:18,running-time,rs-001837-9rs4b,514702ba-3884-4dc3-96d6-dd831250baf0,1,1727.705534
2026/02/05/10:50:19,apply-time,rs-001840-4vl7k,9a701894-1578-4e81-a600-26cf7f7ffae0,1,1728.705534
2026/02/05/10:50:19,apply-time,rs-001841-f65pv,0dae887a-4a65-4790-aa01-69d00db24023,3,1728.705534
2026/02/05/10:50:19,apply-time,rs-001842-gd95r,bcb0b952-31ea-461f-a7f0-f91b7e2564cf,1,1728.705534
2026/02/05/10:50:20,apply-time,rs-001838-vn6bj,507555d7-7631-4543-8a80-9d54f77819c1,2,1728.705534
2026/02/05/10:50:20,running-time,rs-001838-vn6bj,507555d7-7631-4543-8a80-9d54f77819c1,2,1728.705534
2026/02/05/10:50:20,apply-time,rs-001839-rt4mt,7a6a4648-7c6c-4dcb-8f5c-7a0d42196e83,2,1728.705534
2026/02/05/10:50:20,running-time,rs-001839-rt4mt,7a6a4648-7c6c-4dcb-8f5c-7a0d42196e83,2,1728.705534
2026/02/05/10:50:20,running-time,rs-001840-4vl7k,9a701894-1578-4e81-a600-26cf7f7ffae0,1,1728.705534
2026/02/05/10:50:20,running-time,rs-001841-f65pv,0dae887a-4a65-4790-aa01-69d00db24023,3,1728.705534
2026/02/05/10:50:20,apply-time,rs-001841-ftmqp,3959a3f3-ec52-4af1-8b78-60e937c63973,3,1728.705534
2026/02/05/10:50:20,running-time,rs-001841-ftmqp,3959a3f3-ec52-4af1-8b78-60e937c63973,3,1728.705534
2026/02/05/10:50:20,running-time,rs-001842-gd95r,bcb0b952-31ea-461f-a7f0-f91b7e2564cf,1,1728.705534
2026/02/05/10:50:20,apply-time,rs-001842-tn25x,157b5fe8-c6f5-4813-a797-8abb7cdf7c9c,1,1728.705534
2026/02/05/10:50:20,running-time,rs-001842-tn25x,157b5fe8-c6f5-4813-a797-8abb7cdf7c9c,1,1728.705534
2026/02/05/10:50:20,apply-time,rs-001843-nbbdr,cf2a0203-a12f-4035-89dd-7275579f1393,3,1728.705534
2026/02/05/10:50:20,running-time,rs-001843-nbbdr,cf2a0203-a12f-4035-89dd-7275579f1393,3,1728.705534
2026/02/05/10:50:20,apply-time,rs-001844-r7d2m,62e19e7e-7b6c-447f-b835-15bb6c58faf1,3,1728.705534
2026/02/05/10:50:20,running-time,rs-001844-r7d2m,62e19e7e-7b6c-447f-b835-15bb6c58faf1,3,1728.705534
2026/02/05/10:50:20,apply-time,rs-001845-7qqft,5afdf8ae-8fb2-4644-bae6-b528549513e3,3,1728.705534
2026/02/05/10:50:20,running-time,rs-001845-7qqft,5afdf8ae-8fb2-4644-bae6-b528549513e3,3,1729.705534
2026/02/05/10:50:20,apply-time,rs-001846-dw5pm,45ed600f-0afd-46d4-a570-f22c695ef88c,2,1729.705534
2026/02/05/10:50:20,running-time,rs-001846-dw5pm,45ed600f-0afd-46d4-a570-f22c695ef88c,2,1729.705534
2026/02/05/10:50:20,apply-time,rs-001847-lt55v,2466fe4b-3ec4-4616-9811-970b93076b3e,1,1729.705534
2026/02/05/10:50:20,running-time,rs-001847-lt55v,2466fe4b-3ec4-4616-9811-970b93076b3e,1,1729.705534
2026/02/05/10:50:20,apply-time,rs-001847-pmz7d,f5dd1053-5506-4070-9d2a-9b2ebd7e1827,1,1729.705534
2026/02/05/10:50:20,running-time,rs-001847-pmz7d,f5dd1053-5506-4070-9d2a-9b2ebd7e1827,1,1729.705534
2026/02/05/10:50:20,apply-time,rs-001847-sc255,bff26181-b7c0-4736-a4c3-a4ac26e48d15,1,1729.705534
2026/02/05/10:50:20,running-time,rs-001847-sc255,bff26181-b7c0-4736-a4c3-a4ac26e48d15,1,1729.705534
2026/02/05/10:50:21,apply-time,rs-001848-4h5ph,f1725652-4161-44e4-9357-5a34b9cf0fd4,2,1729.705534
2026/02/05/10:50:21,running-time,rs-001848-4h5ph,f1725652-4161-44e4-9357-5a34b9cf0fd4,2,1729.705534
2026/02/05/10:50:21,apply-time,rs-001848-7pm58,ee6b3daf-ff78-43fa-b708-3b24b99e5fb3,2,1729.705534
2026/02/05/10:50:21,running-time,rs-001848-7pm58,ee6b3daf-ff78-43fa-b708-3b24b99e5fb3,2,1730.705534
2026/02/05/10:50:21,apply-time,rs-001848-bdpc2,c94c65dd-c874-4375-ba97-65545537ef3a,2,1730.705534
2026/02/05/10:50:21,running-time,rs-001848-bdpc2,c94c65dd-c874-4375-ba97-65545537ef3a,2,1730.705534
2026/02/05/10:50:21,apply-time,rs-001849-5cj5n,fdb2504f-6497-492d-8af2-e915c671d1fa,3,1729.705534
2026/02/05/10:50:21,running-time,rs-001849-5cj5n,fdb2504f-6497-492d-8af2-e915c671d1fa,3,1729.705534
2026/02/05/10:50:21,apply-time,rs-001849-fchtv,728c0a2e-fec6-4abd-b030-aee956a7fea7,3,1729.705534
2026/02/05/10:50:21,running-time,rs-001849-fchtv,728c0a2e-fec6-4abd-b030-aee956a7fea7,3,1729.705534
2026/02/05/10:50:21,apply-time,rs-001849-jdsw4,5fc44880-933e-488f-9207-098b44a13ca1,3,1729.705534
2026/02/05/10:50:21,running-time,rs-001849-jdsw4,5fc44880-933e-488f-9207-098b44a13ca1,3,1729.705534
2026/02/05/10:50:21,apply-time,rs-001850-5brqm,f99799b6-467f-4e04-8329-fbf29f40368a,1,1729.705534
2026/02/05/10:50:21,running-time,rs-001850-5brqm,f99799b6-467f-4e04-8329-fbf29f40368a,1,1729.705534
2026/02/05/10:50:21,apply-time,rs-001850-gzb2q,a3249975-50d6-4362-bcae-8ff86530e414,1,1730.705534
2026/02/05/10:50:21,running-time,rs-001850-gzb2q,a3249975-50d6-4362-bcae-8ff86530e414,1,1730.705534
2026/02/05/10:50:21,apply-time,rs-001850-vqfcc,058b548f-67dd-46d6-8807-7b0b2e500ec6,1,1730.705534
2026/02/05/10:50:21,running-time,rs-001850-vqfcc,058b548f-67dd-46d6-8807-7b0b2e500ec6,1,1730.705534
2026/02/05/10:50:21,apply-time,rs-001851-7cj2z,a3dd7765-4768-489e-b4cb-1c0daa7acab2,2,1729.705534
2026/02/05/10:50:21,running-time,rs-001851-7cj2z,a3dd7765-4768-489e-b4cb-1c0daa7acab2,2,1729.705534
2026/02/05/10:50:21,apply-time,rs-001851-vcht7,93cfbe90-f7a2-4989-918f-d73126842d82,2,1730.705534
2026/02/05/10:50:21,running-time,rs-001851-vcht7,93cfbe90-f7a2-4989-918f-d73126842d82,2,1730.705534
2026/02/05/10:50:30,apply-time,rs-001852-r7ps6,3fbd70a8-8223-40e9-9921-7e850733e03a,1,1738.705534
2026/02/05/10:50:30,running-time,rs-001852-r7ps6,3fbd70a8-8223-40e9-9921-7e850733e03a,1,1738.705534
2026/02/05/10:50:33,apply-time,rs-001853-88kzq,37b36224-2e29-491f-bf43-9b0ba47ad0fa,1,1742.705534
2026/02/05/10:50:33,running-time,rs-001853-88kzq,37b36224-2e29-491f-bf43-9b0ba47ad0fa,1,1742.705534
2026/02/05/10:50:33,apply-time,rs-001854-n5tcq,03b9fe27-724f-4b7e-9443-14bdf8f5ede8,1,1742.705534
2026/02/05/10:50:33,running-time,rs-001854-n5tcq,03b9fe27-724f-4b7e-9443-14bdf8f5ede8,1,1742.705534
2026/02/05/10:50:33,apply-time,rs-001855-dxwm5,c409e7df-c97b-492e-987d-56901c5cdb73,2,1742.705534
2026/02/05/10:50:33,running-time,rs-001855-dxwm5,c409e7df-c97b-492e-987d-56901c5cdb73,2,1742.705534
2026/02/05/10:50:33,apply-time,rs-001855-wwpq7,04363a34-7040-4aec-885b-bfe0d3bc54a3,2,1742.705534
2026/02/05/10:50:33,running-time,rs-001855-wwpq7,04363a34-7040-4aec-885b-bfe0d3bc54a3,2,1742.705534
2026/02/05/10:50:37,apply-time,rs-001856-gx2dd,5c33205b-de02-4587-bfe8-f29e6caefa81,1,1745.705534
2026/02/05/10:50:37,running-time,rs-001856-gx2dd,5c33205b-de02-4587-bfe8-f29e6caefa81,1,1745.705534
2026/02/05/10:50:37,apply-time,rs-001856-wtf4h,bd5fc968-6902-452d-96e4-aa3eb7dbf7ba,1,1745.705534
2026/02/05/10:50:37,running-time,rs-001856-wtf4h,bd5fc968-6902-452d-96e4-aa3eb7dbf7ba,1,1746.705534
2026/02/05/10:50:42,apply-time,rs-001857-78rmt,475c7e8e-e3d0-4457-8880-b2928857a91e,2,1750.705534
2026/02/05/10:50:42,running-time,rs-001857-78rmt,475c7e8e-e3d0-4457-8880-b2928857a91e,2,1751.705534
2026/02/05/10:50:42,apply-time,rs-001858-jtk2k,5e69da64-ea8b-40ef-a943-7c825c386581,1,1751.705534
2026/02/05/10:50:42,running-time,rs-001858-jtk2k,5e69da64-ea8b-40ef-a943-7c825c386581,1,1751.705534
2026/02/05/10:50:42,apply-time,rs-001858-pf28t,8dd19515-abe4-463a-83e4-0d107e34b23e,1,1751.705534
2026/02/05/10:50:42,running-time,rs-001858-pf28t,8dd19515-abe4-463a-83e4-0d107e34b23e,1,1751.705534
2026/02/05/10:50:42,apply-time,rs-001858-qzc5n,327f16c9-8115-4ffb-b61a-46bbe985598e,1,1751.705534
2026/02/05/10:50:42,running-time,rs-001858-qzc5n,327f16c9-8115-4ffb-b61a-46bbe985598e,1,1751.705534
2026/02/05/10:50:42,apply-time,rs-001859-f78p6,69c84735-7894-4ebe-80f8-4327e9e66e67,1,1751.705534
2026/02/05/10:50:42,running-time,rs-001859-f78p6,69c84735-7894-4ebe-80f8-4327e9e66e67,1,1751.705534
2026/02/05/10:50:42,apply-time,rs-001859-jx94m,6d034e91-0ed4-4b6f-94ab-c01c46e88b04,1,1751.705534
2026/02/05/10:50:42,running-time,rs-001859-jx94m,6d034e91-0ed4-4b6f-94ab-c01c46e88b04,1,1751.705534
2026/02/05/10:50:42,apply-time,rs-001860-kbpzp,6e9ade4c-0517-4a9c-87bf-161341865415,2,1751.705534
2026/02/05/10:50:42,running-time,rs-001860-kbpzp,6e9ade4c-0517-4a9c-87bf-161341865415,2,1751.705534
2026/02/05/10:50:48,apply-time,rs-001861-7qkj4,5c35fa35-d042-417d-9163-2d074742926a,1,1757.705534
2026/02/05/10:50:48,running-time,rs-001861-7qkj4,5c35fa35-d042-417d-9163-2d074742926a,1,1757.705534
2026/02/05/10:50:49,apply-time,rs-001862-27htm,93d1cbf8-bec5-4ac4-89b0-1c849a9cf094,1,1757.705534
2026/02/05/10:50:49,running-time,rs-001862-27htm,93d1cbf8-bec5-4ac4-89b0-1c849a9cf094,1,1757.705534
2026/02/05/10:50:49,apply-time,rs-001863-hcggr,4f2df706-2e13-4995-a530-192bb522f34e,4,1757.705534
2026/02/05/10:50:49,running-time,rs-001863-hcggr,4f2df706-2e13-4995-a530-192bb522f34e,4,1757.705534
2026/02/05/10:50:49,apply-time,rs-001863-v4jqj,7c28d1de-d08a-43d9-ba64-7ca1c8d56f0a,4,1757.705534
2026/02/05/10:50:49,running-time,rs-001863-v4jqj,7c28d1de-d08a-43d9-ba64-7ca1c8d56f0a,4,1757.705534
2026/02/05/10:50:49,apply-time,rs-001864-vsmkq,e3c204ed-b287-4dad-bd1d-5d43d727bd82,2,1758.705534
2026/02/05/10:50:49,running-time,rs-001864-vsmkq,e3c204ed-b287-4dad-bd1d-5d43d727bd82,2,1758.705534
2026/02/05/10:51:02,apply-time,rs-001865-smttz,5c1713ef-4af3-4644-8136-385ccad471f7,1,1770.705534
2026/02/05/10:51:02,running-time,rs-001865-smttz,5c1713ef-4af3-4644-8136-385ccad471f7,1,1770.705534
2026/02/05/10:51:09,apply-time,rs-001866-74wb2,595fcc6d-217d-4443-a8d9-31d937d8e28f,3,1777.705534
2026/02/05/10:51:09,running-time,rs-001866-74wb2,595fcc6d-217d-4443-a8d9-31d937d8e28f,3,1777.705534
2026/02/05/10:51:09,apply-time,rs-001867-qlrjz,b4c38354-a061-4114-946e-cff088a358c9,4,1777.705534
2026/02/05/10:51:09,running-time,rs-001867-qlrjz,b4c38354-a061-4114-946e-cff088a358c9,4,1777.705534
2026/02/05/10:51:09,apply-time,rs-001868-6cbc2,0abd169b-0a36-497e-83c3-1866e84d1f59,1,1777.705534
2026/02/05/10:51:09,running-time,rs-001868-6cbc2,0abd169b-0a36-497e-83c3-1866e84d1f59,1,1777.705534
2026/02/05/10:51:09,apply-time,rs-001868-csqz6,fcd3f585-4def-439c-a5f3-ca2ced7c940c,1,1777.705534
2026/02/05/10:51:09,running-time,rs-001868-csqz6,fcd3f585-4def-439c-a5f3-ca2ced7c940c,1,1777.705534
2026/02/05/10:51:09,apply-time,rs-001868-rhqqk,ce9a13a6-42a9-4f36-9bd5-31b721a6969f,1,1777.705534
2026/02/05/10:51:09,running-time,rs-001868-rhqqk,ce9a13a6-42a9-4f36-9bd5-31b721a6969f,1,1777.705534
2026/02/05/10:51:09,apply-time,rs-001869-j6ltv,3f8d3f87-279f-4c4e-b233-22066d900e72,2,1777.705534
2026/02/05/10:51:09,running-time,rs-001869-j6ltv,3f8d3f87-279f-4c4e-b233-22066d900e72,2,1777.705534
2026/02/05/10:51:09,apply-time,rs-001869-zsvnm,0b9d71a6-6e1e-446c-978b-e86f99b9a515,2,1777.705534
2026/02/05/10:51:09,running-time,rs-001869-zsvnm,0b9d71a6-6e1e-446c-978b-e86f99b9a515,2,1777.705534
2026/02/05/10:51:09,apply-time,rs-001870-j9sgq,921e98c0-ec12-40ae-b9dc-1020f84cf600,1,1777.705534
2026/02/05/10:51:09,running-time,rs-001870-j9sgq,921e98c0-ec12-40ae-b9dc-1020f84cf600,1,1777.705534
2026/02/05/10:51:09,apply-time,rs-001871-8zbl4,3cc9dee5-1a9a-4ca3-b9c0-6f35cdfcdaac,3,1778.705534
2026/02/05/10:51:09,running-time,rs-001871-8zbl4,3cc9dee5-1a9a-4ca3-b9c0-6f35cdfcdaac,3,1778.705534
2026/02/05/10:51:09,apply-time,rs-001871-96tx6,cf9202d2-eba0-4d73-8dc2-70ffb86ed68c,3,1778.705534
2026/02/05/10:51:09,running-time,rs-001871-96tx6,cf9202d2-eba0-4d73-8dc2-70ffb86ed68c,3,1778.705534
2026/02/05/10:51:09,apply-time,rs-001871-rnpfh,7de8247b-70bf-435b-ab2e-bbe6d6ac61e2,3,1778.705534
2026/02/05/10:51:09,running-time,rs-001871-rnpfh,7de8247b-70bf-435b-ab2e-bbe6d6ac61e2,3,1778.705534
2026/02/05/10:51:14,apply-time,rs-001872-24227,1c5a735f-af21-498c-bee3-e93a7cdd4535,3,1783.705534
2026/02/05/10:51:14,running-time,rs-001872-24227,1c5a735f-af21-498c-bee3-e93a7cdd4535,3,1783.705534
2026/02/05/10:51:14,apply-time,rs-001872-frfp9,e40c10ee-920a-40fa-9291-76b9a9a5ce6d,3,1783.705534
2026/02/05/10:51:14,running-time,rs-001872-frfp9,e40c10ee-920a-40fa-9291-76b9a9a5ce6d,3,1783.705534
2026/02/05/10:51:14,apply-time,rs-001872-v9qp4,26a0d2d5-689d-49bc-a7cb-0fe0c63d4afb,3,1783.705534
2026/02/05/10:51:14,running-time,rs-001872-v9qp4,26a0d2d5-689d-49bc-a7cb-0fe0c63d4afb,3,1783.705534
2026/02/05/10:51:14,apply-time,rs-001873-sxf8p,7b26a42d-a756-493b-a660-a2a6493f4550,1,1783.705534
2026/02/05/10:51:14,running-time,rs-001873-sxf8p,7b26a42d-a756-493b-a660-a2a6493f4550,1,1783.705534
2026/02/05/10:51:14,apply-time,rs-001874-8phcr,02cb99d3-bbfe-4626-8904-175d10c9371e,4,1783.705534
2026/02/05/10:51:14,running-time,rs-001874-8phcr,02cb99d3-bbfe-4626-8904-175d10c9371e,4,1783.705534
2026/02/05/10:51:14,apply-time,rs-001874-9jtnq,e0ece397-b6d4-44ed-966d-f5e4f870a9a2,4,1783.705534
2026/02/05/10:51:14,running-time,rs-001874-9jtnq,e0ece397-b6d4-44ed-966d-f5e4f870a9a2,4,1783.705534
2026/02/05/10:51:14,apply-time,rs-001874-c2gb2,34267e14-110a-4af7-9ae8-1f263fdccff1,4,1783.705534
2026/02/05/10:51:14,running-time,rs-001874-c2gb2,34267e14-110a-4af7-9ae8-1f263fdccff1,4,1783.705534
2026/02/05/10:51:14,apply-time,rs-001875-lz56k,5fb4a11a-18ee-4825-b5ca-afd9e39151cb,4,1783.705534
2026/02/05/10:51:14,running-time,rs-001875-lz56k,5fb4a11a-18ee-4825-b5ca-afd9e39151cb,4,1783.705534
2026/02/05/10:51:17,apply-time,rs-001876-2f5wg,ca2d87d7-af65-4439-9349-b447e19a735f,4,1786.705534
2026/02/05/10:51:17,running-time,rs-001876-2f5wg,ca2d87d7-af65-4439-9349-b447e19a735f,4,1786.705534
2026/02/05/10:51:17,apply-time,rs-001876-f5dgj,9cdfe614-8630-47f2-9656-aef1817973fd,4,1786.705534
2026/02/05/10:51:17,running-time,rs-001876-f5dgj,9cdfe614-8630-47f2-9656-aef1817973fd,4,1786.705534
2026/02/05/10:51:17,apply-time,rs-001876-tff8n,9756e1c6-fad4-4962-970f-8dc873a82d68,4,1786.705534
2026/02/05/10:51:17,running-time,rs-001876-tff8n,9756e1c6-fad4-4962-970f-8dc873a82d68,4,1786.705534
2026/02/05/10:51:18,apply-time,rs-001877-24pwj,e3c4261c-b644-4217-9548-04c9677dc4c6,1,1786.705534
2026/02/05/10:51:18,running-time,rs-001877-24pwj,e3c4261c-b644-4217-9548-04c9677dc4c6,1,1786.705534
2026/02/05/10:51:18,apply-time,rs-001877-4ktmz,296887af-737b-47ae-8f3f-70db78dd4027,1,1786.705534
2026/02/05/10:51:18,running-time,rs-001877-4ktmz,296887af-737b-47ae-8f3f-70db78dd4027,1,1786.705534
2026/02/05/10:51:18,apply-time,rs-001877-8x854,cbc285ab-48dd-4515-ae60-89e02e55d6d8,1,1786.705534
2026/02/05/10:51:18,running-time,rs-001877-8x854,cbc285ab-48dd-4515-ae60-89e02e55d6d8,1,1786.705534
2026/02/05/10:51:18,apply-time,rs-001878-bnd4b,d18516c2-4cb0-4afc-af54-3cd70c4155b6,2,1786.705534
2026/02/05/10:51:18,running-time,rs-001878-bnd4b,d18516c2-4cb0-4afc-af54-3cd70c4155b6,2,1786.705534
2026/02/05/10:51:18,apply-time,rs-001878-nkbmh,01e070f3-98d3-4a58-8887-cc4d3c827823,2,1786.705534
2026/02/05/10:51:18,running-time,rs-001878-nkbmh,01e070f3-98d3-4a58-8887-cc4d3c827823,2,1786.705534
2026/02/05/10:51:18,apply-time,rs-001878-wwn9p,426f4f25-a30c-43da-bed6-e8b937bcda6a,2,1786.705534
2026/02/05/10:51:18,running-time,rs-001878-wwn9p,426f4f25-a30c-43da-bed6-e8b937bcda6a,2,1786.705534
2026/02/05/10:51:18,apply-time,rs-001879-76rkq,237c7b8b-4177-4371-b27b-45c47549000f,1,1786.705534
2026/02/05/10:51:18,running-time,rs-001879-76rkq,237c7b8b-4177-4371-b27b-45c47549000f,1,1786.705534
2026/02/05/10:51:18,apply-time,rs-001879-cz6ff,663ea3a1-535c-4314-953d-f83442eb08a0,1,1786.705534
2026/02/05/10:51:18,running-time,rs-001879-cz6ff,663ea3a1-535c-4314-953d-f83442eb08a0,1,1786.705534
2026/02/05/10:51:19,apply-time,rs-001880-2tnv7,6148914d-f211-4eba-a176-07c0b4162bd0,2,1787.705534
2026/02/05/10:51:19,running-time,rs-001880-2tnv7,6148914d-f211-4eba-a176-07c0b4162bd0,2,1788.705534
2026/02/05/10:51:19,apply-time,rs-001880-wsdnm,84f7bfcd-2931-4db7-b0ef-2cdd084f6478,2,1787.705534
2026/02/05/10:51:19,apply-time,rs-001880-zmb8z,5334d3f0-5203-488f-aa78-185a5d75f608,2,1787.705534
2026/02/05/10:51:19,running-time,rs-001880-zmb8z,5334d3f0-5203-488f-aa78-185a5d75f608,2,1788.705534
2026/02/05/10:51:20,running-time,rs-001880-wsdnm,84f7bfcd-2931-4db7-b0ef-2cdd084f6478,2,1788.705534
2026/02/05/10:51:21,apply-time,rs-001881-nn9gt,b70d2089-06e6-45a1-8763-178ee27f54ab,1,1790.705534
2026/02/05/10:51:21,apply-time,rs-001881-vczxq,6ea1ccf6-f7bb-477e-973a-3feecc6dd76c,1,1790.705534
2026/02/05/10:51:21,apply-time,rs-001881-zwbqc,4105419b-9070-4846-8a02-d96baaa5fc88,1,1790.705534
2026/02/05/10:51:21,apply-time,rs-001882-75slx,1bf6e566-b7f4-4c70-9df7-bc1c65a8ce9a,3,1790.705534
2026/02/05/10:51:21,running-time,rs-001882-75slx,1bf6e566-b7f4-4c70-9df7-bc1c65a8ce9a,3,1790.705534
2026/02/05/10:51:21,apply-time,rs-001882-wj8pn,78cc38bf-e885-4221-96c9-8b3fb69be0a0,3,1790.705534
2026/02/05/10:51:21,running-time,rs-001882-wj8pn,78cc38bf-e885-4221-96c9-8b3fb69be0a0,3,1790.705534
2026/02/05/10:51:22,running-time,rs-001881-nn9gt,b70d2089-06e6-45a1-8763-178ee27f54ab,1,1791.705534
2026/02/05/10:51:22,running-time,rs-001881-vczxq,6ea1ccf6-f7bb-477e-973a-3feecc6dd76c,1,1791.705534
2026/02/05/10:51:22,running-time,rs-001881-zwbqc,4105419b-9070-4846-8a02-d96baaa5fc88,1,1791.705534
2026/02/05/10:51:36,apply-time,rs-001883-l6lvq,d7ba06fd-b7c0-46f5-8370-27a39213e929,3,1804.705534
2026/02/05/10:51:36,running-time,rs-001883-l6lvq,d7ba06fd-b7c0-46f5-8370-27a39213e929,3,1804.705534
2026/02/05/10:51:36,apply-time,rs-001884-nvdpr,a1e1720d-1916-4f63-a4d3-2190bc4de441,4,1804.705534
2026/02/05/10:51:36,running-time,rs-001884-nvdpr,a1e1720d-1916-4f63-a4d3-2190bc4de441,4,1804.705534
2026/02/05/10:51:36,apply-time,rs-001885-7vbmd,dbc66a81-bbd8-43ed-b9e1-5d878369373d,1,1804.705534
2026/02/05/10:51:36,running-time,rs-001885-7vbmd,dbc66a81-bbd8-43ed-b9e1-5d878369373d,1,1804.705534
2026/02/05/10:51:36,apply-time,rs-001886-hhrfh,7fe8eef8-1806-4f27-a8ba-bc4b3b662875,2,1804.705534
2026/02/05/10:51:36,running-time,rs-001886-hhrfh,7fe8eef8-1806-4f27-a8ba-bc4b3b662875,2,1804.705534
2026/02/05/10:51:36,apply-time,rs-001887-4hzgr,b1d0f843-776b-4414-abab-99cee77bf8e7,4,1804.705534
2026/02/05/10:51:36,running-time,rs-001887-4hzgr,b1d0f843-776b-4414-abab-99cee77bf8e7,4,1804.705534
2026/02/05/10:51:36,apply-time,rs-001887-lhw4d,af9a2cbf-3831-48e5-829a-a321a20015c5,4,1804.705534
2026/02/05/10:51:36,running-time,rs-001887-lhw4d,af9a2cbf-3831-48e5-829a-a321a20015c5,4,1804.705534
2026/02/05/10:51:36,apply-time,rs-001887-x4gl8,7fd336d0-98e6-4dac-8c81-2386f85ac4c6,4,1804.705534
2026/02/05/10:51:36,running-time,rs-001887-x4gl8,7fd336d0-98e6-4dac-8c81-2386f85ac4c6,4,1804.705534
2026/02/05/10:51:47,apply-time,rs-001888-f4fn9,8a22d716-1e4a-41f7-a554-90a17569d5f4,3,1815.705534
2026/02/05/10:51:47,running-time,rs-001888-f4fn9,8a22d716-1e4a-41f7-a554-90a17569d5f4,3,1815.705534
2026/02/05/10:51:47,apply-time,rs-001888-ngkkl,80ce0ed7-52d6-4350-813e-6c16dec5a153,3,1815.705534
2026/02/05/10:51:47,running-time,rs-001888-ngkkl,80ce0ed7-52d6-4350-813e-6c16dec5a153,3,1815.705534
2026/02/05/10:51:47,apply-time,rs-001889-6rtkk,b2abcdf7-8cbe-4ce3-890f-429d2768087a,2,1815.705534
2026/02/05/10:51:47,running-time,rs-001889-6rtkk,b2abcdf7-8cbe-4ce3-890f-429d2768087a,2,1815.705534
2026/02/05/10:51:47,apply-time,rs-001889-sjthv,92d9aa41-4717-4471-834e-53761a1e8423,2,1815.705534
2026/02/05/10:51:47,running-time,rs-001889-sjthv,92d9aa41-4717-4471-834e-53761a1e8423,2,1815.705534
2026/02/05/10:51:47,apply-time,rs-001889-sr46m,d13e52cc-442e-4273-a4d8-69153b442801,2,1815.705534
2026/02/05/10:51:47,running-time,rs-001889-sr46m,d13e52cc-442e-4273-a4d8-69153b442801,2,1815.705534
2026/02/05/10:51:47,apply-time,rs-001890-4tzc4,22150b5d-97f1-4eda-a406-ef39b4d3035a,4,1815.705534
2026/02/05/10:51:47,running-time,rs-001890-4tzc4,22150b5d-97f1-4eda-a406-ef39b4d3035a,4,1815.705534
2026/02/05/10:51:47,apply-time,rs-001890-qdpg9,06e5f688-8197-423a-94d0-e1550feae731,4,1815.705534
2026/02/05/10:51:47,running-time,rs-001890-qdpg9,06e5f688-8197-423a-94d0-e1550feae731,4,1815.705534
2026/02/05/10:51:47,apply-time,rs-001891-rgqgl,e7bbda13-446f-4205-9bdd-272431b2bcdd,4,1815.705534
2026/02/05/10:51:47,running-time,rs-001891-rgqgl,e7bbda13-446f-4205-9bdd-272431b2bcdd,4,1815.705534
2026/02/05/10:51:47,apply-time,rs-001891-wxgkp,3a116382-0f01-4274-a81d-7702411e6844,4,1815.705534
2026/02/05/10:51:47,running-time,rs-001891-wxgkp,3a116382-0f01-4274-a81d-7702411e6844,4,1815.705534
2026/02/05/10:51:47,apply-time,rs-001891-xrxsd,6c8592cf-2bc8-4556-ac38-0e642a6d7435,4,1815.705534
2026/02/05/10:51:47,running-time,rs-001891-xrxsd,6c8592cf-2bc8-4556-ac38-0e642a6d7435,4,1815.705534
2026/02/05/10:51:47,apply-time,rs-001892-d4jtl,b0867f57-c894-45a8-b31c-9654b3e0c509,2,1815.705534
2026/02/05/10:51:47,running-time,rs-001892-d4jtl,b0867f57-c894-45a8-b31c-9654b3e0c509,2,1815.705534
2026/02/05/10:51:47,apply-time,rs-001892-hl4sk,ca86307e-a0c4-4290-82ea-fd20f0ef8fba,2,1815.705534
2026/02/05/10:51:47,running-time,rs-001892-hl4sk,ca86307e-a0c4-4290-82ea-fd20f0ef8fba,2,1815.705534
2026/02/05/10:51:47,apply-time,rs-001893-qgvlj,9053e0a5-18bb-4dfa-980b-17131c1d7714,4,1816.705534
2026/02/05/10:51:47,running-time,rs-001893-qgvlj,9053e0a5-18bb-4dfa-980b-17131c1d7714,4,1816.705534
2026/02/05/10:51:47,apply-time,rs-001893-v5vhk,803e7dc0-eabb-43c3-897c-8b53da8925b9,4,1816.705534
2026/02/05/10:51:47,running-time,rs-001893-v5vhk,803e7dc0-eabb-43c3-897c-8b53da8925b9,4,1816.705534
2026/02/05/10:51:47,apply-time,rs-001894-xng7g,395fae20-5f97-484d-8c19-d89a292a20cf,3,1816.705534
2026/02/05/10:51:47,running-time,rs-001894-xng7g,395fae20-5f97-484d-8c19-d89a292a20cf,3,1816.705534
2026/02/05/10:51:48,apply-time,rs-001894-w99s7,c866d4bb-d697-4409-a9b7-a699502b4a2f,3,1816.705534
2026/02/05/10:51:48,running-time,rs-001894-w99s7,c866d4bb-d697-4409-a9b7-a699502b4a2f,3,1816.705534
2026/02/05/10:51:48,apply-time,rs-001895-d4kgd,1d0f6136-7c0f-42c7-99fe-281b9df66c4a,1,1816.705534
2026/02/05/10:51:48,running-time,rs-001895-d4kgd,1d0f6136-7c0f-42c7-99fe-281b9df66c4a,1,1817.705534
2026/02/05/10:51:48,apply-time,rs-001895-qdf7z,bfab3a60-ae32-4504-b16a-5f0a2b0788cb,1,1817.705534
2026/02/05/10:51:48,running-time,rs-001895-qdf7z,bfab3a60-ae32-4504-b16a-5f0a2b0788cb,1,1817.705534
2026/02/05/10:51:50,apply-time,rs-001896-ctdnf,badf577d-2a80-45d3-8300-a1e5419bb5f6,2,1818.705534
2026/02/05/10:51:50,running-time,rs-001896-ctdnf,badf577d-2a80-45d3-8300-a1e5419bb5f6,2,1818.705534
2026/02/05/10:51:50,apply-time,rs-001896-g4plr,9df742d2-8771-43ef-b49d-a06791c57c17,2,1818.705534
2026/02/05/10:51:50,running-time,rs-001896-g4plr,9df742d2-8771-43ef-b49d-a06791c57c17,2,1818.705534
2026/02/05/10:51:50,apply-time,rs-001896-p2t2f,b6faf494-72eb-438f-a6dc-137610cc0b3f,2,1818.705534
2026/02/05/10:51:50,running-time,rs-001896-p2t2f,b6faf494-72eb-438f-a6dc-137610cc0b3f,2,1818.705534
2026/02/05/10:51:52,apply-time,rs-001897-bpqmm,4a646510-6e36-4d96-9502-56e4a4f94512,1,1820.705534
2026/02/05/10:51:52,running-time,rs-001897-bpqmm,4a646510-6e36-4d96-9502-56e4a4f94512,1,1820.705534
2026/02/05/10:51:52,apply-time,rs-001897-n8hcc,91d33e0c-0a75-4558-bc7b-fb6431c6932b,1,1820.705534
2026/02/05/10:51:52,running-time,rs-001897-n8hcc,91d33e0c-0a75-4558-bc7b-fb6431c6932b,1,1820.705534
2026/02/05/10:51:52,apply-time,rs-001897-qwqjm,76441bf6-6607-42c1-9d73-b44b902ad0f9,1,1820.705534
2026/02/05/10:51:52,running-time,rs-001897-qwqjm,76441bf6-6607-42c1-9d73-b44b902ad0f9,1,1820.705534
2026/02/05/10:51:54,apply-time,rs-001898-5mdmf,c51640bf-ad0e-4c2c-9df0-eecb2b3167d1,3,1822.705534
2026/02/05/10:51:54,running-time,rs-001898-5mdmf,c51640bf-ad0e-4c2c-9df0-eecb2b3167d1,3,1822.705534
2026/02/05/10:51:54,apply-time,rs-001899-v79rl,aeacae9a-a771-4ee9-af6e-96299aec5c0b,1,1823.705534
2026/02/05/10:51:54,running-time,rs-001899-v79rl,aeacae9a-a771-4ee9-af6e-96299aec5c0b,1,1823.705534
2026/02/05/10:51:54,apply-time,rs-001900-ggrgh,f6d8180f-c074-47c4-8ebd-d3f7684d4b03,1,1823.705534
2026/02/05/10:51:54,running-time,rs-001900-ggrgh,f6d8180f-c074-47c4-8ebd-d3f7684d4b03,1,1823.705534
2026/02/05/10:51:54,apply-time,rs-001900-px9nc,580224d2-5d5e-4b76-882b-0c5a4c1d4079,1,1823.705534
2026/02/05/10:51:54,running-time,rs-001900-px9nc,580224d2-5d5e-4b76-882b-0c5a4c1d4079,1,1823.705534
2026/02/05/10:51:54,apply-time,rs-001900-wvcqh,c6ab05e8-d32d-41d2-900d-39c89beae40c,1,1823.705534
2026/02/05/10:51:54,running-time,rs-001900-wvcqh,c6ab05e8-d32d-41d2-900d-39c89beae40c,1,1823.705534
2026/02/05/10:51:54,apply-time,rs-001901-gcpsx,96fdfbff-0251-4c8b-8544-b40bed163b90,4,1823.705534
2026/02/05/10:51:54,running-time,rs-001901-gcpsx,96fdfbff-0251-4c8b-8544-b40bed163b90,4,1823.705534
2026/02/05/10:51:54,apply-time,rs-001901-sh2xn,c1e6caef-dece-4db5-b7fd-8363f2db82c1,4,1823.705534
2026/02/05/10:51:54,running-time,rs-001901-sh2xn,c1e6caef-dece-4db5-b7fd-8363f2db82c1,4,1823.705534
2026/02/05/10:51:55,apply-time,rs-001902-8zsd5,84168aeb-d670-4f4d-bc98-a5c718339705,2,1823.705534
2026/02/05/10:51:55,running-time,rs-001902-8zsd5,84168aeb-d670-4f4d-bc98-a5c718339705,2,1823.705534
2026/02/05/10:51:55,apply-time,rs-001902-jldx2,4427f68e-2316-48a0-b42a-a98a745fb661,2,1823.705534
2026/02/05/10:51:55,running-time,rs-001902-jldx2,4427f68e-2316-48a0-b42a-a98a745fb661,2,1823.705534
2026/02/05/10:51:55,apply-time,rs-001902-mbv2s,e741e273-eeca-4e2d-a87d-6a68c95ad6ac,2,1823.705534
2026/02/05/10:51:55,running-time,rs-001902-mbv2s,e741e273-eeca-4e2d-a87d-6a68c95ad6ac,2,1823.705534
2026/02/05/10:51:57,apply-time,rs-001903-k99h9,2f644ad0-7a48-475d-9c94-db22797b5910,2,1826.705534
2026/02/05/10:51:57,running-time,rs-001903-k99h9,2f644ad0-7a48-475d-9c94-db22797b5910,2,1826.705534
2026/02/05/10:51:57,apply-time,rs-001903-kd2xb,83b54bf7-3962-4a9b-ac23-45794c730fa6,2,1826.705534
2026/02/05/10:51:57,running-time,rs-001903-kd2xb,83b54bf7-3962-4a9b-ac23-45794c730fa6,2,1826.705534
2026/02/05/10:51:57,apply-time,rs-001904-trm48,80628a31-032a-40bc-8402-1834394e8ea3,4,1826.705534
2026/02/05/10:51:57,apply-time,rs-001905-97pgl,d85f24a8-a87d-479b-8a85-5acd211aff66,4,1826.705534
2026/02/05/10:51:57,running-time,rs-001905-97pgl,d85f24a8-a87d-479b-8a85-5acd211aff66,4,1826.705534
2026/02/05/10:51:57,apply-time,rs-001905-p8rjg,c463813e-403a-43fe-96c8-cc8ab060b466,4,1826.705534
2026/02/05/10:51:57,running-time,rs-001905-p8rjg,c463813e-403a-43fe-96c8-cc8ab060b466,4,1826.705534
2026/02/05/10:51:57,apply-time,rs-001906-fqp5r,9b61ccf9-ef17-4be2-a5b5-0afc0314838d,2,1826.705534
2026/02/05/10:51:57,running-time,rs-001906-fqp5r,9b61ccf9-ef17-4be2-a5b5-0afc0314838d,2,1826.705534
2026/02/05/10:51:57,apply-time,rs-001906-h49jt,68aaba79-2645-4252-96a4-c162f464f7d8,2,1826.705534
2026/02/05/10:51:57,running-time,rs-001906-h49jt,68aaba79-2645-4252-96a4-c162f464f7d8,2,1826.705534
2026/02/05/10:51:57,apply-time,rs-001906-zb8kn,33bbc6ef-7e27-465d-957d-97ad6b0ae52b,2,1826.705534
2026/02/05/10:51:57,running-time,rs-001906-zb8kn,33bbc6ef-7e27-465d-957d-97ad6b0ae52b,2,1826.705534
2026/02/05/10:51:57,apply-time,rs-001907-rk4sh,2f61308a-0daa-4218-b294-eb84e3c3424f,3,1826.705534
2026/02/05/10:51:57,apply-time,rs-001907-tlx7m,cad0ba7b-4db0-431f-89e6-048210814dcf,3,1826.705534
2026/02/05/10:51:58,running-time,rs-001907-rk4sh,2f61308a-0daa-4218-b294-eb84e3c3424f,3,1827.705534
2026/02/05/10:51:58,running-time,rs-001907-tlx7m,cad0ba7b-4db0-431f-89e6-048210814dcf,3,1827.705534
2026/02/05/10:51:58,apply-time,rs-001908-d46pn,07da7bc6-e80f-474c-b3f8-8909e06a705d,2,1827.705534
2026/02/05/10:51:58,running-time,rs-001908-d46pn,07da7bc6-e80f-474c-b3f8-8909e06a705d,2,1827.705534
2026/02/05/10:52:00,apply-time,rs-001909-gzd96,be690c18-062c-48c3-a40b-4ee449c8b8a0,2,1828.705534
2026/02/05/10:52:00,running-time,rs-001909-gzd96,be690c18-062c-48c3-a40b-4ee449c8b8a0,2,1829.705534
2026/02/05/10:52:00,apply-time,rs-001909-q7xvp,412b49e7-3f9d-42d2-b5e0-b4327199676f,2,1828.705534
2026/02/05/10:52:00,running-time,rs-001909-q7xvp,412b49e7-3f9d-42d2-b5e0-b4327199676f,2,1829.705534
2026/02/05/10:52:00,apply-time,rs-001909-wcg27,a186626a-e3f1-4c77-a15f-22ad55159d07,2,1828.705534
2026/02/05/10:52:00,running-time,rs-001909-wcg27,a186626a-e3f1-4c77-a15f-22ad55159d07,2,1828.705534
2026/02/05/10:52:02,apply-time,rs-001910-5pldf,b0dec12c-9ada-4229-b444-78685a343958,3,1831.705534
2026/02/05/10:52:02,running-time,rs-001910-5pldf,b0dec12c-9ada-4229-b444-78685a343958,3,1831.705534
2026/02/05/10:52:02,apply-time,rs-001911-2jt8g,d27ae4c1-794b-4642-bb77-cea4beac0e42,3,1831.705534
2026/02/05/10:52:02,running-time,rs-001911-2jt8g,d27ae4c1-794b-4642-bb77-cea4beac0e42,3,1831.705534
2026/02/05/10:52:02,apply-time,rs-001911-fcn99,c977add0-6afe-4fdd-b7c3-63fa022869b6,3,1831.705534
2026/02/05/10:52:02,running-time,rs-001911-fcn99,c977add0-6afe-4fdd-b7c3-63fa022869b6,3,1831.705534
2026/02/05/10:52:02,apply-time,rs-001911-h8gjz,bbc4e003-dd8d-46cd-a900-199f134020dd,3,1831.705534
2026/02/05/10:52:02,running-time,rs-001911-h8gjz,bbc4e003-dd8d-46cd-a900-199f134020dd,3,1831.705534
2026/02/05/10:52:02,apply-time,rs-001912-wsqqz,1aa493f4-1323-4bc1-9577-18215154bb8d,1,1831.705534
2026/02/05/10:52:02,running-time,rs-001912-wsqqz,1aa493f4-1323-4bc1-9577-18215154bb8d,1,1831.705534
2026/02/05/10:52:02,apply-time,rs-001912-wwx2s,8a222cdf-00ac-4469-9e45-dfb9864213ea,1,1831.705534
2026/02/05/10:52:02,running-time,rs-001912-wwx2s,8a222cdf-00ac-4469-9e45-dfb9864213ea,1,1831.705534
2026/02/05/10:52:02,apply-time,rs-001912-zk4k2,3a11aa74-3b6c-426c-9658-99fbf2f6b993,1,1831.705534
2026/02/05/10:52:02,running-time,rs-001912-zk4k2,3a11aa74-3b6c-426c-9658-99fbf2f6b993,1,1831.705534
2026/02/05/10:52:02,apply-time,rs-001913-xqm76,d2917700-41ef-422b-8ff3-5686cd7f2fd7,3,1831.705534
2026/02/05/10:52:02,running-time,rs-001913-xqm76,d2917700-41ef-422b-8ff3-5686cd7f2fd7,3,1831.705534
2026/02/05/10:52:02,apply-time,rs-001914-j45zb,0c58f99a-6706-45fa-91d3-c0eac303299f,4,1831.705534
2026/02/05/10:52:02,running-time,rs-001914-j45zb,0c58f99a-6706-45fa-91d3-c0eac303299f,4,1831.705534
2026/02/05/10:52:02,apply-time,rs-001914-tnndv,fd92b3eb-317e-48e7-9b7a-595e9de78b51,4,1831.705534
2026/02/05/10:52:02,running-time,rs-001914-tnndv,fd92b3eb-317e-48e7-9b7a-595e9de78b51,4,1831.705534
2026/02/05/10:52:02,apply-time,rs-001915-xs7w2,e681fa03-5de8-4102-b877-31e850d75cae,2,1831.705534
2026/02/05/10:52:02,running-time,rs-001915-xs7w2,e681fa03-5de8-4102-b877-31e850d75cae,2,1831.705534
2026/02/05/10:52:03,apply-time,rs-001916-nqkjk,d7a2d1d6-5ed8-45d9-99bc-b610a45fe3f1,2,1832.705534
2026/02/05/10:52:03,running-time,rs-001916-nqkjk,d7a2d1d6-5ed8-45d9-99bc-b610a45fe3f1,2,1832.705534
2026/02/05/10:52:03,apply-time,rs-001916-qpp68,432487d6-d7c4-4ead-8eb9-325387ce2d08,2,1832.705534
2026/02/05/10:52:03,running-time,rs-001916-qpp68,432487d6-d7c4-4ead-8eb9-325387ce2d08,2,1832.705534
2026/02/05/10:52:03,apply-time,rs-001916-sqqtp,b280b1c8-1058-4aa3-bd37-0623faa3df31,2,1832.705534
2026/02/05/10:52:03,running-time,rs-001916-sqqtp,b280b1c8-1058-4aa3-bd37-0623faa3df31,2,1832.705534
2026/02/05/10:52:03,apply-time,rs-001917-45gm5,367aafb1-b9bb-43cc-a868-b0f9f0bf2160,2,1832.705534
2026/02/05/10:52:03,running-time,rs-001917-45gm5,367aafb1-b9bb-43cc-a868-b0f9f0bf2160,2,1832.705534
2026/02/05/10:52:04,apply-time,rs-001918-vkhkl,069eb03b-928c-4171-9c3a-ca4fa85cd194,1,1832.705534
2026/02/05/10:52:04,running-time,rs-001918-vkhkl,069eb03b-928c-4171-9c3a-ca4fa85cd194,1,1832.705534
2026/02/05/10:52:04,apply-time,rs-001919-5dx5p,706fa325-d548-40b2-960d-28895f8726ff,4,1832.705534
2026/02/05/10:52:04,running-time,rs-001919-5dx5p,706fa325-d548-40b2-960d-28895f8726ff,4,1832.705534
2026/02/05/10:52:04,apply-time,rs-001919-krxvm,f3e6715d-b42a-4814-b70a-7d410b91a63a,4,1833.705534
2026/02/05/10:52:04,running-time,rs-001919-krxvm,f3e6715d-b42a-4814-b70a-7d410b91a63a,4,1833.705534
2026/02/05/10:52:04,apply-time,rs-001920-hdnkq,549483e1-3fef-41dc-8c8c-339536f721c2,4,1832.705534
2026/02/05/10:52:04,running-time,rs-001920-hdnkq,549483e1-3fef-41dc-8c8c-339536f721c2,4,1832.705534
2026/02/05/10:52:04,apply-time,rs-001920-hn6p5,d26012c7-7116-42ab-9d49-1b8408de5c93,4,1833.705534
2026/02/05/10:52:04,running-time,rs-001920-hn6p5,d26012c7-7116-42ab-9d49-1b8408de5c93,4,1833.705534
2026/02/05/10:52:04,apply-time,rs-001921-6f8x4,688a8fb7-d957-464f-97e8-fbf4de915957,4,1833.705534
2026/02/05/10:52:04,apply-time,rs-001921-9qnsj,f96ac288-eb0d-425c-b32c-f8631b7961a9,4,1833.705534
2026/02/05/10:52:04,running-time,rs-001921-9qnsj,f96ac288-eb0d-425c-b32c-f8631b7961a9,4,1833.705534
2026/02/05/10:52:05,running-time,rs-001921-6f8x4,688a8fb7-d957-464f-97e8-fbf4de915957,4,1833.705534
2026/02/05/10:52:05,apply-time,rs-001921-jpnjj,5de623d2-7d3b-4f3a-b6fe-ae3f3bfaf02b,4,1833.705534
2026/02/05/10:52:05,running-time,rs-001921-jpnjj,5de623d2-7d3b-4f3a-b6fe-ae3f3bfaf02b,4,1833.705534
2026/02/05/10:52:05,apply-time,rs-001922-b6zdf,56896001-ecfc-4855-a344-6643ea7d3822,3,1833.705534
2026/02/05/10:52:05,running-time,rs-001922-b6zdf,56896001-ecfc-4855-a344-6643ea7d3822,3,1834.705534
2026/02/05/10:52:09,apply-time,rs-001923-g8szd,ed64e8d0-1cbb-45f5-8ca1-83344450487b,4,1837.705534
2026/02/05/10:52:09,running-time,rs-001923-g8szd,ed64e8d0-1cbb-45f5-8ca1-83344450487b,4,1837.705534
2026/02/05/10:52:09,apply-time,rs-001923-kwhz7,e7ce4409-0164-42b9-b65b-a82101b486aa,4,1837.705534
2026/02/05/10:52:09,running-time,rs-001923-kwhz7,e7ce4409-0164-42b9-b65b-a82101b486aa,4,1837.705534
2026/02/05/10:52:12,apply-time,rs-001924-nwgd5,41258d94-e813-4fc9-9b5a-6fcb6f1a0a2e,4,1840.705534
2026/02/05/10:52:12,running-time,rs-001924-nwgd5,41258d94-e813-4fc9-9b5a-6fcb6f1a0a2e,4,1840.705534
2026/02/05/10:52:12,apply-time,rs-001925-khcc7,26eba5e0-6fee-41a4-9194-d509d5bd55e8,3,1841.705534
2026/02/05/10:52:12,running-time,rs-001925-khcc7,26eba5e0-6fee-41a4-9194-d509d5bd55e8,3,1841.705534
2026/02/05/10:52:12,apply-time,rs-001925-wdd8t,5d7b87f6-896d-4b9c-a6e0-65301a3e9bde,3,1841.705534
2026/02/05/10:52:12,running-time,rs-001925-wdd8t,5d7b87f6-896d-4b9c-a6e0-65301a3e9bde,3,1841.705534
2026/02/05/10:52:12,apply-time,rs-001925-z4cxj,c2484dde-4327-46c4-843f-d46ee6a8683c,3,1841.705534
2026/02/05/10:52:12,running-time,rs-001925-z4cxj,c2484dde-4327-46c4-843f-d46ee6a8683c,3,1841.705534
2026/02/05/10:52:12,apply-time,rs-001926-58bff,3a9b1b17-90ea-458b-9211-bec2ed59388c,1,1841.705534
2026/02/05/10:52:12,running-time,rs-001926-58bff,3a9b1b17-90ea-458b-9211-bec2ed59388c,1,1841.705534
2026/02/05/10:52:12,apply-time,rs-001926-mrrkl,39096136-4b1f-4e55-95da-64bdaf444c53,1,1841.705534
2026/02/05/10:52:12,running-time,rs-001926-mrrkl,39096136-4b1f-4e55-95da-64bdaf444c53,1,1841.705534
2026/02/05/10:52:12,apply-time,rs-001927-bxqh6,53baa799-22e0-44a1-b8cd-d16dc4527737,3,1841.705534
2026/02/05/10:52:12,running-time,rs-001927-bxqh6,53baa799-22e0-44a1-b8cd-d16dc4527737,3,1841.705534
2026/02/05/10:52:12,apply-time,rs-001928-bc2jg,6d4adf02-1b88-4e14-ba97-fb4dc51b45f2,1,1841.705534
2026/02/05/10:52:12,running-time,rs-001928-bc2jg,6d4adf02-1b88-4e14-ba97-fb4dc51b45f2,1,1841.705534
2026/02/05/10:52:12,apply-time,rs-001928-pgkgn,1814186e-1c18-4968-b7b6-e5676af6b931,1,1841.705534
2026/02/05/10:52:12,running-time,rs-001928-pgkgn,1814186e-1c18-4968-b7b6-e5676af6b931,1,1841.705534
2026/02/05/10:52:13,apply-time,rs-001929-2cg4b,152f0627-2d04-4e77-a34e-4843dca3baa9,3,1842.705534
2026/02/05/10:52:13,running-time,rs-001929-2cg4b,152f0627-2d04-4e77-a34e-4843dca3baa9,3,1842.705534
2026/02/05/10:52:13,apply-time,rs-001930-vvn7m,e35c74cf-4d3a-44cb-8d12-028e7c626b4e,2,1842.705534
2026/02/05/10:52:13,running-time,rs-001930-vvn7m,e35c74cf-4d3a-44cb-8d12-028e7c626b4e,2,1842.705534
2026/02/05/10:52:13,apply-time,rs-001930-wv5dp,a1a2f39d-7a6f-4cd5-a747-10c97576664c,2,1842.705534
2026/02/05/10:52:13,running-time,rs-001930-wv5dp,a1a2f39d-7a6f-4cd5-a747-10c97576664c,2,1842.705534
2026/02/05/10:52:14,apply-time,rs-001931-mwbf2,c01ae123-881c-403f-80a0-42e2185667ab,1,1843.705534
2026/02/05/10:52:14,running-time,rs-001931-mwbf2,c01ae123-881c-403f-80a0-42e2185667ab,1,1843.705534
2026/02/05/10:52:14,apply-time,rs-001932-282rc,041f34b0-079d-44e8-8217-ac45748563a0,3,1843.705534
2026/02/05/10:52:14,running-time,rs-001932-282rc,041f34b0-079d-44e8-8217-ac45748563a0,3,1843.705534
2026/02/05/10:52:14,apply-time,rs-001932-9nxq8,61c07a68-f935-4593-8aa1-0db2f51f3b7a,3,1843.705534
2026/02/05/10:52:14,running-time,rs-001932-9nxq8,61c07a68-f935-4593-8aa1-0db2f51f3b7a,3,1843.705534
2026/02/05/10:52:14,apply-time,rs-001932-xcpsv,155dd5b0-a479-4d99-a4fb-6b14af5264fe,3,1843.705534
2026/02/05/10:52:14,running-time,rs-001932-xcpsv,155dd5b0-a479-4d99-a4fb-6b14af5264fe,3,1843.705534
2026/02/05/10:52:15,apply-time,rs-001933-9dp55,cb25d0d4-983b-4a69-b4e4-aca8168c306d,1,1844.705534
2026/02/05/10:52:15,running-time,rs-001933-9dp55,cb25d0d4-983b-4a69-b4e4-aca8168c306d,1,1844.705534
2026/02/05/10:52:15,apply-time,rs-001933-kgw4f,7b708fe0-4455-48a6-a7f8-e987646df1cd,1,1844.705534
2026/02/05/10:52:15,running-time,rs-001933-kgw4f,7b708fe0-4455-48a6-a7f8-e987646df1cd,1,1844.705534
2026/02/05/10:52:15,apply-time,rs-001933-rfzx7,1dcf0499-073f-4c86-8bc6-2580cf919d8f,1,1844.705534
2026/02/05/10:52:15,running-time,rs-001933-rfzx7,1dcf0499-073f-4c86-8bc6-2580cf919d8f,1,1844.705534
2026/02/05/10:52:15,apply-time,rs-001934-v9rq9,4f892ca8-42e8-43fb-be72-fe4375492c67,4,1844.705534
2026/02/05/10:52:15,running-time,rs-001934-v9rq9,4f892ca8-42e8-43fb-be72-fe4375492c67,4,1844.705534
2026/02/05/10:52:15,apply-time,rs-001935-2vkdx,b1bac16a-9fa0-473d-864b-66c6e43dc742,3,1844.705534
2026/02/05/10:52:15,running-time,rs-001935-2vkdx,b1bac16a-9fa0-473d-864b-66c6e43dc742,3,1844.705534
2026/02/05/10:52:15,apply-time,rs-001935-j7tnb,352d2605-59f0-4ccb-9d35-39dab340ff6a,3,1844.705534
2026/02/05/10:52:15,running-time,rs-001935-j7tnb,352d2605-59f0-4ccb-9d35-39dab340ff6a,3,1844.705534
2026/02/05/10:52:25,apply-time,rs-001936-n8pp5,6b199c9d-5bf4-48b4-a582-e6ca6a9faf37,1,1854.705534
2026/02/05/10:52:25,running-time,rs-001936-n8pp5,6b199c9d-5bf4-48b4-a582-e6ca6a9faf37,1,1854.705534
2026/02/05/10:52:25,apply-time,rs-001936-s62f8,1ef2da20-fe7e-4304-8ff6-8d00ea5621ac,1,1854.705534
2026/02/05/10:52:25,running-time,rs-001936-s62f8,1ef2da20-fe7e-4304-8ff6-8d00ea5621ac,1,1854.705534
2026/02/05/10:52:25,apply-time,rs-001937-hqslw,ffb8c051-9ba6-4366-ab74-c42e0c8ab543,1,1854.705534
2026/02/05/10:52:25,running-time,rs-001937-hqslw,ffb8c051-9ba6-4366-ab74-c42e0c8ab543,1,1854.705534
2026/02/05/10:52:25,apply-time,rs-001937-lgd57,7cce13b5-4b3c-449a-b7c0-07f4812d5ed7,1,1854.705534
2026/02/05/10:52:25,running-time,rs-001937-lgd57,7cce13b5-4b3c-449a-b7c0-07f4812d5ed7,1,1854.705534
2026/02/05/10:52:25,apply-time,rs-001938-7kltz,681056b5-2e1e-4b23-8666-71b0928e12b9,3,1854.705534
2026/02/05/10:52:25,running-time,rs-001938-7kltz,681056b5-2e1e-4b23-8666-71b0928e12b9,3,1854.705534
2026/02/05/10:52:25,apply-time,rs-001938-nt4lx,64309645-f73b-49fe-bc40-6b8226066316,3,1854.705534
2026/02/05/10:52:25,running-time,rs-001938-nt4lx,64309645-f73b-49fe-bc40-6b8226066316,3,1854.705534
2026/02/05/10:52:25,apply-time,rs-001938-qfddx,f4fdc2ee-1e69-4889-8c17-e8f54dff05b0,3,1854.705534
2026/02/05/10:52:25,running-time,rs-001938-qfddx,f4fdc2ee-1e69-4889-8c17-e8f54dff05b0,3,1854.705534
2026/02/05/10:52:25,apply-time,rs-001939-4tcsv,6562b50b-bce8-4ebf-9550-5bb2ff20388a,2,1854.705534
2026/02/05/10:52:25,running-time,rs-001939-4tcsv,6562b50b-bce8-4ebf-9550-5bb2ff20388a,2,1854.705534
2026/02/05/10:52:25,apply-time,rs-001940-hrxt7,00a5cd37-b9a1-4aa2-8fa9-f68f6fcbda77,2,1854.705534
2026/02/05/10:52:25,running-time,rs-001940-hrxt7,00a5cd37-b9a1-4aa2-8fa9-f68f6fcbda77,2,1854.705534
2026/02/05/10:52:25,apply-time,rs-001940-qz42f,444e4fd8-949f-433f-bf96-334b7d67e7af,2,1854.705534
2026/02/05/10:52:25,running-time,rs-001940-qz42f,444e4fd8-949f-433f-bf96-334b7d67e7af,2,1854.705534
2026/02/05/10:52:26,apply-time,rs-001941-dghfz,6ce30ad9-e4e9-44f1-a2f2-74aa2ee57d5e,1,1855.705534
2026/02/05/10:52:26,running-time,rs-001941-dghfz,6ce30ad9-e4e9-44f1-a2f2-74aa2ee57d5e,1,1855.705534
2026/02/05/10:52:26,apply-time,rs-001942-tqs5q,7223a666-cdae-43d8-90a9-59176ad61685,1,1855.705534
2026/02/05/10:52:26,running-time,rs-001942-tqs5q,7223a666-cdae-43d8-90a9-59176ad61685,1,1855.705534
2026/02/05/10:52:26,apply-time,rs-001943-776st,e8041227-3d12-4974-ae95-8d901e51cfae,1,1855.705534
2026/02/05/10:52:26,running-time,rs-001943-776st,e8041227-3d12-4974-ae95-8d901e51cfae,1,1855.705534
2026/02/05/10:52:26,apply-time,rs-001943-9zwvp,276d07bb-9852-40a3-b31d-26d144b763fa,1,1855.705534
2026/02/05/10:52:26,running-time,rs-001943-9zwvp,276d07bb-9852-40a3-b31d-26d144b763fa,1,1855.705534
2026/02/05/10:52:27,apply-time,rs-001944-k959k,5ad35d5b-35bf-45d1-9609-22cde6a198c2,3,1855.705534
2026/02/05/10:52:27,apply-time,rs-001944-r7gdr,83c1e319-74bf-4235-9cca-9566f1493533,3,1855.705534
2026/02/05/10:52:27,apply-time,rs-001945-6n4b7,5e165c3b-f524-440c-bc4b-f3bd176b2dff,1,1855.705534
2026/02/05/10:52:27,apply-time,rs-001946-cx6md,1dc75df0-d8bb-42d3-a209-b24917a1ab90,1,1856.705534
2026/02/05/10:52:27,running-time,rs-001946-cx6md,1dc75df0-d8bb-42d3-a209-b24917a1ab90,1,1856.705534
2026/02/05/10:52:27,apply-time,rs-001946-d47zj,3cb8d4f4-a176-46e4-ad89-a31f04659320,1,1856.705534
2026/02/05/10:52:27,running-time,rs-001946-d47zj,3cb8d4f4-a176-46e4-ad89-a31f04659320,1,1856.705534
2026/02/05/10:52:27,apply-time,rs-001946-rtfsc,2aaa3559-ebcf-4fa1-9de5-4fb4a00f40a0,1,1855.705534
2026/02/05/10:52:27,running-time,rs-001946-rtfsc,2aaa3559-ebcf-4fa1-9de5-4fb4a00f40a0,1,1855.705534
2026/02/05/10:52:27,apply-time,rs-001947-dql56,2d103a25-13fb-45d4-83c2-7582041411cc,3,1855.705534
2026/02/05/10:52:27,apply-time,rs-001948-95fw9,395bb65a-fd3f-4ab0-bb01-89a249d7b2ac,1,1856.705534
2026/02/05/10:52:27,apply-time,rs-001949-kzpww,e94738fc-1ee9-4977-a3df-61569b953618,2,1856.705534
2026/02/05/10:52:27,apply-time,rs-001950-5zbxf,1424b1c8-a4a9-407a-8cd6-2adf736593b8,2,1856.705534
2026/02/05/10:52:27,apply-time,rs-001951-kwv2f,868554cf-e50c-4afd-8165-b80b813327bc,3,1856.705534
2026/02/05/10:52:27,running-time,rs-001951-kwv2f,868554cf-e50c-4afd-8165-b80b813327bc,3,1856.705534
2026/02/05/10:52:28,running-time,rs-001947-dql56,2d103a25-13fb-45d4-83c2-7582041411cc,3,1857.705534
2026/02/05/10:52:28,running-time,rs-001948-95fw9,395bb65a-fd3f-4ab0-bb01-89a249d7b2ac,1,1857.705534
2026/02/05/10:52:28,apply-time,rs-001950-q8dqm,055ac00b-047b-4180-be5c-0a7fe0d28ce1,2,1856.705534
2026/02/05/10:52:28,running-time,rs-001950-q8dqm,055ac00b-047b-4180-be5c-0a7fe0d28ce1,2,1857.705534
2026/02/05/10:52:28,apply-time,rs-001950-zpw8j,78c71bad-fa1d-41ce-8641-51cba005c7dd,2,1856.705534
2026/02/05/10:52:28,running-time,rs-001950-zpw8j,78c71bad-fa1d-41ce-8641-51cba005c7dd,2,1857.705534
2026/02/05/10:52:28,apply-time,rs-001951-nppqq,fb289296-cc5b-456f-b518-932b5c513089,3,1856.705534
2026/02/05/10:52:28,running-time,rs-001951-nppqq,fb289296-cc5b-456f-b518-932b5c513089,3,1856.705534
2026/02/05/10:52:29,running-time,rs-001944-r7gdr,83c1e319-74bf-4235-9cca-9566f1493533,3,1858.705534
2026/02/05/10:52:29,running-time,rs-001950-5zbxf,1424b1c8-a4a9-407a-8cd6-2adf736593b8,2,1858.705534
2026/02/05/10:52:29,apply-time,rs-001952-hn6nf,8e97e0b5-4b9c-4571-b543-0594d4f98df4,1,1858.705534
2026/02/05/10:52:30,running-time,rs-001944-k959k,5ad35d5b-35bf-45d1-9609-22cde6a198c2,3,1859.705534
2026/02/05/10:52:31,running-time,rs-001945-6n4b7,5e165c3b-f524-440c-bc4b-f3bd176b2dff,1,1860.705534
2026/02/05/10:52:33,apply-time,rs-001953-6df5q,752e22c5-7236-482a-b75f-1b490d056b06,2,1861.705534
2026/02/05/10:52:33,running-time,rs-001953-6df5q,752e22c5-7236-482a-b75f-1b490d056b06,2,1861.705534
2026/02/05/10:52:33,apply-time,rs-001953-cggpz,710bfe53-b7e5-4dc3-89a0-12c19c98e8a0,2,1861.705534
2026/02/05/10:52:33,running-time,rs-001953-cggpz,710bfe53-b7e5-4dc3-89a0-12c19c98e8a0,2,1861.705534
2026/02/05/10:52:33,apply-time,rs-001954-sftcq,96bc443d-5cb3-456e-8f53-d998421b51f8,3,1861.705534
2026/02/05/10:52:33,running-time,rs-001954-sftcq,96bc443d-5cb3-456e-8f53-d998421b51f8,3,1861.705534
2026/02/05/10:52:34,apply-time,rs-001955-bc2vh,6731e93d-71c4-46cc-a343-1613bc8bb649,2,1863.705534
2026/02/05/10:52:34,running-time,rs-001955-bc2vh,6731e93d-71c4-46cc-a343-1613bc8bb649,2,1863.705534
2026/02/05/10:52:34,apply-time,rs-001955-glb4h,ed75ac3c-b7bd-48fe-8177-7a5841bffc61,2,1863.705534
2026/02/05/10:52:34,running-time,rs-001955-glb4h,ed75ac3c-b7bd-48fe-8177-7a5841bffc61,2,1863.705534
2026/02/05/10:52:34,apply-time,rs-001955-m9ddt,0b63f81b-f822-4901-acf6-ecb111264c54,2,1863.705534
2026/02/05/10:52:34,running-time,rs-001955-m9ddt,0b63f81b-f822-4901-acf6-ecb111264c54,2,1863.705534
2026/02/05/10:52:36,running-time,rs-001952-hn6nf,8e97e0b5-4b9c-4571-b543-0594d4f98df4,1,1865.705534
2026/02/05/10:52:43,apply-time,rs-001956-m2bcj,473f524d-fc90-41d2-8a1a-cb95cdeab99f,3,1872.705534
2026/02/05/10:52:43,running-time,rs-001956-m2bcj,473f524d-fc90-41d2-8a1a-cb95cdeab99f,3,1872.705534
2026/02/05/10:52:43,apply-time,rs-001956-tlrzm,19e0c38f-5796-46ba-bef7-2a22ade38791,3,1872.705534
2026/02/05/10:52:43,running-time,rs-001956-tlrzm,19e0c38f-5796-46ba-bef7-2a22ade38791,3,1872.705534
2026/02/05/10:52:43,apply-time,rs-001956-z9h2b,5a9c281a-de99-4d20-9f04-9889d34401b8,3,1872.705534
2026/02/05/10:52:43,running-time,rs-001956-z9h2b,5a9c281a-de99-4d20-9f04-9889d34401b8,3,1872.705534
2026/02/05/10:52:43,apply-time,rs-001957-8cw9h,a8390010-6970-4760-9c55-28e16b24e77d,4,1872.705534
2026/02/05/10:52:43,running-time,rs-001957-8cw9h,a8390010-6970-4760-9c55-28e16b24e77d,4,1872.705534
2026/02/05/10:52:43,apply-time,rs-001957-8wlqc,3e200715-49c9-45d8-a127-573aa6203880,4,1872.705534
2026/02/05/10:52:43,running-time,rs-001957-8wlqc,3e200715-49c9-45d8-a127-573aa6203880,4,1872.705534
2026/02/05/10:52:43,apply-time,rs-001957-r9ztd,454734e2-e103-440b-b1e8-9990ce7290b3,4,1872.705534
2026/02/05/10:52:43,running-time,rs-001957-r9ztd,454734e2-e103-440b-b1e8-9990ce7290b3,4,1872.705534
2026/02/05/10:52:43,apply-time,rs-001958-gmg4m,f7ddec9a-4817-428d-a187-159b0d4222ac,4,1872.705534
2026/02/05/10:52:43,running-time,rs-001958-gmg4m,f7ddec9a-4817-428d-a187-159b0d4222ac,4,1872.705534
2026/02/05/10:52:47,apply-time,rs-001959-clchh,495c1d7c-703a-475b-88b1-04c41c3e27ce,2,1876.705534
2026/02/05/10:52:47,running-time,rs-001959-clchh,495c1d7c-703a-475b-88b1-04c41c3e27ce,2,1876.705534
2026/02/05/10:52:47,apply-time,rs-001959-tz9qp,b2994cbc-3721-4e4b-8fba-eccb16413bbf,2,1876.705534
2026/02/05/10:52:47,running-time,rs-001959-tz9qp,b2994cbc-3721-4e4b-8fba-eccb16413bbf,2,1876.705534
2026/02/05/10:52:47,apply-time,rs-001960-9ghpv,a50fe0c7-7cb3-470f-98bc-4728a66f27f2,3,1876.705534
2026/02/05/10:52:47,running-time,rs-001960-9ghpv,a50fe0c7-7cb3-470f-98bc-4728a66f27f2,3,1876.705534
2026/02/05/10:52:47,apply-time,rs-001960-9wsf6,3dfbc482-f6fb-49c8-89b0-1097d5d76aee,3,1876.705534
2026/02/05/10:52:47,apply-time,rs-001960-rjcbb,8f428bf4-aae7-4a53-a734-1b3ed4eb5863,3,1876.705534
2026/02/05/10:52:47,apply-time,rs-001961-7w77t,e3ba4ffa-44f9-4e7e-b30f-ba9093f959b5,1,1876.705534
2026/02/05/10:52:47,running-time,rs-001961-7w77t,e3ba4ffa-44f9-4e7e-b30f-ba9093f959b5,1,1876.705534
2026/02/05/10:52:47,apply-time,rs-001962-9n9k4,e3b31790-c80a-43b9-9475-774d4c28acd1,1,1876.705534
2026/02/05/10:52:47,running-time,rs-001962-9n9k4,e3b31790-c80a-43b9-9475-774d4c28acd1,1,1876.705534
2026/02/05/10:52:47,apply-time,rs-001962-kfmp2,310ccfc5-ae14-4281-9550-51e3e676a72a,1,1876.705534
2026/02/05/10:52:47,running-time,rs-001962-kfmp2,310ccfc5-ae14-4281-9550-51e3e676a72a,1,1876.705534
2026/02/05/10:52:47,apply-time,rs-001963-jhdq2,6d7aa0d5-3df7-4c21-9e66-81982fef2cad,2,1876.705534
2026/02/05/10:52:47,running-time,rs-001963-jhdq2,6d7aa0d5-3df7-4c21-9e66-81982fef2cad,2,1876.705534
2026/02/05/10:52:47,apply-time,rs-001963-x8wv7,4baacaec-c5b1-48e9-83aa-f99155021f8a,2,1876.705534
2026/02/05/10:52:47,running-time,rs-001963-x8wv7,4baacaec-c5b1-48e9-83aa-f99155021f8a,2,1876.705534
2026/02/05/10:52:47,apply-time,rs-001963-xn2pp,c11afef5-f52d-4a7b-8169-5c990e23a175,2,1876.705534
2026/02/05/10:52:47,running-time,rs-001963-xn2pp,c11afef5-f52d-4a7b-8169-5c990e23a175,2,1876.705534
2026/02/05/10:52:49,running-time,rs-001960-rjcbb,8f428bf4-aae7-4a53-a734-1b3ed4eb5863,3,1878.705534
2026/02/05/10:52:51,apply-time,rs-001964-bpr2l,f5f11ca1-ca04-4c66-a765-833cf483354f,1,1880.705534
2026/02/05/10:52:51,running-time,rs-001964-bpr2l,f5f11ca1-ca04-4c66-a765-833cf483354f,1,1880.705534
2026/02/05/10:52:51,apply-time,rs-001964-jmqmb,5b02fb7e-6288-4662-a13d-843f5747629d,1,1880.705534
2026/02/05/10:52:51,running-time,rs-001964-jmqmb,5b02fb7e-6288-4662-a13d-843f5747629d,1,1880.705534
2026/02/05/10:52:51,apply-time,rs-001965-7dm7c,34b6f7a8-403d-4ceb-ba23-1437d809d23c,3,1880.705534
2026/02/05/10:52:51,running-time,rs-001965-7dm7c,34b6f7a8-403d-4ceb-ba23-1437d809d23c,3,1880.705534
2026/02/05/10:52:51,apply-time,rs-001965-fd6z2,32184759-c35e-41db-b033-c4634bfa498c,3,1880.705534
2026/02/05/10:52:51,running-time,rs-001965-fd6z2,32184759-c35e-41db-b033-c4634bfa498c,3,1880.705534
2026/02/05/10:52:51,apply-time,rs-001965-r6w4k,a3cc8bab-4512-484d-b9fa-1ae205fc374e,3,1880.705534
2026/02/05/10:52:51,running-time,rs-001965-r6w4k,a3cc8bab-4512-484d-b9fa-1ae205fc374e,3,1880.705534
2026/02/05/10:52:51,apply-time,rs-001966-d2746,246ff36b-e89c-43c4-b077-67e7ea72e821,4,1880.705534
2026/02/05/10:52:51,running-time,rs-001966-d2746,246ff36b-e89c-43c4-b077-67e7ea72e821,4,1880.705534
2026/02/05/10:52:51,apply-time,rs-001966-mcdlg,2a242bad-209a-4103-970e-7caed1e78902,4,1880.705534
2026/02/05/10:52:51,running-time,rs-001966-mcdlg,2a242bad-209a-4103-970e-7caed1e78902,4,1880.705534
2026/02/05/10:52:51,apply-time,rs-001966-w4bt8,4eb75648-cf2c-47a1-806c-734f3c6f85c6,4,1880.705534
2026/02/05/10:52:51,running-time,rs-001966-w4bt8,4eb75648-cf2c-47a1-806c-734f3c6f85c6,4,1880.705534
2026/02/05/10:52:51,apply-time,rs-001967-p9thk,f712d0dc-b264-486f-a2c8-98ade21a3b2e,3,1880.705534
2026/02/05/10:52:51,running-time,rs-001967-p9thk,f712d0dc-b264-486f-a2c8-98ade21a3b2e,3,1880.705534
2026/02/05/10:52:51,apply-time,rs-001968-8d6gs,d56a3cba-c253-46ac-8f24-ebcd56331843,2,1880.705534
2026/02/05/10:52:51,apply-time,rs-001968-h24x9,20fb88f6-3618-4df2-8bc9-be20e3d520ad,2,1880.705534
2026/02/05/10:52:51,running-time,rs-001968-h24x9,20fb88f6-3618-4df2-8bc9-be20e3d520ad,2,1880.705534
2026/02/05/10:52:52,apply-time,rs-001969-8lf4r,f1a1dce6-fd6b-415c-9acd-8b7ee567e3e9,1,1880.705534
2026/02/05/10:52:52,running-time,rs-001969-8lf4r,f1a1dce6-fd6b-415c-9acd-8b7ee567e3e9,1,1880.705534
2026/02/05/10:52:52,apply-time,rs-001969-ctp46,e7c1a80d-fe13-45cb-b3e9-386264348a45,1,1880.705534
2026/02/05/10:52:52,running-time,rs-001969-ctp46,e7c1a80d-fe13-45cb-b3e9-386264348a45,1,1880.705534
2026/02/05/10:52:52,apply-time,rs-001969-n74rb,2ac3dbfc-b837-433e-b230-2a94e1ed36bf,1,1880.705534
2026/02/05/10:52:52,running-time,rs-001969-n74rb,2ac3dbfc-b837-433e-b230-2a94e1ed36bf,1,1881.705534
2026/02/05/10:52:52,apply-time,rs-001970-56vqz,77b57c89-22f1-4340-a0da-b7133597bd6a,1,1881.705534
2026/02/05/10:52:52,running-time,rs-001970-56vqz,77b57c89-22f1-4340-a0da-b7133597bd6a,1,1881.705534
2026/02/05/10:52:52,apply-time,rs-001970-n9jz8,a867f8ce-dec0-4957-836c-e4eaeac41e5d,1,1880.705534
2026/02/05/10:52:52,running-time,rs-001970-n9jz8,a867f8ce-dec0-4957-836c-e4eaeac41e5d,1,1880.705534
2026/02/05/10:52:52,apply-time,rs-001971-8d9hk,dc726c63-ad09-4f67-8c33-3120f3d80f9c,2,1881.705534
2026/02/05/10:52:52,apply-time,rs-001971-zxwlz,cc8ecb7e-692a-49f4-aaa6-66540692c384,2,1881.705534
2026/02/05/10:52:53,running-time,rs-001968-8d6gs,d56a3cba-c253-46ac-8f24-ebcd56331843,2,1882.705534
2026/02/05/10:52:58,apply-time,rs-001972-vjcnn,cbdaa79e-563a-4e03-838f-f1da6a4e7058,3,1886.705534
2026/02/05/10:52:58,running-time,rs-001972-vjcnn,cbdaa79e-563a-4e03-838f-f1da6a4e7058,3,1886.705534
2026/02/05/10:52:58,apply-time,rs-001973-nckxw,71b5de25-9fe0-4ce7-8241-ffeda2e01bbf,1,1886.705534
2026/02/05/10:52:58,running-time,rs-001973-nckxw,71b5de25-9fe0-4ce7-8241-ffeda2e01bbf,1,1887.705534
2026/02/05/10:52:59,apply-time,rs-001974-4dm9g,f3c6dd79-d3e2-4078-8dad-a5d2cc31dc9b,2,1888.705534
2026/02/05/10:52:59,running-time,rs-001974-4dm9g,f3c6dd79-d3e2-4078-8dad-a5d2cc31dc9b,2,1888.705534
2026/02/05/10:52:59,apply-time,rs-001974-kd24k,b1b67f3f-23d3-43d1-b5d3-9b60ec905526,2,1888.705534
2026/02/05/10:52:59,running-time,rs-001974-kd24k,b1b67f3f-23d3-43d1-b5d3-9b60ec905526,2,1888.705534
2026/02/05/10:52:59,apply-time,rs-001974-pp7v2,8c8bc743-8e3e-45de-8d9c-b5d942b48659,2,1888.705534
2026/02/05/10:52:59,running-time,rs-001974-pp7v2,8c8bc743-8e3e-45de-8d9c-b5d942b48659,2,1888.705534
2026/02/05/10:52:59,apply-time,rs-001975-cqb4r,3d6d75d5-97d1-4991-88e9-238322809439,3,1888.705534
2026/02/05/10:52:59,running-time,rs-001975-cqb4r,3d6d75d5-97d1-4991-88e9-238322809439,3,1888.705534
2026/02/05/10:52:59,apply-time,rs-001976-5s26d,1e06b6a7-92a6-4f0b-8dd7-68e2efbedcfb,4,1888.705534
2026/02/05/10:52:59,running-time,rs-001976-5s26d,1e06b6a7-92a6-4f0b-8dd7-68e2efbedcfb,4,1888.705534
2026/02/05/10:52:59,apply-time,rs-001976-gdrdj,6ef8dc07-ce15-4a03-8dc1-3bfc9d3fc9d1,4,1888.705534
2026/02/05/10:52:59,running-time,rs-001976-gdrdj,6ef8dc07-ce15-4a03-8dc1-3bfc9d3fc9d1,4,1888.705534
2026/02/05/10:52:59,apply-time,rs-001977-l489z,fdb9d19a-88f9-46d4-84e6-fba716ec6a31,4,1888.705534
2026/02/05/10:52:59,running-time,rs-001977-l489z,fdb9d19a-88f9-46d4-84e6-fba716ec6a31,4,1888.705534
2026/02/05/10:53:00,apply-time,rs-001978-dtgs4,6656a1fd-1432-49c9-a9ab-77bc90860bb2,1,1888.705534
2026/02/05/10:53:00,running-time,rs-001978-dtgs4,6656a1fd-1432-49c9-a9ab-77bc90860bb2,1,1888.705534
2026/02/05/10:53:00,apply-time,rs-001979-gmhs8,25482cc8-4ae0-4600-8b25-ebc562c9066d,4,1888.705534
2026/02/05/10:53:00,running-time,rs-001979-gmhs8,25482cc8-4ae0-4600-8b25-ebc562c9066d,4,1888.705534
2026/02/05/10:53:00,apply-time,rs-001979-smzpm,3acebb5a-ebd3-4094-afcf-51424fbfb9f8,4,1888.705534
2026/02/05/10:53:00,running-time,rs-001979-smzpm,3acebb5a-ebd3-4094-afcf-51424fbfb9f8,4,1888.705534
2026/02/05/10:53:00,apply-time,rs-001980-bmdg8,9d890503-e769-4833-a94b-6f677bfeb9e3,1,1889.705534
2026/02/05/10:53:00,running-time,rs-001980-bmdg8,9d890503-e769-4833-a94b-6f677bfeb9e3,1,1889.705534
2026/02/05/10:53:00,apply-time,rs-001980-htrj6,42b48698-347b-48cd-a4e4-142c639ee5ae,1,1889.705534
2026/02/05/10:53:00,running-time,rs-001980-htrj6,42b48698-347b-48cd-a4e4-142c639ee5ae,1,1889.705534
2026/02/05/10:53:00,apply-time,rs-001980-zg52p,6a22a085-2935-48db-8d9f-46d5c4c581db,1,1889.705534
2026/02/05/10:53:00,running-time,rs-001980-zg52p,6a22a085-2935-48db-8d9f-46d5c4c581db,1,1889.705534
2026/02/05/10:53:00,apply-time,rs-001981-sbvgq,856c45ff-92e0-4d50-aa29-c8b80aa1b003,3,1888.705534
2026/02/05/10:53:00,running-time,rs-001981-sbvgq,856c45ff-92e0-4d50-aa29-c8b80aa1b003,3,1888.705534
2026/02/05/10:53:00,apply-time,rs-001982-6hwpj,393950a0-f280-4679-91d2-dce1ca57bbc3,3,1889.705534
2026/02/05/10:53:00,running-time,rs-001982-6hwpj,393950a0-f280-4679-91d2-dce1ca57bbc3,3,1889.705534
2026/02/05/10:53:01,apply-time,rs-001982-8qc2q,8ff401f3-9215-4c5a-b2f5-d1c342544aa4,3,1889.705534
2026/02/05/10:53:01,running-time,rs-001982-8qc2q,8ff401f3-9215-4c5a-b2f5-d1c342544aa4,3,1889.705534
2026/02/05/10:53:01,apply-time,rs-001982-q2tvz,cd4e80e7-80b5-4315-b110-77273296654c,3,1889.705534
2026/02/05/10:53:01,running-time,rs-001982-q2tvz,cd4e80e7-80b5-4315-b110-77273296654c,3,1889.705534
2026/02/05/10:53:01,apply-time,rs-001983-n2tcr,029c738a-23d7-4016-b0e5-268e86807014,1,1889.705534
2026/02/05/10:53:01,running-time,rs-001983-n2tcr,029c738a-23d7-4016-b0e5-268e86807014,1,1889.705534
2026/02/05/10:53:01,apply-time,rs-001984-5sdrc,167a80ce-4cbd-4fef-9ee4-b051c12c0f95,3,1890.705534
2026/02/05/10:53:01,running-time,rs-001984-5sdrc,167a80ce-4cbd-4fef-9ee4-b051c12c0f95,3,1890.705534
2026/02/05/10:53:01,apply-time,rs-001984-j4kmt,3eafb1ad-f0d2-44b3-9aae-ec082c7aa6e2,3,1889.705534
2026/02/05/10:53:01,running-time,rs-001984-j4kmt,3eafb1ad-f0d2-44b3-9aae-ec082c7aa6e2,3,1889.705534
2026/02/05/10:53:01,apply-time,rs-001984-svstw,751b9f96-33da-4605-82f0-72590b2563d6,3,1890.705534
2026/02/05/10:53:01,running-time,rs-001984-svstw,751b9f96-33da-4605-82f0-72590b2563d6,3,1890.705534
2026/02/05/10:53:01,apply-time,rs-001985-f5j85,c0217f6d-59b1-45e6-95bb-feae92d4dcb0,4,1889.705534
2026/02/05/10:53:01,running-time,rs-001985-f5j85,c0217f6d-59b1-45e6-95bb-feae92d4dcb0,4,1889.705534
2026/02/05/10:53:01,apply-time,rs-001986-8wjkw,9b2c5af6-2936-4be7-96f8-6369c8d714f8,1,1890.705534
2026/02/05/10:53:01,running-time,rs-001986-8wjkw,9b2c5af6-2936-4be7-96f8-6369c8d714f8,1,1890.705534
2026/02/05/10:53:01,apply-time,rs-001987-6nc7v,013bbe36-a219-4d94-b738-14da543289e7,4,1890.705534
2026/02/05/10:53:02,apply-time,rs-001988-4h8hw,0e62681e-cba6-4876-ad33-aa5d3eda0882,2,1891.705534
2026/02/05/10:53:02,running-time,rs-001988-4h8hw,0e62681e-cba6-4876-ad33-aa5d3eda0882,2,1891.705534
2026/02/05/10:53:03,running-time,rs-001987-6nc7v,013bbe36-a219-4d94-b738-14da543289e7,4,1891.705534
2026/02/05/10:53:12,apply-time,rs-001989-9778j,a7717458-9bee-4dc8-883f-db5a9bb6565f,1,1900.705534
2026/02/05/10:53:12,running-time,rs-001989-9778j,a7717458-9bee-4dc8-883f-db5a9bb6565f,1,1900.705534
2026/02/05/10:53:12,apply-time,rs-001989-r8j8p,3475178f-3727-4010-ac16-41de04cba7a3,1,1900.705534
2026/02/05/10:53:12,running-time,rs-001989-r8j8p,3475178f-3727-4010-ac16-41de04cba7a3,1,1900.705534
2026/02/05/10:53:12,apply-time,rs-001990-q2n4k,a07c2222-5e3e-461d-a55b-2a7147c7bd50,2,1901.705534
2026/02/05/10:53:12,running-time,rs-001990-q2n4k,a07c2222-5e3e-461d-a55b-2a7147c7bd50,2,1901.705534
2026/02/05/10:53:12,apply-time,rs-001991-p8cbw,d0e35840-480f-4053-a3db-a1fb6efe166e,1,1901.705534
2026/02/05/10:53:12,running-time,rs-001991-p8cbw,d0e35840-480f-4053-a3db-a1fb6efe166e,1,1901.705534
2026/02/05/10:53:12,apply-time,rs-001991-pdt5z,23e05fc3-45e1-4464-bcba-31bc8d4d0ecd,1,1901.705534
2026/02/05/10:53:12,running-time,rs-001991-pdt5z,23e05fc3-45e1-4464-bcba-31bc8d4d0ecd,1,1901.705534
2026/02/05/10:53:12,apply-time,rs-001991-vwzh2,661d1115-57eb-48d8-b71f-10af1c6c91c6,1,1901.705534
2026/02/05/10:53:12,running-time,rs-001991-vwzh2,661d1115-57eb-48d8-b71f-10af1c6c91c6,1,1901.705534
2026/02/05/10:53:12,apply-time,rs-001992-2nwwp,5f8f8f37-d825-4218-a9c3-b1d7926f9bbb,1,1901.705534
2026/02/05/10:53:12,running-time,rs-001992-2nwwp,5f8f8f37-d825-4218-a9c3-b1d7926f9bbb,1,1901.705534
2026/02/05/10:53:13,apply-time,rs-001993-lz8ws,47c662f2-142f-4534-bfb9-f9efa1371c2e,3,1902.705534
2026/02/05/10:53:13,running-time,rs-001993-lz8ws,47c662f2-142f-4534-bfb9-f9efa1371c2e,3,1902.705534
2026/02/05/10:53:13,apply-time,rs-001994-8rvxr,7e3a8d26-5fe0-45c9-80a7-f24812d66541,4,1902.705534
2026/02/05/10:53:13,running-time,rs-001994-8rvxr,7e3a8d26-5fe0-45c9-80a7-f24812d66541,4,1902.705534
2026/02/05/10:53:13,apply-time,rs-001994-9vm6v,b2dd7eaa-93ec-4cc8-9c01-84db5cad6dc2,4,1902.705534
2026/02/05/10:53:13,running-time,rs-001994-9vm6v,b2dd7eaa-93ec-4cc8-9c01-84db5cad6dc2,4,1902.705534
2026/02/05/10:53:13,apply-time,rs-001995-64prt,033cb5de-3c16-4e7d-a5e0-b9b90431df45,4,1902.705534
2026/02/05/10:53:13,running-time,rs-001995-64prt,033cb5de-3c16-4e7d-a5e0-b9b90431df45,4,1902.705534
2026/02/05/10:53:13,apply-time,rs-001995-lf5hg,e9f83d87-ca20-4fe9-b7c4-5642d44389cb,4,1902.705534
2026/02/05/10:53:13,running-time,rs-001995-lf5hg,e9f83d87-ca20-4fe9-b7c4-5642d44389cb,4,1902.705534
2026/02/05/10:53:13,apply-time,rs-001995-pfqbn,63cec99e-c9c4-467e-8a7d-0cd02c9f178c,4,1902.705534
2026/02/05/10:53:13,running-time,rs-001995-pfqbn,63cec99e-c9c4-467e-8a7d-0cd02c9f178c,4,1902.705534
2026/02/05/10:53:13,apply-time,rs-001996-cgm9x,a56223ae-9909-4e7c-a1c7-3ebbf25ba2d2,4,1902.705534
2026/02/05/10:53:13,apply-time,rs-001996-wh4bm,63abe82f-480f-4897-91cf-67c68d05634f,4,1902.705534
2026/02/05/10:53:14,apply-time,rs-001997-z29mp,49f3e544-cb5b-40cd-9ace-a4954c7baad8,2,1903.705534
2026/02/05/10:53:14,running-time,rs-001997-z29mp,49f3e544-cb5b-40cd-9ace-a4954c7baad8,2,1903.705534
2026/02/05/10:53:14,apply-time,rs-001998-bpfrm,4e0c87c0-faef-4c8d-bbca-f7f260946ed7,2,1903.705534
2026/02/05/10:53:14,apply-time,rs-001998-ntcp7,8c8ffcc5-4f7e-4dd5-b4ea-7f72893dc1fd,2,1903.705534
2026/02/05/10:53:14,apply-time,rs-001999-287gb,c6b06551-8c9f-4a78-87c4-1de2ffd23afd,3,1903.705534
2026/02/05/10:53:14,running-time,rs-001999-287gb,c6b06551-8c9f-4a78-87c4-1de2ffd23afd,3,1903.705534
2026/02/05/10:53:14,apply-time,rs-001999-cwtg6,7b0c3ae7-0ae2-449f-a317-bcb79453b446,3,1903.705534
2026/02/05/10:53:14,running-time,rs-001999-cwtg6,7b0c3ae7-0ae2-449f-a317-bcb79453b446,3,1903.705534
2026/02/05/10:53:14,apply-time,rs-001999-ldkb2,dbaf0cbc-c75a-4222-99de-b15f74d9b8c1,3,1903.705534
2026/02/05/10:53:14,running-time,rs-001999-ldkb2,dbaf0cbc-c75a-4222-99de-b15f74d9b8c1,3,1903.705534
2026/02/05/10:53:14,apply-time,rs-002000-4h9gk,61a9b9a6-d192-4102-aa85-5db23c4ea836,1,1903.705534
2026/02/05/10:53:14,running-time,rs-002000-4h9gk,61a9b9a6-d192-4102-aa85-5db23c4ea836,1,1903.705534
2026/02/05/10:53:14,apply-time,rs-002000-v84qv,9cae6702-73c3-4b80-945d-a61c4f7fcd07,1,1903.705534
2026/02/05/10:53:15,running-time,rs-001996-cgm9x,a56223ae-9909-4e7c-a1c7-3ebbf25ba2d2,4,1903.705534
2026/02/05/10:53:15,running-time,rs-001996-wh4bm,63abe82f-480f-4897-91cf-67c68d05634f,4,1904.705534
2026/02/05/10:53:15,apply-time,rs-002000-8tmtq,f4b03656-6e8a-4175-a707-52827988391a,1,1903.705534
2026/02/05/10:53:15,running-time,rs-002000-8tmtq,f4b03656-6e8a-4175-a707-52827988391a,1,1903.705534
2026/02/05/10:53:15,running-time,rs-002000-v84qv,9cae6702-73c3-4b80-945d-a61c4f7fcd07,1,1903.705534
2026/02/05/10:53:16,apply-time,rs-002001-gq5qx,305b5bc9-cc30-49c0-b39a-e7b131a943b3,3,1905.705534
2026/02/05/10:53:16,running-time,rs-002001-gq5qx,305b5bc9-cc30-49c0-b39a-e7b131a943b3,3,1905.705534
2026/02/05/10:53:16,apply-time,rs-002001-hnt8m,ee3434bd-c504-4085-8e9a-6df54698d394,3,1905.705534
2026/02/05/10:53:16,running-time,rs-002001-hnt8m,ee3434bd-c504-4085-8e9a-6df54698d394,3,1905.705534
2026/02/05/10:53:16,apply-time,rs-002002-b6x48,f965fd65-1ce5-40e5-a5e6-0deace5e29f3,3,1905.705534
2026/02/05/10:53:16,running-time,rs-002002-b6x48,f965fd65-1ce5-40e5-a5e6-0deace5e29f3,3,1905.705534
2026/02/05/10:53:16,apply-time,rs-002002-csrt6,077d39bc-fd35-4df1-bf3e-41518ad8f191,3,1905.705534
2026/02/05/10:53:16,running-time,rs-002002-csrt6,077d39bc-fd35-4df1-bf3e-41518ad8f191,3,1905.705534
2026/02/05/10:53:16,apply-time,rs-002002-k74k2,2e927479-dcda-4228-b762-13758843633e,3,1905.705534
2026/02/05/10:53:16,running-time,rs-002002-k74k2,2e927479-dcda-4228-b762-13758843633e,3,1905.705534
2026/02/05/10:53:16,apply-time,rs-002003-v5g7f,ce892aca-bf24-40c5-b28c-541cc9b39c45,2,1905.705534
2026/02/05/10:53:16,running-time,rs-002003-v5g7f,ce892aca-bf24-40c5-b28c-541cc9b39c45,2,1905.705534
2026/02/05/10:53:16,apply-time,rs-002004-dsk6z,bcaee45c-789d-4831-ae78-41f1470f5c21,2,1905.705534
2026/02/05/10:53:16,running-time,rs-002004-dsk6z,bcaee45c-789d-4831-ae78-41f1470f5c21,2,1905.705534
2026/02/05/10:53:17,apply-time,rs-002004-lvm98,4be06b88-fd0c-4fd1-84d2-f43afbde406d,2,1905.705534
2026/02/05/10:53:17,running-time,rs-002004-lvm98,4be06b88-fd0c-4fd1-84d2-f43afbde406d,2,1905.705534
2026/02/05/10:53:23,apply-time,rs-002005-6sb7w,12a9ce59-edb8-4d06-9f74-1e032fe90d70,2,1912.705534
2026/02/05/10:53:23,running-time,rs-002005-6sb7w,12a9ce59-edb8-4d06-9f74-1e032fe90d70,2,1912.705534
2026/02/05/10:53:23,apply-time,rs-002005-cvvgx,a02b25f1-8a42-4332-b8cd-373f3ddd26d8,2,1912.705534
2026/02/05/10:53:23,running-time,rs-002005-cvvgx,a02b25f1-8a42-4332-b8cd-373f3ddd26d8,2,1912.705534
2026/02/05/10:53:23,apply-time,rs-002006-ntnf8,b2930d42-1e9e-43b3-b512-6efc081d5880,2,1912.705534
2026/02/05/10:53:23,apply-time,rs-002006-nzcwv,8e9ac8a8-17c2-4be9-80cb-49ef680e5f98,2,1912.705534
2026/02/05/10:53:23,apply-time,rs-002007-mk2t5,edac4b98-d6ae-4072-9c8e-919e9bafcf07,3,1912.705534
2026/02/05/10:53:23,running-time,rs-002007-mk2t5,edac4b98-d6ae-4072-9c8e-919e9bafcf07,3,1912.705534
2026/02/05/10:53:23,apply-time,rs-002007-qb6d6,7b2afc62-5912-4c83-a01d-3d075df2aa5c,3,1912.705534
2026/02/05/10:53:23,running-time,rs-002007-qb6d6,7b2afc62-5912-4c83-a01d-3d075df2aa5c,3,1912.705534
2026/02/05/10:53:23,apply-time,rs-002007-zcchb,3f8a4ea3-6dda-42ed-9ce1-1f89b81f6a3a,3,1912.705534
2026/02/05/10:53:23,running-time,rs-002007-zcchb,3f8a4ea3-6dda-42ed-9ce1-1f89b81f6a3a,3,1912.705534
2026/02/05/10:53:23,apply-time,rs-002008-dphgc,f390848e-a449-4a0b-a8ed-e6edc53661b2,1,1912.705534
2026/02/05/10:53:23,running-time,rs-002008-dphgc,f390848e-a449-4a0b-a8ed-e6edc53661b2,1,1912.705534
2026/02/05/10:53:23,apply-time,rs-002008-tmj6r,d4b4edd6-78fb-461f-bd49-2c6d8b264ba7,1,1912.705534
2026/02/05/10:53:23,running-time,rs-002008-tmj6r,d4b4edd6-78fb-461f-bd49-2c6d8b264ba7,1,1912.705534
2026/02/05/10:53:24,apply-time,rs-002009-779hz,fa5a149b-8b9e-4eed-a051-70b7a06d39eb,3,1913.705534
2026/02/05/10:53:24,running-time,rs-002009-779hz,fa5a149b-8b9e-4eed-a051-70b7a06d39eb,3,1913.705534
2026/02/05/10:53:24,apply-time,rs-002010-cbsk9,e0f95479-5b63-4667-ac29-9c8682664bd2,4,1913.705534
2026/02/05/10:53:24,running-time,rs-002010-cbsk9,e0f95479-5b63-4667-ac29-9c8682664bd2,4,1913.705534
2026/02/05/10:53:24,apply-time,rs-002011-95s7v,3957d65f-5286-40da-a9b1-e74b5b39cb67,1,1913.705534
2026/02/05/10:53:24,apply-time,rs-002012-jkxks,2e7ce792-83b8-49b8-8dac-b33943f2b276,2,1913.705534
2026/02/05/10:53:24,apply-time,rs-002012-mjf2c,a852cfde-865d-4e26-9ab7-5c224e6aa1bc,2,1913.705534
2026/02/05/10:53:24,apply-time,rs-002012-mn74z,05ecbc26-7391-4289-aae1-bf83c4b6ad67,2,1913.705534
2026/02/05/10:53:24,apply-time,rs-002013-dfbjn,29dfd88d-c52b-48bf-bce7-a65d531e16cf,2,1913.705534
2026/02/05/10:53:24,running-time,rs-002013-dfbjn,29dfd88d-c52b-48bf-bce7-a65d531e16cf,2,1913.705534
2026/02/05/10:53:24,apply-time,rs-002013-qpp6g,769d1da9-a96d-4e4b-a0d6-c236b5e8f82a,2,1913.705534
2026/02/05/10:53:24,running-time,rs-002013-qpp6g,769d1da9-a96d-4e4b-a0d6-c236b5e8f82a,2,1913.705534
2026/02/05/10:53:25,running-time,rs-002011-95s7v,3957d65f-5286-40da-a9b1-e74b5b39cb67,1,1914.705534
2026/02/05/10:53:27,running-time,rs-002012-mjf2c,a852cfde-865d-4e26-9ab7-5c224e6aa1bc,2,1916.705534
2026/02/05/10:53:33,apply-time,rs-002014-h8hj8,3d8d0943-04a5-4a97-a2c9-80e497c8bbfc,1,1922.705534
2026/02/05/10:53:33,running-time,rs-002014-h8hj8,3d8d0943-04a5-4a97-a2c9-80e497c8bbfc,1,1922.705534
2026/02/05/10:53:33,apply-time,rs-002016-926sf,308c63bf-9e27-489e-a675-dce8b1d7f7f5,1,1922.705534
2026/02/05/10:53:34,apply-time,rs-002015-5x2xj,1ef71540-e41b-4d7c-a9ca-eeaf144a3100,3,1922.705534
2026/02/05/10:53:34,running-time,rs-002015-5x2xj,1ef71540-e41b-4d7c-a9ca-eeaf144a3100,3,1922.705534
2026/02/05/10:53:34,apply-time,rs-002015-w9f2p,82e22b9d-072d-4a97-bbbf-d74c01807d90,3,1922.705534
2026/02/05/10:53:34,running-time,rs-002015-w9f2p,82e22b9d-072d-4a97-bbbf-d74c01807d90,3,1922.705534
2026/02/05/10:53:34,running-time,rs-002016-926sf,308c63bf-9e27-489e-a675-dce8b1d7f7f5,1,1922.705534
2026/02/05/10:53:34,apply-time,rs-002017-9p8c6,d6b296bd-b9f3-46a1-8b1d-fbd635ca98b1,4,1923.705534
2026/02/05/10:53:35,running-time,rs-002017-9p8c6,d6b296bd-b9f3-46a1-8b1d-fbd635ca98b1,4,1923.705534
2026/02/05/10:53:35,apply-time,rs-002017-ltkkn,66bc370f-7cb5-4231-8480-ff2d4da70710,4,1923.705534
2026/02/05/10:53:35,running-time,rs-002017-ltkkn,66bc370f-7cb5-4231-8480-ff2d4da70710,4,1924.705534
2026/02/05/10:53:35,apply-time,rs-002017-t4bcw,645854dd-b32e-41cb-97b1-8e6e65b14d74,4,1923.705534
2026/02/05/10:53:35,apply-time,rs-002018-9hsfc,764107d0-214f-403f-8a9e-024f18616f13,1,1923.705534
2026/02/05/10:53:35,running-time,rs-002018-9hsfc,764107d0-214f-403f-8a9e-024f18616f13,1,1923.705534
2026/02/05/10:53:35,apply-time,rs-002018-pwsv9,93a773e8-ba87-45ca-ba92-01f40363f62a,1,1923.705534
2026/02/05/10:53:35,running-time,rs-002018-pwsv9,93a773e8-ba87-45ca-ba92-01f40363f62a,1,1923.705534
2026/02/05/10:53:35,apply-time,rs-002019-dr9wb,2756d3ec-4446-4f42-8d13-c8edf1d235f3,2,1923.705534
2026/02/05/10:53:35,running-time,rs-002019-dr9wb,2756d3ec-4446-4f42-8d13-c8edf1d235f3,2,1923.705534
2026/02/05/10:53:35,apply-time,rs-002019-qvl7x,0c0c9b70-85f9-4070-8e4a-9b089d39a83e,2,1923.705534
2026/02/05/10:53:35,running-time,rs-002019-qvl7x,0c0c9b70-85f9-4070-8e4a-9b089d39a83e,2,1924.705534
2026/02/05/10:53:35,apply-time,rs-002020-vdr5c,e79b73e6-6c6d-4dc1-93f7-008160d0c2a8,4,1923.705534
2026/02/05/10:53:35,running-time,rs-002020-vdr5c,e79b73e6-6c6d-4dc1-93f7-008160d0c2a8,4,1924.705534
2026/02/05/10:53:35,apply-time,rs-002021-mn89l,dad3fbd5-0a42-4dad-ad42-34ce560779fa,4,1923.705534
2026/02/05/10:53:35,running-time,rs-002021-mn89l,dad3fbd5-0a42-4dad-ad42-34ce560779fa,4,1924.705534
2026/02/05/10:53:35,apply-time,rs-002021-x9mc4,91010263-80d4-4319-89e9-0f27402d4c70,4,1924.705534
2026/02/05/10:53:35,running-time,rs-002021-x9mc4,91010263-80d4-4319-89e9-0f27402d4c70,4,1924.705534
2026/02/05/10:53:35,apply-time,rs-002022-4478r,662bd820-ed37-449e-912b-19a039696513,1,1924.705534
2026/02/05/10:53:35,running-time,rs-002022-4478r,662bd820-ed37-449e-912b-19a039696513,1,1924.705534
2026/02/05/10:53:35,apply-time,rs-002022-gfh4g,a37b939f-485c-4372-a5c7-a1d3d3e67975,1,1924.705534
2026/02/05/10:53:35,running-time,rs-002022-gfh4g,a37b939f-485c-4372-a5c7-a1d3d3e67975,1,1924.705534
2026/02/05/10:53:35,apply-time,rs-002022-nfkpn,32cff0be-cc4a-415f-b430-e000f36ddd3d,1,1924.705534
2026/02/05/10:53:35,running-time,rs-002022-nfkpn,32cff0be-cc4a-415f-b430-e000f36ddd3d,1,1924.705534
2026/02/05/10:53:36,running-time,rs-002017-t4bcw,645854dd-b32e-41cb-97b1-8e6e65b14d74,4,1925.705534
2026/02/05/10:53:36,apply-time,rs-002023-8xqsb,0c1d6785-374a-41fd-be51-6599cfe6d9f0,2,1925.705534
2026/02/05/10:53:36,apply-time,rs-002024-24qsb,ada84396-aa66-4192-ba99-1d1f2e7c16ac,1,1925.705534
2026/02/05/10:53:36,running-time,rs-002024-24qsb,ada84396-aa66-4192-ba99-1d1f2e7c16ac,1,1925.705534
2026/02/05/10:53:36,apply-time,rs-002024-btm96,5edc91b6-295e-4fe6-9eed-3e21f6279b8f,1,1925.705534
2026/02/05/10:53:36,running-time,rs-002024-btm96,5edc91b6-295e-4fe6-9eed-3e21f6279b8f,1,1925.705534
2026/02/05/10:53:36,apply-time,rs-002024-dd5v6,57cf93a2-a4e3-4d42-8a45-28341960bb1d,1,1925.705534
2026/02/05/10:53:36,running-time,rs-002024-dd5v6,57cf93a2-a4e3-4d42-8a45-28341960bb1d,1,1925.705534
2026/02/05/10:53:36,apply-time,rs-002025-gtscq,8580fe53-68d0-46d3-8cf7-f851127a9ce7,3,1925.705534
2026/02/05/10:53:36,apply-time,rs-002025-ldmk6,588f801a-b413-4289-a7bb-cebf97339237,3,1925.705534
2026/02/05/10:53:36,apply-time,rs-002025-tb2bp,a21fef9d-d62b-4cbe-80a8-2b647697bcd7,3,1925.705534
2026/02/05/10:53:36,apply-time,rs-002026-644ld,857397d0-b89f-490e-a0d8-461d885149c2,3,1925.705534
2026/02/05/10:53:37,running-time,rs-002025-ldmk6,588f801a-b413-4289-a7bb-cebf97339237,3,1926.705534
2026/02/05/10:53:37,running-time,rs-002025-tb2bp,a21fef9d-d62b-4cbe-80a8-2b647697bcd7,3,1926.705534
2026/02/05/10:53:37,running-time,rs-002026-644ld,857397d0-b89f-490e-a0d8-461d885149c2,3,1926.705534
2026/02/05/10:53:38,apply-time,rs-002027-2v5nt,715e7d1e-3176-4dc6-95be-23d519ea4a6d,3,1927.705534
2026/02/05/10:53:38,running-time,rs-002027-2v5nt,715e7d1e-3176-4dc6-95be-23d519ea4a6d,3,1927.705534
2026/02/05/10:53:38,apply-time,rs-002027-kkvql,4ec3a2ed-3016-420b-a579-fa94c40e6431,3,1927.705534
2026/02/05/10:53:38,running-time,rs-002027-kkvql,4ec3a2ed-3016-420b-a579-fa94c40e6431,3,1927.705534
2026/02/05/10:53:38,apply-time,rs-002028-69q9s,b26b991c-5282-4cc8-ad57-933057ca0360,3,1927.705534
2026/02/05/10:53:38,running-time,rs-002028-69q9s,b26b991c-5282-4cc8-ad57-933057ca0360,3,1927.705534
2026/02/05/10:53:38,apply-time,rs-002028-nls2f,100a4e49-ea62-4446-abe5-75287c0a6105,3,1927.705534
2026/02/05/10:53:38,running-time,rs-002028-nls2f,100a4e49-ea62-4446-abe5-75287c0a6105,3,1927.705534
2026/02/05/10:53:38,apply-time,rs-002029-2fwvm,13fac526-4e8b-4551-b846-c753f1eb3310,1,1927.705534
2026/02/05/10:53:38,apply-time,rs-002030-7r5bv,3c531b01-ee3f-4ce1-a284-421b6a72d91a,2,1927.705534
2026/02/05/10:53:38,apply-time,rs-002031-jx82p,e407f670-f41c-42c2-b772-b412328ebfa4,3,1927.705534
2026/02/05/10:53:38,running-time,rs-002031-jx82p,e407f670-f41c-42c2-b772-b412328ebfa4,3,1927.705534
2026/02/05/10:53:38,apply-time,rs-002032-7ml7v,69a05f1e-b84b-4d56-b64d-00508d8c9c15,3,1927.705534
2026/02/05/10:53:38,running-time,rs-002032-7ml7v,69a05f1e-b84b-4d56-b64d-00508d8c9c15,3,1927.705534
2026/02/05/10:53:38,apply-time,rs-002033-pv2p6,e4319b94-d703-4b77-8429-26506428e900,4,1927.705534
2026/02/05/10:53:39,running-time,rs-002025-gtscq,8580fe53-68d0-46d3-8cf7-f851127a9ce7,3,1928.705534
2026/02/05/10:53:39,apply-time,rs-002031-h4sr4,03dc76f9-a733-4137-a8d8-4e55c415d2e4,3,1927.705534
2026/02/05/10:53:39,apply-time,rs-002032-lkwdq,28c0f74a-69e3-45e8-b72e-69710e33a901,3,1927.705534
2026/02/05/10:53:39,running-time,rs-002032-lkwdq,28c0f74a-69e3-45e8-b72e-69710e33a901,3,1927.705534
2026/02/05/10:53:39,apply-time,rs-002033-55rqx,99de652f-bade-4453-8a51-eb6ac340df4e,4,1928.705534
2026/02/05/10:53:39,running-time,rs-002033-55rqx,99de652f-bade-4453-8a51-eb6ac340df4e,4,1928.705534
2026/02/05/10:53:39,apply-time,rs-002033-j689q,65393f40-4d0b-445b-bf09-7c41cdc0fd39,4,1928.705534
2026/02/05/10:53:39,running-time,rs-002033-j689q,65393f40-4d0b-445b-bf09-7c41cdc0fd39,4,1928.705534
2026/02/05/10:53:39,running-time,rs-002033-pv2p6,e4319b94-d703-4b77-8429-26506428e900,4,1927.705534
2026/02/05/10:53:39,apply-time,rs-002034-7x5bg,b1fb7e92-60fd-4760-967a-b5d9fa6ea7d0,1,1927.705534
2026/02/05/10:53:39,running-time,rs-002034-7x5bg,b1fb7e92-60fd-4760-967a-b5d9fa6ea7d0,1,1927.705534
2026/02/05/10:53:42,apply-time,rs-002035-hvsls,ce1cba7c-684f-4ae0-b7ec-57a396ec3dd3,2,1931.705534
2026/02/05/10:53:42,apply-time,rs-002035-wpxgf,72abe6ec-b4b8-413c-b83c-4daca9bdee36,2,1931.705534
2026/02/05/10:53:42,running-time,rs-002035-wpxgf,72abe6ec-b4b8-413c-b83c-4daca9bdee36,2,1931.705534
2026/02/05/10:53:43,running-time,rs-002035-hvsls,ce1cba7c-684f-4ae0-b7ec-57a396ec3dd3,2,1931.705534
2026/02/05/10:53:43,apply-time,rs-002036-cgljm,ea922391-7a0c-4e98-898c-8d6590175c81,4,1932.705534
2026/02/05/10:53:43,running-time,rs-002036-cgljm,ea922391-7a0c-4e98-898c-8d6590175c81,4,1932.705534
2026/02/05/10:53:43,apply-time,rs-002036-ts2r9,c63a7878-0627-4eb1-b328-328fd7ac0a93,4,1932.705534
2026/02/05/10:53:55,apply-time,rs-002037-4sksk,5961251c-bdc1-4a12-8423-064d429bb301,1,1944.705534
2026/02/05/10:53:55,running-time,rs-002037-4sksk,5961251c-bdc1-4a12-8423-064d429bb301,1,1944.705534
2026/02/05/10:53:55,apply-time,rs-002037-fbvvv,8c596a76-6afd-471a-896f-45ef2416b002,1,1944.705534
2026/02/05/10:53:55,running-time,rs-002037-fbvvv,8c596a76-6afd-471a-896f-45ef2416b002,1,1944.705534
2026/02/05/10:53:55,apply-time,rs-002037-qjpv2,07f0f3d8-46fe-409d-aa43-482ac72c7629,1,1944.705534
2026/02/05/10:53:55,running-time,rs-002037-qjpv2,07f0f3d8-46fe-409d-aa43-482ac72c7629,1,1944.705534
2026/02/05/10:53:55,apply-time,rs-002038-549m5,7410cf92-3eed-42f4-b9a1-2160581383a3,1,1944.705534
2026/02/05/10:53:55,running-time,rs-002038-549m5,7410cf92-3eed-42f4-b9a1-2160581383a3,1,1944.705534
2026/02/05/10:53:56,apply-time,rs-002039-ck67q,9062754a-658b-4577-8950-9631134105cb,1,1944.705534
2026/02/05/10:53:56,apply-time,rs-002040-4hmkg,9ad1fc0d-e696-43b7-b260-94e8c427ce54,2,1945.705534
2026/02/05/10:53:56,running-time,rs-002040-4hmkg,9ad1fc0d-e696-43b7-b260-94e8c427ce54,2,1945.705534
2026/02/05/10:53:56,apply-time,rs-002040-ggk58,c2b963be-83b0-45cc-89a7-192f0f3293af,2,1945.705534
2026/02/05/10:53:56,running-time,rs-002040-ggk58,c2b963be-83b0-45cc-89a7-192f0f3293af,2,1945.705534
2026/02/05/10:53:56,apply-time,rs-002040-mfb4x,d11b3a67-9af1-4d3b-a4b6-1f76f7e648aa,2,1945.705534
2026/02/05/10:53:56,running-time,rs-002040-mfb4x,d11b3a67-9af1-4d3b-a4b6-1f76f7e648aa,2,1945.705534
2026/02/05/10:53:59,apply-time,rs-002041-vq4rz,6466b42a-0663-4d87-bb9b-3ec3509efd74,1,1948.705534
2026/02/05/10:53:59,running-time,rs-002041-vq4rz,6466b42a-0663-4d87-bb9b-3ec3509efd74,1,1948.705534
2026/02/05/10:53:59,apply-time,rs-002042-6cml2,66a3c6d6-68b1-4242-9b8a-8709b03cdc0c,1,1948.705534
2026/02/05/10:53:59,apply-time,rs-002042-97drj,baf51658-1529-49c5-8cf1-26ce11018140,1,1948.705534
2026/02/05/10:53:59,running-time,rs-002042-97drj,baf51658-1529-49c5-8cf1-26ce11018140,1,1948.705534
2026/02/05/10:54:01,running-time,rs-002042-6cml2,66a3c6d6-68b1-4242-9b8a-8709b03cdc0c,1,1950.705534
2026/02/05/10:54:05,apply-time,rs-002043-ml2xc,bb30bdc2-5d5a-4816-a04c-6e90ff217004,2,1954.705534
2026/02/05/10:54:05,running-time,rs-002043-ml2xc,bb30bdc2-5d5a-4816-a04c-6e90ff217004,2,1954.705534
2026/02/05/10:54:05,apply-time,rs-002043-ngp2g,2762a9f5-7db2-4915-963a-e2fceb9b07ba,2,1954.705534
2026/02/05/10:54:05,running-time,rs-002043-ngp2g,2762a9f5-7db2-4915-963a-e2fceb9b07ba,2,1954.705534
2026/02/05/10:54:05,apply-time,rs-002044-twbhd,0bd32fbd-1662-403e-936a-c4b151a7d5a9,2,1954.705534
2026/02/05/10:54:05,running-time,rs-002044-twbhd,0bd32fbd-1662-403e-936a-c4b151a7d5a9,2,1954.705534
2026/02/05/10:54:05,apply-time,rs-002045-h9klq,f66713e6-303c-4a9b-84e8-788c42d74e5f,2,1954.705534
2026/02/05/10:54:05,running-time,rs-002045-h9klq,f66713e6-303c-4a9b-84e8-788c42d74e5f,2,1954.705534
2026/02/05/10:54:05,apply-time,rs-002045-hwvzj,81adb17e-91e5-4922-86c8-9df8e647993e,2,1954.705534
2026/02/05/10:54:05,running-time,rs-002045-hwvzj,81adb17e-91e5-4922-86c8-9df8e647993e,2,1954.705534
2026/02/05/10:54:05,apply-time,rs-002046-6tk9k,cbd78cb6-868b-4e3f-9d8c-0c1a5b441641,4,1954.705534
2026/02/05/10:54:05,running-time,rs-002046-6tk9k,cbd78cb6-868b-4e3f-9d8c-0c1a5b441641,4,1954.705534
2026/02/05/10:54:05,apply-time,rs-002046-nt56c,359e38f9-0f82-4548-84d2-a2b78f47aa57,4,1954.705534
2026/02/05/10:54:05,running-time,rs-002046-nt56c,359e38f9-0f82-4548-84d2-a2b78f47aa57,4,1954.705534
2026/02/05/10:54:06,apply-time,rs-002047-dk4q5,d3ffd191-00b9-41fe-b648-34c055a4e0e7,3,1954.705534
2026/02/05/10:54:06,running-time,rs-002047-dk4q5,d3ffd191-00b9-41fe-b648-34c055a4e0e7,3,1954.705534
2026/02/05/10:54:06,apply-time,rs-002048-lrgfv,20c7e5ec-6432-4301-bfaf-0ea37c449482,1,1954.705534
2026/02/05/10:54:06,running-time,rs-002048-lrgfv,20c7e5ec-6432-4301-bfaf-0ea37c449482,1,1954.705534
2026/02/05/10:54:06,apply-time,rs-002048-pnr72,0ea9100d-917b-4cf9-816e-b896734dc06e,1,1954.705534
2026/02/05/10:54:06,running-time,rs-002048-pnr72,0ea9100d-917b-4cf9-816e-b896734dc06e,1,1954.705534
2026/02/05/10:54:06,apply-time,rs-002048-tkw2z,8379be7e-1f71-422c-bf27-b5232f69db4c,1,1954.705534
2026/02/05/10:54:06,running-time,rs-002048-tkw2z,8379be7e-1f71-422c-bf27-b5232f69db4c,1,1954.705534
2026/02/05/10:54:06,apply-time,rs-002049-g7wpj,66aa7837-66db-4239-9adf-90a3d85fbf9c,2,1955.705534
2026/02/05/10:54:06,running-time,rs-002049-g7wpj,66aa7837-66db-4239-9adf-90a3d85fbf9c,2,1955.705534
2026/02/05/10:54:06,apply-time,rs-002049-rvf6p,a34e561b-02b3-430a-95c1-b538a7b2148d,2,1955.705534
2026/02/05/10:54:06,running-time,rs-002049-rvf6p,a34e561b-02b3-430a-95c1-b538a7b2148d,2,1955.705534
2026/02/05/10:54:06,apply-time,rs-002050-r79sz,c51dbf66-2f76-4bac-a77c-6e78b7a7bf93,2,1955.705534
2026/02/05/10:54:06,apply-time,rs-002050-rprdf,4dffc39e-d822-4022-ab45-a61630d06ef3,2,1954.705534
2026/02/05/10:54:06,apply-time,rs-002050-tzlz8,6a4c42fd-1bd5-47d7-97f2-dda1f723313f,2,1955.705534
2026/02/05/10:54:06,apply-time,rs-002051-fpkv9,60f65b81-13ae-437e-b303-28f0a945f103,4,1955.705534
2026/02/05/10:54:06,running-time,rs-002051-fpkv9,60f65b81-13ae-437e-b303-28f0a945f103,4,1955.705534
2026/02/05/10:54:06,apply-time,rs-002052-t2kpq,43a87fae-6075-4c74-b3d7-b80f21e1974c,1,1955.705534
2026/02/05/10:54:06,running-time,rs-002052-t2kpq,43a87fae-6075-4c74-b3d7-b80f21e1974c,1,1955.705534
2026/02/05/10:54:07,running-time,rs-002050-rprdf,4dffc39e-d822-4022-ab45-a61630d06ef3,2,1956.705534
2026/02/05/10:54:07,apply-time,rs-002052-rtsfp,fe5764b4-44f3-412d-bddf-ca95cf15b0a8,1,1955.705534
2026/02/05/10:54:07,running-time,rs-002052-rtsfp,fe5764b4-44f3-412d-bddf-ca95cf15b0a8,1,1955.705534
2026/02/05/10:54:07,apply-time,rs-002052-wdrrq,ad929477-18c6-4b09-ac92-1dcc5d2e6e84,1,1955.705534
2026/02/05/10:54:07,running-time,rs-002052-wdrrq,ad929477-18c6-4b09-ac92-1dcc5d2e6e84,1,1955.705534
2026/02/05/10:54:07,apply-time,rs-002053-4bs5j,3b08370b-97a4-403b-bfa0-c5f4d9700538,3,1956.705534
2026/02/05/10:54:07,running-time,rs-002053-4bs5j,3b08370b-97a4-403b-bfa0-c5f4d9700538,3,1956.705534
2026/02/05/10:54:07,apply-time,rs-002053-7znm7,ac7e9d8a-b86c-48ad-a9e5-bd4b6a9d6300,3,1955.705534
2026/02/05/10:54:07,running-time,rs-002053-7znm7,ac7e9d8a-b86c-48ad-a9e5-bd4b6a9d6300,3,1955.705534
2026/02/05/10:54:07,apply-time,rs-002054-bv4hm,11d506b1-e516-495f-8371-769b617bedb6,1,1956.705534
2026/02/05/10:54:07,apply-time,rs-002054-dgz92,0f18a583-183e-40c9-af65-891f0f35d685,1,1956.705534
2026/02/05/10:54:07,apply-time,rs-002054-htmdc,0f9af99f-860e-4756-94b6-52f0b0adb6f9,1,1956.705534
2026/02/05/10:54:07,apply-time,rs-002055-tkq99,2a672838-e95f-4dff-826d-b2b97203a588,3,1956.705534
2026/02/05/10:54:07,running-time,rs-002055-tkq99,2a672838-e95f-4dff-826d-b2b97203a588,3,1956.705534
2026/02/05/10:54:07,apply-time,rs-002056-j4bzq,5587de18-e8ed-4277-9380-4a344782cfe0,3,1955.705534
2026/02/05/10:54:07,running-time,rs-002056-j4bzq,5587de18-e8ed-4277-9380-4a344782cfe0,3,1955.705534
2026/02/05/10:54:07,apply-time,rs-002056-j9j2m,52cb63e2-7160-4ff2-ac4d-301e970b4304,3,1956.705534
2026/02/05/10:54:07,apply-time,rs-002056-s6ggb,79b254cb-a644-42cd-a99d-b4cd00acc36c,3,1956.705534
2026/02/05/10:54:07,apply-time,rs-002057-5mfqn,876fe9f5-4189-4784-a479-b112176e36d5,1,1956.705534
2026/02/05/10:54:07,running-time,rs-002057-5mfqn,876fe9f5-4189-4784-a479-b112176e36d5,1,1956.705534
2026/02/05/10:54:08,running-time,rs-002054-bv4hm,11d506b1-e516-495f-8371-769b617bedb6,1,1957.705534
2026/02/05/10:54:08,running-time,rs-002054-dgz92,0f18a583-183e-40c9-af65-891f0f35d685,1,1957.705534
2026/02/05/10:54:08,running-time,rs-002054-htmdc,0f9af99f-860e-4756-94b6-52f0b0adb6f9,1,1957.705534
2026/02/05/10:54:08,apply-time,rs-002057-8458p,ebf2717f-af6a-42d5-a785-1106976014ec,1,1956.705534
2026/02/05/10:54:08,running-time,rs-002057-8458p,ebf2717f-af6a-42d5-a785-1106976014ec,1,1956.705534
2026/02/05/10:54:08,apply-time,rs-002058-42knx,95ff870e-fabc-408a-8ef0-18ce3b3cfab4,4,1957.705534
2026/02/05/10:54:09,running-time,rs-002058-42knx,95ff870e-fabc-408a-8ef0-18ce3b3cfab4,4,1957.705534
2026/02/05/10:54:11,apply-time,rs-002059-w7s6h,bb2956e3-a88a-4079-a986-e3a0038b36db,4,1959.705534
2026/02/05/10:54:11,running-time,rs-002059-w7s6h,bb2956e3-a88a-4079-a986-e3a0038b36db,4,1959.705534
2026/02/05/10:54:11,apply-time,rs-002060-5vkbh,cb9a37b1-dd92-408f-b7d0-fc190c8ebe76,1,1959.705534
2026/02/05/10:54:11,running-time,rs-002060-5vkbh,cb9a37b1-dd92-408f-b7d0-fc190c8ebe76,1,1959.705534
2026/02/05/10:54:11,apply-time,rs-002061-92z6f,a6468ef6-59b1-480b-ad86-9d6773eb3402,4,1959.705534
2026/02/05/10:54:11,running-time,rs-002061-92z6f,a6468ef6-59b1-480b-ad86-9d6773eb3402,4,1959.705534
2026/02/05/10:54:11,apply-time,rs-002061-l6t5s,a2367597-40a7-4fef-8449-92d1e8c957ae,4,1959.705534
2026/02/05/10:54:11,running-time,rs-002061-l6t5s,a2367597-40a7-4fef-8449-92d1e8c957ae,4,1959.705534
2026/02/05/10:54:11,apply-time,rs-002061-np5fw,bbc1bb66-8ed7-4031-9212-a434f1fc6bad,4,1959.705534
2026/02/05/10:54:11,running-time,rs-002061-np5fw,bbc1bb66-8ed7-4031-9212-a434f1fc6bad,4,1959.705534
2026/02/05/10:54:11,apply-time,rs-002062-pp586,c66af07b-7ee7-47f8-90ce-390671a60efe,2,1959.705534
2026/02/05/10:54:11,running-time,rs-002062-pp586,c66af07b-7ee7-47f8-90ce-390671a60efe,2,1959.705534
2026/02/05/10:54:11,apply-time,rs-002062-qbf52,1eae041e-6ab7-416b-81b8-bc253cd7be25,2,1959.705534
2026/02/05/10:54:11,running-time,rs-002062-qbf52,1eae041e-6ab7-416b-81b8-bc253cd7be25,2,1959.705534
2026/02/05/10:54:12,apply-time,rs-002063-52tg6,14a277e4-1d2e-4e0d-ab12-1d7b7e5bdbfc,3,1961.705534
2026/02/05/10:54:12,apply-time,rs-002063-l27bk,295ee903-4a45-4e5d-ab1d-a8d4303dd2f6,3,1961.705534
2026/02/05/10:54:12,running-time,rs-002063-l27bk,295ee903-4a45-4e5d-ab1d-a8d4303dd2f6,3,1961.705534
2026/02/05/10:54:12,apply-time,rs-002063-trcx7,a2434c6e-d120-4419-975d-60d840e178da,3,1961.705534
2026/02/05/10:54:13,running-time,rs-002063-52tg6,14a277e4-1d2e-4e0d-ab12-1d7b7e5bdbfc,3,1961.705534
2026/02/05/10:54:13,running-time,rs-002063-trcx7,a2434c6e-d120-4419-975d-60d840e178da,3,1961.705534
2026/02/05/10:54:13,apply-time,rs-002064-5qs9v,0fb118da-0d1d-499a-a655-12c8ea8c7c4f,1,1961.705534
2026/02/05/10:54:13,running-time,rs-002064-5qs9v,0fb118da-0d1d-499a-a655-12c8ea8c7c4f,1,1961.705534
2026/02/05/10:54:13,apply-time,rs-002064-psqf9,f35bca0e-ad53-4db8-aa56-d741029be505,1,1961.705534
2026/02/05/10:54:13,running-time,rs-002064-psqf9,f35bca0e-ad53-4db8-aa56-d741029be505,1,1961.705534
2026/02/05/10:54:13,apply-time,rs-002064-znl5s,0deb75bd-5115-462a-b049-57f9ee46b9d8,1,1961.705534
2026/02/05/10:54:13,running-time,rs-002064-znl5s,0deb75bd-5115-462a-b049-57f9ee46b9d8,1,1961.705534
2026/02/05/10:54:13,apply-time,rs-002065-926nz,c8768920-fca4-47f0-bb55-7edce30f1e65,1,1961.705534
2026/02/05/10:54:13,running-time,rs-002065-926nz,c8768920-fca4-47f0-bb55-7edce30f1e65,1,1961.705534
2026/02/05/10:54:13,apply-time,rs-002065-dvphf,1b6c3902-c71f-43ea-bb34-0e4c7511e7ea,1,1961.705534
2026/02/05/10:54:13,running-time,rs-002065-dvphf,1b6c3902-c71f-43ea-bb34-0e4c7511e7ea,1,1961.705534
2026/02/05/10:54:13,apply-time,rs-002065-lzrfj,6c03409d-c573-48dc-a66d-afbd46a0bd23,1,1961.705534
2026/02/05/10:54:13,running-time,rs-002065-lzrfj,6c03409d-c573-48dc-a66d-afbd46a0bd23,1,1961.705534
2026/02/05/10:54:13,apply-time,rs-002066-6ft8n,7caf60cb-8886-4d51-b77d-de234820c354,4,1961.705534
2026/02/05/10:54:13,running-time,rs-002066-6ft8n,7caf60cb-8886-4d51-b77d-de234820c354,4,1961.705534
2026/02/05/10:54:13,apply-time,rs-002067-zncdx,12a723c8-e116-4fee-b6da-f8795cea4298,3,1961.705534
2026/02/05/10:54:13,running-time,rs-002067-zncdx,12a723c8-e116-4fee-b6da-f8795cea4298,3,1961.705534
2026/02/05/10:54:17,apply-time,rs-002068-7qmpk,af752ab9-0da6-4dec-b6ca-b4fb1da840f7,2,1965.705534
2026/02/05/10:54:17,running-time,rs-002068-7qmpk,af752ab9-0da6-4dec-b6ca-b4fb1da840f7,2,1965.705534
2026/02/05/10:54:17,apply-time,rs-002068-vdjgc,88a84ae5-7241-4255-aed3-6d3dd6eaa702,2,1965.705534
2026/02/05/10:54:17,running-time,rs-002068-vdjgc,88a84ae5-7241-4255-aed3-6d3dd6eaa702,2,1965.705534
2026/02/05/10:54:17,apply-time,rs-002068-wtznd,6a0c88f6-d9c2-45d2-a85b-6d8153019c6d,2,1965.705534
2026/02/05/10:54:17,running-time,rs-002068-wtznd,6a0c88f6-d9c2-45d2-a85b-6d8153019c6d,2,1965.705534
2026/02/05/10:54:17,apply-time,rs-002069-7q6k9,496ec950-3967-45b0-b95a-5da479d2fd62,2,1965.705534
2026/02/05/10:54:17,running-time,rs-002069-7q6k9,496ec950-3967-45b0-b95a-5da479d2fd62,2,1965.705534
2026/02/05/10:54:17,apply-time,rs-002070-fxxk4,64faeb01-9273-465e-998b-7e6e7595b2df,2,1965.705534
2026/02/05/10:54:17,running-time,rs-002070-fxxk4,64faeb01-9273-465e-998b-7e6e7595b2df,2,1965.705534
2026/02/05/10:54:17,apply-time,rs-002070-pwf9d,32c976a4-b475-4d4e-9930-c51acaeb0d9a,2,1965.705534
2026/02/05/10:54:17,running-time,rs-002070-pwf9d,32c976a4-b475-4d4e-9930-c51acaeb0d9a,2,1965.705534
2026/02/05/10:54:17,apply-time,rs-002071-pnkcj,60cf83ef-6238-4b3a-90fd-517f0b0798eb,3,1965.705534
2026/02/05/10:54:17,running-time,rs-002071-pnkcj,60cf83ef-6238-4b3a-90fd-517f0b0798eb,3,1965.705534
2026/02/05/10:54:17,apply-time,rs-002071-pqd9h,0920f8a4-82ee-4767-9ec2-292ea1091937,3,1965.705534
2026/02/05/10:54:17,running-time,rs-002071-pqd9h,0920f8a4-82ee-4767-9ec2-292ea1091937,3,1965.705534
2026/02/05/10:54:17,apply-time,rs-002072-q54f2,489f4912-38a7-4681-b72a-757a6a3da5a0,1,1966.705534
2026/02/05/10:54:17,running-time,rs-002072-q54f2,489f4912-38a7-4681-b72a-757a6a3da5a0,1,1966.705534
2026/02/05/10:54:17,apply-time,rs-002072-snt2x,03637dc7-d24a-4785-8cd0-870b069d29e3,1,1966.705534
2026/02/05/10:54:17,running-time,rs-002072-snt2x,03637dc7-d24a-4785-8cd0-870b069d29e3,1,1966.705534
2026/02/05/10:54:18,apply-time,rs-002073-ctkxl,b8c29c36-4d6c-497f-ba37-6f215a7e97a4,1,1966.705534
2026/02/05/10:54:18,apply-time,rs-002073-qgjfc,bc64dfa9-a5ef-4b47-960a-943b16646dc2,1,1966.705534
2026/02/05/10:54:18,running-time,rs-002073-qgjfc,bc64dfa9-a5ef-4b47-960a-943b16646dc2,1,1966.705534
2026/02/05/10:54:18,apply-time,rs-002073-vrswg,9e75ec04-db65-47b9-9dc7-9b8e30664e4e,1,1966.705534
2026/02/05/10:54:18,apply-time,rs-002074-95db7,7091408f-17a1-471a-870c-ed20bc36c54f,2,1966.705534
2026/02/05/10:54:18,running-time,rs-002074-95db7,7091408f-17a1-471a-870c-ed20bc36c54f,2,1966.705534
2026/02/05/10:54:18,apply-time,rs-002074-9dhmn,39575ed0-5928-4dcc-a9cf-a562e1ec5ab2,2,1966.705534
2026/02/05/10:54:18,running-time,rs-002074-9dhmn,39575ed0-5928-4dcc-a9cf-a562e1ec5ab2,2,1966.705534
2026/02/05/10:54:18,apply-time,rs-002074-g2jql,d370ddf0-ec07-42c6-9819-42518c54f35a,2,1967.705534
2026/02/05/10:54:18,running-time,rs-002074-g2jql,d370ddf0-ec07-42c6-9819-42518c54f35a,2,1967.705534
2026/02/05/10:54:19,apply-time,rs-002075-7xjlq,3d9b70b2-e01a-406f-b7bb-17bc0cc3882c,1,1968.705534
2026/02/05/10:54:19,running-time,rs-002075-7xjlq,3d9b70b2-e01a-406f-b7bb-17bc0cc3882c,1,1968.705534
2026/02/05/10:54:19,apply-time,rs-002075-9vcpm,c220708f-0b95-4a93-86cf-0bcb484fe409,1,1968.705534
2026/02/05/10:54:19,running-time,rs-002075-9vcpm,c220708f-0b95-4a93-86cf-0bcb484fe409,1,1968.705534
2026/02/05/10:54:19,apply-time,rs-002075-r6g7c,9953eee7-6904-4815-b184-281e2ee5c1c7,1,1968.705534
2026/02/05/10:54:19,running-time,rs-002075-r6g7c,9953eee7-6904-4815-b184-281e2ee5c1c7,1,1968.705534
2026/02/05/10:54:19,apply-time,rs-002076-p7f7x,be7c79c6-2d19-4014-8de0-22703e7ccc1c,3,1968.705534
2026/02/05/10:54:19,running-time,rs-002076-p7f7x,be7c79c6-2d19-4014-8de0-22703e7ccc1c,3,1968.705534
2026/02/05/10:54:19,apply-time,rs-002077-fs4kh,001c77c7-c426-406e-9543-1eaeb5ca35be,2,1968.705534
2026/02/05/10:54:19,apply-time,rs-002078-7nr9s,4ec91347-bd91-43ed-9051-bb0311080f59,3,1968.705534
2026/02/05/10:54:19,apply-time,rs-002078-f582c,c627dac5-aa03-4eda-b7b1-74d8702db0f5,3,1968.705534
2026/02/05/10:54:19,running-time,rs-002078-f582c,c627dac5-aa03-4eda-b7b1-74d8702db0f5,3,1968.705534
2026/02/05/10:54:19,apply-time,rs-002078-gfjhx,a548b3d2-0a22-4dd4-9503-a087ca744c59,3,1968.705534
2026/02/05/10:54:20,running-time,rs-002078-gfjhx,a548b3d2-0a22-4dd4-9503-a087ca744c59,3,1969.705534
2026/02/05/10:54:22,running-time,rs-002078-7nr9s,4ec91347-bd91-43ed-9051-bb0311080f59,3,1970.705534
2026/02/05/10:54:24,apply-time,rs-002079-62zpk,8c16a030-f25b-4ebf-9f61-dee938535712,1,1973.705534
2026/02/05/10:54:24,apply-time,rs-002079-hs5r7,ad3ddec2-4f1a-4f51-afd3-3c88c12d85f6,1,1973.705534
2026/02/05/10:54:24,apply-time,rs-002079-mrwrk,d3ef3918-2768-4a85-b55a-bef370c551c4,1,1973.705534
2026/02/05/10:54:24,apply-time,rs-002080-kht6q,b8321e55-d944-4418-9d8b-18b022acc3da,3,1973.705534
2026/02/05/10:54:24,running-time,rs-002080-kht6q,b8321e55-d944-4418-9d8b-18b022acc3da,3,1973.705534
2026/02/05/10:54:24,apply-time,rs-002080-tlkxf,c71e674a-5331-4ee4-b3d5-82ed5a06d385,3,1973.705534
2026/02/05/10:54:24,running-time,rs-002080-tlkxf,c71e674a-5331-4ee4-b3d5-82ed5a06d385,3,1973.705534
2026/02/05/10:54:34,apply-time,rs-002081-vqdj5,604d72dc-b2f9-4d8a-a777-f7e37d80b157,1,1983.705534
2026/02/05/10:54:34,running-time,rs-002081-vqdj5,604d72dc-b2f9-4d8a-a777-f7e37d80b157,1,1983.705534
2026/02/05/10:54:36,apply-time,rs-002082-sbvhl,a0cf51bd-d286-4bcc-b9f1-697ece0d747d,1,1984.705534
2026/02/05/10:54:36,running-time,rs-002082-sbvhl,a0cf51bd-d286-4bcc-b9f1-697ece0d747d,1,1984.705534
2026/02/05/10:54:36,apply-time,rs-002083-ggmh4,4c5ffb1a-3f2e-43fb-bb0a-7f313600558f,1,1984.705534
2026/02/05/10:54:36,running-time,rs-002083-ggmh4,4c5ffb1a-3f2e-43fb-bb0a-7f313600558f,1,1984.705534
2026/02/05/10:54:36,apply-time,rs-002084-9zkdn,505ce72b-3e05-45ba-b264-cc0464588d0e,4,1984.705534
2026/02/05/10:54:36,running-time,rs-002084-9zkdn,505ce72b-3e05-45ba-b264-cc0464588d0e,4,1984.705534
2026/02/05/10:54:36,apply-time,rs-002084-jzjzd,aeb856ad-a29b-4ad0-a35d-a969afb36fb6,4,1984.705534
2026/02/05/10:54:36,running-time,rs-002084-jzjzd,aeb856ad-a29b-4ad0-a35d-a969afb36fb6,4,1984.705534
2026/02/05/10:54:36,apply-time,rs-002085-4mj8x,191a52a1-413e-400c-bbc6-cd6dd797bf61,3,1984.705534
2026/02/05/10:54:36,running-time,rs-002085-4mj8x,191a52a1-413e-400c-bbc6-cd6dd797bf61,3,1985.705534
2026/02/05/10:54:36,apply-time,rs-002085-zb2b9,d151f1e0-6774-4e7c-b002-23c600ec3845,3,1984.705534
2026/02/05/10:54:36,running-time,rs-002085-zb2b9,d151f1e0-6774-4e7c-b002-23c600ec3845,3,1984.705534
2026/02/05/10:54:36,apply-time,rs-002086-j8w22,b9763950-2d93-4cdd-bc1e-698cb272c649,2,1985.705534
2026/02/05/10:54:36,running-time,rs-002086-j8w22,b9763950-2d93-4cdd-bc1e-698cb272c649,2,1985.705534
2026/02/05/10:54:36,apply-time,rs-002086-lxfc8,fa317151-75f9-4652-88bb-5dce9792b45b,2,1985.705534
2026/02/05/10:54:36,running-time,rs-002086-lxfc8,fa317151-75f9-4652-88bb-5dce9792b45b,2,1985.705534
2026/02/05/10:54:36,apply-time,rs-002087-rjvhn,755a7e6c-f31e-4328-b328-3424de59d104,2,1985.705534
2026/02/05/10:54:36,running-time,rs-002087-rjvhn,755a7e6c-f31e-4328-b328-3424de59d104,2,1985.705534
2026/02/05/10:54:36,apply-time,rs-002088-pgkks,8257d5de-2d30-4cd5-8811-8a5a1f0f1645,1,1985.705534
2026/02/05/10:54:36,running-time,rs-002088-pgkks,8257d5de-2d30-4cd5-8811-8a5a1f0f1645,1,1985.705534
2026/02/05/10:54:36,apply-time,rs-002089-9qstq,010a9973-458b-4a80-add4-1293b9ff3518,2,1985.705534
2026/02/05/10:54:36,apply-time,rs-002089-wg8s9,fef1c790-a826-4370-9cb2-ce961008af83,2,1985.705534
2026/02/05/10:54:36,running-time,rs-002089-wg8s9,fef1c790-a826-4370-9cb2-ce961008af83,2,1985.705534
2026/02/05/10:54:37,apply-time,rs-002088-2nblc,3dc3c383-d803-46ae-a454-438c62799d89,1,1985.705534
2026/02/05/10:54:37,running-time,rs-002088-2nblc,3dc3c383-d803-46ae-a454-438c62799d89,1,1985.705534
2026/02/05/10:54:37,apply-time,rs-002088-rr22d,95a944fa-4119-4ee7-aae9-b456650474c5,1,1985.705534
2026/02/05/10:54:37,running-time,rs-002088-rr22d,95a944fa-4119-4ee7-aae9-b456650474c5,1,1985.705534
2026/02/05/10:54:37,running-time,rs-002089-9qstq,010a9973-458b-4a80-add4-1293b9ff3518,2,1985.705534
2026/02/05/10:54:37,apply-time,rs-002090-rncfl,933c934d-7754-4606-a3f9-5887fee002ba,1,1986.705534
2026/02/05/10:54:37,running-time,rs-002090-rncfl,933c934d-7754-4606-a3f9-5887fee002ba,1,1986.705534
2026/02/05/10:54:37,apply-time,rs-002091-8wtzh,33c63c8f-d6f3-46f4-ba45-0404f01699fe,1,1986.705534
2026/02/05/10:54:37,running-time,rs-002091-8wtzh,33c63c8f-d6f3-46f4-ba45-0404f01699fe,1,1986.705534
2026/02/05/10:54:37,apply-time,rs-002091-jckb5,00ba5c9e-f860-422f-81bd-c00824bd193c,1,1986.705534
2026/02/05/10:54:37,running-time,rs-002091-jckb5,00ba5c9e-f860-422f-81bd-c00824bd193c,1,1986.705534
2026/02/05/10:54:37,apply-time,rs-002091-klc9m,18031048-8f5b-4101-90c2-bae72b87d46f,1,1986.705534
2026/02/05/10:54:37,running-time,rs-002091-klc9m,18031048-8f5b-4101-90c2-bae72b87d46f,1,1986.705534
2026/02/05/10:54:37,apply-time,rs-002092-c9jbg,2edaf0fb-ed43-4766-8cef-19f7ea49f931,1,1986.705534
2026/02/05/10:54:37,running-time,rs-002092-c9jbg,2edaf0fb-ed43-4766-8cef-19f7ea49f931,1,1986.705534
2026/02/05/10:54:37,apply-time,rs-002093-llmsf,0d94b460-e666-44e5-8e6f-9e00d9c22dc3,4,1986.705534
2026/02/05/10:54:37,running-time,rs-002093-llmsf,0d94b460-e666-44e5-8e6f-9e00d9c22dc3,4,1986.705534
2026/02/05/10:54:37,apply-time,rs-002094-qdb4f,8a66cb3d-4eb2-4bae-bc13-28a020ff09a9,2,1986.705534
2026/02/05/10:54:37,running-time,rs-002094-qdb4f,8a66cb3d-4eb2-4bae-bc13-28a020ff09a9,2,1986.705534
2026/02/05/10:54:37,apply-time,rs-002095-zt87j,f41ee00e-b333-4e01-b9eb-ad294c8d37ad,1,1986.705534
2026/02/05/10:54:37,running-time,rs-002095-zt87j,f41ee00e-b333-4e01-b9eb-ad294c8d37ad,1,1986.705534
2026/02/05/10:54:38,apply-time,rs-002093-fdwfs,7a89f4c4-9fe3-4795-a3ea-fdcfb7cb8ce5,4,1986.705534
2026/02/05/10:54:38,running-time,rs-002093-fdwfs,7a89f4c4-9fe3-4795-a3ea-fdcfb7cb8ce5,4,1987.705534
2026/02/05/10:54:38,apply-time,rs-002093-jjq4c,c8beaac5-d9f9-4c7b-a9fb-141f5644e5e4,4,1986.705534
2026/02/05/10:54:38,running-time,rs-002093-jjq4c,c8beaac5-d9f9-4c7b-a9fb-141f5644e5e4,4,1986.705534
2026/02/05/10:54:38,apply-time,rs-002095-rc972,dde2ed85-74e6-4757-b789-7c3e385d6b13,1,1987.705534
2026/02/05/10:54:38,running-time,rs-002095-rc972,dde2ed85-74e6-4757-b789-7c3e385d6b13,1,1987.705534
2026/02/05/10:54:38,apply-time,rs-002096-8854f,70d343ad-deca-4bce-a66c-bd85531fa119,1,1986.705534
2026/02/05/10:54:38,apply-time,rs-002097-6pj94,e9c1f896-6419-4174-b7d7-b13126058609,4,1987.705534
2026/02/05/10:54:38,running-time,rs-002097-6pj94,e9c1f896-6419-4174-b7d7-b13126058609,4,1987.705534
2026/02/05/10:54:38,apply-time,rs-002097-wb46q,4085b78a-18e8-4f7d-aca2-76f5c5a9b2f4,4,1987.705534
2026/02/05/10:54:38,apply-time,rs-002097-x9n6l,a3c85568-487e-468c-9d7f-bda40f7d54f4,4,1987.705534
2026/02/05/10:54:39,apply-time,rs-002098-pjqpk,39a1d423-f1e8-452a-964d-776bf9e7a8a8,4,1988.705534
2026/02/05/10:54:39,running-time,rs-002098-pjqpk,39a1d423-f1e8-452a-964d-776bf9e7a8a8,4,1988.705534
2026/02/05/10:54:39,apply-time,rs-002099-dvdr6,1869f6c9-50e9-4f74-873c-7c809eb9e882,1,1988.705534
2026/02/05/10:54:39,running-time,rs-002099-dvdr6,1869f6c9-50e9-4f74-873c-7c809eb9e882,1,1988.705534
2026/02/05/10:54:39,apply-time,rs-002099-mzrx6,ff6e6dce-c82f-4846-8a3b-444843ef0de5,1,1988.705534
2026/02/05/10:54:39,running-time,rs-002099-mzrx6,ff6e6dce-c82f-4846-8a3b-444843ef0de5,1,1988.705534
2026/02/05/10:54:40,apply-time,rs-002098-m7pck,2f0cec53-2f6d-416c-8fca-26104b45367e,4,1988.705534
2026/02/05/10:54:40,running-time,rs-002098-m7pck,2f0cec53-2f6d-416c-8fca-26104b45367e,4,1988.705534
2026/02/05/10:54:40,apply-time,rs-002098-n578j,2bacf898-86e4-42a9-a6ab-53b54d34d201,4,1988.705534
2026/02/05/10:54:40,running-time,rs-002098-n578j,2bacf898-86e4-42a9-a6ab-53b54d34d201,4,1988.705534
2026/02/05/10:54:40,apply-time,rs-002100-h8www,49d50965-0939-442f-adbe-14f35a918ff3,3,1989.705534
2026/02/05/10:54:40,running-time,rs-002100-h8www,49d50965-0939-442f-adbe-14f35a918ff3,3,1989.705534
2026/02/05/10:54:40,apply-time,rs-002100-sf77r,c8d7b521-3413-4592-bb3c-842c1d3f355d,3,1989.705534
2026/02/05/10:54:40,running-time,rs-002100-sf77r,c8d7b521-3413-4592-bb3c-842c1d3f355d,3,1989.705534
2026/02/05/10:54:40,apply-time,rs-002100-w5t4g,1e460a06-8982-4a81-89ba-a739103645ac,3,1989.705534
2026/02/05/10:54:40,running-time,rs-002100-w5t4g,1e460a06-8982-4a81-89ba-a739103645ac,3,1989.705534
2026/02/05/10:54:40,apply-time,rs-002101-9wx5d,91962071-71ef-4b8d-82d8-d92ebca64494,4,1989.705534
2026/02/05/10:54:40,running-time,rs-002101-9wx5d,91962071-71ef-4b8d-82d8-d92ebca64494,4,1989.705534
2026/02/05/10:54:40,apply-time,rs-002102-2jx2v,c609a2e1-c6b9-42f5-a928-682beae997e2,2,1989.705534
2026/02/05/10:54:40,running-time,rs-002102-2jx2v,c609a2e1-c6b9-42f5-a928-682beae997e2,2,1989.705534
2026/02/05/10:54:40,apply-time,rs-002102-q6wb5,4cd4943d-f360-4aee-86a8-d0eaea07c023,2,1989.705534
2026/02/05/10:54:40,running-time,rs-002102-q6wb5,4cd4943d-f360-4aee-86a8-d0eaea07c023,2,1989.705534
2026/02/05/10:54:40,apply-time,rs-002102-z87rf,4792619a-26b0-472d-8955-c4da945ce5cc,2,1989.705534
2026/02/05/10:54:40,running-time,rs-002102-z87rf,4792619a-26b0-472d-8955-c4da945ce5cc,2,1989.705534
2026/02/05/10:54:48,apply-time,rs-002103-n547r,8150e6b2-deba-4276-aaf0-904828cc7fd4,2,1996.705534
2026/02/05/10:54:48,running-time,rs-002103-n547r,8150e6b2-deba-4276-aaf0-904828cc7fd4,2,1996.705534
2026/02/05/10:54:48,apply-time,rs-002104-g27jg,8ea258be-3720-4f3b-adb7-ba55f258ace6,1,1997.705534
2026/02/05/10:54:48,running-time,rs-002104-g27jg,8ea258be-3720-4f3b-adb7-ba55f258ace6,1,1997.705534
2026/02/05/10:54:48,apply-time,rs-002104-n2d6l,efc9cbb0-8600-40a8-b5d1-ac4f70f64762,1,1997.705534
2026/02/05/10:54:48,running-time,rs-002104-n2d6l,efc9cbb0-8600-40a8-b5d1-ac4f70f64762,1,1997.705534
2026/02/05/10:54:48,apply-time,rs-002104-rghjz,4662977b-b07b-4a1b-8f3a-4762157e6f53,1,1997.705534
2026/02/05/10:54:48,running-time,rs-002104-rghjz,4662977b-b07b-4a1b-8f3a-4762157e6f53,1,1997.705534
2026/02/05/10:54:48,apply-time,rs-002105-hfs69,0e9e1bc8-a76b-4d75-9b46-c56913ccd3ef,3,1997.705534
2026/02/05/10:54:48,running-time,rs-002105-hfs69,0e9e1bc8-a76b-4d75-9b46-c56913ccd3ef,3,1997.705534
2026/02/05/10:54:48,apply-time,rs-002105-j6lj8,3058ec14-d097-4a33-b99a-d0e056e37551,3,1997.705534
2026/02/05/10:54:48,running-time,rs-002105-j6lj8,3058ec14-d097-4a33-b99a-d0e056e37551,3,1997.705534
2026/02/05/10:54:48,apply-time,rs-002105-mx742,0e1262b4-99e8-4eff-84e7-5bbd28173bc5,3,1997.705534
2026/02/05/10:54:48,running-time,rs-002105-mx742,0e1262b4-99e8-4eff-84e7-5bbd28173bc5,3,1997.705534
2026/02/05/10:54:48,apply-time,rs-002106-b2r6r,8fe7b28e-ef6f-4c9e-ac50-b1d6ae593912,3,1997.705534
2026/02/05/10:54:48,running-time,rs-002106-b2r6r,8fe7b28e-ef6f-4c9e-ac50-b1d6ae593912,3,1997.705534
2026/02/05/10:54:48,apply-time,rs-002106-h55lj,2b7feee8-3ebc-4462-a52d-6b0e612cb46f,3,1997.705534
2026/02/05/10:54:48,running-time,rs-002106-h55lj,2b7feee8-3ebc-4462-a52d-6b0e612cb46f,3,1997.705534
2026/02/05/10:54:48,apply-time,rs-002107-mljxz,6b99779c-68d9-4148-8276-d8f4a788e08b,3,1997.705534
2026/02/05/10:54:48,running-time,rs-002107-mljxz,6b99779c-68d9-4148-8276-d8f4a788e08b,3,1997.705534
2026/02/05/10:54:48,apply-time,rs-002108-tnssg,e5529844-f79a-4210-b9bb-cb157b7be616,3,1997.705534
2026/02/05/10:54:48,running-time,rs-002108-tnssg,e5529844-f79a-4210-b9bb-cb157b7be616,3,1997.705534
2026/02/05/10:54:49,apply-time,rs-002109-dx26c,b0f0ad84-5794-4e35-bdd7-e394d92acb08,2,1998.705534
2026/02/05/10:54:49,running-time,rs-002109-dx26c,b0f0ad84-5794-4e35-bdd7-e394d92acb08,2,1998.705534
2026/02/05/10:54:49,apply-time,rs-002109-j6g4d,234cf08b-c896-4744-a5b3-b665effd3c60,2,1998.705534
2026/02/05/10:54:49,running-time,rs-002109-j6g4d,234cf08b-c896-4744-a5b3-b665effd3c60,2,1998.705534
2026/02/05/10:54:49,apply-time,rs-002109-lxvc4,b832b7a5-cec2-4cea-b4dc-d21477fa2def,2,1998.705534
2026/02/05/10:54:49,running-time,rs-002109-lxvc4,b832b7a5-cec2-4cea-b4dc-d21477fa2def,2,1998.705534
2026/02/05/10:54:49,apply-time,rs-002110-bq6tj,d6030118-3395-47d6-8213-862b5e516b8d,3,1998.705534
2026/02/05/10:54:49,running-time,rs-002110-bq6tj,d6030118-3395-47d6-8213-862b5e516b8d,3,1998.705534
2026/02/05/10:54:50,apply-time,rs-002111-4z2l7,53d33f0b-2922-4d27-aaf8-151b07d7d4a0,4,1999.705534
2026/02/05/10:54:50,running-time,rs-002111-4z2l7,53d33f0b-2922-4d27-aaf8-151b07d7d4a0,4,1999.705534
2026/02/05/10:54:50,apply-time,rs-002111-6682q,2c9329dc-9f68-4474-a566-6468964bc0fc,4,1999.705534
2026/02/05/10:54:50,running-time,rs-002111-6682q,2c9329dc-9f68-4474-a566-6468964bc0fc,4,1999.705534
2026/02/05/10:54:50,apply-time,rs-002111-9c6rn,d7240793-5b85-4079-a271-20b27aa39636,4,1999.705534
2026/02/05/10:54:50,apply-time,rs-002112-c6dxj,8af33172-b450-48f5-a357-1547f9dae468,4,1999.705534
2026/02/05/10:54:50,running-time,rs-002112-c6dxj,8af33172-b450-48f5-a357-1547f9dae468,4,1999.705534
2026/02/05/10:54:50,apply-time,rs-002112-dfxzq,3f30fc53-9438-477c-9241-7623f3acbb85,4,1999.705534
2026/02/05/10:54:50,running-time,rs-002112-dfxzq,3f30fc53-9438-477c-9241-7623f3acbb85,4,1999.705534
2026/02/05/10:54:50,apply-time,rs-002112-mdkwj,ef3a9de6-2a0c-493f-afdc-0da477131be4,4,1999.705534
2026/02/05/10:54:50,running-time,rs-002112-mdkwj,ef3a9de6-2a0c-493f-afdc-0da477131be4,4,1999.705534
2026/02/05/10:54:51,apply-time,rs-002113-fx9gt,0ce432cb-27c8-44ec-9ae3-fbad44615514,4,2000.705534
2026/02/05/10:54:51,running-time,rs-002113-fx9gt,0ce432cb-27c8-44ec-9ae3-fbad44615514,4,2000.705534
2026/02/05/10:54:51,apply-time,rs-002113-zjzf6,1d0251f0-fcfd-47bf-a8f0-e937ed97af0f,4,2000.705534
2026/02/05/10:54:51,running-time,rs-002113-zjzf6,1d0251f0-fcfd-47bf-a8f0-e937ed97af0f,4,2000.705534
2026/02/05/10:54:51,apply-time,rs-002114-tfckp,4ae91169-75c9-48fb-b78a-db97ec031fc9,4,2000.705534
2026/02/05/10:54:51,running-time,rs-002114-tfckp,4ae91169-75c9-48fb-b78a-db97ec031fc9,4,2000.705534
2026/02/05/10:54:55,apply-time,rs-002115-g6jsq,2ff16da9-2980-4dae-bbee-a6f7a9e643ab,2,2003.705534
2026/02/05/10:54:55,running-time,rs-002115-g6jsq,2ff16da9-2980-4dae-bbee-a6f7a9e643ab,2,2004.705534
2026/02/05/10:54:55,apply-time,rs-002115-hs59r,6a631079-97e1-4095-9271-bb4aaae503d8,2,2003.705534
2026/02/05/10:54:55,running-time,rs-002115-hs59r,6a631079-97e1-4095-9271-bb4aaae503d8,2,2004.705534
2026/02/05/10:54:55,apply-time,rs-002115-mrjjk,7fdc3a07-a4a1-4c9e-b8c2-2d2d8f21100f,2,2003.705534
2026/02/05/10:54:55,running-time,rs-002115-mrjjk,7fdc3a07-a4a1-4c9e-b8c2-2d2d8f21100f,2,2003.705534
2026/02/05/10:54:59,apply-time,rs-002116-d54j7,482f6654-637b-49e7-9848-cf251cda52d8,1,2008.705534
2026/02/05/10:54:59,running-time,rs-002116-d54j7,482f6654-637b-49e7-9848-cf251cda52d8,1,2008.705534
2026/02/05/10:54:59,apply-time,rs-002117-2gjf4,3cd1f051-cd4e-4dae-b610-f36feedf1274,1,2008.705534
2026/02/05/10:54:59,running-time,rs-002117-2gjf4,3cd1f051-cd4e-4dae-b610-f36feedf1274,1,2008.705534
2026/02/05/10:54:59,apply-time,rs-002117-5tmh4,99becc79-4cb6-4fd5-8efd-a18ef4afd126,1,2008.705534
2026/02/05/10:54:59,running-time,rs-002117-5tmh4,99becc79-4cb6-4fd5-8efd-a18ef4afd126,1,2008.705534
2026/02/05/10:54:59,apply-time,rs-002117-rp4h9,e77b96f4-d02e-4ac7-8c15-14c6678c7625,1,2008.705534
2026/02/05/10:54:59,running-time,rs-002117-rp4h9,e77b96f4-d02e-4ac7-8c15-14c6678c7625,1,2008.705534
2026/02/05/10:54:59,apply-time,rs-002118-6w9cj,f940e38a-facb-4480-86e8-c938c3f57bbd,4,2008.705534
2026/02/05/10:54:59,running-time,rs-002118-6w9cj,f940e38a-facb-4480-86e8-c938c3f57bbd,4,2008.705534
2026/02/05/10:54:59,apply-time,rs-002118-dwsnt,c6b8880d-54fa-4686-abaa-77ff67bb9227,4,2008.705534
2026/02/05/10:54:59,running-time,rs-002118-dwsnt,c6b8880d-54fa-4686-abaa-77ff67bb9227,4,2008.705534
2026/02/05/10:54:59,apply-time,rs-002118-jr7wg,1d69e21c-1a25-4318-aef8-f3eab6c431a3,4,2008.705534
2026/02/05/10:54:59,running-time,rs-002118-jr7wg,1d69e21c-1a25-4318-aef8-f3eab6c431a3,4,2008.705534
2026/02/05/10:54:59,apply-time,rs-002119-67wjd,01e9f84f-7189-4b0f-a58f-9d35ed0608ad,3,2008.705534
2026/02/05/10:54:59,apply-time,rs-002119-6dqx9,6c7f0e32-c8e3-4ec2-b44d-1f8130a22728,3,2008.705534
2026/02/05/10:54:59,running-time,rs-002119-6dqx9,6c7f0e32-c8e3-4ec2-b44d-1f8130a22728,3,2008.705534
2026/02/05/10:54:59,apply-time,rs-002119-d7v5l,a68e4efd-eea4-479b-b719-f3acbcd60df1,3,2008.705534
2026/02/05/10:54:59,apply-time,rs-002120-jlsjd,9e1e4b3b-a5b7-4eb9-a8e6-8f7c28c6be33,1,2008.705534
2026/02/05/10:54:59,running-time,rs-002120-jlsjd,9e1e4b3b-a5b7-4eb9-a8e6-8f7c28c6be33,1,2008.705534
2026/02/05/10:55:00,apply-time,rs-002121-gfprl,22e2baeb-e588-43d1-8f52-699f7f801e2a,1,2008.705534
2026/02/05/10:55:00,running-time,rs-002121-gfprl,22e2baeb-e588-43d1-8f52-699f7f801e2a,1,2008.705534
2026/02/05/10:55:01,running-time,rs-002119-67wjd,01e9f84f-7189-4b0f-a58f-9d35ed0608ad,3,2010.705534
2026/02/05/10:55:01,running-time,rs-002119-d7v5l,a68e4efd-eea4-479b-b719-f3acbcd60df1,3,2010.705534
2026/02/05/10:55:03,apply-time,rs-002122-224wx,2e6258d1-5063-41e6-acad-cf2ab7091e1f,2,2012.705534
2026/02/05/10:55:03,running-time,rs-002122-224wx,2e6258d1-5063-41e6-acad-cf2ab7091e1f,2,2012.705534
2026/02/05/10:55:03,apply-time,rs-002123-f6hzd,d37e5d3e-ce76-4dbf-8d3a-b1f934fbbb0c,1,2012.705534
2026/02/05/10:55:03,running-time,rs-002123-f6hzd,d37e5d3e-ce76-4dbf-8d3a-b1f934fbbb0c,1,2012.705534
2026/02/05/10:55:03,apply-time,rs-002123-zfq6z,57372435-ab8a-4072-8f62-4433015a5194,1,2012.705534
2026/02/05/10:55:03,running-time,rs-002123-zfq6z,57372435-ab8a-4072-8f62-4433015a5194,1,2012.705534
2026/02/05/10:55:03,apply-time,rs-002124-p2mdx,e6897376-0d4c-4d66-a847-150b7eb05ca4,3,2012.705534
2026/02/05/10:55:03,running-time,rs-002124-p2mdx,e6897376-0d4c-4d66-a847-150b7eb05ca4,3,2012.705534
2026/02/05/10:55:03,apply-time,rs-002125-lv92w,79137203-aac5-4fdf-85b5-639cf2300ff9,2,2012.705534
2026/02/05/10:55:03,running-time,rs-002125-lv92w,79137203-aac5-4fdf-85b5-639cf2300ff9,2,2012.705534
2026/02/05/10:55:03,apply-time,rs-002126-phldh,54db415b-1744-492f-b7d7-0d9bd9c6dfea,3,2012.705534
2026/02/05/10:55:03,running-time,rs-002126-phldh,54db415b-1744-492f-b7d7-0d9bd9c6dfea,3,2012.705534
2026/02/05/10:55:05,apply-time,rs-002127-2pm82,18bc66ed-3258-4342-9f31-4e3f174c28d9,2,2014.705534
2026/02/05/10:55:05,running-time,rs-002127-2pm82,18bc66ed-3258-4342-9f31-4e3f174c28d9,2,2014.705534
2026/02/05/10:55:05,apply-time,rs-002127-fxcpl,83204ea8-1576-4b37-8b02-9a620e5790c5,2,2014.705534
2026/02/05/10:55:05,apply-time,rs-002128-rl9lx,c4af2340-05ca-4c06-aa8a-0fa0ff575aaa,2,2014.705534
2026/02/05/10:55:05,running-time,rs-002128-rl9lx,c4af2340-05ca-4c06-aa8a-0fa0ff575aaa,2,2014.705534
2026/02/05/10:55:05,apply-time,rs-002129-rcvs7,9ede82fb-8937-4741-86f8-79aed8a41458,1,2014.705534
2026/02/05/10:55:05,running-time,rs-002129-rcvs7,9ede82fb-8937-4741-86f8-79aed8a41458,1,2014.705534
2026/02/05/10:55:05,apply-time,rs-002130-qfbqp,ce8dd03b-c276-4273-96a0-bb1ec30a2911,2,2014.705534
2026/02/05/10:55:05,running-time,rs-002130-qfbqp,ce8dd03b-c276-4273-96a0-bb1ec30a2911,2,2014.705534
2026/02/05/10:55:06,apply-time,rs-002131-s8zfw,d81d233d-91e6-4c8c-bdff-88afeccc205c,3,2015.705534
2026/02/05/10:55:06,running-time,rs-002131-s8zfw,d81d233d-91e6-4c8c-bdff-88afeccc205c,3,2015.705534
2026/02/05/10:55:06,apply-time,rs-002132-g44ln,c99e3131-84bb-4ebf-aa9b-ccb3fc392d1e,4,2015.705534
2026/02/05/10:55:06,running-time,rs-002132-g44ln,c99e3131-84bb-4ebf-aa9b-ccb3fc392d1e,4,2015.705534
2026/02/05/10:55:06,apply-time,rs-002133-4q7zk,ff95f2f5-2b7a-4179-b309-a5e91c9689e9,1,2015.705534
2026/02/05/10:55:06,running-time,rs-002133-4q7zk,ff95f2f5-2b7a-4179-b309-a5e91c9689e9,1,2015.705534
2026/02/05/10:55:06,apply-time,rs-002133-jm6jv,43ca1b76-18fa-47f8-8854-2e5bb66216af,1,2015.705534
2026/02/05/10:55:06,running-time,rs-002133-jm6jv,43ca1b76-18fa-47f8-8854-2e5bb66216af,1,2015.705534
2026/02/05/10:55:06,apply-time,rs-002133-mjvff,5501e947-b43c-4727-a695-1a117a9ce570,1,2015.705534
2026/02/05/10:55:06,running-time,rs-002133-mjvff,5501e947-b43c-4727-a695-1a117a9ce570,1,2015.705534
2026/02/05/10:55:06,apply-time,rs-002134-cvjcr,f6e08820-26be-4715-9205-00e78642a06e,3,2015.705534
2026/02/05/10:55:06,running-time,rs-002134-cvjcr,f6e08820-26be-4715-9205-00e78642a06e,3,2015.705534
2026/02/05/10:55:06,apply-time,rs-002134-lh5wm,0cb54bb3-654a-4bd5-bab6-71e3c8497cc9,3,2015.705534
2026/02/05/10:55:06,running-time,rs-002134-lh5wm,0cb54bb3-654a-4bd5-bab6-71e3c8497cc9,3,2015.705534
2026/02/05/10:55:06,apply-time,rs-002134-w7ls7,e4d1464c-f5b6-4bc0-828f-2dee4307254c,3,2015.705534
2026/02/05/10:55:06,running-time,rs-002134-w7ls7,e4d1464c-f5b6-4bc0-828f-2dee4307254c,3,2015.705534
2026/02/05/10:55:07,apply-time,rs-002135-wrhzh,8897629f-f1a6-44cf-914f-3c5f3f207f60,3,2015.705534
2026/02/05/10:55:07,running-time,rs-002135-wrhzh,8897629f-f1a6-44cf-914f-3c5f3f207f60,3,2015.705534
2026/02/05/10:55:07,apply-time,rs-002136-2s87j,b11fb641-5a8b-42f9-a075-326d47664a7c,1,2015.705534
2026/02/05/10:55:07,running-time,rs-002136-2s87j,b11fb641-5a8b-42f9-a075-326d47664a7c,1,2015.705534
2026/02/05/10:55:07,apply-time,rs-002136-t2chd,d4c829e1-df36-47c9-85b9-c1bf9e896e4e,1,2016.705534
2026/02/05/10:55:07,running-time,rs-002136-t2chd,d4c829e1-df36-47c9-85b9-c1bf9e896e4e,1,2016.705534
2026/02/05/10:55:07,apply-time,rs-002137-4hjnv,a5a3391d-7e39-4c16-a442-b40788e20ab7,3,2016.705534
2026/02/05/10:55:07,running-time,rs-002137-4hjnv,a5a3391d-7e39-4c16-a442-b40788e20ab7,3,2016.705534
2026/02/05/10:55:07,apply-time,rs-002137-rr7jt,3ef5c042-0e27-45f3-aa28-febfce21f770,3,2015.705534
2026/02/05/10:55:07,running-time,rs-002137-rr7jt,3ef5c042-0e27-45f3-aa28-febfce21f770,3,2015.705534
2026/02/05/10:55:07,apply-time,rs-002138-dqtqq,5a49ef64-cd7e-41ab-b86b-b0fd465d875a,3,2016.705534
2026/02/05/10:55:07,running-time,rs-002138-dqtqq,5a49ef64-cd7e-41ab-b86b-b0fd465d875a,3,2016.705534
2026/02/05/10:55:07,apply-time,rs-002138-jqs4l,4b9aff3c-081d-4b85-a175-a49715db1ccb,3,2015.705534
2026/02/05/10:55:07,running-time,rs-002138-jqs4l,4b9aff3c-081d-4b85-a175-a49715db1ccb,3,2016.705534
2026/02/05/10:55:07,apply-time,rs-002139-2nxh7,1b375e9e-d416-4522-a3cf-1a4ccda3c996,3,2016.705534
2026/02/05/10:55:07,running-time,rs-002139-2nxh7,1b375e9e-d416-4522-a3cf-1a4ccda3c996,3,2016.705534
2026/02/05/10:55:07,apply-time,rs-002139-4mrzs,a50f60a7-de62-4a75-97a5-90f2266394db,3,2016.705534
2026/02/05/10:55:07,apply-time,rs-002139-6q57b,d6f5393a-bb88-402a-84aa-d695d22b71e5,3,2016.705534
2026/02/05/10:55:07,apply-time,rs-002140-zhkcx,f79dedcd-3001-44c4-9072-53e4679d4e8f,1,2016.705534
2026/02/05/10:55:07,running-time,rs-002140-zhkcx,f79dedcd-3001-44c4-9072-53e4679d4e8f,1,2016.705534
2026/02/05/10:55:07,apply-time,rs-002141-t2w7s,aeea6e2b-ba70-4ab2-a46e-3265bc1257a5,1,2016.705534
2026/02/05/10:55:07,running-time,rs-002141-t2w7s,aeea6e2b-ba70-4ab2-a46e-3265bc1257a5,1,2016.705534
2026/02/05/10:55:08,running-time,rs-002139-4mrzs,a50f60a7-de62-4a75-97a5-90f2266394db,3,2017.705534
2026/02/05/10:55:08,apply-time,rs-002142-hpr98,bc0c4958-615b-44eb-a637-660c3183143f,2,2017.705534
2026/02/05/10:55:08,running-time,rs-002142-hpr98,bc0c4958-615b-44eb-a637-660c3183143f,2,2017.705534
2026/02/05/10:55:08,apply-time,rs-002142-qpsjf,ea0b8530-1747-40f9-a44d-69ff16e894a0,2,2016.705534
2026/02/05/10:55:08,running-time,rs-002142-qpsjf,ea0b8530-1747-40f9-a44d-69ff16e894a0,2,2016.705534
2026/02/05/10:55:08,apply-time,rs-002143-wc7zt,4cf0c6e8-465c-4d71-bb4b-ded8e3f5e70c,1,2016.705534
2026/02/05/10:55:08,running-time,rs-002143-wc7zt,4cf0c6e8-465c-4d71-bb4b-ded8e3f5e70c,1,2016.705534
2026/02/05/10:55:08,apply-time,rs-002144-68mww,32b8398d-a7fc-438b-9450-291482e8be7b,2,2017.705534
2026/02/05/10:55:08,running-time,rs-002144-68mww,32b8398d-a7fc-438b-9450-291482e8be7b,2,2017.705534
2026/02/05/10:55:08,apply-time,rs-002144-xgqnk,7be98116-b576-436e-8b5d-66840ba7ee42,2,2016.705534
2026/02/05/10:55:08,apply-time,rs-002145-sjrgr,b07bdfdf-78c3-46d9-8eb1-6257338457b8,4,2017.705534
2026/02/05/10:55:08,running-time,rs-002145-sjrgr,b07bdfdf-78c3-46d9-8eb1-6257338457b8,4,2017.705534
2026/02/05/10:55:08,apply-time,rs-002145-td4bs,afe84559-ca2b-406b-88ca-6e6329a4e44d,4,2017.705534
2026/02/05/10:55:08,running-time,rs-002145-td4bs,afe84559-ca2b-406b-88ca-6e6329a4e44d,4,2017.705534
2026/02/05/10:55:09,running-time,rs-002139-6q57b,d6f5393a-bb88-402a-84aa-d695d22b71e5,3,2018.705534
2026/02/05/10:55:09,running-time,rs-002144-xgqnk,7be98116-b576-436e-8b5d-66840ba7ee42,2,2017.705534
2026/02/05/10:55:16,apply-time,rs-002146-qccsx,02d1d68a-2e55-4ddf-b21a-c58585dcec4e,2,2024.705534
2026/02/05/10:55:16,running-time,rs-002146-qccsx,02d1d68a-2e55-4ddf-b21a-c58585dcec4e,2,2024.705534
2026/02/05/10:55:16,apply-time,rs-002147-7thwq,86640c01-ebb0-4bee-8f11-6daae19352cf,2,2024.705534
2026/02/05/10:55:16,running-time,rs-002147-7thwq,86640c01-ebb0-4bee-8f11-6daae19352cf,2,2024.705534
2026/02/05/10:55:16,apply-time,rs-002148-4sjvk,1e0635d6-98bf-433f-ba7d-2966a220aed5,2,2024.705534
2026/02/05/10:55:16,running-time,rs-002148-4sjvk,1e0635d6-98bf-433f-ba7d-2966a220aed5,2,2024.705534
2026/02/05/10:55:16,apply-time,rs-002148-wrrnd,7ac4c1cb-ba18-4c95-9a0b-00ca647d402f,2,2024.705534
2026/02/05/10:55:16,running-time,rs-002148-wrrnd,7ac4c1cb-ba18-4c95-9a0b-00ca647d402f,2,2024.705534
2026/02/05/10:55:16,apply-time,rs-002148-zq6g2,b0f50c5e-9f87-40d2-9513-4cf2ba97bb6d,2,2024.705534
2026/02/05/10:55:16,running-time,rs-002148-zq6g2,b0f50c5e-9f87-40d2-9513-4cf2ba97bb6d,2,2024.705534
2026/02/05/10:55:16,apply-time,rs-002149-fdzjz,c2dbc521-bc2b-4da5-8a9e-8775ccacf0ea,4,2025.705534
2026/02/05/10:55:16,running-time,rs-002149-fdzjz,c2dbc521-bc2b-4da5-8a9e-8775ccacf0ea,4,2025.705534
2026/02/05/10:55:16,apply-time,rs-002149-k46h9,7f9a5037-816e-4a33-9f72-3c34f72faa81,4,2025.705534
2026/02/05/10:55:16,running-time,rs-002149-k46h9,7f9a5037-816e-4a33-9f72-3c34f72faa81,4,2025.705534
2026/02/05/10:55:16,apply-time,rs-002150-98rzq,bc5fa605-e67f-4ef3-8a64-6b2132d7a061,1,2025.705534
2026/02/05/10:55:16,running-time,rs-002150-98rzq,bc5fa605-e67f-4ef3-8a64-6b2132d7a061,1,2025.705534
2026/02/05/10:55:16,apply-time,rs-002150-b965x,86de6ce0-3c01-441d-8919-36927bd292bc,1,2025.705534
2026/02/05/10:55:16,running-time,rs-002150-b965x,86de6ce0-3c01-441d-8919-36927bd292bc,1,2025.705534
2026/02/05/10:55:16,apply-time,rs-002150-g4ldh,9e0a7b06-8cc6-4b45-9c80-a573b5fd9dce,1,2025.705534
2026/02/05/10:55:16,running-time,rs-002150-g4ldh,9e0a7b06-8cc6-4b45-9c80-a573b5fd9dce,1,2025.705534
2026/02/05/10:55:16,apply-time,rs-002151-bbfj7,978e06e7-0ea7-4c33-906b-2db4845ceccc,1,2025.705534
2026/02/05/10:55:16,running-time,rs-002151-bbfj7,978e06e7-0ea7-4c33-906b-2db4845ceccc,1,2025.705534
2026/02/05/10:55:16,apply-time,rs-002151-bcczd,42ec2cab-3fbb-439d-a5be-fec3f4b53e45,1,2025.705534
2026/02/05/10:55:16,running-time,rs-002151-bcczd,42ec2cab-3fbb-439d-a5be-fec3f4b53e45,1,2025.705534
2026/02/05/10:55:16,apply-time,rs-002151-hvph2,6ebb4f56-bc97-4ea7-b53b-466267a00261,1,2025.705534
2026/02/05/10:55:16,running-time,rs-002151-hvph2,6ebb4f56-bc97-4ea7-b53b-466267a00261,1,2025.705534
2026/02/05/10:55:17,apply-time,rs-002152-gj9mz,af0eca10-e344-4db4-9a25-fc5b234b8369,4,2026.705534
2026/02/05/10:55:17,running-time,rs-002152-gj9mz,af0eca10-e344-4db4-9a25-fc5b234b8369,4,2026.705534
2026/02/05/10:55:17,apply-time,rs-002152-jznsj,8aaf1837-df14-43fe-92de-46d1d63be953,4,2025.705534
2026/02/05/10:55:17,running-time,rs-002152-jznsj,8aaf1837-df14-43fe-92de-46d1d63be953,4,2025.705534
2026/02/05/10:55:17,apply-time,rs-002153-gt2st,3f4fa36c-e00a-4bdf-addc-93d6358d2e61,3,2025.705534
2026/02/05/10:55:17,running-time,rs-002153-gt2st,3f4fa36c-e00a-4bdf-addc-93d6358d2e61,3,2025.705534
2026/02/05/10:55:17,apply-time,rs-002154-vhf2p,7c7de2e8-9b32-4a5a-9ebf-4ef086fa7ab1,2,2026.705534
2026/02/05/10:55:17,running-time,rs-002154-vhf2p,7c7de2e8-9b32-4a5a-9ebf-4ef086fa7ab1,2,2026.705534
2026/02/05/10:55:17,apply-time,rs-002155-9z5dj,7001fcee-f535-4236-8c7a-fece1e54b7bc,1,2026.705534
2026/02/05/10:55:17,running-time,rs-002155-9z5dj,7001fcee-f535-4236-8c7a-fece1e54b7bc,1,2026.705534
2026/02/05/10:55:17,apply-time,rs-002155-t9d5f,0031d862-34c9-40cb-a065-9f04ca36b69d,1,2026.705534
2026/02/05/10:55:17,running-time,rs-002155-t9d5f,0031d862-34c9-40cb-a065-9f04ca36b69d,1,2026.705534
2026/02/05/10:55:17,apply-time,rs-002155-txl6d,cbd43f4d-5737-4d9c-a1c6-d3d5ba035337,1,2026.705534
2026/02/05/10:55:17,running-time,rs-002155-txl6d,cbd43f4d-5737-4d9c-a1c6-d3d5ba035337,1,2026.705534
2026/02/05/10:55:17,apply-time,rs-002156-hbzlj,dd1c7b5f-7c47-43c7-9720-e555abdb55b1,2,2026.705534
2026/02/05/10:55:17,running-time,rs-002156-hbzlj,dd1c7b5f-7c47-43c7-9720-e555abdb55b1,2,2026.705534
2026/02/05/10:55:17,apply-time,rs-002156-vpm9c,7339de5b-04ae-4b73-9ada-99ff823e4edb,2,2026.705534
2026/02/05/10:55:17,running-time,rs-002156-vpm9c,7339de5b-04ae-4b73-9ada-99ff823e4edb,2,2026.705534
2026/02/05/10:55:18,apply-time,rs-002157-vxqzj,c561b77a-b408-4bec-b871-0b617a854524,3,2026.705534
2026/02/05/10:55:18,running-time,rs-002157-vxqzj,c561b77a-b408-4bec-b871-0b617a854524,3,2027.705534
2026/02/05/10:55:18,apply-time,rs-002158-24ssf,91290d53-d6f9-458e-8253-f689f747824b,3,2027.705534
2026/02/05/10:55:18,running-time,rs-002158-24ssf,91290d53-d6f9-458e-8253-f689f747824b,3,2027.705534
2026/02/05/10:55:18,apply-time,rs-002159-tnt8q,3303b7df-5fb2-4b92-b075-0ac4d7c30059,2,2027.705534
2026/02/05/10:55:18,running-time,rs-002159-tnt8q,3303b7df-5fb2-4b92-b075-0ac4d7c30059,2,2027.705534
2026/02/05/10:55:18,apply-time,rs-002160-qtmrh,0a76eb6e-749c-429d-bc16-66b4eddb3cbc,1,2027.705534
2026/02/05/10:55:18,running-time,rs-002160-qtmrh,0a76eb6e-749c-429d-bc16-66b4eddb3cbc,1,2027.705534
2026/02/05/10:55:19,apply-time,rs-002161-v7krh,128501b6-2666-4ff5-906a-b6e69970af56,1,2028.705534
2026/02/05/10:55:19,running-time,rs-002161-v7krh,128501b6-2666-4ff5-906a-b6e69970af56,1,2028.705534
2026/02/05/10:55:19,apply-time,rs-002162-kp4p7,ea4b3d71-ae0e-4271-8eab-1805d8e607c8,4,2028.705534
2026/02/05/10:55:19,running-time,rs-002162-kp4p7,ea4b3d71-ae0e-4271-8eab-1805d8e607c8,4,2028.705534
2026/02/05/10:55:19,apply-time,rs-002163-jkngq,7675c223-63f1-40cf-99e4-e544faeea4c7,2,2028.705534
2026/02/05/10:55:19,apply-time,rs-002163-zkq5z,5707f415-bc99-44d7-a42b-7505b0222a7d,2,2028.705534
2026/02/05/10:55:19,running-time,rs-002163-zkq5z,5707f415-bc99-44d7-a42b-7505b0222a7d,2,2028.705534
2026/02/05/10:55:20,apply-time,rs-002162-59fw6,7fc67305-c77f-40b7-9816-4aac7fc364e4,4,2028.705534
2026/02/05/10:55:20,running-time,rs-002162-59fw6,7fc67305-c77f-40b7-9816-4aac7fc364e4,4,2028.705534
2026/02/05/10:55:20,apply-time,rs-002162-7qvmg,2b5cbd96-e7b5-4e05-944e-99593bef783f,4,2028.705534
2026/02/05/10:55:20,running-time,rs-002162-7qvmg,2b5cbd96-e7b5-4e05-944e-99593bef783f,4,2028.705534
2026/02/05/10:55:20,running-time,rs-002163-jkngq,7675c223-63f1-40cf-99e4-e544faeea4c7,2,2028.705534
2026/02/05/10:55:20,apply-time,rs-002163-krjm8,66ecac43-30d5-43e3-8313-891dac96acc0,2,2028.705534
2026/02/05/10:55:20,running-time,rs-002163-krjm8,66ecac43-30d5-43e3-8313-891dac96acc0,2,2028.705534
2026/02/05/10:55:30,apply-time,rs-002164-l4wct,ee61201d-f8c1-45be-951d-8eaf777b5983,4,2039.705534
2026/02/05/10:55:30,running-time,rs-002164-l4wct,ee61201d-f8c1-45be-951d-8eaf777b5983,4,2039.705534
2026/02/05/10:55:30,apply-time,rs-002164-sgtmr,50ec51f7-2404-4830-afc9-e9e8ea29ebf7,4,2039.705534
2026/02/05/10:55:30,running-time,rs-002164-sgtmr,50ec51f7-2404-4830-afc9-e9e8ea29ebf7,4,2039.705534
2026/02/05/10:55:30,apply-time,rs-002165-ccqqh,f1b065ff-1096-4be1-acd6-e7f97579bbf6,3,2039.705534
2026/02/05/10:55:30,running-time,rs-002165-ccqqh,f1b065ff-1096-4be1-acd6-e7f97579bbf6,3,2039.705534
2026/02/05/10:55:30,apply-time,rs-002165-j8cmn,d836642b-2968-4dd2-b4cb-fc1bdf54af5e,3,2039.705534
2026/02/05/10:55:30,running-time,rs-002165-j8cmn,d836642b-2968-4dd2-b4cb-fc1bdf54af5e,3,2039.705534
2026/02/05/10:55:30,apply-time,rs-002165-rw2kc,acf81618-cfae-41a8-bd26-d81481f609da,3,2039.705534
2026/02/05/10:55:30,running-time,rs-002165-rw2kc,acf81618-cfae-41a8-bd26-d81481f609da,3,2039.705534
2026/02/05/10:55:30,apply-time,rs-002166-cv6x4,e27f70d4-01e4-450d-933a-2eb78aa35277,4,2039.705534
2026/02/05/10:55:30,running-time,rs-002166-cv6x4,e27f70d4-01e4-450d-933a-2eb78aa35277,4,2039.705534
2026/02/05/10:55:30,apply-time,rs-002167-bswg4,a000a68f-9c27-4ba6-94cb-684a218e3b1a,3,2039.705534
2026/02/05/10:55:31,running-time,rs-002167-bswg4,a000a68f-9c27-4ba6-94cb-684a218e3b1a,3,2039.705534
2026/02/05/10:55:31,apply-time,rs-002168-gzr67,51564a97-40e8-4592-b61a-a424ca4f389d,2,2040.705534
2026/02/05/10:55:31,running-time,rs-002168-gzr67,51564a97-40e8-4592-b61a-a424ca4f389d,2,2040.705534
2026/02/05/10:55:31,apply-time,rs-002168-mhvq6,84dd5f12-0e64-4f78-bede-aae8628cf639,2,2040.705534
2026/02/05/10:55:31,running-time,rs-002168-mhvq6,84dd5f12-0e64-4f78-bede-aae8628cf639,2,2040.705534
2026/02/05/10:55:31,apply-time,rs-002169-v55ms,19d9922d-934d-4ad1-86cb-d3fb1e6cd076,1,2040.705534
2026/02/05/10:55:31,running-time,rs-002169-v55ms,19d9922d-934d-4ad1-86cb-d3fb1e6cd076,1,2040.705534
2026/02/05/10:55:31,apply-time,rs-002170-pnnpv,850a30a0-e5d9-4439-a764-50fe6d6ef45b,2,2040.705534
2026/02/05/10:55:31,running-time,rs-002170-pnnpv,850a30a0-e5d9-4439-a764-50fe6d6ef45b,2,2040.705534
2026/02/05/10:55:31,apply-time,rs-002171-c9vwf,9f1c0cce-b0d9-4016-b9cc-a3865946047c,2,2040.705534
2026/02/05/10:55:31,running-time,rs-002171-c9vwf,9f1c0cce-b0d9-4016-b9cc-a3865946047c,2,2040.705534
2026/02/05/10:55:31,apply-time,rs-002171-f9p75,2c5a0ae2-4412-49f4-b523-8d39dd459771,2,2040.705534
2026/02/05/10:55:31,apply-time,rs-002172-x96tg,7a6e8462-7d63-435d-b579-932fd91b84b6,2,2040.705534
2026/02/05/10:55:31,running-time,rs-002172-x96tg,7a6e8462-7d63-435d-b579-932fd91b84b6,2,2040.705534
2026/02/05/10:55:32,running-time,rs-002171-f9p75,2c5a0ae2-4412-49f4-b523-8d39dd459771,2,2040.705534
2026/02/05/10:55:32,apply-time,rs-002173-9fpsq,ca37c698-5b57-43ad-9692-bf4ac59e16d9,1,2041.705534
2026/02/05/10:55:32,apply-time,rs-002174-4tkn4,874d7455-ba08-4ed1-ac90-274d38fd032d,2,2041.705534
2026/02/05/10:55:32,running-time,rs-002174-4tkn4,874d7455-ba08-4ed1-ac90-274d38fd032d,2,2041.705534
2026/02/05/10:55:32,apply-time,rs-002175-fgh6r,7a0c532c-2c1f-4718-8c90-5eba277abed9,4,2041.705534
2026/02/05/10:55:32,running-time,rs-002175-fgh6r,7a0c532c-2c1f-4718-8c90-5eba277abed9,4,2041.705534
2026/02/05/10:55:33,running-time,rs-002173-9fpsq,ca37c698-5b57-43ad-9692-bf4ac59e16d9,1,2042.705534
2026/02/05/10:55:33,apply-time,rs-002176-7xtnh,34eb74d4-6eaa-4377-bfeb-c3e97580a083,2,2042.705534
2026/02/05/10:55:33,running-time,rs-002176-7xtnh,34eb74d4-6eaa-4377-bfeb-c3e97580a083,2,2042.705534
2026/02/05/10:55:33,apply-time,rs-002176-bxxg5,7c55c70a-5968-420b-be9f-7b0c7f03e9c8,2,2042.705534
2026/02/05/10:55:33,running-time,rs-002176-bxxg5,7c55c70a-5968-420b-be9f-7b0c7f03e9c8,2,2042.705534
2026/02/05/10:55:33,apply-time,rs-002176-h7j76,3130cc87-dda1-4630-a651-1e2ca85b890f,2,2042.705534
2026/02/05/10:55:33,running-time,rs-002176-h7j76,3130cc87-dda1-4630-a651-1e2ca85b890f,2,2042.705534
2026/02/05/10:55:33,apply-time,rs-002177-wdxnl,68697758-8b48-47a9-8423-b2181ef7f241,1,2042.705534
2026/02/05/10:55:33,running-time,rs-002177-wdxnl,68697758-8b48-47a9-8423-b2181ef7f241,1,2042.705534
2026/02/05/10:55:33,apply-time,rs-002178-qvf8h,21df9f11-746e-429c-ab7d-fc8e179b04b7,4,2042.705534
2026/02/05/10:55:33,apply-time,rs-002178-zwxqs,0e3ed3e1-916c-47ad-905a-0e73783343d9,4,2042.705534
2026/02/05/10:55:33,apply-time,rs-002179-6rmgk,bb85a60d-fa0a-436b-aecb-7572373f6268,1,2042.705534
2026/02/05/10:55:33,running-time,rs-002179-6rmgk,bb85a60d-fa0a-436b-aecb-7572373f6268,1,2042.705534
2026/02/05/10:55:34,running-time,rs-002178-qvf8h,21df9f11-746e-429c-ab7d-fc8e179b04b7,4,2042.705534
2026/02/05/10:55:35,apply-time,rs-002180-7mckl,d6a86584-37ef-4bcc-a67d-4b18b5d342e8,2,2044.705534
2026/02/05/10:55:35,running-time,rs-002180-7mckl,d6a86584-37ef-4bcc-a67d-4b18b5d342e8,2,2044.705534
2026/02/05/10:55:35,apply-time,rs-002181-4s56n,15302578-4161-418d-afd7-29c9f3805910,2,2044.705534
2026/02/05/10:55:35,running-time,rs-002181-4s56n,15302578-4161-418d-afd7-29c9f3805910,2,2044.705534
2026/02/05/10:55:35,apply-time,rs-002181-ffhlv,e0539913-c5a0-4e18-b164-921fa0f57f4a,2,2044.705534
2026/02/05/10:55:35,apply-time,rs-002181-rwcrb,c19cadd0-5e80-49e0-9854-8237c9cc4c76,2,2044.705534
2026/02/05/10:55:35,running-time,rs-002181-rwcrb,c19cadd0-5e80-49e0-9854-8237c9cc4c76,2,2044.705534
2026/02/05/10:55:35,apply-time,rs-002182-ggh88,a9a4dd1f-4a77-48ea-a4fb-5b7fd5bfcb79,4,2044.705534
2026/02/05/10:55:35,running-time,rs-002182-ggh88,a9a4dd1f-4a77-48ea-a4fb-5b7fd5bfcb79,4,2044.705534
2026/02/05/10:55:35,apply-time,rs-002182-jzwgr,fa283c41-7093-4760-9ec3-15acf72a9f20,4,2044.705534
2026/02/05/10:55:35,running-time,rs-002182-jzwgr,fa283c41-7093-4760-9ec3-15acf72a9f20,4,2044.705534
2026/02/05/10:55:35,apply-time,rs-002182-q6gwt,60289781-9487-4d04-8669-daa3f7d9635a,4,2044.705534
2026/02/05/10:55:35,running-time,rs-002182-q6gwt,60289781-9487-4d04-8669-daa3f7d9635a,4,2044.705534
2026/02/05/10:55:37,apply-time,rs-002183-lpsw4,d1944c01-e69c-4e38-8638-1cb94a9a5cf7,4,2045.705534
2026/02/05/10:55:37,running-time,rs-002183-lpsw4,d1944c01-e69c-4e38-8638-1cb94a9a5cf7,4,2045.705534
2026/02/05/10:55:37,apply-time,rs-002183-rhvbg,174eef07-7475-4819-83ac-d3f308f8f0b2,4,2045.705534
2026/02/05/10:55:37,running-time,rs-002183-rhvbg,174eef07-7475-4819-83ac-d3f308f8f0b2,4,2045.705534
2026/02/05/10:55:37,apply-time,rs-002183-xjtmg,dc977304-f657-43d5-a6ea-6a58e5d4392c,4,2045.705534
2026/02/05/10:55:37,running-time,rs-002183-xjtmg,dc977304-f657-43d5-a6ea-6a58e5d4392c,4,2045.705534
2026/02/05/10:55:37,apply-time,rs-002184-ph4mz,66593320-15e7-4685-ac4b-28fd03a13e26,1,2045.705534
2026/02/05/10:55:37,running-time,rs-002184-ph4mz,66593320-15e7-4685-ac4b-28fd03a13e26,1,2045.705534
2026/02/05/10:55:39,running-time,rs-002181-ffhlv,e0539913-c5a0-4e18-b164-921fa0f57f4a,2,2048.705534
2026/02/05/10:55:42,apply-time,rs-002185-jvj5x,03acb67d-4538-4b40-87c1-ecdc0fcec697,3,2050.705534
2026/02/05/10:55:42,running-time,rs-002185-jvj5x,03acb67d-4538-4b40-87c1-ecdc0fcec697,3,2051.705534
2026/02/05/10:55:42,apply-time,rs-002185-rctd2,222b1a9c-6987-4c86-b19d-1419433781ad,3,2051.705534
2026/02/05/10:55:42,running-time,rs-002185-rctd2,222b1a9c-6987-4c86-b19d-1419433781ad,3,2051.705534
2026/02/05/10:55:42,apply-time,rs-002186-wts69,76682f2b-8b27-4070-a6f6-ae2c5559a87d,4,2050.705534
2026/02/05/10:55:42,running-time,rs-002186-wts69,76682f2b-8b27-4070-a6f6-ae2c5559a87d,4,2051.705534
2026/02/05/10:55:42,apply-time,rs-002187-7bs94,138c6c9b-3ec0-4c4f-a6ed-e4d4bc6b5731,1,2051.705534
2026/02/05/10:55:42,running-time,rs-002187-7bs94,138c6c9b-3ec0-4c4f-a6ed-e4d4bc6b5731,1,2051.705534
2026/02/05/10:55:42,apply-time,rs-002188-74g48,3c2ce6ed-9c3e-487d-89d5-d9e28c5761af,1,2051.705534
2026/02/05/10:55:42,running-time,rs-002188-74g48,3c2ce6ed-9c3e-487d-89d5-d9e28c5761af,1,2051.705534
2026/02/05/10:55:42,apply-time,rs-002189-68s66,97adf1db-516f-4704-b1b1-e14d42ccc0e1,3,2051.705534
2026/02/05/10:55:42,running-time,rs-002189-68s66,97adf1db-516f-4704-b1b1-e14d42ccc0e1,3,2051.705534
2026/02/05/10:55:42,apply-time,rs-002189-6cr7l,f536931c-d4ad-4a3d-ad3f-debae6016878,3,2051.705534
2026/02/05/10:55:42,running-time,rs-002189-6cr7l,f536931c-d4ad-4a3d-ad3f-debae6016878,3,2051.705534
2026/02/05/10:55:46,apply-time,rs-002190-6hvmg,70a6a0d7-62ad-4ff0-8cb1-d086dc98e049,1,2055.705534
2026/02/05/10:55:46,running-time,rs-002190-6hvmg,70a6a0d7-62ad-4ff0-8cb1-d086dc98e049,1,2055.705534
2026/02/05/10:55:46,apply-time,rs-002190-d2pwg,d4bbe865-7891-416d-9a82-effd7af7882c,1,2055.705534
2026/02/05/10:55:46,running-time,rs-002190-d2pwg,d4bbe865-7891-416d-9a82-effd7af7882c,1,2055.705534
2026/02/05/10:55:46,apply-time,rs-002190-qtq26,17ca50a1-91ba-446c-b174-b8fcb733245c,1,2055.705534
2026/02/05/10:55:46,running-time,rs-002190-qtq26,17ca50a1-91ba-446c-b174-b8fcb733245c,1,2055.705534
2026/02/05/10:55:50,apply-time,rs-002191-dvnkn,69be7d4f-e9f9-4402-9fc8-05aebd1758bb,2,2059.705534
2026/02/05/10:55:50,running-time,rs-002191-dvnkn,69be7d4f-e9f9-4402-9fc8-05aebd1758bb,2,2059.705534
2026/02/05/10:55:50,apply-time,rs-002191-mvcms,bb805858-0d41-493d-8540-6097b0555cd6,2,2059.705534
2026/02/05/10:55:50,running-time,rs-002191-mvcms,bb805858-0d41-493d-8540-6097b0555cd6,2,2059.705534
2026/02/05/10:55:50,apply-time,rs-002192-d8q64,12bc93e7-c63d-42b4-b2ef-642b0b1b8fcc,2,2059.705534
2026/02/05/10:55:50,running-time,rs-002192-d8q64,12bc93e7-c63d-42b4-b2ef-642b0b1b8fcc,2,2059.705534
2026/02/05/10:55:51,apply-time,rs-002193-twj9k,cec7742b-5ea6-43ef-b775-05fe0116b8f3,2,2059.705534
2026/02/05/10:55:51,running-time,rs-002193-twj9k,cec7742b-5ea6-43ef-b775-05fe0116b8f3,2,2059.705534
2026/02/05/10:55:53,apply-time,rs-002194-fptvk,9d2e0f51-9e3a-418b-8f36-82a73c416d16,3,2062.705534
2026/02/05/10:55:53,running-time,rs-002194-fptvk,9d2e0f51-9e3a-418b-8f36-82a73c416d16,3,2062.705534
2026/02/05/10:55:53,apply-time,rs-002195-b5tpk,eeb728d2-47f5-42c2-8c14-6971b59bb54e,4,2062.705534
2026/02/05/10:55:53,running-time,rs-002195-b5tpk,eeb728d2-47f5-42c2-8c14-6971b59bb54e,4,2062.705534
2026/02/05/10:55:53,apply-time,rs-002195-hwfns,b92b4cf8-516a-45b5-ba43-2c1128fb366b,4,2062.705534
2026/02/05/10:55:53,running-time,rs-002195-hwfns,b92b4cf8-516a-45b5-ba43-2c1128fb366b,4,2062.705534
2026/02/05/10:55:53,apply-time,rs-002195-v6s8n,edea61ee-7a26-47b6-b1e6-da9677dc4894,4,2062.705534
2026/02/05/10:55:53,running-time,rs-002195-v6s8n,edea61ee-7a26-47b6-b1e6-da9677dc4894,4,2062.705534
2026/02/05/10:55:59,apply-time,rs-002196-5xrzb,beda7961-8224-430a-8127-37276600c999,4,2068.705534
2026/02/05/10:55:59,running-time,rs-002196-5xrzb,beda7961-8224-430a-8127-37276600c999,4,2068.705534
2026/02/05/10:55:59,apply-time,rs-002197-p5lzh,7ba0f098-8320-49a2-82fa-9f62a4423c6d,4,2068.705534
2026/02/05/10:55:59,running-time,rs-002197-p5lzh,7ba0f098-8320-49a2-82fa-9f62a4423c6d,4,2068.705534
2026/02/05/10:55:59,apply-time,rs-002197-qkvmv,92ae5423-9ba1-4b79-bef7-15382e165099,4,2068.705534
2026/02/05/10:55:59,running-time,rs-002197-qkvmv,92ae5423-9ba1-4b79-bef7-15382e165099,4,2068.705534
2026/02/05/10:55:59,apply-time,rs-002197-zjp64,9c53672e-f275-4e34-8860-432866e30b4d,4,2068.705534
2026/02/05/10:55:59,running-time,rs-002197-zjp64,9c53672e-f275-4e34-8860-432866e30b4d,4,2068.705534
2026/02/05/10:55:59,apply-time,rs-002198-knqm4,bdae6c75-31d8-4e1e-b1e3-5dd8f444907e,1,2068.705534
2026/02/05/10:55:59,running-time,rs-002198-knqm4,bdae6c75-31d8-4e1e-b1e3-5dd8f444907e,1,2068.705534
2026/02/05/10:55:59,apply-time,rs-002198-qv7p6,2f4c0ab5-7a52-42d9-ab44-9bbdb9fec928,1,2068.705534
2026/02/05/10:55:59,running-time,rs-002198-qv7p6,2f4c0ab5-7a52-42d9-ab44-9bbdb9fec928,1,2068.705534
2026/02/05/10:55:59,apply-time,rs-002199-m4lm9,23613b52-ce62-4d01-8f1b-5c9178ed84e8,2,2068.705534
2026/02/05/10:55:59,running-time,rs-002199-m4lm9,23613b52-ce62-4d01-8f1b-5c9178ed84e8,2,2068.705534
2026/02/05/10:55:59,apply-time,rs-002199-qrsvc,34564ff7-a4c6-4b02-834b-ba145a6a197d,2,2068.705534
2026/02/05/10:55:59,running-time,rs-002199-qrsvc,34564ff7-a4c6-4b02-834b-ba145a6a197d,2,2068.705534
2026/02/05/10:55:59,apply-time,rs-002200-x5rww,04ff7eeb-f64d-42c1-ab9b-47961174da3a,1,2068.705534
2026/02/05/10:55:59,running-time,rs-002200-x5rww,04ff7eeb-f64d-42c1-ab9b-47961174da3a,1,2068.705534
2026/02/05/10:55:59,apply-time,rs-002201-8rxhq,228c7022-2990-48fb-929b-0e7cd2ba0ba4,1,2068.705534
2026/02/05/10:55:59,running-time,rs-002201-8rxhq,228c7022-2990-48fb-929b-0e7cd2ba0ba4,1,2068.705534
2026/02/05/10:55:59,apply-time,rs-002201-ctfgl,214b44ac-f44b-44e8-b40f-64803a49bd3b,1,2068.705534
2026/02/05/10:55:59,running-time,rs-002201-ctfgl,214b44ac-f44b-44e8-b40f-64803a49bd3b,1,2068.705534
2026/02/05/10:55:59,apply-time,rs-002202-6475q,ad51efd8-85e5-45ed-95d0-3e8e487e667d,2,2068.705534
2026/02/05/10:55:59,running-time,rs-002202-6475q,ad51efd8-85e5-45ed-95d0-3e8e487e667d,2,2068.705534
2026/02/05/10:55:59,apply-time,rs-002203-hk4bf,dedd0356-0193-4cba-841e-c5c43e672e13,1,2068.705534
2026/02/05/10:55:59,running-time,rs-002203-hk4bf,dedd0356-0193-4cba-841e-c5c43e672e13,1,2068.705534
2026/02/05/10:56:00,apply-time,rs-002201-ns7h7,ef7219c1-2601-404a-9968-08b11f1af607,1,2068.705534
2026/02/05/10:56:00,running-time,rs-002201-ns7h7,ef7219c1-2601-404a-9968-08b11f1af607,1,2068.705534
2026/02/05/10:56:00,apply-time,rs-002204-6gkrr,a310eb17-016c-4d3f-ac79-588e264587e9,1,2069.705534
2026/02/05/10:56:00,running-time,rs-002204-6gkrr,a310eb17-016c-4d3f-ac79-588e264587e9,1,2069.705534
2026/02/05/10:56:00,apply-time,rs-002204-85lsm,2cc08c25-8865-45ba-90ca-6c307f7e50c1,1,2069.705534
2026/02/05/10:56:00,running-time,rs-002204-85lsm,2cc08c25-8865-45ba-90ca-6c307f7e50c1,1,2069.705534
2026/02/05/10:56:00,apply-time,rs-002204-zc4xp,5f2c6432-1830-4a70-9222-278339828839,1,2069.705534
2026/02/05/10:56:00,running-time,rs-002204-zc4xp,5f2c6432-1830-4a70-9222-278339828839,1,2069.705534
2026/02/05/10:56:00,apply-time,rs-002205-b82xl,b4d74cce-2f27-4b4f-b8f2-70dbe7aa4b1d,3,2069.705534
2026/02/05/10:56:00,running-time,rs-002205-b82xl,b4d74cce-2f27-4b4f-b8f2-70dbe7aa4b1d,3,2069.705534
2026/02/05/10:56:00,apply-time,rs-002205-cpvjs,a975f66b-7f8d-4e03-acd6-1f223c026762,3,2069.705534
2026/02/05/10:56:00,running-time,rs-002205-cpvjs,a975f66b-7f8d-4e03-acd6-1f223c026762,3,2069.705534
2026/02/05/10:56:00,apply-time,rs-002205-q4s7h,f9e431bc-1c6d-4450-936e-1825eb16050b,3,2069.705534
2026/02/05/10:56:00,running-time,rs-002205-q4s7h,f9e431bc-1c6d-4450-936e-1825eb16050b,3,2069.705534
2026/02/05/10:56:00,apply-time,rs-002206-9xnq7,69e516ec-a945-43c1-9b89-76ff9609c009,1,2069.705534
2026/02/05/10:56:00,running-time,rs-002206-9xnq7,69e516ec-a945-43c1-9b89-76ff9609c009,1,2069.705534
2026/02/05/10:56:00,apply-time,rs-002207-64vm9,348a79e7-ed06-4b01-960b-a2439e21eb99,1,2069.705534
2026/02/05/10:56:00,running-time,rs-002207-64vm9,348a79e7-ed06-4b01-960b-a2439e21eb99,1,2069.705534
2026/02/05/10:56:00,apply-time,rs-002208-zwblz,28997cb5-0204-472c-8acd-8019b03c33ee,3,2069.705534
2026/02/05/10:56:00,running-time,rs-002208-zwblz,28997cb5-0204-472c-8acd-8019b03c33ee,3,2069.705534
2026/02/05/10:56:01,apply-time,rs-002206-782rt,ddeb5617-7c97-4cc3-9b48-2f146242643a,1,2069.705534
2026/02/05/10:56:01,running-time,rs-002206-782rt,ddeb5617-7c97-4cc3-9b48-2f146242643a,1,2069.705534
2026/02/05/10:56:01,apply-time,rs-002206-g48lm,788d06ee-5b15-40de-8233-53bafc000041,1,2069.705534
2026/02/05/10:56:01,running-time,rs-002206-g48lm,788d06ee-5b15-40de-8233-53bafc000041,1,2069.705534
2026/02/05/10:56:01,apply-time,rs-002209-5pdcv,b25dc4b6-c746-42b3-93dd-a5ee8d706fdf,3,2070.705534
2026/02/05/10:56:01,running-time,rs-002209-5pdcv,b25dc4b6-c746-42b3-93dd-a5ee8d706fdf,3,2070.705534
2026/02/05/10:56:01,apply-time,rs-002209-dm92z,ce63d836-4edb-4891-9f97-140b20fcbcdb,3,2070.705534
2026/02/05/10:56:01,running-time,rs-002209-dm92z,ce63d836-4edb-4891-9f97-140b20fcbcdb,3,2070.705534
2026/02/05/10:56:01,apply-time,rs-002209-hnvk8,059acd82-cb6b-4191-85d5-5db926911941,3,2070.705534
2026/02/05/10:56:01,running-time,rs-002209-hnvk8,059acd82-cb6b-4191-85d5-5db926911941,3,2070.705534
2026/02/05/10:56:01,apply-time,rs-002210-xjlrw,7e24a2c9-e5f8-4c0a-9636-f8a040117691,2,2070.705534
2026/02/05/10:56:01,running-time,rs-002210-xjlrw,7e24a2c9-e5f8-4c0a-9636-f8a040117691,2,2070.705534
2026/02/05/10:56:01,apply-time,rs-002212-9nv5c,bad25c6c-3e0d-4511-9fee-0c97166d3228,1,2070.705534
2026/02/05/10:56:01,running-time,rs-002212-9nv5c,bad25c6c-3e0d-4511-9fee-0c97166d3228,1,2070.705534
2026/02/05/10:56:02,apply-time,rs-002211-lzwv9,cbdbbd50-39dd-496e-a181-5f7395c451e9,3,2071.705534
2026/02/05/10:56:02,running-time,rs-002211-lzwv9,cbdbbd50-39dd-496e-a181-5f7395c451e9,3,2071.705534
2026/02/05/10:56:02,apply-time,rs-002213-9zzh5,148eaf18-7802-405b-9165-eb394ef4733d,1,2070.705534
2026/02/05/10:56:02,running-time,rs-002213-9zzh5,148eaf18-7802-405b-9165-eb394ef4733d,1,2070.705534
2026/02/05/10:56:02,apply-time,rs-002213-b2qvd,7e110211-328d-4a86-a3af-524610f23e20,1,2071.705534
2026/02/05/10:56:02,running-time,rs-002213-b2qvd,7e110211-328d-4a86-a3af-524610f23e20,1,2071.705534
2026/02/05/10:56:02,apply-time,rs-002213-vzkfb,3e67d115-51bd-477a-9125-1b94bbefa495,1,2071.705534
2026/02/05/10:56:02,running-time,rs-002213-vzkfb,3e67d115-51bd-477a-9125-1b94bbefa495,1,2071.705534
2026/02/05/10:56:02,apply-time,rs-002214-mcxdd,fca7c8b8-0045-4413-8e31-f2d5e5ce7aaf,1,2071.705534
2026/02/05/10:56:02,running-time,rs-002214-mcxdd,fca7c8b8-0045-4413-8e31-f2d5e5ce7aaf,1,2071.705534
2026/02/05/10:56:02,apply-time,rs-002215-69bh9,a0c56dbc-5827-4400-81fa-90a15a42fd39,3,2071.705534
2026/02/05/10:56:02,running-time,rs-002215-69bh9,a0c56dbc-5827-4400-81fa-90a15a42fd39,3,2071.705534
2026/02/05/10:56:02,apply-time,rs-002215-ss7bl,5e35e4b2-8b76-492b-ad57-e4a6f583f618,3,2071.705534
2026/02/05/10:56:02,running-time,rs-002215-ss7bl,5e35e4b2-8b76-492b-ad57-e4a6f583f618,3,2071.705534
2026/02/05/10:56:02,apply-time,rs-002216-fksnf,be49d7ea-bb32-4bcf-8c82-1dbe3ca7e316,1,2071.705534
2026/02/05/10:56:02,running-time,rs-002216-fksnf,be49d7ea-bb32-4bcf-8c82-1dbe3ca7e316,1,2071.705534
2026/02/05/10:56:02,apply-time,rs-002216-r7zfx,af0c3e48-b386-4d03-b5c7-0bc423d393c3,1,2071.705534
2026/02/05/10:56:02,running-time,rs-002216-r7zfx,af0c3e48-b386-4d03-b5c7-0bc423d393c3,1,2071.705534
2026/02/05/10:56:02,apply-time,rs-002216-tvzhn,4b5a73d2-d793-4ae3-adb8-2428f27a80f4,1,2071.705534
2026/02/05/10:56:02,running-time,rs-002216-tvzhn,4b5a73d2-d793-4ae3-adb8-2428f27a80f4,1,2071.705534
2026/02/05/10:56:02,apply-time,rs-002217-n65gk,ebb33b9e-2823-4c53-9574-11dd08d104d0,1,2071.705534
2026/02/05/10:56:02,running-time,rs-002217-n65gk,ebb33b9e-2823-4c53-9574-11dd08d104d0,1,2071.705534
2026/02/05/10:56:02,apply-time,rs-002218-c2zr6,683fad6a-9c93-41d6-b557-e451bae3c413,1,2071.705534
2026/02/05/10:56:03,running-time,rs-002218-c2zr6,683fad6a-9c93-41d6-b557-e451bae3c413,1,2072.705534
2026/02/05/10:56:03,apply-time,rs-002219-4cv5n,d24892cd-02b2-4826-b11a-ee092096b90c,2,2072.705534
2026/02/05/10:56:03,running-time,rs-002219-4cv5n,d24892cd-02b2-4826-b11a-ee092096b90c,2,2072.705534
2026/02/05/10:56:03,apply-time,rs-002219-l4tjp,01594bbd-d92e-4e7b-994c-f7811eed5b5b,2,2072.705534
2026/02/05/10:56:03,running-time,rs-002219-l4tjp,01594bbd-d92e-4e7b-994c-f7811eed5b5b,2,2072.705534
2026/02/05/10:56:13,apply-time,rs-002220-vx77p,621c394d-df51-4f58-81ca-cb43ee95a934,3,2081.705534
2026/02/05/10:56:13,apply-time,rs-002221-5xc2c,369daf37-3600-4cc6-b66c-8370e9da4090,4,2082.705534
2026/02/05/10:56:13,running-time,rs-002221-5xc2c,369daf37-3600-4cc6-b66c-8370e9da4090,4,2082.705534
2026/02/05/10:56:13,apply-time,rs-002221-hdbfl,93f75f6c-42fc-4c19-b1da-201b063967fe,4,2081.705534
2026/02/05/10:56:13,running-time,rs-002221-hdbfl,93f75f6c-42fc-4c19-b1da-201b063967fe,4,2082.705534
2026/02/05/10:56:13,apply-time,rs-002221-n66cg,22e73771-4f5d-4e2b-9bb0-3e7ca6033577,4,2082.705534
2026/02/05/10:56:13,running-time,rs-002221-n66cg,22e73771-4f5d-4e2b-9bb0-3e7ca6033577,4,2082.705534
2026/02/05/10:56:13,apply-time,rs-002222-8pw8w,fae2be46-9c78-4b9e-b80c-ca1e0024b0c7,1,2081.705534
2026/02/05/10:56:13,running-time,rs-002222-8pw8w,fae2be46-9c78-4b9e-b80c-ca1e0024b0c7,1,2082.705534
2026/02/05/10:56:13,apply-time,rs-002222-bd2ct,7b2a607c-5aac-4667-98c6-15680ab62541,1,2082.705534
2026/02/05/10:56:13,running-time,rs-002222-bd2ct,7b2a607c-5aac-4667-98c6-15680ab62541,1,2082.705534
2026/02/05/10:56:13,apply-time,rs-002223-5jzb5,319c731f-c59f-4e5e-b36c-944871bc2236,3,2081.705534
2026/02/05/10:56:13,running-time,rs-002223-5jzb5,319c731f-c59f-4e5e-b36c-944871bc2236,3,2082.705534
2026/02/05/10:56:13,apply-time,rs-002224-k7sfh,abc3111c-e651-4e1d-8dc7-c1c51eddc368,2,2081.705534
2026/02/05/10:56:13,running-time,rs-002224-k7sfh,abc3111c-e651-4e1d-8dc7-c1c51eddc368,2,2082.705534
2026/02/05/10:56:13,apply-time,rs-002224-ls2mm,028da8ce-06cd-4384-bd9f-a05e8512a308,2,2081.705534
2026/02/05/10:56:13,running-time,rs-002224-ls2mm,028da8ce-06cd-4384-bd9f-a05e8512a308,2,2082.705534
2026/02/05/10:56:13,apply-time,rs-002224-w6wmr,94a18fa1-adaf-4ab4-a2f4-e72d730a1a0d,2,2081.705534
2026/02/05/10:56:13,running-time,rs-002224-w6wmr,94a18fa1-adaf-4ab4-a2f4-e72d730a1a0d,2,2082.705534
2026/02/05/10:56:13,apply-time,rs-002225-hbgld,fbc27902-57f7-4c13-a59c-2ac6ef990ee0,1,2082.705534
2026/02/05/10:56:13,apply-time,rs-002226-m8zfk,1446b765-3b57-47d6-a51b-5f9dd051c7f8,2,2082.705534
2026/02/05/10:56:13,running-time,rs-002226-m8zfk,1446b765-3b57-47d6-a51b-5f9dd051c7f8,2,2082.705534
2026/02/05/10:56:13,apply-time,rs-002227-gxjvw,f36dc280-ecd9-4c05-af62-bfd3cdc5e601,1,2082.705534
2026/02/05/10:56:13,running-time,rs-002227-gxjvw,f36dc280-ecd9-4c05-af62-bfd3cdc5e601,1,2082.705534
2026/02/05/10:56:13,apply-time,rs-002227-vp7bx,e35f2ca3-2f13-4de5-bc05-372ffc8470c7,1,2082.705534
2026/02/05/10:56:13,running-time,rs-002227-vp7bx,e35f2ca3-2f13-4de5-bc05-372ffc8470c7,1,2082.705534
2026/02/05/10:56:14,apply-time,rs-002225-58lll,4291f443-eaa0-4030-a3b9-3baf612be424,1,2083.705534
2026/02/05/10:56:14,running-time,rs-002225-58lll,4291f443-eaa0-4030-a3b9-3baf612be424,1,2083.705534
2026/02/05/10:56:14,running-time,rs-002225-hbgld,fbc27902-57f7-4c13-a59c-2ac6ef990ee0,1,2082.705534
2026/02/05/10:56:14,apply-time,rs-002225-sb8p5,2cf6a914-15c1-46ea-8911-d3bc13aebf27,1,2083.705534
2026/02/05/10:56:14,running-time,rs-002225-sb8p5,2cf6a914-15c1-46ea-8911-d3bc13aebf27,1,2083.705534
2026/02/05/10:56:14,apply-time,rs-002228-l9f5r,b2e23bd6-607f-4bca-9d22-dc3f25336436,2,2083.705534
2026/02/05/10:56:14,running-time,rs-002228-l9f5r,b2e23bd6-607f-4bca-9d22-dc3f25336436,2,2083.705534
2026/02/05/10:56:14,apply-time,rs-002229-6gd7n,c15017a8-f297-4217-8a44-170856cb407e,2,2083.705534
2026/02/05/10:56:14,apply-time,rs-002230-c847p,d5824af8-a1d5-4d96-8b58-a4785a969e93,2,2083.705534
2026/02/05/10:56:14,apply-time,rs-002230-npss4,ad863f32-0cf5-41c1-ba09-167caf290c84,2,2083.705534
2026/02/05/10:56:15,running-time,rs-002229-6gd7n,c15017a8-f297-4217-8a44-170856cb407e,2,2084.705534
2026/02/05/10:56:15,apply-time,rs-002229-rt4bj,e3636712-3384-4671-9810-9789093bcb8b,2,2083.705534
2026/02/05/10:56:15,apply-time,rs-002229-vqbj5,e7ec1bbe-3813-41aa-b48e-db88348e4dcd,2,2083.705534
2026/02/05/10:56:15,running-time,rs-002230-c847p,d5824af8-a1d5-4d96-8b58-a4785a969e93,2,2084.705534
2026/02/05/10:56:15,running-time,rs-002230-npss4,ad863f32-0cf5-41c1-ba09-167caf290c84,2,2084.705534
2026/02/05/10:56:15,apply-time,rs-002230-v8j2q,d4523c52-ff3b-454b-8ff3-818d31593e56,2,2083.705534
2026/02/05/10:56:16,running-time,rs-002229-rt4bj,e3636712-3384-4671-9810-9789093bcb8b,2,2084.705534
2026/02/05/10:56:20,apply-time,rs-002231-5swjx,6936eb8f-00f8-4ae3-b3b8-9bbfbd22ed1e,3,2089.705534
2026/02/05/10:56:20,running-time,rs-002231-5swjx,6936eb8f-00f8-4ae3-b3b8-9bbfbd22ed1e,3,2089.705534
2026/02/05/10:56:20,apply-time,rs-002231-tg5fr,1f8dbf0a-4c05-4686-b41e-f4bfd7456b6b,3,2089.705534
2026/02/05/10:56:20,running-time,rs-002231-tg5fr,1f8dbf0a-4c05-4686-b41e-f4bfd7456b6b,3,2089.705534
2026/02/05/10:56:20,apply-time,rs-002231-xhkhh,968c352e-226a-46c8-af60-a0dc3a438129,3,2089.705534
2026/02/05/10:56:20,running-time,rs-002231-xhkhh,968c352e-226a-46c8-af60-a0dc3a438129,3,2089.705534
2026/02/05/10:56:20,apply-time,rs-002232-fpcn2,caa222c8-93f7-41f9-a000-9f868c3542d7,3,2089.705534
2026/02/05/10:56:20,running-time,rs-002232-fpcn2,caa222c8-93f7-41f9-a000-9f868c3542d7,3,2089.705534
2026/02/05/10:56:20,apply-time,rs-002232-jfl9s,a0281f26-0ddd-489c-a63e-58a03f34c3a4,3,2089.705534
2026/02/05/10:56:20,running-time,rs-002232-jfl9s,a0281f26-0ddd-489c-a63e-58a03f34c3a4,3,2089.705534
2026/02/05/10:56:20,apply-time,rs-002232-l7gfk,ca6e4212-fc7b-4321-82fd-47ea2c456d54,3,2089.705534
2026/02/05/10:56:20,running-time,rs-002232-l7gfk,ca6e4212-fc7b-4321-82fd-47ea2c456d54,3,2089.705534
2026/02/05/10:56:21,apply-time,rs-002233-ch9zt,1e4d3ea8-437d-415b-9a18-fe4a4cf44ec9,2,2090.705534
2026/02/05/10:56:21,running-time,rs-002233-ch9zt,1e4d3ea8-437d-415b-9a18-fe4a4cf44ec9,2,2090.705534
2026/02/05/10:56:21,apply-time,rs-002233-ql48v,dabcac6a-5b05-4461-b2f0-f0b0130c1014,2,2090.705534
2026/02/05/10:56:21,running-time,rs-002233-ql48v,dabcac6a-5b05-4461-b2f0-f0b0130c1014,2,2090.705534
2026/02/05/10:56:21,apply-time,rs-002234-9b75w,3189f316-9cdb-4b7c-8d20-630e49090631,4,2090.705534
2026/02/05/10:56:21,apply-time,rs-002234-rf4cg,c05de075-3e9f-4546-be1f-aeb99d333af1,4,2090.705534
2026/02/05/10:56:21,apply-time,rs-002234-rfbct,e3c2cbd4-9219-46f0-bd5c-413218497fd8,4,2090.705534
2026/02/05/10:56:23,apply-time,rs-002235-cdhwt,7b4158f9-c7ea-4090-a592-ce67afb6bf4c,1,2092.705534
2026/02/05/10:56:23,running-time,rs-002235-cdhwt,7b4158f9-c7ea-4090-a592-ce67afb6bf4c,1,2092.705534
2026/02/05/10:56:23,apply-time,rs-002236-j2gpn,230b69aa-b3ad-4087-b3de-b061ff74e729,1,2092.705534
2026/02/05/10:56:23,running-time,rs-002236-j2gpn,230b69aa-b3ad-4087-b3de-b061ff74e729,1,2092.705534
2026/02/05/10:56:23,apply-time,rs-002236-jls74,a74d2d90-3a94-4bbd-bfd1-0163aaac5f60,1,2092.705534
2026/02/05/10:56:23,running-time,rs-002236-jls74,a74d2d90-3a94-4bbd-bfd1-0163aaac5f60,1,2092.705534
2026/02/05/10:56:23,apply-time,rs-002236-ps56p,9b9e7ab6-0627-4e6a-b3e3-1f5a50a66cf5,1,2092.705534
2026/02/05/10:56:23,running-time,rs-002236-ps56p,9b9e7ab6-0627-4e6a-b3e3-1f5a50a66cf5,1,2092.705534
2026/02/05/10:56:23,apply-time,rs-002237-xt4ls,ab9fbcfe-383b-4197-acf0-69400abc1b54,2,2092.705534
2026/02/05/10:56:23,running-time,rs-002237-xt4ls,ab9fbcfe-383b-4197-acf0-69400abc1b54,2,2092.705534
2026/02/05/10:56:23,apply-time,rs-002238-f4lf7,5c84e004-88d9-440a-8187-0ec5ead38993,2,2092.705534
2026/02/05/10:56:23,running-time,rs-002238-f4lf7,5c84e004-88d9-440a-8187-0ec5ead38993,2,2092.705534
2026/02/05/10:56:24,apply-time,rs-002239-m4q8t,a4259ccf-9348-4649-8f82-df42f0937791,3,2093.705534
2026/02/05/10:56:24,apply-time,rs-002240-gjw75,e0a50cd8-79d7-4208-b01a-3feed813f276,4,2093.705534
2026/02/05/10:56:24,running-time,rs-002240-gjw75,e0a50cd8-79d7-4208-b01a-3feed813f276,4,2093.705534
2026/02/05/10:56:24,apply-time,rs-002240-wkmfm,53013b15-40a6-4ba3-bb84-e99aae476459,4,2093.705534
2026/02/05/10:56:24,running-time,rs-002240-wkmfm,53013b15-40a6-4ba3-bb84-e99aae476459,4,2093.705534
2026/02/05/10:56:24,apply-time,rs-002241-2xcf4,d143127b-210e-4b6f-a895-5e48955041b3,4,2093.705534
2026/02/05/10:56:24,apply-time,rs-002242-gdz6w,7f751286-ec0f-4968-852c-bd65c0bf2c6f,2,2093.705534
2026/02/05/10:56:24,running-time,rs-002242-gdz6w,7f751286-ec0f-4968-852c-bd65c0bf2c6f,2,2093.705534
2026/02/05/10:56:24,apply-time,rs-002242-qbhb7,ec90a28a-3141-4f3e-9346-4e31be283872,2,2093.705534
2026/02/05/10:56:24,running-time,rs-002242-qbhb7,ec90a28a-3141-4f3e-9346-4e31be283872,2,2093.705534
2026/02/05/10:56:24,apply-time,rs-002243-q6hs8,2d062c37-d7ac-4b6d-9596-04141c8e3114,1,2093.705534
2026/02/05/10:56:24,running-time,rs-002243-q6hs8,2d062c37-d7ac-4b6d-9596-04141c8e3114,1,2093.705534
2026/02/05/10:56:24,apply-time,rs-002243-qlwsg,b30c44e2-9845-4aaa-823b-e3ec9a5ea3b6,1,2093.705534
2026/02/05/10:56:24,running-time,rs-002243-qlwsg,b30c44e2-9845-4aaa-823b-e3ec9a5ea3b6,1,2093.705534
2026/02/05/10:56:25,running-time,rs-002241-2xcf4,d143127b-210e-4b6f-a895-5e48955041b3,4,2094.705534
2026/02/05/10:56:27,running-time,rs-002234-9b75w,3189f316-9cdb-4b7c-8d20-630e49090631,4,2096.705534
2026/02/05/10:56:27,apply-time,rs-002244-cbtj9,0c701653-7ae6-4d21-90c2-5e69b2773708,2,2096.705534
2026/02/05/10:56:27,running-time,rs-002244-cbtj9,0c701653-7ae6-4d21-90c2-5e69b2773708,2,2096.705534
2026/02/05/10:56:27,apply-time,rs-002245-68xcb,8854aab3-968b-407a-9045-9bdab4d74314,4,2096.705534
2026/02/05/10:56:27,running-time,rs-002245-68xcb,8854aab3-968b-407a-9045-9bdab4d74314,4,2096.705534
2026/02/05/10:56:27,apply-time,rs-002245-lhzkk,1813ca9a-51de-402f-84ed-bdc84376b12a,4,2096.705534
2026/02/05/10:56:27,running-time,rs-002245-lhzkk,1813ca9a-51de-402f-84ed-bdc84376b12a,4,2096.705534
2026/02/05/10:56:27,apply-time,rs-002245-xpwtw,aab10c09-df8f-4704-a897-56425f649d7a,4,2096.705534
2026/02/05/10:56:27,running-time,rs-002245-xpwtw,aab10c09-df8f-4704-a897-56425f649d7a,4,2096.705534
2026/02/05/10:56:28,running-time,rs-002230-v8j2q,d4523c52-ff3b-454b-8ff3-818d31593e56,2,2096.705534
2026/02/05/10:56:29,apply-time,rs-002246-jx9s6,3d62c0a7-4b86-47d0-a1b9-a8d310849438,3,2098.705534
2026/02/05/10:56:29,running-time,rs-002246-jx9s6,3d62c0a7-4b86-47d0-a1b9-a8d310849438,3,2098.705534
2026/02/05/10:56:29,apply-time,rs-002247-4k4qh,b4911043-a466-4271-9b49-a8388180530f,4,2098.705534
2026/02/05/10:56:29,apply-time,rs-002247-chrgt,8ffd3ee3-c8a5-4c47-88ca-5ef12c74edd0,4,2098.705534
2026/02/05/10:56:29,running-time,rs-002247-chrgt,8ffd3ee3-c8a5-4c47-88ca-5ef12c74edd0,4,2098.705534
2026/02/05/10:56:29,apply-time,rs-002248-8pqpm,e79d4ba2-b4cf-4883-b6cb-fad407c49913,4,2098.705534
2026/02/05/10:56:29,running-time,rs-002248-8pqpm,e79d4ba2-b4cf-4883-b6cb-fad407c49913,4,2098.705534
2026/02/05/10:56:30,running-time,rs-002247-4k4qh,b4911043-a466-4271-9b49-a8388180530f,4,2098.705534
2026/02/05/10:56:30,apply-time,rs-002249-4wkkc,472c2a56-c22c-46ba-99b5-e7daf5ed9aee,4,2099.705534
2026/02/05/10:56:30,running-time,rs-002249-4wkkc,472c2a56-c22c-46ba-99b5-e7daf5ed9aee,4,2099.705534
2026/02/05/10:56:30,apply-time,rs-002249-6nxbd,459c764d-36d2-47fa-ac3a-ecfb4610d30f,4,2099.705534
2026/02/05/10:56:30,running-time,rs-002249-6nxbd,459c764d-36d2-47fa-ac3a-ecfb4610d30f,4,2099.705534
2026/02/05/10:56:30,apply-time,rs-002249-vcftk,8b01251d-0777-4127-aa27-5b4a79e719d1,4,2099.705534
2026/02/05/10:56:30,running-time,rs-002249-vcftk,8b01251d-0777-4127-aa27-5b4a79e719d1,4,2099.705534
2026/02/05/10:56:30,apply-time,rs-002250-nnxkm,77b4f05d-794d-487b-90bf-c7a93f3fad69,2,2099.705534
2026/02/05/10:56:30,apply-time,rs-002251-hbt7v,6c872b53-2fc0-464e-b2ea-4ac856b1a9ea,1,2099.705534
2026/02/05/10:56:30,apply-time,rs-002251-tgmf7,114362c0-e441-4c86-8cd2-df2246ad8a3b,1,2099.705534
2026/02/05/10:56:30,apply-time,rs-002252-pprp9,8afbf919-7c2e-47dc-ac1f-4f9fbbaa4fce,4,2099.705534
2026/02/05/10:56:42,apply-time,rs-002253-qdd87,d8e41226-7d56-4d82-aae9-e8a65126b251,4,2111.705534
2026/02/05/10:56:42,running-time,rs-002253-qdd87,d8e41226-7d56-4d82-aae9-e8a65126b251,4,2111.705534
2026/02/05/10:56:42,apply-time,rs-002254-fn9mv,009c053b-6fa1-4e49-bfcd-9797476b9ede,3,2111.705534
2026/02/05/10:56:42,apply-time,rs-002254-jxbk6,7ab62421-f9ac-4572-866e-f32673e21113,3,2111.705534
2026/02/05/10:56:42,running-time,rs-002254-jxbk6,7ab62421-f9ac-4572-866e-f32673e21113,3,2111.705534
2026/02/05/10:56:42,apply-time,rs-002254-t9mhb,4ac2416b-6e9a-4a92-8142-702037672127,3,2111.705534
2026/02/05/10:56:43,apply-time,rs-002255-ctgjr,7cfb7968-2170-4614-b7b6-671ef3e9ed45,2,2111.705534
2026/02/05/10:56:43,running-time,rs-002255-ctgjr,7cfb7968-2170-4614-b7b6-671ef3e9ed45,2,2112.705534
2026/02/05/10:56:43,apply-time,rs-002255-k9xrd,8cbdefd4-07e2-4726-90c4-9baea6677a67,2,2111.705534
2026/02/05/10:56:43,running-time,rs-002255-k9xrd,8cbdefd4-07e2-4726-90c4-9baea6677a67,2,2112.705534
2026/02/05/10:56:43,apply-time,rs-002255-lhrkx,b1f45cf3-52e4-4ea8-9ee6-e55a84ef5ff9,2,2111.705534
2026/02/05/10:56:43,running-time,rs-002255-lhrkx,b1f45cf3-52e4-4ea8-9ee6-e55a84ef5ff9,2,2112.705534
2026/02/05/10:56:43,apply-time,rs-002256-4m7zj,03360cef-c4c1-4af4-a72a-8022e8cced2b,2,2112.705534
2026/02/05/10:56:43,running-time,rs-002256-4m7zj,03360cef-c4c1-4af4-a72a-8022e8cced2b,2,2112.705534
2026/02/05/10:56:43,apply-time,rs-002257-2rwrq,6cfdc08f-314d-40c3-9a8a-fa85497fe470,4,2112.705534
2026/02/05/10:56:43,apply-time,rs-002257-w7qsq,6a71accf-461a-4049-97f5-db3dc83b8970,4,2112.705534
2026/02/05/10:56:43,apply-time,rs-002258-6mr4t,ee1d5efb-b47c-4ead-a9c9-236e1e6f5f52,2,2112.705534
2026/02/05/10:56:43,apply-time,rs-002258-dwcw8,e6cc74b7-a193-49ef-8a41-c253e1458fde,2,2112.705534
2026/02/05/10:56:43,apply-time,rs-002258-wsqqc,abc86a63-d35f-4748-b1e7-bb563e22099b,2,2112.705534
2026/02/05/10:56:44,running-time,rs-002258-dwcw8,e6cc74b7-a193-49ef-8a41-c253e1458fde,2,2113.705534
2026/02/05/10:56:44,running-time,rs-002258-wsqqc,abc86a63-d35f-4748-b1e7-bb563e22099b,2,2113.705534
2026/02/05/10:56:45,running-time,rs-002258-6mr4t,ee1d5efb-b47c-4ead-a9c9-236e1e6f5f52,2,2114.705534
2026/02/05/10:56:48,apply-time,rs-002259-2r4x9,876cc252-ce29-442a-951f-4916a958f9dc,1,2117.705534
2026/02/05/10:56:48,running-time,rs-002259-2r4x9,876cc252-ce29-442a-951f-4916a958f9dc,1,2117.705534
2026/02/05/10:56:48,apply-time,rs-002260-7vsqc,c6b8ab13-b32c-45df-b9d3-8b66e31a933f,1,2117.705534
2026/02/05/10:56:48,apply-time,rs-002260-fkxnw,8f10e337-aca9-4ba2-aa94-3502f06bfc39,1,2117.705534
2026/02/05/10:56:48,running-time,rs-002260-fkxnw,8f10e337-aca9-4ba2-aa94-3502f06bfc39,1,2117.705534
2026/02/05/10:56:48,apply-time,rs-002260-h6rs8,bef98a3c-0b63-4ae1-ae25-d3fef2c032be,1,2117.705534
2026/02/05/10:56:48,apply-time,rs-002261-lp9kq,3de7a68b-9996-4bde-b8ca-ddbe59803d2c,1,2117.705534
2026/02/05/10:56:48,running-time,rs-002261-lp9kq,3de7a68b-9996-4bde-b8ca-ddbe59803d2c,1,2117.705534
2026/02/05/10:56:48,apply-time,rs-002262-hkmpm,d20f0a8b-bf1c-4113-99ca-2b5122a89c2a,2,2117.705534
2026/02/05/10:56:48,running-time,rs-002262-hkmpm,d20f0a8b-bf1c-4113-99ca-2b5122a89c2a,2,2117.705534
2026/02/05/10:56:48,apply-time,rs-002262-vjg8k,195e7130-6f0d-4e60-9b13-c2225e5ac733,2,2117.705534
2026/02/05/10:56:48,running-time,rs-002262-vjg8k,195e7130-6f0d-4e60-9b13-c2225e5ac733,2,2117.705534
2026/02/05/10:56:48,apply-time,rs-002263-tlt5t,94174245-6e76-468f-bc1e-472aae077166,1,2117.705534
2026/02/05/10:56:48,running-time,rs-002263-tlt5t,94174245-6e76-468f-bc1e-472aae077166,1,2117.705534
2026/02/05/10:56:48,apply-time,rs-002264-dzct5,ee6a3985-01f0-481e-bff7-dec73b9c43f8,1,2117.705534
2026/02/05/10:56:48,apply-time,rs-002264-jcx99,fc999fba-e9b0-4316-b510-0842278e6440,1,2117.705534
2026/02/05/10:56:49,running-time,rs-002264-dzct5,ee6a3985-01f0-481e-bff7-dec73b9c43f8,1,2117.705534
2026/02/05/10:56:52,running-time,rs-002257-2rwrq,6cfdc08f-314d-40c3-9a8a-fa85497fe470,4,2121.705534
2026/02/05/10:56:52,running-time,rs-002257-w7qsq,6a71accf-461a-4049-97f5-db3dc83b8970,4,2121.705534
2026/02/05/10:56:52,running-time,rs-002264-jcx99,fc999fba-e9b0-4316-b510-0842278e6440,1,2121.705534
2026/02/05/10:56:52,apply-time,rs-002265-nh82v,802e2c91-bb7b-47ec-882e-95a50342d583,4,2121.705534
2026/02/05/10:56:52,running-time,rs-002265-nh82v,802e2c91-bb7b-47ec-882e-95a50342d583,4,2121.705534
2026/02/05/10:56:52,apply-time,rs-002265-rz6h5,518a6611-d1af-4346-8b6e-77dcd36679df,4,2121.705534
2026/02/05/10:56:52,running-time,rs-002265-rz6h5,518a6611-d1af-4346-8b6e-77dcd36679df,4,2121.705534
2026/02/05/10:56:52,apply-time,rs-002265-vbljr,a09f5643-a729-4c02-83e7-129fdb979b22,4,2121.705534
2026/02/05/10:56:52,running-time,rs-002265-vbljr,a09f5643-a729-4c02-83e7-129fdb979b22,4,2121.705534
2026/02/05/10:56:52,apply-time,rs-002266-666kg,ed19841b-2c4b-4ebb-9297-3b1c742af09c,1,2121.705534
2026/02/05/10:56:52,running-time,rs-002266-666kg,ed19841b-2c4b-4ebb-9297-3b1c742af09c,1,2121.705534
2026/02/05/10:56:54,running-time,rs-002260-7vsqc,c6b8ab13-b32c-45df-b9d3-8b66e31a933f,1,2123.705534
2026/02/05/10:56:55,running-time,rs-002260-h6rs8,bef98a3c-0b63-4ae1-ae25-d3fef2c032be,1,2124.705534
2026/02/05/10:56:59,apply-time,rs-002267-bn74r,145206a7-0f1c-4fbf-b702-f8329a4ecbc1,1,2128.705534
2026/02/05/10:56:59,running-time,rs-002267-bn74r,145206a7-0f1c-4fbf-b702-f8329a4ecbc1,1,2128.705534
2026/02/05/10:56:59,apply-time,rs-002267-dbclc,8c29b25f-f452-4722-a759-3a9dcca5e549,1,2128.705534
2026/02/05/10:56:59,running-time,rs-002267-dbclc,8c29b25f-f452-4722-a759-3a9dcca5e549,1,2128.705534
2026/02/05/10:56:59,apply-time,rs-002267-k9qfw,b24ae07d-7695-4494-82e0-e9d249313235,1,2128.705534
2026/02/05/10:56:59,running-time,rs-002267-k9qfw,b24ae07d-7695-4494-82e0-e9d249313235,1,2128.705534
2026/02/05/10:56:59,apply-time,rs-002268-2grpn,be70c120-8fc7-4e2f-b2ad-2631c37d4dad,2,2128.705534
2026/02/05/10:56:59,running-time,rs-002268-2grpn,be70c120-8fc7-4e2f-b2ad-2631c37d4dad,2,2128.705534
2026/02/05/10:56:59,apply-time,rs-002268-kxdwn,b4aa2b83-ba6b-4184-abd8-27679e9cfab4,2,2128.705534
2026/02/05/10:56:59,running-time,rs-002268-kxdwn,b4aa2b83-ba6b-4184-abd8-27679e9cfab4,2,2128.705534
2026/02/05/10:56:59,apply-time,rs-002268-z2lk2,5e8898cf-addd-4734-877a-12ab010cdf6f,2,2128.705534
2026/02/05/10:56:59,running-time,rs-002268-z2lk2,5e8898cf-addd-4734-877a-12ab010cdf6f,2,2128.705534
2026/02/05/10:57:00,apply-time,rs-002269-4hj95,8d0193c9-503e-488f-9d4d-6a483383a146,3,2129.705534
2026/02/05/10:57:00,apply-time,rs-002269-95s2j,43496b62-9c5b-4f61-b24d-aae1184dc4ab,3,2129.705534
2026/02/05/10:57:00,apply-time,rs-002269-jzdv4,a16f0941-4c8f-4e81-ad9c-9b3503390c83,3,2129.705534
2026/02/05/10:57:00,apply-time,rs-002270-blwlb,6055d47a-528c-4ba2-a8e9-4ab56d08135d,3,2129.705534
2026/02/05/10:57:00,running-time,rs-002270-blwlb,6055d47a-528c-4ba2-a8e9-4ab56d08135d,3,2129.705534
2026/02/05/10:57:00,apply-time,rs-002270-drj77,536a12c8-4289-4c8e-90bb-09829b46a166,3,2129.705534
2026/02/05/10:57:00,apply-time,rs-002270-dzg56,6e000f5e-7fa5-4d9d-ba21-a3a96e03986b,3,2129.705534
2026/02/05/10:57:00,running-time,rs-002270-dzg56,6e000f5e-7fa5-4d9d-ba21-a3a96e03986b,3,2129.705534
2026/02/05/10:57:00,apply-time,rs-002271-l5bsl,90f5d6c4-f862-422b-aaa9-6a2dcd015161,3,2129.705534
2026/02/05/10:57:00,apply-time,rs-002271-tqx5d,6e00eb01-99d2-460b-9788-05775e418e19,3,2129.705534
2026/02/05/10:57:00,running-time,rs-002271-tqx5d,6e00eb01-99d2-460b-9788-05775e418e19,3,2129.705534
2026/02/05/10:57:00,apply-time,rs-002272-6phtf,32b315e0-d2b3-4a65-a070-40302ac3d31a,1,2129.705534
2026/02/05/10:57:00,apply-time,rs-002272-jd9hm,62cd8621-3f54-4fb4-92ff-35e31ce3e7fe,1,2129.705534
2026/02/05/10:57:00,apply-time,rs-002272-smj6q,0a6e97c2-19dc-41e7-8bd7-da9c35a8b071,1,2129.705534
2026/02/05/10:57:00,apply-time,rs-002273-t42pc,c62db6d9-28b8-4682-a24e-da97c2683121,3,2129.705534
2026/02/05/10:57:00,apply-time,rs-002274-prqnx,b72e78b4-4793-4617-adda-5ee7a72bff5b,3,2129.705534
2026/02/05/10:57:00,apply-time,rs-002275-fb594,16548692-fb8d-474e-b2ce-7cc5a4445ab9,3,2129.705534
2026/02/05/10:57:00,apply-time,rs-002276-gr4hf,0582cad7-9881-43a0-b4e1-b0f2c58c236c,1,2129.705534
2026/02/05/10:57:01,apply-time,rs-002274-cxx7q,08669a44-91c8-4624-affb-857343441716,3,2130.705534
2026/02/05/10:57:01,apply-time,rs-002274-hq7xd,006898ce-5a05-4a2b-ba11-bb83c4969134,3,2130.705534
2026/02/05/10:57:01,apply-time,rs-002276-4gwdj,b997229c-5341-4643-99d2-3934712c0c0c,1,2130.705534
2026/02/05/10:57:01,running-time,rs-002276-4gwdj,b997229c-5341-4643-99d2-3934712c0c0c,1,2130.705534
2026/02/05/10:57:01,running-time,rs-002276-gr4hf,0582cad7-9881-43a0-b4e1-b0f2c58c236c,1,2129.705534
2026/02/05/10:57:02,running-time,rs-002271-l5bsl,90f5d6c4-f862-422b-aaa9-6a2dcd015161,3,2130.705534
2026/02/05/10:57:02,running-time,rs-002272-jd9hm,62cd8621-3f54-4fb4-92ff-35e31ce3e7fe,1,2131.705534
2026/02/05/10:57:02,running-time,rs-002273-t42pc,c62db6d9-28b8-4682-a24e-da97c2683121,3,2131.705534
2026/02/05/10:57:02,running-time,rs-002274-prqnx,b72e78b4-4793-4617-adda-5ee7a72bff5b,3,2131.705534
2026/02/05/10:57:03,running-time,rs-002275-fb594,16548692-fb8d-474e-b2ce-7cc5a4445ab9,3,2132.705534
2026/02/05/10:57:04,running-time,rs-002274-cxx7q,08669a44-91c8-4624-affb-857343441716,3,2133.705534
2026/02/05/10:57:04,running-time,rs-002274-hq7xd,006898ce-5a05-4a2b-ba11-bb83c4969134,3,2132.705534
2026/02/05/10:57:11,apply-time,rs-002277-znpsh,f4dbcbb2-4f28-4a03-9204-4386a68a81a3,3,2140.705534
2026/02/05/10:57:11,running-time,rs-002277-znpsh,f4dbcbb2-4f28-4a03-9204-4386a68a81a3,3,2140.705534
2026/02/05/10:57:12,apply-time,rs-002278-l9qcx,8f3a97aa-7c93-4c55-92da-45992405c3ed,3,2141.705534
2026/02/05/10:57:12,running-time,rs-002278-l9qcx,8f3a97aa-7c93-4c55-92da-45992405c3ed,3,2141.705534
2026/02/05/10:57:12,apply-time,rs-002279-csq9z,b4de0ab5-03cf-40f5-b2b5-8d2cec8287a3,1,2141.705534
2026/02/05/10:57:12,running-time,rs-002279-csq9z,b4de0ab5-03cf-40f5-b2b5-8d2cec8287a3,1,2141.705534
2026/02/05/10:57:12,apply-time,rs-002279-dzl5j,d6aeaede-daac-41cf-91dd-69e0e88754c8,1,2141.705534
2026/02/05/10:57:12,running-time,rs-002279-dzl5j,d6aeaede-daac-41cf-91dd-69e0e88754c8,1,2141.705534
2026/02/05/10:57:12,apply-time,rs-002279-f6lcq,59aa66b5-d63d-4213-b6db-8909b32a930b,1,2141.705534
2026/02/05/10:57:12,running-time,rs-002279-f6lcq,59aa66b5-d63d-4213-b6db-8909b32a930b,1,2141.705534
2026/02/05/10:57:15,apply-time,rs-002280-ff2lq,6baaf03d-46dd-47b1-afff-a389432feca9,1,2144.705534
2026/02/05/10:57:15,running-time,rs-002280-ff2lq,6baaf03d-46dd-47b1-afff-a389432feca9,1,2144.705534
2026/02/05/10:57:15,apply-time,rs-002281-547cm,312c65e9-02eb-4bb3-93fa-2516285f5670,4,2144.705534
2026/02/05/10:57:15,apply-time,rs-002281-mrhtk,5be777e6-4af9-4e1a-bb1f-178c1f806e34,4,2144.705534
2026/02/05/10:57:15,apply-time,rs-002282-4j528,b8dffa2a-a370-43b9-b203-f4212134fa20,2,2144.705534
2026/02/05/10:57:15,running-time,rs-002282-4j528,b8dffa2a-a370-43b9-b203-f4212134fa20,2,2144.705534
2026/02/05/10:57:15,apply-time,rs-002282-5x7j5,000e00e9-9d88-49eb-9b3f-9ab13bc31483,2,2144.705534
2026/02/05/10:57:15,running-time,rs-002282-5x7j5,000e00e9-9d88-49eb-9b3f-9ab13bc31483,2,2144.705534
2026/02/05/10:57:15,apply-time,rs-002282-ltpc8,28b973ed-398e-4400-8aaf-ef821809df45,2,2144.705534
2026/02/05/10:57:15,running-time,rs-002282-ltpc8,28b973ed-398e-4400-8aaf-ef821809df45,2,2144.705534
2026/02/05/10:57:15,apply-time,rs-002283-7djk4,0579ebad-55c5-4fb1-a0c2-bbba0579fd0f,3,2144.705534
2026/02/05/10:57:15,running-time,rs-002283-7djk4,0579ebad-55c5-4fb1-a0c2-bbba0579fd0f,3,2144.705534
2026/02/05/10:57:15,apply-time,rs-002284-bxgvd,5d64cec9-6823-4d2d-b918-1c5777bd4a88,3,2144.705534
2026/02/05/10:57:15,running-time,rs-002284-bxgvd,5d64cec9-6823-4d2d-b918-1c5777bd4a88,3,2144.705534
2026/02/05/10:57:15,apply-time,rs-002285-l9np4,88571c34-0aa2-4cb9-af65-61713640b423,2,2144.705534
2026/02/05/10:57:15,running-time,rs-002285-l9np4,88571c34-0aa2-4cb9-af65-61713640b423,2,2144.705534
2026/02/05/10:57:15,apply-time,rs-002286-bjvs6,a211c70f-b092-4cc2-bad0-282c558261a9,3,2144.705534
2026/02/05/10:57:16,apply-time,rs-002287-pbb59,d673b461-1a9c-462f-bd41-fd14eac38a8b,1,2144.705534
2026/02/05/10:57:16,running-time,rs-002287-pbb59,d673b461-1a9c-462f-bd41-fd14eac38a8b,1,2144.705534
2026/02/05/10:57:16,apply-time,rs-002287-x6zhw,0892ddc6-b59e-4019-8599-4e5b9d460491,1,2145.705534
2026/02/05/10:57:16,running-time,rs-002287-x6zhw,0892ddc6-b59e-4019-8599-4e5b9d460491,1,2145.705534
2026/02/05/10:57:16,apply-time,rs-002288-g5j9s,a601e227-8bcc-41dd-93c4-72525c9ad271,1,2145.705534
2026/02/05/10:57:16,apply-time,rs-002288-tn299,c34a9e11-c998-4e33-8e7e-08e8018710e7,1,2145.705534
2026/02/05/10:57:16,apply-time,rs-002289-pmmms,25e8f973-d256-4868-90c8-6ac039e37056,4,2145.705534
2026/02/05/10:57:16,running-time,rs-002289-pmmms,25e8f973-d256-4868-90c8-6ac039e37056,4,2145.705534
2026/02/05/10:57:16,apply-time,rs-002289-pvh6c,ceeea06c-e384-4ad0-8524-d7f4bb75d8f6,4,2145.705534
2026/02/05/10:57:16,running-time,rs-002289-pvh6c,ceeea06c-e384-4ad0-8524-d7f4bb75d8f6,4,2145.705534
2026/02/05/10:57:16,apply-time,rs-002289-qx6nh,ad92a4a3-375d-45e3-9df9-f20691231a72,4,2145.705534
2026/02/05/10:57:16,running-time,rs-002289-qx6nh,ad92a4a3-375d-45e3-9df9-f20691231a72,4,2145.705534
2026/02/05/10:57:16,apply-time,rs-002290-kzhvg,5e536f96-d21b-4d82-9cb5-38f0452dd846,3,2145.705534
2026/02/05/10:57:16,running-time,rs-002290-kzhvg,5e536f96-d21b-4d82-9cb5-38f0452dd846,3,2145.705534
2026/02/05/10:57:16,apply-time,rs-002291-7l87d,fe8c282f-1f83-4da3-82a2-0dfc776ae7b9,1,2145.705534
2026/02/05/10:57:16,running-time,rs-002291-7l87d,fe8c282f-1f83-4da3-82a2-0dfc776ae7b9,1,2145.705534
2026/02/05/10:57:17,apply-time,rs-002291-9775h,78c4601f-18b4-46c1-947a-1c79790faba0,1,2146.705534
2026/02/05/10:57:17,apply-time,rs-002292-d96jp,6e5eb9f4-2aa6-4a86-a9f2-2c4c9502c86a,4,2146.705534
2026/02/05/10:57:17,apply-time,rs-002292-nrg4m,94a2443f-26e1-4ed4-a6a6-74c93cba08f9,4,2146.705534
2026/02/05/10:57:17,apply-time,rs-002292-ts5mt,46d08cce-1d82-4a53-b66b-60acbdcd760b,4,2145.705534
2026/02/05/10:57:17,running-time,rs-002292-ts5mt,46d08cce-1d82-4a53-b66b-60acbdcd760b,4,2145.705534
2026/02/05/10:57:17,apply-time,rs-002294-q2blj,1863fb74-c95a-4520-bee4-ec843132eb41,4,2146.705534
2026/02/05/10:57:17,running-time,rs-002294-q2blj,1863fb74-c95a-4520-bee4-ec843132eb41,4,2146.705534
2026/02/05/10:57:17,apply-time,rs-002295-k8d4p,817250ad-6474-4425-a2a1-670c61258035,1,2146.705534
2026/02/05/10:57:17,running-time,rs-002295-k8d4p,817250ad-6474-4425-a2a1-670c61258035,1,2146.705534
2026/02/05/10:57:17,apply-time,rs-002295-rtbtp,1d9372df-db8d-4b7f-a130-1d46ecd85e7b,1,2146.705534
2026/02/05/10:57:17,running-time,rs-002295-rtbtp,1d9372df-db8d-4b7f-a130-1d46ecd85e7b,1,2146.705534
2026/02/05/10:57:17,apply-time,rs-002296-wlcqq,59dc8ba9-fa26-4783-a3da-d82bf1bf8fee,2,2146.705534
2026/02/05/10:57:18,running-time,rs-002292-d96jp,6e5eb9f4-2aa6-4a86-a9f2-2c4c9502c86a,4,2146.705534
2026/02/05/10:57:18,apply-time,rs-002297-pgjc9,82b40bc1-6ca6-4f59-9a47-5338b24c53c7,2,2147.705534
2026/02/05/10:57:18,running-time,rs-002297-pgjc9,82b40bc1-6ca6-4f59-9a47-5338b24c53c7,2,2147.705534
2026/02/05/10:57:18,apply-time,rs-002298-grvrc,cf2329f3-1161-4b48-a6b3-8e843ec57dad,4,2147.705534
2026/02/05/10:57:18,running-time,rs-002298-grvrc,cf2329f3-1161-4b48-a6b3-8e843ec57dad,4,2147.705534
2026/02/05/10:57:18,apply-time,rs-002298-lfm4v,f234e397-5066-40e0-97b1-96009514311f,4,2147.705534
2026/02/05/10:57:18,running-time,rs-002298-lfm4v,f234e397-5066-40e0-97b1-96009514311f,4,2147.705534
2026/02/05/10:57:18,apply-time,rs-002299-7x5bv,728d22bd-3a51-49b6-bd9b-7cd2114348af,2,2147.705534
2026/02/05/10:57:18,apply-time,rs-002300-lxnqz,0838e034-6d31-4898-ae60-338915745d59,2,2147.705534
2026/02/05/10:57:18,running-time,rs-002300-lxnqz,0838e034-6d31-4898-ae60-338915745d59,2,2147.705534
2026/02/05/10:57:18,apply-time,rs-002301-mjc8h,a9344e8e-7111-4b50-ac50-0807d9bfdb5a,3,2147.705534
2026/02/05/10:57:19,running-time,rs-002291-9775h,78c4601f-18b4-46c1-947a-1c79790faba0,1,2148.705534
2026/02/05/10:57:19,running-time,rs-002292-nrg4m,94a2443f-26e1-4ed4-a6a6-74c93cba08f9,4,2148.705534
2026/02/05/10:57:19,running-time,rs-002301-mjc8h,a9344e8e-7111-4b50-ac50-0807d9bfdb5a,3,2148.705534
2026/02/05/10:57:19,apply-time,rs-002302-mkr6q,4da03da0-86e9-45d7-8ede-5b5a72e608bc,3,2148.705534
2026/02/05/10:57:20,running-time,rs-002302-mkr6q,4da03da0-86e9-45d7-8ede-5b5a72e608bc,3,2148.705534
2026/02/05/10:57:20,apply-time,rs-002302-vnq8t,e07c062a-c2cf-4d9a-beb0-66bea138fdf6,3,2149.705534
2026/02/05/10:57:20,running-time,rs-002302-vnq8t,e07c062a-c2cf-4d9a-beb0-66bea138fdf6,3,2149.705534
2026/02/05/10:57:20,apply-time,rs-002303-8cvt6,cf8b69e0-abc6-4656-afeb-e730503cd62d,4,2148.705534
2026/02/05/10:57:20,running-time,rs-002303-8cvt6,cf8b69e0-abc6-4656-afeb-e730503cd62d,4,2148.705534
2026/02/05/10:57:20,apply-time,rs-002304-2flsx,5d681682-f828-4a87-aa5f-befcbd1b0b1e,4,2149.705534
2026/02/05/10:57:20,running-time,rs-002304-2flsx,5d681682-f828-4a87-aa5f-befcbd1b0b1e,4,2149.705534
2026/02/05/10:57:20,apply-time,rs-002304-cd8c6,4e5bbf6f-b6bf-46fc-8a0d-b117c61d3388,4,2149.705534
2026/02/05/10:57:20,running-time,rs-002304-cd8c6,4e5bbf6f-b6bf-46fc-8a0d-b117c61d3388,4,2149.705534
2026/02/05/10:57:20,apply-time,rs-002305-gqckd,8157ead7-5b19-41d3-8700-9e34aafc9e4c,2,2149.705534
2026/02/05/10:57:20,running-time,rs-002305-gqckd,8157ead7-5b19-41d3-8700-9e34aafc9e4c,2,2149.705534
2026/02/05/10:57:20,apply-time,rs-002305-hlrcf,6717126a-bf21-44c8-ae4e-c735ab21d53b,2,2149.705534
2026/02/05/10:57:20,running-time,rs-002305-hlrcf,6717126a-bf21-44c8-ae4e-c735ab21d53b,2,2149.705534
2026/02/05/10:57:20,apply-time,rs-002305-tw2nb,2977f11d-e8e0-46cc-a80c-c532ef55e4c8,2,2149.705534
2026/02/05/10:57:20,running-time,rs-002305-tw2nb,2977f11d-e8e0-46cc-a80c-c532ef55e4c8,2,2149.705534
2026/02/05/10:57:20,apply-time,rs-002306-djdqk,bd598f4d-ae5d-4ee4-9d12-58b09332a06e,3,2149.705534
2026/02/05/10:57:20,running-time,rs-002306-djdqk,bd598f4d-ae5d-4ee4-9d12-58b09332a06e,3,2149.705534
2026/02/05/10:57:20,apply-time,rs-002308-jvxks,e4fed56f-14fc-4e60-b7da-a38eb88e3a5b,4,2149.705534
2026/02/05/10:57:20,apply-time,rs-002309-2567z,8a240cd5-323d-435c-8cd4-4470ed8deb45,4,2149.705534
2026/02/05/10:57:21,apply-time,rs-002307-lq7nw,05716d6d-32ee-462d-bcbd-392752c2e728,3,2150.705534
2026/02/05/10:57:21,running-time,rs-002307-lq7nw,05716d6d-32ee-462d-bcbd-392752c2e728,3,2150.705534
2026/02/05/10:57:21,apply-time,rs-002307-qt74z,54938c09-7b5a-4cb3-9646-9c045a765572,3,2150.705534
2026/02/05/10:57:21,apply-time,rs-002308-fbr28,2e756f99-00d1-4b04-803f-ae51a3d91540,4,2150.705534
2026/02/05/10:57:21,apply-time,rs-002309-4zd65,2a296f1b-e6bc-4db5-a7be-2bbe4fd8979d,4,2149.705534
2026/02/05/10:57:21,apply-time,rs-002309-ctg8m,774c8ec3-d6bc-490b-932b-cd0c425cab15,4,2149.705534
2026/02/05/10:57:21,apply-time,rs-002310-5fkfc,07f1d2fd-a41c-43eb-a6c2-23f795a30260,3,2150.705534
2026/02/05/10:57:21,apply-time,rs-002310-snvr4,666cf708-9667-4de7-8acc-bdecbe4c3287,3,2150.705534
2026/02/05/10:57:21,apply-time,rs-002310-t79kz,d180c1a7-0d3b-43f5-be1d-19c81a763157,3,2150.705534
2026/02/05/10:57:21,apply-time,rs-002311-66ssm,ac7d1ffc-b3ec-4586-ba5a-e862b712dbb4,2,2150.705534
2026/02/05/10:57:21,apply-time,rs-002312-c7zrm,f29d3678-aab6-4067-bc77-f18e8e4b1e2a,2,2150.705534
2026/02/05/10:57:22,running-time,rs-002307-qt74z,54938c09-7b5a-4cb3-9646-9c045a765572,3,2151.705534
2026/02/05/10:57:22,running-time,rs-002310-5fkfc,07f1d2fd-a41c-43eb-a6c2-23f795a30260,3,2151.705534
2026/02/05/10:57:22,running-time,rs-002310-snvr4,666cf708-9667-4de7-8acc-bdecbe4c3287,3,2151.705534
2026/02/05/10:57:22,running-time,rs-002310-t79kz,d180c1a7-0d3b-43f5-be1d-19c81a763157,3,2151.705534
2026/02/05/10:57:22,apply-time,rs-002312-5h78d,f9343c2c-e2ac-48c5-93ce-a21286021c67,2,2150.705534
2026/02/05/10:57:22,running-time,rs-002312-c7zrm,f29d3678-aab6-4067-bc77-f18e8e4b1e2a,2,2151.705534
2026/02/05/10:57:22,apply-time,rs-002312-wtdlc,25cf4314-c4a8-4761-8521-4f4491aaa564,2,2150.705534
2026/02/05/10:57:22,apply-time,rs-002313-h22wg,735ef1f2-d34f-41a6-a96b-ea699b44d3ce,4,2151.705534
2026/02/05/10:57:22,running-time,rs-002313-h22wg,735ef1f2-d34f-41a6-a96b-ea699b44d3ce,4,2151.705534
2026/02/05/10:57:22,apply-time,rs-002313-lbjrq,162e4502-a242-41d2-8ae5-fde8f7dfcdd1,4,2151.705534
2026/02/05/10:57:22,running-time,rs-002313-lbjrq,162e4502-a242-41d2-8ae5-fde8f7dfcdd1,4,2151.705534
2026/02/05/10:57:22,apply-time,rs-002313-sh5vs,5ff8bae0-e62d-4fc5-930b-b37f4c6ffb36,4,2151.705534
2026/02/05/10:57:22,running-time,rs-002313-sh5vs,5ff8bae0-e62d-4fc5-930b-b37f4c6ffb36,4,2151.705534
2026/02/05/10:57:22,apply-time,rs-002314-d9brl,72a91271-c3a2-4e00-b958-651a7c430327,4,2151.705534
2026/02/05/10:57:22,running-time,rs-002314-d9brl,72a91271-c3a2-4e00-b958-651a7c430327,4,2151.705534
2026/02/05/10:57:23,running-time,rs-002308-fbr28,2e756f99-00d1-4b04-803f-ae51a3d91540,4,2152.705534
2026/02/05/10:57:23,apply-time,rs-002314-52gkg,287d454b-ac50-4c89-aca3-3786fcde190f,4,2152.705534
2026/02/05/10:57:23,running-time,rs-002314-52gkg,287d454b-ac50-4c89-aca3-3786fcde190f,4,2152.705534
2026/02/05/10:57:23,apply-time,rs-002315-f5d5c,46c33a1f-5c90-47d6-bb9c-d0dc065bd0ae,1,2151.705534
2026/02/05/10:57:23,running-time,rs-002315-f5d5c,46c33a1f-5c90-47d6-bb9c-d0dc065bd0ae,1,2151.705534
2026/02/05/10:57:24,running-time,rs-002312-wtdlc,25cf4314-c4a8-4761-8521-4f4491aaa564,2,2153.705534
2026/02/05/10:57:25,running-time,rs-002312-5h78d,f9343c2c-e2ac-48c5-93ce-a21286021c67,2,2154.705534
2026/02/05/10:57:29,running-time,rs-002296-wlcqq,59dc8ba9-fa26-4783-a3da-d82bf1bf8fee,2,2158.705534
2026/02/05/10:57:30,running-time,rs-002309-2567z,8a240cd5-323d-435c-8cd4-4470ed8deb45,4,2159.705534
2026/02/05/10:57:35,apply-time,rs-002316-f849f,a6a2acf0-f90e-4443-8c6e-cb9c2f5a4dcd,3,2164.705534
2026/02/05/10:57:35,running-time,rs-002316-f849f,a6a2acf0-f90e-4443-8c6e-cb9c2f5a4dcd,3,2164.705534
2026/02/05/10:57:35,apply-time,rs-002316-kzkx8,8bfe8a32-fa08-4b5f-9df3-dcabf945385b,3,2164.705534
2026/02/05/10:57:35,running-time,rs-002316-kzkx8,8bfe8a32-fa08-4b5f-9df3-dcabf945385b,3,2164.705534
2026/02/05/10:57:35,apply-time,rs-002317-68n2r,38586179-4335-4a1f-b07f-642163465ca9,2,2164.705534
2026/02/05/10:57:35,running-time,rs-002317-68n2r,38586179-4335-4a1f-b07f-642163465ca9,2,2164.705534
2026/02/05/10:57:35,apply-time,rs-002317-8wwck,74bc35b7-5137-4b92-89d8-bdc537cfced8,2,2164.705534
2026/02/05/10:57:35,running-time,rs-002317-8wwck,74bc35b7-5137-4b92-89d8-bdc537cfced8,2,2164.705534
2026/02/05/10:57:36,apply-time,rs-002318-66df6,aff3d4bb-4209-453d-9378-6f83d2e2a922,1,2165.705534
2026/02/05/10:57:36,running-time,rs-002318-66df6,aff3d4bb-4209-453d-9378-6f83d2e2a922,1,2165.705534
2026/02/05/10:57:36,apply-time,rs-002318-8tmxb,aaa689fd-117d-4e85-a29b-8bbcbc03940a,1,2165.705534
2026/02/05/10:57:36,running-time,rs-002318-8tmxb,aaa689fd-117d-4e85-a29b-8bbcbc03940a,1,2165.705534
2026/02/05/10:57:36,apply-time,rs-002318-9kqqd,74b9069a-ab3f-45f6-b610-cd91e9f7b83b,1,2165.705534
2026/02/05/10:57:36,running-time,rs-002318-9kqqd,74b9069a-ab3f-45f6-b610-cd91e9f7b83b,1,2165.705534
2026/02/05/10:57:36,apply-time,rs-002319-lgcwc,699121c7-0ccd-47de-861f-13baa918fab4,2,2165.705534
2026/02/05/10:57:36,running-time,rs-002319-lgcwc,699121c7-0ccd-47de-861f-13baa918fab4,2,2165.705534
2026/02/05/10:57:36,apply-time,rs-002319-nfnbm,77895553-c76e-438e-b438-a1d6dd4f830f,2,2165.705534
2026/02/05/10:57:36,running-time,rs-002319-nfnbm,77895553-c76e-438e-b438-a1d6dd4f830f,2,2165.705534
2026/02/05/10:57:37,apply-time,rs-002320-rf872,cd3e17bb-d22d-4094-a779-167c29416ec1,2,2165.705534
2026/02/05/10:57:37,running-time,rs-002320-rf872,cd3e17bb-d22d-4094-a779-167c29416ec1,2,2165.705534
2026/02/05/10:57:37,apply-time,rs-002321-drb9c,0941be51-039e-43ab-9f95-ca853d5ffe9d,1,2166.705534
2026/02/05/10:57:37,apply-time,rs-002321-gzj27,89102101-2bfe-48ae-b64f-46fc3f517147,1,2166.705534
2026/02/05/10:57:37,apply-time,rs-002322-rvbld,42bb86c0-020b-462d-bc94-415cc40bb29c,2,2166.705534
2026/02/05/10:57:37,running-time,rs-002322-rvbld,42bb86c0-020b-462d-bc94-415cc40bb29c,2,2166.705534
2026/02/05/10:57:37,apply-time,rs-002323-p5j2f,428ebb9e-a8b0-48e5-b9ea-37380473cbec,3,2166.705534
2026/02/05/10:57:37,running-time,rs-002323-p5j2f,428ebb9e-a8b0-48e5-b9ea-37380473cbec,3,2166.705534
2026/02/05/10:57:37,apply-time,rs-002324-n76fh,ff2bbda7-1227-4772-bb65-460045947186,1,2166.705534
2026/02/05/10:57:37,apply-time,rs-002325-zbpwg,c82afc87-5ebf-40f7-af89-a4a11656fd75,2,2166.705534
2026/02/05/10:57:37,running-time,rs-002325-zbpwg,c82afc87-5ebf-40f7-af89-a4a11656fd75,2,2166.705534
2026/02/05/10:57:37,apply-time,rs-002326-6kcgn,01c9bcc8-2c10-4b06-9e60-daae698d2535,2,2166.705534
2026/02/05/10:57:37,apply-time,rs-002326-7ftt6,eda6183a-951c-40ca-8d49-52144357ac3b,2,2166.705534
2026/02/05/10:57:37,apply-time,rs-002326-mwtc2,712e550a-9342-497a-8b39-36d7eabd00fb,2,2166.705534
2026/02/05/10:57:37,apply-time,rs-002327-626sl,d76284f7-2433-429b-b776-01c7a5f7b3ff,4,2166.705534
2026/02/05/10:57:37,running-time,rs-002327-626sl,d76284f7-2433-429b-b776-01c7a5f7b3ff,4,2166.705534
2026/02/05/10:57:37,apply-time,rs-002328-hznpp,7a19741c-f4e0-47c8-a8c9-0bc6c435cc14,1,2166.705534
2026/02/05/10:57:38,running-time,rs-002324-n76fh,ff2bbda7-1227-4772-bb65-460045947186,1,2167.705534
2026/02/05/10:57:38,running-time,rs-002326-6kcgn,01c9bcc8-2c10-4b06-9e60-daae698d2535,2,2167.705534
2026/02/05/10:57:38,running-time,rs-002326-7ftt6,eda6183a-951c-40ca-8d49-52144357ac3b,2,2167.705534
2026/02/05/10:57:38,running-time,rs-002326-mwtc2,712e550a-9342-497a-8b39-36d7eabd00fb,2,2167.705534
2026/02/05/10:57:38,apply-time,rs-002328-hthss,1c28a783-8025-40ab-b95f-9b64e50a2859,1,2167.705534
2026/02/05/10:57:38,apply-time,rs-002329-vmr9r,1d131437-f037-4b22-b47f-2c4620c6ec78,1,2167.705534
2026/02/05/10:57:38,running-time,rs-002329-vmr9r,1d131437-f037-4b22-b47f-2c4620c6ec78,1,2167.705534
2026/02/05/10:57:38,apply-time,rs-002330-fxfcw,bb31ee57-ae8a-46ba-9c95-bc94b5d06df1,2,2167.705534
2026/02/05/10:57:38,running-time,rs-002330-fxfcw,bb31ee57-ae8a-46ba-9c95-bc94b5d06df1,2,2167.705534
2026/02/05/10:57:38,apply-time,rs-002330-spfzp,39c5abc7-738c-40a9-8d4b-0cd4a39a8f92,2,2167.705534
2026/02/05/10:57:38,running-time,rs-002330-spfzp,39c5abc7-738c-40a9-8d4b-0cd4a39a8f92,2,2167.705534
2026/02/05/10:57:38,apply-time,rs-002330-w6284,4938f2fc-146d-4846-adbc-6051ffbc5fff,2,2167.705534
2026/02/05/10:57:38,running-time,rs-002330-w6284,4938f2fc-146d-4846-adbc-6051ffbc5fff,2,2167.705534
2026/02/05/10:57:39,running-time,rs-002321-drb9c,0941be51-039e-43ab-9f95-ca853d5ffe9d,1,2168.705534
2026/02/05/10:57:39,running-time,rs-002321-gzj27,89102101-2bfe-48ae-b64f-46fc3f517147,1,2168.705534
2026/02/05/10:57:39,running-time,rs-002328-hthss,1c28a783-8025-40ab-b95f-9b64e50a2859,1,2168.705534
2026/02/05/10:57:39,running-time,rs-002328-hznpp,7a19741c-f4e0-47c8-a8c9-0bc6c435cc14,1,2168.705534
2026/02/05/10:57:50,apply-time,rs-002331-lmhfc,5f2d52ee-4b65-4fc2-a60c-03b9c17124ef,1,2179.705534
2026/02/05/10:57:50,running-time,rs-002331-lmhfc,5f2d52ee-4b65-4fc2-a60c-03b9c17124ef,1,2179.705534
2026/02/05/10:57:50,apply-time,rs-002332-pzh4n,d38bc11f-b575-4d7e-b092-f6ac08fd47a4,1,2179.705534
2026/02/05/10:57:50,running-time,rs-002332-pzh4n,d38bc11f-b575-4d7e-b092-f6ac08fd47a4,1,2179.705534
2026/02/05/10:57:50,apply-time,rs-002332-spmjk,421243e1-7982-49b0-889c-b4250a76b0f1,1,2179.705534
2026/02/05/10:57:50,running-time,rs-002332-spmjk,421243e1-7982-49b0-889c-b4250a76b0f1,1,2179.705534
2026/02/05/10:57:50,apply-time,rs-002333-dnlpr,bbf9b77e-de61-4b2e-977b-e501a71f25a9,1,2179.705534
2026/02/05/10:57:50,running-time,rs-002333-dnlpr,bbf9b77e-de61-4b2e-977b-e501a71f25a9,1,2179.705534
2026/02/05/10:57:50,apply-time,rs-002333-svgxj,99e1ccce-2f02-47dd-bac1-562897a92396,1,2179.705534
2026/02/05/10:57:50,running-time,rs-002333-svgxj,99e1ccce-2f02-47dd-bac1-562897a92396,1,2179.705534
2026/02/05/10:57:50,apply-time,rs-002334-bkdzb,10c091dd-8b90-4b6b-ac87-ba4aa8a1e834,1,2179.705534
2026/02/05/10:57:50,running-time,rs-002334-bkdzb,10c091dd-8b90-4b6b-ac87-ba4aa8a1e834,1,2179.705534
2026/02/05/10:57:50,apply-time,rs-002335-dmqwr,5f4d44cb-db91-4e23-8304-1c9ed312b96c,4,2179.705534
2026/02/05/10:57:50,running-time,rs-002335-dmqwr,5f4d44cb-db91-4e23-8304-1c9ed312b96c,4,2179.705534
2026/02/05/10:57:50,apply-time,rs-002336-84shr,58a4336d-4cdb-4865-8ec8-bfed556eca30,1,2179.705534
2026/02/05/10:57:50,apply-time,rs-002336-8n66h,339c6751-0eef-496f-8d98-4e3fe82be7b7,1,2179.705534
2026/02/05/10:57:50,apply-time,rs-002336-nwzq5,826ba506-6ace-437e-855f-614746806286,1,2179.705534
2026/02/05/10:57:50,apply-time,rs-002337-nq84p,7774547c-154e-4465-89d7-dc2e8a498d98,1,2179.705534
2026/02/05/10:57:50,running-time,rs-002337-nq84p,7774547c-154e-4465-89d7-dc2e8a498d98,1,2179.705534
2026/02/05/10:57:50,apply-time,rs-002338-5hqk7,4397a066-6260-4562-8dae-e2e271699d4d,2,2179.705534
2026/02/05/10:57:50,running-time,rs-002338-5hqk7,4397a066-6260-4562-8dae-e2e271699d4d,2,2179.705534
2026/02/05/10:57:50,apply-time,rs-002338-d7pkm,d3cc4ef3-c79a-4747-9535-de5b16d1322a,2,2179.705534
2026/02/05/10:57:50,running-time,rs-002338-d7pkm,d3cc4ef3-c79a-4747-9535-de5b16d1322a,2,2179.705534
2026/02/05/10:57:50,apply-time,rs-002338-frbqj,d5454f1e-8c9e-4cef-8fa6-0fb0fba44bfd,2,2179.705534
2026/02/05/10:57:50,running-time,rs-002338-frbqj,d5454f1e-8c9e-4cef-8fa6-0fb0fba44bfd,2,2179.705534
2026/02/05/10:57:50,apply-time,rs-002339-h4fl9,7905f8d5-763d-496e-90db-03096713da87,1,2179.705534
2026/02/05/10:57:50,running-time,rs-002339-h4fl9,7905f8d5-763d-496e-90db-03096713da87,1,2179.705534
2026/02/05/10:57:50,apply-time,rs-002339-jz5h5,f91bae54-a01c-4d35-b707-b9cccb26340e,1,2179.705534
2026/02/05/10:57:50,running-time,rs-002339-jz5h5,f91bae54-a01c-4d35-b707-b9cccb26340e,1,2179.705534
2026/02/05/10:57:50,apply-time,rs-002339-qpnrb,4d98e01d-b4aa-4019-b928-0a35773e2d9a,1,2179.705534
2026/02/05/10:57:50,running-time,rs-002339-qpnrb,4d98e01d-b4aa-4019-b928-0a35773e2d9a,1,2179.705534
2026/02/05/10:57:51,apply-time,rs-002340-h97l5,0e316936-3030-455c-8379-1c6cfd7efffe,1,2180.705534
2026/02/05/10:57:51,running-time,rs-002340-h97l5,0e316936-3030-455c-8379-1c6cfd7efffe,1,2180.705534
2026/02/05/10:57:51,apply-time,rs-002341-9mqp4,6a8ce37d-7d4a-46c8-a5e6-5dba2b666846,1,2180.705534
2026/02/05/10:57:51,running-time,rs-002341-9mqp4,6a8ce37d-7d4a-46c8-a5e6-5dba2b666846,1,2180.705534
2026/02/05/10:57:51,apply-time,rs-002341-fx48l,35e98047-0567-43a1-a057-397aa6a320ad,1,2180.705534
2026/02/05/10:57:51,running-time,rs-002341-fx48l,35e98047-0567-43a1-a057-397aa6a320ad,1,2180.705534
2026/02/05/10:57:51,apply-time,rs-002341-nqmpz,ac365958-bcb3-4ff4-9768-5724d2edacac,1,2180.705534
2026/02/05/10:57:51,running-time,rs-002341-nqmpz,ac365958-bcb3-4ff4-9768-5724d2edacac,1,2180.705534
2026/02/05/10:57:51,apply-time,rs-002342-kqrwq,bdce1dbe-8968-4770-a158-12414e98ff01,1,2180.705534
2026/02/05/10:57:51,running-time,rs-002342-kqrwq,bdce1dbe-8968-4770-a158-12414e98ff01,1,2180.705534
2026/02/05/10:57:51,apply-time,rs-002342-x2pld,577736a9-b6dc-48fb-b4ba-a2861f9b8cba,1,2180.705534
2026/02/05/10:57:51,running-time,rs-002342-x2pld,577736a9-b6dc-48fb-b4ba-a2861f9b8cba,1,2180.705534
2026/02/05/10:57:51,apply-time,rs-002343-4z7wb,7eb045bb-0d15-4da5-aca0-fd1ae614f6f3,3,2180.705534
2026/02/05/10:57:51,running-time,rs-002343-4z7wb,7eb045bb-0d15-4da5-aca0-fd1ae614f6f3,3,2180.705534
2026/02/05/10:57:51,apply-time,rs-002343-khcfz,08927d02-6bf6-40c6-bbc4-40b2d9c6eb78,3,2180.705534
2026/02/05/10:57:51,apply-time,rs-002344-t4cq2,af52e140-9f5f-41dc-9fb3-99758bd430a4,1,2180.705534
2026/02/05/10:57:51,running-time,rs-002344-t4cq2,af52e140-9f5f-41dc-9fb3-99758bd430a4,1,2180.705534
2026/02/05/10:57:52,apply-time,rs-002345-9sbw9,5e8b3b88-b4d4-4653-9c37-2931a44710d3,1,2180.705534
2026/02/05/10:57:52,running-time,rs-002345-9sbw9,5e8b3b88-b4d4-4653-9c37-2931a44710d3,1,2180.705534
2026/02/05/10:57:52,apply-time,rs-002346-4lzfg,db22c27c-de9d-4304-8813-e4830e64e435,1,2181.705534
2026/02/05/10:57:52,running-time,rs-002346-4lzfg,db22c27c-de9d-4304-8813-e4830e64e435,1,2181.705534
2026/02/05/10:57:52,apply-time,rs-002346-6h5nt,cd3b51dd-e93b-4a65-a2cc-e2e3e262dc5f,1,2181.705534
2026/02/05/10:57:52,running-time,rs-002346-6h5nt,cd3b51dd-e93b-4a65-a2cc-e2e3e262dc5f,1,2181.705534
2026/02/05/10:57:52,apply-time,rs-002346-lqzt2,5c292642-25ab-45fc-aa65-1cf485f36b4c,1,2181.705534
2026/02/05/10:57:52,running-time,rs-002346-lqzt2,5c292642-25ab-45fc-aa65-1cf485f36b4c,1,2181.705534
2026/02/05/10:57:52,apply-time,rs-002347-4cpwh,bf530e48-4fbe-4412-9d57-cee82775afd5,1,2181.705534
2026/02/05/10:57:52,running-time,rs-002347-4cpwh,bf530e48-4fbe-4412-9d57-cee82775afd5,1,2181.705534
2026/02/05/10:57:52,apply-time,rs-002347-h7wj6,98cd8410-77d3-4471-bd37-44f675765b4e,1,2181.705534
2026/02/05/10:57:52,running-time,rs-002347-h7wj6,98cd8410-77d3-4471-bd37-44f675765b4e,1,2181.705534
2026/02/05/10:57:52,apply-time,rs-002348-7tjfh,ef5ec5ea-8d3f-4ae8-b0e8-9c043b93f263,3,2181.705534
2026/02/05/10:57:52,running-time,rs-002348-7tjfh,ef5ec5ea-8d3f-4ae8-b0e8-9c043b93f263,3,2181.705534
2026/02/05/10:57:52,apply-time,rs-002348-8k2qb,4e319103-c90a-4142-ba86-7e1465217554,3,2181.705534
2026/02/05/10:57:52,running-time,rs-002348-8k2qb,4e319103-c90a-4142-ba86-7e1465217554,3,2181.705534
2026/02/05/10:57:52,apply-time,rs-002348-rzwzw,d07cacf8-6b0b-4b9b-92a8-c9859bc17c46,3,2181.705534
2026/02/05/10:57:52,running-time,rs-002348-rzwzw,d07cacf8-6b0b-4b9b-92a8-c9859bc17c46,3,2181.705534
2026/02/05/10:57:52,apply-time,rs-002349-229kl,309d7ed8-335d-49fb-b5ad-e067fc311b01,2,2181.705534
2026/02/05/10:57:52,running-time,rs-002349-229kl,309d7ed8-335d-49fb-b5ad-e067fc311b01,2,2181.705534
2026/02/05/10:57:52,apply-time,rs-002349-ffzfl,dd9ac0a0-74aa-452a-a3dc-afeb839e8166,2,2181.705534
2026/02/05/10:57:52,running-time,rs-002349-ffzfl,dd9ac0a0-74aa-452a-a3dc-afeb839e8166,2,2181.705534
2026/02/05/10:57:52,apply-time,rs-002349-ttqlh,7f7263fd-5ea8-4230-a79c-48fa4a843e5c,2,2181.705534
2026/02/05/10:57:52,running-time,rs-002349-ttqlh,7f7263fd-5ea8-4230-a79c-48fa4a843e5c,2,2181.705534
2026/02/05/10:57:53,apply-time,rs-002350-lgf6l,013b1756-4cc2-4c61-b1e2-ac5d2df4d089,2,2181.705534
2026/02/05/10:57:53,running-time,rs-002350-lgf6l,013b1756-4cc2-4c61-b1e2-ac5d2df4d089,2,2182.705534
2026/02/05/10:57:53,apply-time,rs-002351-nwvdn,a2d781a1-6e65-468b-93e5-94e14395bc8b,4,2182.705534
2026/02/05/10:57:53,running-time,rs-002351-nwvdn,a2d781a1-6e65-468b-93e5-94e14395bc8b,4,2182.705534
2026/02/05/10:57:53,apply-time,rs-002352-5zv88,a025d907-694a-469f-b047-bd39a6680a5e,2,2182.705534
2026/02/05/10:57:53,running-time,rs-002352-5zv88,a025d907-694a-469f-b047-bd39a6680a5e,2,2182.705534
2026/02/05/10:57:53,apply-time,rs-002352-9txnm,20a580bc-97aa-4a3f-a04d-2cbd6e1bd7a6,2,2182.705534
2026/02/05/10:57:53,running-time,rs-002352-9txnm,20a580bc-97aa-4a3f-a04d-2cbd6e1bd7a6,2,2182.705534
2026/02/05/10:57:53,apply-time,rs-002354-6slxf,671a27c7-d170-4ca2-ac48-9a7981e3e885,3,2182.705534
2026/02/05/10:57:53,running-time,rs-002354-6slxf,671a27c7-d170-4ca2-ac48-9a7981e3e885,3,2182.705534
2026/02/05/10:57:54,apply-time,rs-002355-sk672,711c81f5-4503-413e-8eff-dddfe29082c7,1,2183.705534
2026/02/05/10:57:54,running-time,rs-002355-sk672,711c81f5-4503-413e-8eff-dddfe29082c7,1,2183.705534
2026/02/05/10:57:55,apply-time,rs-002361-dnwd9,2e7797d9-100e-4206-903e-d53a29ee46c9,2,2184.705534
2026/02/05/10:57:55,running-time,rs-002361-dnwd9,2e7797d9-100e-4206-903e-d53a29ee46c9,2,2184.705534
2026/02/05/10:57:55,apply-time,rs-002361-fpk5r,6cd8dd39-cecb-417c-897b-a93b996b41e4,2,2184.705534
2026/02/05/10:57:55,running-time,rs-002361-fpk5r,6cd8dd39-cecb-417c-897b-a93b996b41e4,2,2184.705534
2026/02/05/10:57:55,apply-time,rs-002361-lb2dk,2bebacbf-0cd4-4f9c-a7d9-b5f371b521e0,2,2184.705534
2026/02/05/10:57:55,running-time,rs-002361-lb2dk,2bebacbf-0cd4-4f9c-a7d9-b5f371b521e0,2,2184.705534
2026/02/05/10:57:55,apply-time,rs-002362-5pp6g,a87cac95-0acb-45e3-9f56-7874b3a2d3fa,1,2184.705534
2026/02/05/10:57:55,running-time,rs-002362-5pp6g,a87cac95-0acb-45e3-9f56-7874b3a2d3fa,1,2184.705534
2026/02/05/10:57:55,apply-time,rs-002362-858zd,9cb8835f-cbb8-4020-894f-5926dd6a76c5,1,2184.705534
2026/02/05/10:57:55,apply-time,rs-002363-n9pmm,d72ee1be-0147-43ed-9183-cdcc5333e324,2,2184.705534
2026/02/05/10:57:55,running-time,rs-002363-n9pmm,d72ee1be-0147-43ed-9183-cdcc5333e324,2,2184.705534
2026/02/05/10:57:55,apply-time,rs-002364-5j25t,7fd13725-8ca3-4ef9-8b6b-cfc16409327a,4,2184.705534
2026/02/05/10:57:55,running-time,rs-002364-5j25t,7fd13725-8ca3-4ef9-8b6b-cfc16409327a,4,2184.705534
2026/02/05/10:57:55,apply-time,rs-002365-psvrs,38c13758-3ae6-49fa-9e54-d0548db8f9c6,1,2184.705534
2026/02/05/10:57:55,running-time,rs-002365-psvrs,38c13758-3ae6-49fa-9e54-d0548db8f9c6,1,2184.705534
2026/02/05/10:57:56,running-time,rs-002362-858zd,9cb8835f-cbb8-4020-894f-5926dd6a76c5,1,2185.705534
2026/02/05/10:57:56,apply-time,rs-002365-52vj8,93e86658-11b9-427a-bc74-dcbd43946e8b,1,2185.705534
2026/02/05/10:57:56,running-time,rs-002365-52vj8,93e86658-11b9-427a-bc74-dcbd43946e8b,1,2185.705534
2026/02/05/10:58:01,apply-time,rs-002366-wqbcv,c8d6c0e1-7905-418f-8d4c-003ef24f373a,3,2190.705534
2026/02/05/10:58:01,running-time,rs-002366-wqbcv,c8d6c0e1-7905-418f-8d4c-003ef24f373a,3,2190.705534
2026/02/05/10:58:01,apply-time,rs-002367-pzz8v,14c1335d-f2da-4211-b4c3-196f91c993bb,3,2190.705534
2026/02/05/10:58:01,running-time,rs-002367-pzz8v,14c1335d-f2da-4211-b4c3-196f91c993bb,3,2190.705534
2026/02/05/10:58:01,apply-time,rs-002367-rxmtj,68e946cb-51d5-457b-9106-9765560049c3,3,2190.705534
2026/02/05/10:58:01,running-time,rs-002367-rxmtj,68e946cb-51d5-457b-9106-9765560049c3,3,2190.705534
2026/02/05/10:58:01,apply-time,rs-002368-ps7k8,8076e749-a45a-4f7f-b5a5-a3bc141b0ad1,2,2190.705534
2026/02/05/10:58:01,running-time,rs-002368-ps7k8,8076e749-a45a-4f7f-b5a5-a3bc141b0ad1,2,2190.705534
2026/02/05/10:58:02,apply-time,rs-002369-jn4lf,61fae47b-184d-4d4f-8be4-cc56aa4cdb89,3,2191.705534
2026/02/05/10:58:02,running-time,rs-002369-jn4lf,61fae47b-184d-4d4f-8be4-cc56aa4cdb89,3,2191.705534
2026/02/05/10:58:02,apply-time,rs-002370-mtnkq,ce201f24-208e-470d-9498-63b9fb74da39,3,2191.705534
2026/02/05/10:58:02,running-time,rs-002370-mtnkq,ce201f24-208e-470d-9498-63b9fb74da39,3,2191.705534
2026/02/05/10:58:02,apply-time,rs-002371-2zvsj,ad3bae19-e0b3-4b1f-a6d9-f5364c66f4ae,1,2191.705534
2026/02/05/10:58:02,apply-time,rs-002372-5dl72,17ef8e76-e885-4a62-86fc-3e1ed72c0549,1,2191.705534
2026/02/05/10:58:02,running-time,rs-002372-5dl72,17ef8e76-e885-4a62-86fc-3e1ed72c0549,1,2191.705534
2026/02/05/10:58:02,apply-time,rs-002372-8q5td,223bc187-6757-4e9c-83d7-767a68eaa529,1,2191.705534
2026/02/05/10:58:02,running-time,rs-002372-8q5td,223bc187-6757-4e9c-83d7-767a68eaa529,1,2191.705534
2026/02/05/10:58:02,apply-time,rs-002372-hcktk,db5cf446-a8cd-4d27-a388-983768b5013b,1,2191.705534
2026/02/05/10:58:02,running-time,rs-002372-hcktk,db5cf446-a8cd-4d27-a388-983768b5013b,1,2191.705534
2026/02/05/10:58:02,apply-time,rs-002373-kscxm,8a5ef584-9825-4b7f-a653-cf16a7038e87,1,2191.705534
2026/02/05/10:58:02,running-time,rs-002373-kscxm,8a5ef584-9825-4b7f-a653-cf16a7038e87,1,2191.705534
2026/02/05/10:58:02,apply-time,rs-002374-fxbcw,d047771d-305b-43e1-b8f4-7c66bb68c984,1,2191.705534
2026/02/05/10:58:02,running-time,rs-002374-fxbcw,d047771d-305b-43e1-b8f4-7c66bb68c984,1,2191.705534
2026/02/05/10:58:02,apply-time,rs-002375-wg9tm,62db6d74-8234-480c-b869-bca012a89350,3,2191.705534
2026/02/05/10:58:02,running-time,rs-002375-wg9tm,62db6d74-8234-480c-b869-bca012a89350,3,2191.705534
2026/02/05/10:58:02,apply-time,rs-002376-jrdhq,65374964-5a18-4d0a-be60-a1c8ba072465,3,2191.705534
2026/02/05/10:58:02,running-time,rs-002376-jrdhq,65374964-5a18-4d0a-be60-a1c8ba072465,3,2191.705534
2026/02/05/10:58:03,apply-time,rs-002374-82mp9,7550b7a5-6419-4089-83f1-63aba40f2ccc,1,2191.705534
2026/02/05/10:58:03,running-time,rs-002374-82mp9,7550b7a5-6419-4089-83f1-63aba40f2ccc,1,2191.705534
2026/02/05/10:58:03,apply-time,rs-002374-cc95s,615130a3-7cf4-4f31-bc38-b39e033d2b97,1,2192.705534
2026/02/05/10:58:03,running-time,rs-002374-cc95s,615130a3-7cf4-4f31-bc38-b39e033d2b97,1,2192.705534
2026/02/05/10:58:03,apply-time,rs-002376-k2d4s,b573974d-d168-42ad-a30d-59bb4b49e3d4,3,2192.705534
2026/02/05/10:58:03,running-time,rs-002376-k2d4s,b573974d-d168-42ad-a30d-59bb4b49e3d4,3,2192.705534
2026/02/05/10:58:03,apply-time,rs-002377-fvbkd,57799d55-a71d-49b2-8432-7ff756a34e1f,2,2192.705534
2026/02/05/10:58:04,running-time,rs-002371-2zvsj,ad3bae19-e0b3-4b1f-a6d9-f5364c66f4ae,1,2193.705534
2026/02/05/10:58:04,apply-time,rs-002378-lb9kz,b78dac98-0334-41a0-9451-31cf2dea4242,1,2193.705534
2026/02/05/10:58:04,running-time,rs-002378-lb9kz,b78dac98-0334-41a0-9451-31cf2dea4242,1,2193.705534
2026/02/05/10:58:04,apply-time,rs-002379-bfqcr,a987721c-692e-4cf6-aa9f-171d55c622d1,2,2193.705534
2026/02/05/10:58:04,running-time,rs-002379-bfqcr,a987721c-692e-4cf6-aa9f-171d55c622d1,2,2193.705534
2026/02/05/10:58:04,apply-time,rs-002379-stc6m,2a371b88-4c8b-4693-aaf8-c7c316493f89,2,2193.705534
2026/02/05/10:58:04,running-time,rs-002379-stc6m,2a371b88-4c8b-4693-aaf8-c7c316493f89,2,2193.705534
2026/02/05/10:58:04,apply-time,rs-002380-74pjs,cd521771-4b08-43aa-87d7-3a07e5dd52c4,4,2193.705534
2026/02/05/10:58:04,running-time,rs-002380-74pjs,cd521771-4b08-43aa-87d7-3a07e5dd52c4,4,2193.705534
2026/02/05/10:58:04,apply-time,rs-002380-q6fb7,bdd159be-269b-4f6b-8abd-a4319fffb957,4,2193.705534
2026/02/05/10:58:04,running-time,rs-002380-q6fb7,bdd159be-269b-4f6b-8abd-a4319fffb957,4,2193.705534
2026/02/05/10:58:04,apply-time,rs-002381-pzbbx,d1d564fd-64e2-4221-9284-7567fdd2f5ce,4,2193.705534
2026/02/05/10:58:04,running-time,rs-002381-pzbbx,d1d564fd-64e2-4221-9284-7567fdd2f5ce,4,2193.705534
2026/02/05/10:58:04,apply-time,rs-002382-8qsq5,c845c20d-9502-4634-a088-f76ef9d07298,2,2193.705534
2026/02/05/10:58:04,running-time,rs-002382-8qsq5,c845c20d-9502-4634-a088-f76ef9d07298,2,2193.705534
2026/02/05/10:58:04,apply-time,rs-002383-sfz6n,ad55564d-838b-4cfe-9e17-9fc853ebd45e,1,2193.705534
2026/02/05/10:58:04,apply-time,rs-002384-x82m2,92799650-ffdf-4574-86a3-25ecdaaf1613,1,2193.705534
2026/02/05/10:58:04,running-time,rs-002384-x82m2,92799650-ffdf-4574-86a3-25ecdaaf1613,1,2194.705534
2026/02/05/10:58:04,apply-time,rs-002385-7v4sv,0a0b997b-61fe-44ed-9b89-b80d9b579165,4,2194.705534
2026/02/05/10:58:05,apply-time,rs-002381-922mt,07cf2e64-ebb1-41a3-b588-4968bd61d956,4,2194.705534
2026/02/05/10:58:05,running-time,rs-002381-922mt,07cf2e64-ebb1-41a3-b588-4968bd61d956,4,2194.705534
2026/02/05/10:58:05,apply-time,rs-002381-l77p6,f7bea469-9c85-4a31-88f2-17be255845c1,4,2194.705534
2026/02/05/10:58:05,running-time,rs-002381-l77p6,f7bea469-9c85-4a31-88f2-17be255845c1,4,2194.705534
2026/02/05/10:58:05,apply-time,rs-002383-4n5wk,e314235e-aa23-40f7-ad5d-0cbb30fd4162,1,2194.705534
2026/02/05/10:58:05,running-time,rs-002383-4n5wk,e314235e-aa23-40f7-ad5d-0cbb30fd4162,1,2194.705534
2026/02/05/10:58:05,apply-time,rs-002383-vflft,3c815ae3-eeeb-4716-8b1c-58191e0cfa3e,1,2194.705534
2026/02/05/10:58:05,running-time,rs-002383-vflft,3c815ae3-eeeb-4716-8b1c-58191e0cfa3e,1,2194.705534
2026/02/05/10:58:05,apply-time,rs-002384-pwmqc,8c406636-d19b-4028-aa23-e9b9dd93e7f8,1,2194.705534
2026/02/05/10:58:05,running-time,rs-002384-pwmqc,8c406636-d19b-4028-aa23-e9b9dd93e7f8,1,2194.705534
2026/02/05/10:58:05,apply-time,rs-002385-f8vcc,2bbf06cc-bc1c-4790-abf1-e8b9c484ab15,4,2194.705534
2026/02/05/10:58:06,running-time,rs-002383-sfz6n,ad55564d-838b-4cfe-9e17-9fc853ebd45e,1,2195.705534
2026/02/05/10:58:06,apply-time,rs-002386-s7s5g,3e0ac81a-f34c-4f13-ba31-411082c9d487,1,2194.705534
2026/02/05/10:58:06,running-time,rs-002386-s7s5g,3e0ac81a-f34c-4f13-ba31-411082c9d487,1,2194.705534
2026/02/05/10:58:06,apply-time,rs-002387-pl4p7,3fcde6d4-ea24-4bcf-b521-cfdbbdd142a3,1,2195.705534
2026/02/05/10:58:06,running-time,rs-002387-pl4p7,3fcde6d4-ea24-4bcf-b521-cfdbbdd142a3,1,2195.705534
2026/02/05/10:58:06,apply-time,rs-002388-cdsfz,56527e94-2bc8-497b-9e80-e47264a62996,1,2195.705534
2026/02/05/10:58:06,running-time,rs-002388-cdsfz,56527e94-2bc8-497b-9e80-e47264a62996,1,2195.705534
2026/02/05/10:58:06,apply-time,rs-002388-fbbpg,dbb56cb8-91cc-4914-8873-583e2705b533,1,2195.705534
2026/02/05/10:58:06,apply-time,rs-002388-w4pg4,f95dee07-4b32-4112-afbd-6725950aae86,1,2195.705534
2026/02/05/10:58:06,apply-time,rs-002389-x6tjw,454cca3b-2626-4179-8f0e-f843f52dacc1,1,2195.705534
2026/02/05/10:58:06,running-time,rs-002389-x6tjw,454cca3b-2626-4179-8f0e-f843f52dacc1,1,2195.705534
2026/02/05/10:58:06,apply-time,rs-002390-5zsbt,4a7736bb-4051-4fb8-9f70-93c02e3e36f7,1,2195.705534
2026/02/05/10:58:06,running-time,rs-002390-5zsbt,4a7736bb-4051-4fb8-9f70-93c02e3e36f7,1,2195.705534
2026/02/05/10:58:06,apply-time,rs-002390-8gqqq,d04fb78e-a0a2-45a4-94fd-0cbcaacdf005,1,2195.705534
2026/02/05/10:58:06,running-time,rs-002390-8gqqq,d04fb78e-a0a2-45a4-94fd-0cbcaacdf005,1,2195.705534
2026/02/05/10:58:06,apply-time,rs-002390-s5v5n,1078e012-89f8-4bf8-8989-da9f70bb6974,1,2195.705534
2026/02/05/10:58:06,running-time,rs-002390-s5v5n,1078e012-89f8-4bf8-8989-da9f70bb6974,1,2195.705534
2026/02/05/10:58:06,apply-time,rs-002391-ff7cg,dd7bb019-0c9a-44e5-b6d6-ac0cadf752b0,1,2195.705534
2026/02/05/10:58:06,running-time,rs-002391-ff7cg,dd7bb019-0c9a-44e5-b6d6-ac0cadf752b0,1,2195.705534
2026/02/05/10:58:07,apply-time,rs-002392-j2kz8,7bffba48-79da-456c-a77e-bbb25ccea546,1,2196.705534
2026/02/05/10:58:07,running-time,rs-002392-j2kz8,7bffba48-79da-456c-a77e-bbb25ccea546,1,2196.705534
2026/02/05/10:58:07,apply-time,rs-002392-zqd6b,dd1df81b-5189-4f18-8cf1-28b99ddcb3cc,1,2196.705534
2026/02/05/10:58:07,running-time,rs-002392-zqd6b,dd1df81b-5189-4f18-8cf1-28b99ddcb3cc,1,2196.705534
2026/02/05/10:58:07,apply-time,rs-002394-87p7k,6d7dceb2-8347-4e91-bcaa-f4cd3202c175,2,2196.705534
2026/02/05/10:58:07,running-time,rs-002394-87p7k,6d7dceb2-8347-4e91-bcaa-f4cd3202c175,2,2196.705534
2026/02/05/10:58:08,apply-time,rs-002394-9j9c2,6a9135b6-6192-447e-829a-799acaf7eacf,2,2197.705534
2026/02/05/10:58:08,running-time,rs-002394-9j9c2,6a9135b6-6192-447e-829a-799acaf7eacf,2,2197.705534
2026/02/05/10:58:08,apply-time,rs-002394-fh479,8fb2a903-4705-4960-bd29-4ba5975ccff4,2,2196.705534
2026/02/05/10:58:08,running-time,rs-002394-fh479,8fb2a903-4705-4960-bd29-4ba5975ccff4,2,2196.705534
2026/02/05/10:58:10,running-time,rs-002377-fvbkd,57799d55-a71d-49b2-8432-7ff756a34e1f,2,2199.705534
2026/02/05/10:58:14,apply-time,rs-002395-97w5t,fbf5830b-d606-4997-be51-2017a698dfa6,3,2203.705534
2026/02/05/10:58:14,running-time,rs-002395-97w5t,fbf5830b-d606-4997-be51-2017a698dfa6,3,2203.705534
2026/02/05/10:58:14,apply-time,rs-002396-xzkfd,a3a3e1ef-44ac-4eb5-a59f-6fd484051262,3,2203.705534
2026/02/05/10:58:14,running-time,rs-002396-xzkfd,a3a3e1ef-44ac-4eb5-a59f-6fd484051262,3,2203.705534
2026/02/05/10:58:17,apply-time,rs-002397-7mtww,1239a9bd-7e1b-4c4a-8b77-d1fc9009d26e,4,2206.705534
2026/02/05/10:58:17,running-time,rs-002397-7mtww,1239a9bd-7e1b-4c4a-8b77-d1fc9009d26e,4,2206.705534
2026/02/05/10:58:17,apply-time,rs-002398-xt9bs,040696fc-7558-4119-a057-32f4e061846c,4,2206.705534
2026/02/05/10:58:17,running-time,rs-002398-xt9bs,040696fc-7558-4119-a057-32f4e061846c,4,2206.705534
2026/02/05/10:58:17,apply-time,rs-002398-zws8g,afc4becb-e1bb-4e8c-a3b1-321f77ed5a48,4,2206.705534
2026/02/05/10:58:17,running-time,rs-002398-zws8g,afc4becb-e1bb-4e8c-a3b1-321f77ed5a48,4,2206.705534
2026/02/05/10:58:17,apply-time,rs-002399-9cds9,e3f1ef09-ac34-457b-9d5c-fb37920acea7,4,2206.705534
2026/02/05/10:58:17,running-time,rs-002399-9cds9,e3f1ef09-ac34-457b-9d5c-fb37920acea7,4,2206.705534
2026/02/05/10:58:17,apply-time,rs-002399-llw9t,c98e4a3e-0b43-449c-a6c1-1480201c5d4c,4,2206.705534
2026/02/05/10:58:17,running-time,rs-002399-llw9t,c98e4a3e-0b43-449c-a6c1-1480201c5d4c,4,2206.705534
2026/02/05/10:58:17,apply-time,rs-002400-m9wh7,3b482c15-73b5-47f1-a705-fcd13ae1a6df,2,2206.705534
2026/02/05/10:58:17,running-time,rs-002400-m9wh7,3b482c15-73b5-47f1-a705-fcd13ae1a6df,2,2206.705534
2026/02/05/10:58:17,apply-time,rs-002400-vj8mg,cc77cc46-fea2-4df6-b79f-bc1b38b3d816,2,2206.705534
2026/02/05/10:58:17,running-time,rs-002400-vj8mg,cc77cc46-fea2-4df6-b79f-bc1b38b3d816,2,2206.705534
2026/02/05/10:58:17,apply-time,rs-002401-8l42k,1ab88e73-f905-4b9d-bbab-165c6efc5407,4,2206.705534
2026/02/05/10:58:17,running-time,rs-002401-8l42k,1ab88e73-f905-4b9d-bbab-165c6efc5407,4,2206.705534
2026/02/05/10:58:17,apply-time,rs-002401-mclmm,ff2215b0-c0fb-4dfa-bce3-6a04b237e10a,4,2206.705534
2026/02/05/10:58:17,running-time,rs-002401-mclmm,ff2215b0-c0fb-4dfa-bce3-6a04b237e10a,4,2206.705534
2026/02/05/10:58:17,apply-time,rs-002402-9cstf,3b3349de-56da-4308-818b-b779e4cd8be8,2,2206.705534
2026/02/05/10:58:17,apply-time,rs-002402-bkw5p,3ce3fddb-b811-40c0-ada1-cf1e7339bfb2,2,2206.705534
2026/02/05/10:58:18,apply-time,rs-002403-7vcmk,edcd676d-5d37-4b8b-9cb2-9b00cb1ebe61,2,2207.705534
2026/02/05/10:58:18,apply-time,rs-002403-wqgkt,9a05f7e0-3961-4d31-ac78-1c56c5105e33,2,2207.705534
2026/02/05/10:58:18,apply-time,rs-002403-xcz8g,a31c7e8a-2b96-4d55-9ab4-7be5053df79b,2,2207.705534
2026/02/05/10:58:18,apply-time,rs-002404-wb7jf,c62750c8-1510-459e-ac8c-3e50da47e612,2,2207.705534
2026/02/05/10:58:18,apply-time,rs-002405-wllrg,ad4f3862-e3ca-41ef-b645-0a3a3ff4d3ef,4,2207.705534
2026/02/05/10:58:18,running-time,rs-002405-wllrg,ad4f3862-e3ca-41ef-b645-0a3a3ff4d3ef,4,2207.705534
2026/02/05/10:58:18,apply-time,rs-002406-g4mjz,5c09a275-4a13-4eb4-b648-4ecd4c53c0cd,4,2207.705534
2026/02/05/10:58:18,apply-time,rs-002406-krj7t,99c515cf-c4d0-4355-89b3-695737188081,4,2207.705534
2026/02/05/10:58:18,apply-time,rs-002406-mldfr,8adca516-04f3-473c-a6c3-a9539e0f0992,4,2207.705534
2026/02/05/10:58:18,apply-time,rs-002407-n25rk,b5dbde8d-3f74-4313-b142-03125d234eee,2,2207.705534
2026/02/05/10:58:18,running-time,rs-002407-n25rk,b5dbde8d-3f74-4313-b142-03125d234eee,2,2207.705534
2026/02/05/10:58:19,running-time,rs-002403-wqgkt,9a05f7e0-3961-4d31-ac78-1c56c5105e33,2,2208.705534
2026/02/05/10:58:19,running-time,rs-002406-mldfr,8adca516-04f3-473c-a6c3-a9539e0f0992,4,2208.705534
2026/02/05/10:58:19,apply-time,rs-002407-qpf75,79eab1f5-c16a-474d-aff2-cdebe5c53480,2,2208.705534
2026/02/05/10:58:19,running-time,rs-002407-qpf75,79eab1f5-c16a-474d-aff2-cdebe5c53480,2,2208.705534
2026/02/05/10:58:19,apply-time,rs-002408-8fqz6,f16e0192-7d9b-4bd1-a32b-c51f6e308789,1,2208.705534
2026/02/05/10:58:19,running-time,rs-002408-8fqz6,f16e0192-7d9b-4bd1-a32b-c51f6e308789,1,2208.705534
2026/02/05/10:58:19,apply-time,rs-002409-b65x5,7ab9d6ef-4269-44a1-b69c-1bd12c30f6a9,2,2208.705534
2026/02/05/10:58:19,apply-time,rs-002409-lvwpg,b219dcba-dcfe-47aa-8f4d-f2322c528d68,2,2208.705534
2026/02/05/10:58:19,apply-time,rs-002409-xj8lr,e5638464-545f-421c-8cbe-b2c8ab8b3d14,2,2208.705534
2026/02/05/10:58:19,apply-time,rs-002410-jwnrv,397d76c7-f7ee-476d-823e-5188901e0025,3,2208.705534
2026/02/05/10:58:19,apply-time,rs-002410-nxxc5,568ceb62-2c2e-4e7a-b2dd-4acae762ec07,3,2208.705534
2026/02/05/10:58:19,apply-time,rs-002411-5nw9n,12e61a17-3c6e-40b0-a286-a9ad3c646914,2,2208.705534
2026/02/05/10:58:19,running-time,rs-002411-5nw9n,12e61a17-3c6e-40b0-a286-a9ad3c646914,2,2208.705534
2026/02/05/10:58:19,apply-time,rs-002413-8rflq,1af7e85a-1335-42dd-82be-0a7f37115837,2,2208.705534
2026/02/05/10:58:19,running-time,rs-002413-8rflq,1af7e85a-1335-42dd-82be-0a7f37115837,2,2208.705534
2026/02/05/10:58:19,apply-time,rs-002414-rbp2x,ea2f1c1d-5969-4e1c-b391-f594e012fb3e,1,2208.705534
2026/02/05/10:58:19,running-time,rs-002414-rbp2x,ea2f1c1d-5969-4e1c-b391-f594e012fb3e,1,2208.705534
2026/02/05/10:58:20,apply-time,rs-002412-b69gm,47aa9401-8f1b-494e-a676-1f1a4adeaaff,1,2209.705534
2026/02/05/10:58:20,running-time,rs-002412-b69gm,47aa9401-8f1b-494e-a676-1f1a4adeaaff,1,2209.705534
2026/02/05/10:58:20,apply-time,rs-002412-brf6t,48541376-51e1-4ec9-adc8-6e6a81318153,1,2209.705534
2026/02/05/10:58:20,running-time,rs-002412-brf6t,48541376-51e1-4ec9-adc8-6e6a81318153,1,2209.705534
2026/02/05/10:58:20,apply-time,rs-002412-hg4lw,bc99876c-bce2-4b09-8cb2-5061362df4e6,1,2209.705534
2026/02/05/10:58:20,running-time,rs-002412-hg4lw,bc99876c-bce2-4b09-8cb2-5061362df4e6,1,2209.705534
2026/02/05/10:58:20,apply-time,rs-002413-tbbnw,1e4b2ae0-7f74-44f3-8f05-4466a62f5a2b,2,2209.705534
2026/02/05/10:58:20,running-time,rs-002413-tbbnw,1e4b2ae0-7f74-44f3-8f05-4466a62f5a2b,2,2209.705534
2026/02/05/10:58:20,apply-time,rs-002413-vlms8,889e5d35-48d8-40b9-86de-d260396db597,2,2209.705534
2026/02/05/10:58:20,running-time,rs-002413-vlms8,889e5d35-48d8-40b9-86de-d260396db597,2,2209.705534
2026/02/05/10:58:20,apply-time,rs-002415-p5k6w,0de8c4c5-8e6b-40b7-ad06-bb9f53ce16db,2,2209.705534
2026/02/05/10:58:20,running-time,rs-002415-p5k6w,0de8c4c5-8e6b-40b7-ad06-bb9f53ce16db,2,2209.705534
2026/02/05/10:58:20,apply-time,rs-002416-nk9k7,314f4587-6a63-4b3c-b06c-4e8317633023,1,2209.705534
2026/02/05/10:58:20,running-time,rs-002416-nk9k7,314f4587-6a63-4b3c-b06c-4e8317633023,1,2209.705534
2026/02/05/10:58:20,apply-time,rs-002416-s5vwc,1d8a5b8d-9ed7-48cd-962f-5c97173de60a,1,2209.705534
2026/02/05/10:58:20,running-time,rs-002416-s5vwc,1d8a5b8d-9ed7-48cd-962f-5c97173de60a,1,2209.705534
2026/02/05/10:58:20,apply-time,rs-002417-td8f6,29b67ffd-f3f8-49e5-bffc-1cec35b888b9,3,2209.705534
2026/02/05/10:58:20,running-time,rs-002417-td8f6,29b67ffd-f3f8-49e5-bffc-1cec35b888b9,3,2209.705534
2026/02/05/10:58:21,running-time,rs-002403-7vcmk,edcd676d-5d37-4b8b-9cb2-9b00cb1ebe61,2,2210.705534
2026/02/05/10:58:21,apply-time,rs-002420-rzlpz,00b34d8b-b7be-4425-bf89-ee4aad1159a3,3,2210.705534
2026/02/05/10:58:21,apply-time,rs-002421-8sth9,25bff4d7-51f4-4409-bdcd-9cc6b2ab8920,1,2210.705534
2026/02/05/10:58:21,running-time,rs-002421-8sth9,25bff4d7-51f4-4409-bdcd-9cc6b2ab8920,1,2210.705534
2026/02/05/10:58:21,apply-time,rs-002421-nfcj9,51455bd9-40d5-47ca-9b19-fb157b3e7c71,1,2210.705534
2026/02/05/10:58:21,running-time,rs-002421-nfcj9,51455bd9-40d5-47ca-9b19-fb157b3e7c71,1,2210.705534
2026/02/05/10:58:21,apply-time,rs-002421-zwxg6,b5af4837-35e0-4753-9557-43ec2980d02a,1,2210.705534
2026/02/05/10:58:21,running-time,rs-002421-zwxg6,b5af4837-35e0-4753-9557-43ec2980d02a,1,2210.705534
2026/02/05/10:58:21,apply-time,rs-002424-sfxz8,f1b062d2-9760-4be9-ace2-b5b976999083,1,2210.705534
2026/02/05/10:58:21,running-time,rs-002424-sfxz8,f1b062d2-9760-4be9-ace2-b5b976999083,1,2210.705534
2026/02/05/10:58:22,apply-time,rs-002424-ngnn7,b640b3b1-59be-4146-be44-f6ff164d9109,1,2211.705534
2026/02/05/10:58:22,running-time,rs-002424-ngnn7,b640b3b1-59be-4146-be44-f6ff164d9109,1,2211.705534
2026/02/05/10:58:23,running-time,rs-002402-bkw5p,3ce3fddb-b811-40c0-ada1-cf1e7339bfb2,2,2211.705534
2026/02/05/10:58:23,running-time,rs-002420-rzlpz,00b34d8b-b7be-4425-bf89-ee4aad1159a3,3,2211.705534
2026/02/05/10:58:23,apply-time,rs-002425-jm8mv,3c073371-37a1-47f2-b129-505f4b14330e,2,2212.705534
2026/02/05/10:58:23,apply-time,rs-002425-x9btc,65ef6d57-86b9-46da-b6d0-98d5785edc31,2,2212.705534
2026/02/05/10:58:23,running-time,rs-002425-x9btc,65ef6d57-86b9-46da-b6d0-98d5785edc31,2,2212.705534
2026/02/05/10:58:23,apply-time,rs-002426-gj7d6,53ac9d4a-19db-449a-a3a5-e01d32a88f57,3,2212.705534
2026/02/05/10:58:23,running-time,rs-002426-gj7d6,53ac9d4a-19db-449a-a3a5-e01d32a88f57,3,2212.705534
2026/02/05/10:58:23,apply-time,rs-002427-92hz6,2b966ce2-b936-4319-b0ca-757895c74301,2,2212.705534
2026/02/05/10:58:23,apply-time,rs-002427-ngfq5,2a5830d1-abb0-4c52-9cea-98e48ab5c23e,2,2212.705534
2026/02/05/10:58:23,apply-time,rs-002427-zbfv7,1ed4aa08-34f2-445d-8384-6102d92846d1,2,2212.705534
2026/02/05/10:58:23,apply-time,rs-002428-vnnwv,688b2912-54e5-46be-91a2-380a62d2aba5,1,2212.705534
2026/02/05/10:58:23,apply-time,rs-002429-7pdbs,39f2dd12-a74e-4874-a900-ab423b67e644,2,2212.705534
2026/02/05/10:58:23,running-time,rs-002429-7pdbs,39f2dd12-a74e-4874-a900-ab423b67e644,2,2212.705534
2026/02/05/10:58:23,apply-time,rs-002429-kmj9n,cdf20169-b77a-4674-a0ab-639b390587f5,2,2212.705534
2026/02/05/10:58:23,running-time,rs-002429-kmj9n,cdf20169-b77a-4674-a0ab-639b390587f5,2,2212.705534
2026/02/05/10:58:25,running-time,rs-002425-jm8mv,3c073371-37a1-47f2-b129-505f4b14330e,2,2214.705534
2026/02/05/10:58:29,running-time,rs-002428-vnnwv,688b2912-54e5-46be-91a2-380a62d2aba5,1,2218.705534
2026/02/05/10:58:38,apply-time,rs-002430-nrp9p,4953c9c9-b5fb-4e7c-947d-ce9cc897bc8e,2,2227.705534
2026/02/05/10:58:38,running-time,rs-002430-nrp9p,4953c9c9-b5fb-4e7c-947d-ce9cc897bc8e,2,2227.705534
2026/02/05/10:58:38,apply-time,rs-002431-fzfbs,ce971afd-24ba-4fa7-ae5e-bc7a86226ba6,3,2227.705534
2026/02/05/10:58:38,running-time,rs-002431-fzfbs,ce971afd-24ba-4fa7-ae5e-bc7a86226ba6,3,2227.705534
2026/02/05/10:58:38,apply-time,rs-002431-wjscp,d8e8e4d0-aa24-40a9-a55d-6b0d37639847,3,2227.705534
2026/02/05/10:58:38,running-time,rs-002431-wjscp,d8e8e4d0-aa24-40a9-a55d-6b0d37639847,3,2227.705534
2026/02/05/10:58:39,apply-time,rs-002432-xts2b,aa9f9af1-47d6-45f6-aee4-e7bd4cef4e77,1,2228.705534
2026/02/05/10:58:39,running-time,rs-002432-xts2b,aa9f9af1-47d6-45f6-aee4-e7bd4cef4e77,1,2228.705534
2026/02/05/10:58:39,apply-time,rs-002433-pc4f4,c538cccd-f173-4799-be20-14ba08401c76,3,2228.705534
2026/02/05/10:58:39,running-time,rs-002433-pc4f4,c538cccd-f173-4799-be20-14ba08401c76,3,2228.705534
2026/02/05/10:58:39,apply-time,rs-002433-scl9k,ef16a1d9-0486-4db5-8fdd-12edb9d4a7d8,3,2228.705534
2026/02/05/10:58:39,running-time,rs-002433-scl9k,ef16a1d9-0486-4db5-8fdd-12edb9d4a7d8,3,2228.705534
2026/02/05/10:58:39,apply-time,rs-002433-zqn9w,8e9e9998-a4c5-491e-8ceb-b3e0e5d16441,3,2228.705534
2026/02/05/10:58:39,running-time,rs-002433-zqn9w,8e9e9998-a4c5-491e-8ceb-b3e0e5d16441,3,2228.705534
2026/02/05/10:58:39,apply-time,rs-002434-sc4hq,3aab19ad-530f-4ceb-a712-133e73483e28,3,2228.705534
2026/02/05/10:58:39,running-time,rs-002434-sc4hq,3aab19ad-530f-4ceb-a712-133e73483e28,3,2228.705534
2026/02/05/10:58:39,apply-time,rs-002435-qvkfl,5e54bb20-f2f4-4b48-83f6-7db6673169b7,1,2228.705534
2026/02/05/10:58:39,apply-time,rs-002436-98gxs,e6878f6b-bc9f-4810-bc7c-6a059b61ef07,4,2228.705534
2026/02/05/10:58:39,apply-time,rs-002437-phgrd,8c7f1198-7588-49c1-b65b-42c23f7f1315,1,2228.705534
2026/02/05/10:58:39,apply-time,rs-002438-r28dm,e46e85bd-5608-4a62-838d-c3cef01e3882,1,2228.705534
2026/02/05/10:58:40,apply-time,rs-002435-pvdnw,24528ca3-ba24-4511-bd7d-fc36a77dd0fd,1,2228.705534
2026/02/05/10:58:40,running-time,rs-002435-pvdnw,24528ca3-ba24-4511-bd7d-fc36a77dd0fd,1,2229.705534
2026/02/05/10:58:40,running-time,rs-002435-qvkfl,5e54bb20-f2f4-4b48-83f6-7db6673169b7,1,2229.705534
2026/02/05/10:58:40,running-time,rs-002436-98gxs,e6878f6b-bc9f-4810-bc7c-6a059b61ef07,4,2229.705534
2026/02/05/10:58:40,apply-time,rs-002436-rmcbj,4111bcd6-45f3-417c-8811-13a5bf2d3db5,4,2228.705534
2026/02/05/10:58:40,running-time,rs-002436-rmcbj,4111bcd6-45f3-417c-8811-13a5bf2d3db5,4,2229.705534
2026/02/05/10:58:40,running-time,rs-002437-phgrd,8c7f1198-7588-49c1-b65b-42c23f7f1315,1,2229.705534
2026/02/05/10:58:40,running-time,rs-002438-r28dm,e46e85bd-5608-4a62-838d-c3cef01e3882,1,2229.705534
2026/02/05/10:58:40,apply-time,rs-002439-f6jqr,09569d74-9e4e-4baa-b8da-eb65fedec469,3,2229.705534
2026/02/05/10:58:40,apply-time,rs-002439-ft7qx,4b24ddcc-1cc8-4ba3-bd1f-dabb856c50ed,3,2229.705534
2026/02/05/10:58:40,apply-time,rs-002439-nkd9c,772254c5-973e-4c63-9fa8-935dfee60a62,3,2229.705534
2026/02/05/10:58:46,apply-time,rs-002440-9ftr4,38db0145-009c-4ef9-95d0-25ab1f83da62,2,2235.705534
2026/02/05/10:58:46,running-time,rs-002440-9ftr4,38db0145-009c-4ef9-95d0-25ab1f83da62,2,2235.705534
2026/02/05/10:58:46,apply-time,rs-002440-h8rcv,0fe79a10-ab30-4d51-8dd0-038f13e9d71e,2,2235.705534
2026/02/05/10:58:46,running-time,rs-002440-h8rcv,0fe79a10-ab30-4d51-8dd0-038f13e9d71e,2,2235.705534
2026/02/05/10:58:46,apply-time,rs-002440-wn6tn,a7ff5cf0-f390-432e-be6d-431d28271b6f,2,2235.705534
2026/02/05/10:58:46,running-time,rs-002440-wn6tn,a7ff5cf0-f390-432e-be6d-431d28271b6f,2,2235.705534
2026/02/05/10:58:47,apply-time,rs-002441-5mtqj,a83aa82c-5cef-4252-be35-706321153f3b,2,2236.705534
2026/02/05/10:58:47,running-time,rs-002441-5mtqj,a83aa82c-5cef-4252-be35-706321153f3b,2,2236.705534
2026/02/05/10:58:47,apply-time,rs-002441-kzdkh,9bbd4cce-1de5-4c0a-b704-5c5fd9a9789e,2,2236.705534
2026/02/05/10:58:47,running-time,rs-002441-kzdkh,9bbd4cce-1de5-4c0a-b704-5c5fd9a9789e,2,2236.705534
2026/02/05/10:58:47,apply-time,rs-002441-zzq5r,fb2950e7-cdce-49b8-976a-27d1d46b98a5,2,2236.705534
2026/02/05/10:58:47,running-time,rs-002441-zzq5r,fb2950e7-cdce-49b8-976a-27d1d46b98a5,2,2236.705534
2026/02/05/10:58:47,apply-time,rs-002442-hfqht,6781cbe3-3586-4903-9d6b-03d66c488c70,2,2236.705534
2026/02/05/10:58:47,running-time,rs-002442-hfqht,6781cbe3-3586-4903-9d6b-03d66c488c70,2,2236.705534
2026/02/05/10:58:47,apply-time,rs-002443-hnd8h,4ceb8ba0-a452-48df-be61-e6565be479de,1,2236.705534
2026/02/05/10:58:47,running-time,rs-002443-hnd8h,4ceb8ba0-a452-48df-be61-e6565be479de,1,2236.705534
2026/02/05/10:58:47,apply-time,rs-002444-8pmjp,8aa77849-b4ce-499b-a62a-44f39cb2dd33,3,2236.705534
2026/02/05/10:58:47,running-time,rs-002444-8pmjp,8aa77849-b4ce-499b-a62a-44f39cb2dd33,3,2236.705534
2026/02/05/10:58:47,apply-time,rs-002444-j2j9m,44f4094e-950c-4c73-ab66-f04183bed74d,3,2236.705534
2026/02/05/10:58:47,running-time,rs-002444-j2j9m,44f4094e-950c-4c73-ab66-f04183bed74d,3,2236.705534
2026/02/05/10:58:47,apply-time,rs-002444-n6ngm,6f7bd09e-36c8-45bf-a34d-3c3f9a081983,3,2236.705534
2026/02/05/10:58:47,running-time,rs-002444-n6ngm,6f7bd09e-36c8-45bf-a34d-3c3f9a081983,3,2236.705534
2026/02/05/10:58:47,apply-time,rs-002445-dg849,d0f7a2c4-76b3-4ed0-ae46-0702e992fa2b,1,2236.705534
2026/02/05/10:58:47,running-time,rs-002445-dg849,d0f7a2c4-76b3-4ed0-ae46-0702e992fa2b,1,2236.705534
2026/02/05/10:58:48,apply-time,rs-002446-grz45,5cf2ca19-ef7c-46bd-a8fb-1e695eb91f58,2,2237.705534
2026/02/05/10:58:48,apply-time,rs-002447-6br8r,3efb59bc-1957-41d6-8e08-743493ccfbc5,1,2237.705534
2026/02/05/10:58:48,running-time,rs-002447-6br8r,3efb59bc-1957-41d6-8e08-743493ccfbc5,1,2237.705534
2026/02/05/10:58:48,apply-time,rs-002447-8h8wg,49c4cdfb-9ee2-4403-9e8f-8f18aeb20e41,1,2237.705534
2026/02/05/10:58:48,running-time,rs-002447-8h8wg,49c4cdfb-9ee2-4403-9e8f-8f18aeb20e41,1,2237.705534
2026/02/05/10:58:48,apply-time,rs-002448-wrb9z,a5004eaf-9faa-4672-b31b-b10aedc9d684,3,2237.705534
2026/02/05/10:58:48,running-time,rs-002448-wrb9z,a5004eaf-9faa-4672-b31b-b10aedc9d684,3,2237.705534
2026/02/05/10:58:48,apply-time,rs-002449-5sfkg,8de608a4-8a9f-4177-9ebe-ebb792eb1fd9,1,2237.705534
2026/02/05/10:58:48,running-time,rs-002449-5sfkg,8de608a4-8a9f-4177-9ebe-ebb792eb1fd9,1,2237.705534
2026/02/05/10:58:48,apply-time,rs-002450-6dck4,77db9034-80a6-4dd5-8bc8-129633ab384d,2,2237.705534
2026/02/05/10:58:48,apply-time,rs-002450-lct7c,e7bac649-48a1-40fa-9a37-ad689ca5d928,2,2237.705534
2026/02/05/10:58:48,running-time,rs-002450-lct7c,e7bac649-48a1-40fa-9a37-ad689ca5d928,2,2237.705534
2026/02/05/10:58:48,apply-time,rs-002450-ndjw5,2ab45b06-92a3-4d45-8b05-3c0b7a448169,2,2237.705534
2026/02/05/10:58:48,apply-time,rs-002451-4qcrl,b6489bee-37c3-4f47-90d7-c0ef004465a1,2,2237.705534
2026/02/05/10:58:48,apply-time,rs-002451-kfvm7,0d76b0e5-9f76-45a6-bc90-eb77930debf9,2,2237.705534
2026/02/05/10:58:48,running-time,rs-002451-kfvm7,0d76b0e5-9f76-45a6-bc90-eb77930debf9,2,2237.705534
2026/02/05/10:58:49,running-time,rs-002451-4qcrl,b6489bee-37c3-4f47-90d7-c0ef004465a1,2,2237.705534
2026/02/05/10:58:49,apply-time,rs-002452-m6jw7,51003323-e975-40f2-aa78-1f81050c636a,1,2238.705534
2026/02/05/10:58:49,apply-time,rs-002452-r92xg,04829f86-1727-4086-b4ed-7fe06867d89c,1,2238.705534
2026/02/05/10:58:49,apply-time,rs-002453-dhtgj,c3572cc1-5573-40ef-8a8d-95ceeeedbc56,1,2238.705534
2026/02/05/10:58:49,running-time,rs-002453-dhtgj,c3572cc1-5573-40ef-8a8d-95ceeeedbc56,1,2238.705534
2026/02/05/10:58:49,apply-time,rs-002453-k9cs4,cd82392c-1709-4b8e-8d54-26d31a5007c1,1,2238.705534
2026/02/05/10:58:49,apply-time,rs-002454-h4ccx,d9bc59ce-516d-4b52-bea4-33b65cfab8a8,4,2238.705534
2026/02/05/10:58:49,running-time,rs-002454-h4ccx,d9bc59ce-516d-4b52-bea4-33b65cfab8a8,4,2238.705534
2026/02/05/10:58:49,apply-time,rs-002455-jdcg9,2f6530b3-0b97-45f6-9707-fd0d28f6334e,1,2238.705534
2026/02/05/10:58:49,running-time,rs-002455-jdcg9,2f6530b3-0b97-45f6-9707-fd0d28f6334e,1,2238.705534
2026/02/05/10:58:50,apply-time,rs-002455-4g2gr,36728129-b1f5-4ca9-b5d0-823547952d09,1,2239.705534
2026/02/05/10:58:50,running-time,rs-002455-4g2gr,36728129-b1f5-4ca9-b5d0-823547952d09,1,2239.705534
2026/02/05/10:58:50,apply-time,rs-002455-n4z2h,e45450dc-7a33-41b0-80c5-55cbb3d96501,1,2239.705534
2026/02/05/10:58:50,running-time,rs-002455-n4z2h,e45450dc-7a33-41b0-80c5-55cbb3d96501,1,2239.705534
2026/02/05/10:58:50,apply-time,rs-002456-mgtqm,e59f5591-1019-4f98-ab5c-b13c7902e8be,3,2239.705534
2026/02/05/10:58:50,running-time,rs-002456-mgtqm,e59f5591-1019-4f98-ab5c-b13c7902e8be,3,2239.705534
2026/02/05/10:58:50,apply-time,rs-002457-wfs6j,2fad2b6e-c3a7-48f8-8d00-796b07086cdd,3,2239.705534
2026/02/05/10:58:50,running-time,rs-002457-wfs6j,2fad2b6e-c3a7-48f8-8d00-796b07086cdd,3,2239.705534
2026/02/05/10:58:50,apply-time,rs-002458-h2fvm,35275efc-be44-4ffd-a20f-6c4ec354052d,4,2239.705534
2026/02/05/10:58:50,running-time,rs-002458-h2fvm,35275efc-be44-4ffd-a20f-6c4ec354052d,4,2239.705534
2026/02/05/10:58:51,running-time,rs-002450-ndjw5,2ab45b06-92a3-4d45-8b05-3c0b7a448169,2,2240.705534
2026/02/05/10:58:51,apply-time,rs-002459-mlnhk,857741b3-600f-4562-a3c5-739e0377d9b9,2,2240.705534
2026/02/05/10:58:51,running-time,rs-002459-mlnhk,857741b3-600f-4562-a3c5-739e0377d9b9,2,2240.705534
2026/02/05/10:58:51,apply-time,rs-002459-pngsr,e11354a6-218f-4c7a-a556-efb118d8ade2,2,2240.705534
2026/02/05/10:58:51,running-time,rs-002459-pngsr,e11354a6-218f-4c7a-a556-efb118d8ade2,2,2240.705534
2026/02/05/10:58:52,running-time,rs-002446-grz45,5cf2ca19-ef7c-46bd-a8fb-1e695eb91f58,2,2240.705534
2026/02/05/10:58:52,running-time,rs-002450-6dck4,77db9034-80a6-4dd5-8bc8-129633ab384d,2,2240.705534
2026/02/05/10:58:56,apply-time,rs-002460-x2dqj,ba70abed-c339-42a7-85e3-2caa677bed60,3,2245.705534
2026/02/05/10:58:56,running-time,rs-002460-x2dqj,ba70abed-c339-42a7-85e3-2caa677bed60,3,2245.705534
2026/02/05/10:58:56,apply-time,rs-002460-zp6gn,be2b7808-3bce-410c-82d0-3e01fa16a0c0,3,2245.705534
2026/02/05/10:58:56,running-time,rs-002460-zp6gn,be2b7808-3bce-410c-82d0-3e01fa16a0c0,3,2245.705534
2026/02/05/10:58:56,apply-time,rs-002461-7mk8p,13046fea-8e47-4a65-a52c-910d428693e5,2,2245.705534
2026/02/05/10:58:56,running-time,rs-002461-7mk8p,13046fea-8e47-4a65-a52c-910d428693e5,2,2245.705534
2026/02/05/10:58:56,apply-time,rs-002461-wbs8w,a89551eb-adf5-49b4-8b98-628f8ae81dab,2,2245.705534
2026/02/05/10:58:56,running-time,rs-002461-wbs8w,a89551eb-adf5-49b4-8b98-628f8ae81dab,2,2245.705534
2026/02/05/10:58:56,apply-time,rs-002462-f9gl7,0d03ccf2-8aaf-4dd7-a7dd-263c2aa146e7,1,2245.705534
2026/02/05/10:58:56,running-time,rs-002462-f9gl7,0d03ccf2-8aaf-4dd7-a7dd-263c2aa146e7,1,2245.705534
2026/02/05/10:58:56,apply-time,rs-002462-l7wzr,ba339619-2d08-424b-b519-0903d8faf0d5,1,2245.705534
2026/02/05/10:58:56,running-time,rs-002462-l7wzr,ba339619-2d08-424b-b519-0903d8faf0d5,1,2245.705534
2026/02/05/10:59:03,apply-time,rs-002463-22qnb,2f766510-3e13-4233-92e9-2bd274211abe,3,2252.705534
2026/02/05/10:59:03,running-time,rs-002463-22qnb,2f766510-3e13-4233-92e9-2bd274211abe,3,2252.705534
2026/02/05/10:59:05,apply-time,rs-002464-mrwcc,7e0ec1f4-4039-468d-b751-03bd7ab12ee2,3,2254.705534
2026/02/05/10:59:05,running-time,rs-002464-mrwcc,7e0ec1f4-4039-468d-b751-03bd7ab12ee2,3,2254.705534
2026/02/05/10:59:05,apply-time,rs-002465-wgdth,c6347771-7208-4f57-83ec-a4dd202652a6,1,2254.705534
2026/02/05/10:59:05,running-time,rs-002465-wgdth,c6347771-7208-4f57-83ec-a4dd202652a6,1,2254.705534
2026/02/05/10:59:05,apply-time,rs-002466-6xh42,4c63674e-4b45-4eb3-8163-8b87edf4f3c0,4,2254.705534
2026/02/05/10:59:05,running-time,rs-002466-6xh42,4c63674e-4b45-4eb3-8163-8b87edf4f3c0,4,2254.705534
2026/02/05/10:59:05,apply-time,rs-002466-dvqlz,42da51b4-1fd4-4efa-a41b-2c04e942b754,4,2254.705534
2026/02/05/10:59:05,running-time,rs-002466-dvqlz,42da51b4-1fd4-4efa-a41b-2c04e942b754,4,2254.705534
2026/02/05/10:59:05,apply-time,rs-002467-mjvr6,b7361363-c58e-445d-abe5-495f37279378,4,2254.705534
2026/02/05/10:59:05,running-time,rs-002467-mjvr6,b7361363-c58e-445d-abe5-495f37279378,4,2254.705534
2026/02/05/10:59:05,apply-time,rs-002468-2h7h7,91817ba6-c136-4912-884a-6dfb884be26c,1,2254.705534
2026/02/05/10:59:05,running-time,rs-002468-2h7h7,91817ba6-c136-4912-884a-6dfb884be26c,1,2254.705534
2026/02/05/10:59:05,apply-time,rs-002468-n86k6,e8cee7c7-7ccb-4cda-9320-eedacd3e6d7f,1,2254.705534
2026/02/05/10:59:05,running-time,rs-002468-n86k6,e8cee7c7-7ccb-4cda-9320-eedacd3e6d7f,1,2254.705534
2026/02/05/10:59:05,apply-time,rs-002468-vqcq6,4a1ee3ea-ef61-4dda-92de-134d9d128288,1,2254.705534
2026/02/05/10:59:05,running-time,rs-002468-vqcq6,4a1ee3ea-ef61-4dda-92de-134d9d128288,1,2254.705534
2026/02/05/10:59:06,apply-time,rs-002469-k8827,be992aab-e678-4113-b367-e9239df1c1ea,3,2255.705534
2026/02/05/10:59:06,running-time,rs-002469-k8827,be992aab-e678-4113-b367-e9239df1c1ea,3,2255.705534
2026/02/05/10:59:06,apply-time,rs-002469-ljjjz,b1b3cd98-974b-4bfe-a2f1-8203ec135354,3,2255.705534
2026/02/05/10:59:06,running-time,rs-002469-ljjjz,b1b3cd98-974b-4bfe-a2f1-8203ec135354,3,2255.705534
2026/02/05/10:59:06,apply-time,rs-002470-fdh4f,8abf9002-7272-449b-8f5e-2215896b47b4,2,2255.705534
2026/02/05/10:59:06,running-time,rs-002470-fdh4f,8abf9002-7272-449b-8f5e-2215896b47b4,2,2255.705534
2026/02/05/10:59:06,apply-time,rs-002471-7tp4s,89a99adb-4494-4901-ae65-91ec0113d4b3,1,2255.705534
2026/02/05/10:59:06,running-time,rs-002471-7tp4s,89a99adb-4494-4901-ae65-91ec0113d4b3,1,2255.705534
2026/02/05/10:59:06,apply-time,rs-002471-wnm49,ff118052-475f-43aa-9bb5-3a2d81deef18,1,2255.705534
2026/02/05/10:59:06,running-time,rs-002471-wnm49,ff118052-475f-43aa-9bb5-3a2d81deef18,1,2255.705534
2026/02/05/10:59:06,apply-time,rs-002472-bmmwt,eb61765d-e6ae-4f28-a188-97c36cb92dd0,3,2255.705534
2026/02/05/10:59:06,running-time,rs-002472-bmmwt,eb61765d-e6ae-4f28-a188-97c36cb92dd0,3,2255.705534
2026/02/05/10:59:06,apply-time,rs-002473-4c6pv,fb432a27-9022-4382-9c1c-230aaa7a0d63,4,2256.705534
2026/02/05/10:59:06,apply-time,rs-002473-g85sj,b15f6d2d-025f-4f76-8520-4a4e4643e201,4,2255.705534
2026/02/05/10:59:06,running-time,rs-002473-g85sj,b15f6d2d-025f-4f76-8520-4a4e4643e201,4,2255.705534
2026/02/05/10:59:07,running-time,rs-002473-4c6pv,fb432a27-9022-4382-9c1c-230aaa7a0d63,4,2256.705534
2026/02/05/10:59:07,apply-time,rs-002473-bbmk7,534af596-6783-4c75-a994-21ffd748d385,4,2256.705534
2026/02/05/10:59:07,running-time,rs-002473-bbmk7,534af596-6783-4c75-a994-21ffd748d385,4,2256.705534
2026/02/05/10:59:07,apply-time,rs-002474-vm89x,659d8e81-2ac6-4c7c-90eb-782e1b2b08b7,1,2256.705534
2026/02/05/10:59:07,running-time,rs-002474-vm89x,659d8e81-2ac6-4c7c-90eb-782e1b2b08b7,1,2256.705534
2026/02/05/10:59:07,apply-time,rs-002475-b2859,49ff0bcb-4afd-4215-8b80-73d66baaca8c,3,2256.705534
2026/02/05/10:59:07,running-time,rs-002475-b2859,49ff0bcb-4afd-4215-8b80-73d66baaca8c,3,2256.705534
2026/02/05/10:59:07,apply-time,rs-002476-nr8l9,86105afc-a404-4970-b42b-2327f0a5e947,1,2256.705534
2026/02/05/10:59:07,apply-time,rs-002476-s2nc5,e75ff1c3-fba7-4eae-b8dc-133d57e3950b,1,2256.705534
2026/02/05/10:59:07,running-time,rs-002476-s2nc5,e75ff1c3-fba7-4eae-b8dc-133d57e3950b,1,2256.705534
2026/02/05/10:59:07,apply-time,rs-002476-shn98,a77c5021-e168-48a4-802e-bc6da2eaaa38,1,2256.705534
2026/02/05/10:59:07,running-time,rs-002476-shn98,a77c5021-e168-48a4-802e-bc6da2eaaa38,1,2256.705534
2026/02/05/10:59:07,apply-time,rs-002477-2g92q,73dbcf0f-70cf-489a-9b80-07f30e382519,2,2256.705534
2026/02/05/10:59:07,running-time,rs-002477-2g92q,73dbcf0f-70cf-489a-9b80-07f30e382519,2,2256.705534
2026/02/05/10:59:07,apply-time,rs-002477-d8j97,efb302fe-4573-4f79-bdcb-87a6e607a438,2,2256.705534
2026/02/05/10:59:07,running-time,rs-002477-d8j97,efb302fe-4573-4f79-bdcb-87a6e607a438,2,2256.705534
2026/02/05/10:59:07,apply-time,rs-002477-dkxjk,1bdd0522-d4fb-43c7-ad24-92f08c3c07bf,2,2256.705534
2026/02/05/10:59:07,running-time,rs-002477-dkxjk,1bdd0522-d4fb-43c7-ad24-92f08c3c07bf,2,2256.705534
2026/02/05/10:59:08,running-time,rs-002476-nr8l9,86105afc-a404-4970-b42b-2327f0a5e947,1,2257.705534
2026/02/05/10:59:11,apply-time,rs-002478-lx5rk,545c0bdd-79a4-48e3-b442-272e183c1a36,1,2260.705534
2026/02/05/10:59:11,running-time,rs-002478-lx5rk,545c0bdd-79a4-48e3-b442-272e183c1a36,1,2260.705534
2026/02/05/10:59:11,apply-time,rs-002479-6vbp4,e2247afa-13fb-43e1-ad63-1e72baf781ec,4,2260.705534
2026/02/05/10:59:11,running-time,rs-002479-6vbp4,e2247afa-13fb-43e1-ad63-1e72baf781ec,4,2260.705534
2026/02/05/10:59:11,apply-time,rs-002479-9xlqg,68dfbcdc-d093-4882-9a51-15112a1a51c4,4,2260.705534
2026/02/05/10:59:11,running-time,rs-002479-9xlqg,68dfbcdc-d093-4882-9a51-15112a1a51c4,4,2260.705534
2026/02/05/10:59:11,apply-time,rs-002479-jqcw8,776d7d01-cb59-449d-801d-0065c7d61635,4,2260.705534
2026/02/05/10:59:11,running-time,rs-002479-jqcw8,776d7d01-cb59-449d-801d-0065c7d61635,4,2260.705534
2026/02/05/10:59:11,apply-time,rs-002480-nq7ll,beb9b6d7-f003-4f45-8aa3-7abab67b916a,3,2260.705534
2026/02/05/10:59:11,running-time,rs-002480-nq7ll,beb9b6d7-f003-4f45-8aa3-7abab67b916a,3,2260.705534
2026/02/05/10:59:15,apply-time,rs-002481-9jpbk,f5d5ffa8-c7db-4b95-91e1-e48c1abb1411,1,2264.705534
2026/02/05/10:59:15,running-time,rs-002481-9jpbk,f5d5ffa8-c7db-4b95-91e1-e48c1abb1411,1,2264.705534
2026/02/05/10:59:15,apply-time,rs-002481-vn2rg,480a7312-77a0-48dc-b34a-2dc8b8481a62,1,2264.705534
2026/02/05/10:59:15,apply-time,rs-002481-zgk55,7d21fd5b-4b28-49c6-8ed5-639ac82ddb69,1,2264.705534
2026/02/05/10:59:15,running-time,rs-002481-zgk55,7d21fd5b-4b28-49c6-8ed5-639ac82ddb69,1,2264.705534
2026/02/05/10:59:15,apply-time,rs-002482-xqwg9,43cdf90a-0b0d-47a0-bc6b-ac0f0291ecf3,1,2264.705534
2026/02/05/10:59:15,running-time,rs-002482-xqwg9,43cdf90a-0b0d-47a0-bc6b-ac0f0291ecf3,1,2264.705534
2026/02/05/10:59:15,apply-time,rs-002483-lvt24,7d7bfd05-447a-44f6-a60a-ab696a6380d8,2,2264.705534
2026/02/05/10:59:15,running-time,rs-002483-lvt24,7d7bfd05-447a-44f6-a60a-ab696a6380d8,2,2264.705534
2026/02/05/10:59:15,apply-time,rs-002484-fkkt8,e353fc4e-6de6-45a1-99c3-9072c12bef7d,2,2264.705534
2026/02/05/10:59:15,apply-time,rs-002484-msng2,a20c79e2-5509-4587-99e8-af7730e9f93c,2,2264.705534
2026/02/05/10:59:15,apply-time,rs-002484-z8jks,9cee4b0b-715a-450e-a680-94284229d6b1,2,2264.705534
2026/02/05/10:59:15,running-time,rs-002484-z8jks,9cee4b0b-715a-450e-a680-94284229d6b1,2,2264.705534
2026/02/05/10:59:15,apply-time,rs-002485-kcg65,fefc0ff2-c52c-41e8-9fcd-098e607efae3,2,2265.705534
2026/02/05/10:59:15,apply-time,rs-002485-mvr8r,53fc893f-57e5-421a-baaf-67a425536933,2,2264.705534
2026/02/05/10:59:16,running-time,rs-002481-vn2rg,480a7312-77a0-48dc-b34a-2dc8b8481a62,1,2265.705534
2026/02/05/10:59:16,running-time,rs-002484-fkkt8,e353fc4e-6de6-45a1-99c3-9072c12bef7d,2,2265.705534
2026/02/05/10:59:16,running-time,rs-002484-msng2,a20c79e2-5509-4587-99e8-af7730e9f93c,2,2265.705534
2026/02/05/10:59:16,apply-time,rs-002486-nsjjp,070bb9d1-99e1-4703-8f3e-6016a419822a,4,2265.705534
2026/02/05/10:59:16,running-time,rs-002486-nsjjp,070bb9d1-99e1-4703-8f3e-6016a419822a,4,2265.705534
2026/02/05/10:59:16,apply-time,rs-002486-wcswl,f212dadc-d00c-4988-b5e6-6372e27dfe43,4,2265.705534
2026/02/05/10:59:16,running-time,rs-002486-wcswl,f212dadc-d00c-4988-b5e6-6372e27dfe43,4,2265.705534
2026/02/05/10:59:16,apply-time,rs-002487-fxbb6,85977e01-f0fc-43fb-883d-f782f76a8ebc,1,2265.705534
2026/02/05/10:59:16,running-time,rs-002487-fxbb6,85977e01-f0fc-43fb-883d-f782f76a8ebc,1,2265.705534
2026/02/05/10:59:16,apply-time,rs-002487-grdbv,b23220ef-9418-4da2-ba11-b64581c06249,1,2265.705534
2026/02/05/10:59:16,running-time,rs-002487-grdbv,b23220ef-9418-4da2-ba11-b64581c06249,1,2265.705534
2026/02/05/10:59:16,apply-time,rs-002488-5whgk,c616b112-026c-4e4e-9cf3-22627942fa6d,4,2265.705534
2026/02/05/10:59:16,running-time,rs-002488-5whgk,c616b112-026c-4e4e-9cf3-22627942fa6d,4,2265.705534
2026/02/05/10:59:16,apply-time,rs-002488-c87qm,e2913d49-5d2f-4fca-a4cf-65d2c45dfb38,4,2265.705534
2026/02/05/10:59:16,running-time,rs-002488-c87qm,e2913d49-5d2f-4fca-a4cf-65d2c45dfb38,4,2265.705534
2026/02/05/10:59:16,apply-time,rs-002488-mc9qk,7ce070f3-98c2-4d3b-8989-18ebdb1bf51a,4,2265.705534
2026/02/05/10:59:16,running-time,rs-002488-mc9qk,7ce070f3-98c2-4d3b-8989-18ebdb1bf51a,4,2265.705534
2026/02/05/10:59:16,apply-time,rs-002489-4mcv6,46ae4f73-72fa-4244-9dc5-b2df692cd643,3,2265.705534
2026/02/05/10:59:16,apply-time,rs-002489-6rmgv,8b51de23-3e74-4f85-a42d-ac86871d92e1,3,2265.705534
2026/02/05/10:59:16,running-time,rs-002489-6rmgv,8b51de23-3e74-4f85-a42d-ac86871d92e1,3,2265.705534
2026/02/05/10:59:17,running-time,rs-002489-4mcv6,46ae4f73-72fa-4244-9dc5-b2df692cd643,3,2265.705534
2026/02/05/10:59:17,apply-time,rs-002490-4zhhs,b70600fb-2aa5-4486-a157-e625cb49510d,3,2266.705534
2026/02/05/10:59:17,running-time,rs-002490-4zhhs,b70600fb-2aa5-4486-a157-e625cb49510d,3,2266.705534
2026/02/05/10:59:17,apply-time,rs-002491-h86qp,f619e05f-ef95-4b90-95d6-4963a64b9abc,1,2266.705534
2026/02/05/10:59:17,running-time,rs-002491-h86qp,f619e05f-ef95-4b90-95d6-4963a64b9abc,1,2266.705534
2026/02/05/10:59:17,apply-time,rs-002492-z4zq7,7c32a98e-9807-4854-ae7b-837f0163f9d6,4,2266.705534
2026/02/05/10:59:17,running-time,rs-002492-z4zq7,7c32a98e-9807-4854-ae7b-837f0163f9d6,4,2266.705534
2026/02/05/10:59:17,apply-time,rs-002494-4fl45,db2bc8f0-b68f-4925-9f52-476ba98809f3,1,2266.705534
2026/02/05/10:59:18,running-time,rs-002485-mvr8r,53fc893f-57e5-421a-baaf-67a425536933,2,2267.705534
2026/02/05/10:59:18,apply-time,rs-002492-2ghtw,7b053494-ede1-4f59-9f2a-bd6d46db6b82,4,2267.705534
2026/02/05/10:59:18,running-time,rs-002492-2ghtw,7b053494-ede1-4f59-9f2a-bd6d46db6b82,4,2267.705534
2026/02/05/10:59:18,apply-time,rs-002492-fz5sm,b2fe11e5-6fe4-47cd-af98-920b604a90f6,4,2267.705534
2026/02/05/10:59:18,running-time,rs-002492-fz5sm,b2fe11e5-6fe4-47cd-af98-920b604a90f6,4,2267.705534
2026/02/05/10:59:18,apply-time,rs-002493-bkcb9,ce50de16-3f5e-42cb-b544-9bc87469d15a,1,2267.705534
2026/02/05/10:59:18,running-time,rs-002493-bkcb9,ce50de16-3f5e-42cb-b544-9bc87469d15a,1,2267.705534
2026/02/05/10:59:18,apply-time,rs-002493-hhr6t,8dfa1fb6-8ea3-4d8c-a2b8-d11762cd7ee4,1,2267.705534
2026/02/05/10:59:18,running-time,rs-002493-hhr6t,8dfa1fb6-8ea3-4d8c-a2b8-d11762cd7ee4,1,2267.705534
2026/02/05/10:59:18,running-time,rs-002494-4fl45,db2bc8f0-b68f-4925-9f52-476ba98809f3,1,2267.705534
2026/02/05/10:59:18,apply-time,rs-002494-8z8ft,31e5a336-a47b-4f0f-ba68-3b220be70343,1,2267.705534
2026/02/05/10:59:18,running-time,rs-002494-8z8ft,31e5a336-a47b-4f0f-ba68-3b220be70343,1,2267.705534
2026/02/05/10:59:18,apply-time,rs-002495-bv4m2,3449973e-69fe-42f3-b333-d958866c08dd,4,2267.705534
2026/02/05/10:59:18,running-time,rs-002495-bv4m2,3449973e-69fe-42f3-b333-d958866c08dd,4,2267.705534
2026/02/05/10:59:25,apply-time,rs-002496-5qq6m,10e546ca-a9e5-4798-9b48-7147e035bba3,3,2274.705534
2026/02/05/10:59:25,running-time,rs-002496-5qq6m,10e546ca-a9e5-4798-9b48-7147e035bba3,3,2274.705534
2026/02/05/10:59:25,apply-time,rs-002497-h2qdb,e4733a4a-c853-4d57-998b-a0553fa9e9d2,4,2274.705534
2026/02/05/10:59:25,running-time,rs-002497-h2qdb,e4733a4a-c853-4d57-998b-a0553fa9e9d2,4,2274.705534
2026/02/05/10:59:25,apply-time,rs-002497-vh7tv,a2c3398b-065d-48cd-9df7-ec51b3bbee3b,4,2274.705534
2026/02/05/10:59:25,running-time,rs-002497-vh7tv,a2c3398b-065d-48cd-9df7-ec51b3bbee3b,4,2274.705534
2026/02/05/10:59:25,apply-time,rs-002498-ljnrm,c65490c3-5249-4571-b66a-b24bae128a37,2,2274.705534
2026/02/05/10:59:25,running-time,rs-002498-ljnrm,c65490c3-5249-4571-b66a-b24bae128a37,2,2274.705534
2026/02/05/10:59:25,apply-time,rs-002499-zqn2w,aefe84c2-554c-480f-84cd-02277830eceb,2,2274.705534
2026/02/05/10:59:25,running-time,rs-002499-zqn2w,aefe84c2-554c-480f-84cd-02277830eceb,2,2274.705534
2026/02/05/10:59:25,apply-time,rs-002500-djpmf,d839139f-84a8-47fe-8d6f-84df4737b748,1,2274.705534
2026/02/05/10:59:25,running-time,rs-002500-djpmf,d839139f-84a8-47fe-8d6f-84df4737b748,1,2274.705534
2026/02/05/10:59:25,apply-time,rs-002500-fgfpc,d14ae355-efb5-4bd0-9d48-196817d820f0,1,2274.705534
2026/02/05/10:59:25,running-time,rs-002500-fgfpc,d14ae355-efb5-4bd0-9d48-196817d820f0,1,2274.705534
2026/02/05/10:59:25,apply-time,rs-002501-6b2lf,7f8caf2c-1902-450d-aa4b-6586d84dda54,1,2274.705534
2026/02/05/10:59:25,running-time,rs-002501-6b2lf,7f8caf2c-1902-450d-aa4b-6586d84dda54,1,2274.705534
2026/02/05/10:59:25,apply-time,rs-002502-b7f8g,8d33d458-2a99-4ec6-9ec0-e71eb25fd310,2,2274.705534
2026/02/05/10:59:25,running-time,rs-002502-b7f8g,8d33d458-2a99-4ec6-9ec0-e71eb25fd310,2,2274.705534
2026/02/05/10:59:25,apply-time,rs-002502-shc7l,8e338f21-c4fb-4065-89c3-46b661712afc,2,2274.705534
2026/02/05/10:59:25,running-time,rs-002502-shc7l,8e338f21-c4fb-4065-89c3-46b661712afc,2,2274.705534
2026/02/05/10:59:25,apply-time,rs-002502-tvgj4,6fae9632-3fa5-4c12-9731-0c01e07d0464,2,2274.705534
2026/02/05/10:59:25,running-time,rs-002502-tvgj4,6fae9632-3fa5-4c12-9731-0c01e07d0464,2,2274.705534
2026/02/05/10:59:25,apply-time,rs-002503-d5r8k,863cea00-ca08-4a89-8782-a040568350db,2,2274.705534
2026/02/05/10:59:25,apply-time,rs-002504-8cgmb,45e02046-c150-4cd6-896a-aa0ada47e2ac,2,2274.705534
2026/02/05/10:59:25,running-time,rs-002504-8cgmb,45e02046-c150-4cd6-896a-aa0ada47e2ac,2,2274.705534
2026/02/05/10:59:26,apply-time,rs-002505-7t8zk,47fafd1c-44c7-4605-9976-5607c1991f6b,2,2275.705534
2026/02/05/10:59:26,running-time,rs-002505-7t8zk,47fafd1c-44c7-4605-9976-5607c1991f6b,2,2275.705534
2026/02/05/10:59:26,apply-time,rs-002505-bnms2,3aa7c5e0-f418-42b0-8b55-09bc70de154e,2,2275.705534
2026/02/05/10:59:26,running-time,rs-002505-bnms2,3aa7c5e0-f418-42b0-8b55-09bc70de154e,2,2275.705534
2026/02/05/10:59:26,apply-time,rs-002505-rb8xn,483114ae-e9ec-4a04-a1d0-f8acce2bcffb,2,2275.705534
2026/02/05/10:59:26,running-time,rs-002505-rb8xn,483114ae-e9ec-4a04-a1d0-f8acce2bcffb,2,2275.705534
2026/02/05/10:59:26,apply-time,rs-002506-h5qcf,af9c5d5c-368c-4548-9f61-715c7499aa61,1,2275.705534
2026/02/05/10:59:26,running-time,rs-002506-h5qcf,af9c5d5c-368c-4548-9f61-715c7499aa61,1,2275.705534
2026/02/05/10:59:26,apply-time,rs-002506-mncj9,c8b8e5fa-cf96-4890-9faa-6aebb4d45c1d,1,2275.705534
2026/02/05/10:59:26,running-time,rs-002506-mncj9,c8b8e5fa-cf96-4890-9faa-6aebb4d45c1d,1,2275.705534
2026/02/05/10:59:26,apply-time,rs-002507-h4hzb,3233b181-8012-4b27-b929-18b9d703af85,4,2275.705534
2026/02/05/10:59:26,running-time,rs-002507-h4hzb,3233b181-8012-4b27-b929-18b9d703af85,4,2275.705534
2026/02/05/10:59:26,apply-time,rs-002508-gnxnt,d53c778b-73d9-4b16-821d-54178648e727,1,2275.705534
2026/02/05/10:59:26,running-time,rs-002508-gnxnt,d53c778b-73d9-4b16-821d-54178648e727,1,2275.705534
2026/02/05/10:59:26,apply-time,rs-002508-ss6kh,c9115339-9cd4-4e33-aad7-adbed0d25531,1,2275.705534
2026/02/05/10:59:26,running-time,rs-002508-ss6kh,c9115339-9cd4-4e33-aad7-adbed0d25531,1,2275.705534
2026/02/05/10:59:26,apply-time,rs-002509-7b24s,94b82b1e-e4d6-4ba4-b7b8-62c615b14da9,3,2275.705534
2026/02/05/10:59:26,apply-time,rs-002509-rgjhh,c9550b2c-133a-4f68-85e3-deee6f52c05e,3,2275.705534
2026/02/05/10:59:26,apply-time,rs-002509-s9k8r,150d766d-8813-403f-9e48-96591e161b8a,3,2275.705534
2026/02/05/10:59:26,running-time,rs-002509-s9k8r,150d766d-8813-403f-9e48-96591e161b8a,3,2275.705534
2026/02/05/10:59:26,apply-time,rs-002510-j56xr,e7375d05-ad7a-4096-aaa5-90fe973e86fd,4,2275.705534
2026/02/05/10:59:26,running-time,rs-002510-j56xr,e7375d05-ad7a-4096-aaa5-90fe973e86fd,4,2276.705534
2026/02/05/10:59:27,running-time,rs-002503-d5r8k,863cea00-ca08-4a89-8782-a040568350db,2,2276.705534
2026/02/05/10:59:27,running-time,rs-002509-rgjhh,c9550b2c-133a-4f68-85e3-deee6f52c05e,3,2276.705534
2026/02/05/10:59:27,apply-time,rs-002510-95hrr,c0a51dd3-1ede-4850-88ab-d14527a8d094,4,2276.705534
2026/02/05/10:59:27,running-time,rs-002510-95hrr,c0a51dd3-1ede-4850-88ab-d14527a8d094,4,2276.705534
2026/02/05/10:59:27,apply-time,rs-002511-2sjwv,7edb0839-ae32-4e02-bc09-0a9395e6feea,4,2276.705534
2026/02/05/10:59:27,running-time,rs-002511-2sjwv,7edb0839-ae32-4e02-bc09-0a9395e6feea,4,2276.705534
2026/02/05/10:59:27,apply-time,rs-002511-xdrhk,cf74c5e2-4814-4f2d-9060-2399a45faa3a,4,2276.705534
2026/02/05/10:59:27,running-time,rs-002511-xdrhk,cf74c5e2-4814-4f2d-9060-2399a45faa3a,4,2276.705534
2026/02/05/10:59:27,apply-time,rs-002511-z6v5p,0ab1bfec-0ce6-43a0-b70b-870435fc83d6,4,2276.705534
2026/02/05/10:59:27,running-time,rs-002511-z6v5p,0ab1bfec-0ce6-43a0-b70b-870435fc83d6,4,2276.705534
2026/02/05/10:59:28,apply-time,rs-002512-l75jl,ab17f804-c70e-4d00-a9d9-05fc613c7b76,1,2277.705534
2026/02/05/10:59:28,running-time,rs-002512-l75jl,ab17f804-c70e-4d00-a9d9-05fc613c7b76,1,2277.705534
2026/02/05/10:59:28,apply-time,rs-002512-m54zr,36e01561-2007-43d4-9ed9-80526f02642c,1,2277.705534
2026/02/05/10:59:28,running-time,rs-002512-m54zr,36e01561-2007-43d4-9ed9-80526f02642c,1,2277.705534
2026/02/05/10:59:28,apply-time,rs-002513-lq9gm,43c1e81f-1857-4b18-8397-52737fe7e0ad,4,2277.705534
2026/02/05/10:59:28,apply-time,rs-002513-wrfl9,2ef94a8a-a393-4b24-bcbe-e2ce8f4abee5,4,2277.705534
2026/02/05/10:59:28,running-time,rs-002513-wrfl9,2ef94a8a-a393-4b24-bcbe-e2ce8f4abee5,4,2277.705534
2026/02/05/10:59:28,apply-time,rs-002513-z2rmp,91efc87e-da45-446f-a41e-e41c395d3cfd,4,2277.705534
2026/02/05/10:59:29,running-time,rs-002513-lq9gm,43c1e81f-1857-4b18-8397-52737fe7e0ad,4,2278.705534
2026/02/05/10:59:29,running-time,rs-002513-z2rmp,91efc87e-da45-446f-a41e-e41c395d3cfd,4,2278.705534
2026/02/05/10:59:40,apply-time,rs-002514-p82kh,8e93ea72-f33d-4568-8ac2-0c2b3f89f8b6,3,2289.705534
2026/02/05/10:59:40,running-time,rs-002514-p82kh,8e93ea72-f33d-4568-8ac2-0c2b3f89f8b6,3,2290.705534
2026/02/05/10:59:40,apply-time,rs-002514-qdbsc,c8774638-47c2-4598-a632-cf0c29943057,3,2289.705534
2026/02/05/10:59:40,running-time,rs-002514-qdbsc,c8774638-47c2-4598-a632-cf0c29943057,3,2290.705534
2026/02/05/10:59:40,apply-time,rs-002514-wswq5,267d2205-79d8-4339-8549-80eb6e5d3acf,3,2289.705534
2026/02/05/10:59:40,running-time,rs-002514-wswq5,267d2205-79d8-4339-8549-80eb6e5d3acf,3,2290.705534
2026/02/05/10:59:40,apply-time,rs-002515-28ndj,51e22e6b-bfb9-4d85-bc72-e61bcd8d1be9,2,2289.705534
2026/02/05/10:59:40,running-time,rs-002515-28ndj,51e22e6b-bfb9-4d85-bc72-e61bcd8d1be9,2,2290.705534
2026/02/05/10:59:40,apply-time,rs-002515-6mt6c,58fbee59-b5aa-43d7-a17d-22f92f3c77f9,2,2289.705534
2026/02/05/10:59:40,running-time,rs-002515-6mt6c,58fbee59-b5aa-43d7-a17d-22f92f3c77f9,2,2290.705534
2026/02/05/10:59:40,apply-time,rs-002515-z85gq,a4701285-3af8-4974-a79c-ee535d44bae6,2,2289.705534
2026/02/05/10:59:40,running-time,rs-002515-z85gq,a4701285-3af8-4974-a79c-ee535d44bae6,2,2290.705534
2026/02/05/10:59:40,apply-time,rs-002516-stm7w,1ca4f6f2-717b-4a8a-a833-bb52c00bc9ff,4,2289.705534
2026/02/05/10:59:40,running-time,rs-002516-stm7w,1ca4f6f2-717b-4a8a-a833-bb52c00bc9ff,4,2289.705534
2026/02/05/10:59:40,apply-time,rs-002517-887nz,037abf82-c088-46cc-b16a-a6c731f88b97,2,2289.705534
2026/02/05/10:59:40,running-time,rs-002517-887nz,037abf82-c088-46cc-b16a-a6c731f88b97,2,2289.705534
2026/02/05/10:59:40,apply-time,rs-002517-wgk59,afb88e44-4136-4540-9a09-bf1ee886748e,2,2289.705534
2026/02/05/10:59:40,running-time,rs-002517-wgk59,afb88e44-4136-4540-9a09-bf1ee886748e,2,2289.705534
2026/02/05/10:59:40,apply-time,rs-002518-8pff9,2d8b342d-f8e9-469a-9805-1c0c717691ac,2,2289.705534
2026/02/05/10:59:40,running-time,rs-002518-8pff9,2d8b342d-f8e9-469a-9805-1c0c717691ac,2,2289.705534
2026/02/05/10:59:41,apply-time,rs-002519-7z5gg,7bf9c0f7-cd8d-4b87-9d27-ef1b94f0968d,3,2290.705534
2026/02/05/10:59:41,running-time,rs-002519-7z5gg,7bf9c0f7-cd8d-4b87-9d27-ef1b94f0968d,3,2290.705534
2026/02/05/10:59:41,apply-time,rs-002519-c2qw4,536fdc2e-ef98-4986-9a68-4584f6c96a12,3,2290.705534
2026/02/05/10:59:41,running-time,rs-002519-c2qw4,536fdc2e-ef98-4986-9a68-4584f6c96a12,3,2290.705534
2026/02/05/10:59:41,apply-time,rs-002519-kb8kz,6ff12e33-76d7-49fe-a9bc-def086368e63,3,2290.705534
2026/02/05/10:59:41,running-time,rs-002519-kb8kz,6ff12e33-76d7-49fe-a9bc-def086368e63,3,2290.705534
2026/02/05/10:59:41,apply-time,rs-002520-j7h78,dee27f49-1b3d-424e-bd96-96fe4ed5e497,3,2290.705534
2026/02/05/10:59:41,apply-time,rs-002520-jhs9g,9274117e-d0b1-4a78-a055-9ab060ba31ee,3,2290.705534
2026/02/05/10:59:41,running-time,rs-002520-jhs9g,9274117e-d0b1-4a78-a055-9ab060ba31ee,3,2290.705534
2026/02/05/10:59:41,apply-time,rs-002521-k2vlm,3469b789-757a-4c3a-a61a-ee8e15ec47e1,1,2290.705534
2026/02/05/10:59:41,running-time,rs-002521-k2vlm,3469b789-757a-4c3a-a61a-ee8e15ec47e1,1,2290.705534
2026/02/05/10:59:41,apply-time,rs-002523-g69z9,d12aa5c9-1ba3-4843-a6a8-fdf7682a08bf,1,2290.705534
2026/02/05/10:59:41,running-time,rs-002523-g69z9,d12aa5c9-1ba3-4843-a6a8-fdf7682a08bf,1,2290.705534
2026/02/05/10:59:42,apply-time,rs-002522-gp72b,2a69de1c-f51f-4a76-a132-eb3718861cca,3,2291.705534
2026/02/05/10:59:42,running-time,rs-002522-gp72b,2a69de1c-f51f-4a76-a132-eb3718861cca,3,2291.705534
2026/02/05/10:59:42,apply-time,rs-002522-p84tk,5a5a009b-9262-48a4-867b-4e936d39ae97,3,2291.705534
2026/02/05/10:59:42,running-time,rs-002522-p84tk,5a5a009b-9262-48a4-867b-4e936d39ae97,3,2291.705534
2026/02/05/10:59:42,apply-time,rs-002523-nv629,dbb0b886-0285-4589-a032-2e9caa2ff976,1,2291.705534
2026/02/05/10:59:42,running-time,rs-002523-nv629,dbb0b886-0285-4589-a032-2e9caa2ff976,1,2291.705534
2026/02/05/10:59:51,apply-time,rs-002524-44bgw,a7751a62-2b25-4306-a0cc-34486ca68fe6,1,2300.705534
2026/02/05/10:59:51,running-time,rs-002524-44bgw,a7751a62-2b25-4306-a0cc-34486ca68fe6,1,2300.705534
2026/02/05/10:59:51,apply-time,rs-002524-dntx7,bc3b7922-a3c5-4521-ac60-2dc3b416d2d6,1,2300.705534
2026/02/05/10:59:51,running-time,rs-002524-dntx7,bc3b7922-a3c5-4521-ac60-2dc3b416d2d6,1,2300.705534
2026/02/05/10:59:51,apply-time,rs-002525-7j9dr,9e7ef082-af5a-4a40-9420-4062cc05a423,2,2300.705534
2026/02/05/10:59:51,running-time,rs-002525-7j9dr,9e7ef082-af5a-4a40-9420-4062cc05a423,2,2300.705534
2026/02/05/10:59:51,apply-time,rs-002525-vnv4l,1078dac2-7c97-49c8-9d7e-7aca2efdd4bc,2,2300.705534
2026/02/05/10:59:51,running-time,rs-002525-vnv4l,1078dac2-7c97-49c8-9d7e-7aca2efdd4bc,2,2300.705534
2026/02/05/11:00:00,apply-time,rs-002526-fw4lq,14fa8a9b-14f3-49d3-a302-1042fc5a3886,1,2309.705534
2026/02/05/11:00:00,running-time,rs-002526-fw4lq,14fa8a9b-14f3-49d3-a302-1042fc5a3886,1,2309.705534
2026/02/05/11:00:00,apply-time,rs-002527-75659,a0c6e1e1-49d7-4a2c-b08f-cb93e0a1437f,2,2309.705534
2026/02/05/11:00:00,running-time,rs-002527-75659,a0c6e1e1-49d7-4a2c-b08f-cb93e0a1437f,2,2309.705534
2026/02/05/11:00:00,apply-time,rs-002527-fbmmv,66f0d3f7-86b1-4109-a3dd-b8b9c1deddb7,2,2309.705534
2026/02/05/11:00:00,running-time,rs-002527-fbmmv,66f0d3f7-86b1-4109-a3dd-b8b9c1deddb7,2,2309.705534
2026/02/05/11:00:00,apply-time,rs-002528-t9flm,b6a38c5a-d20b-4451-bd9f-4719338ea164,2,2309.705534
2026/02/05/11:00:00,running-time,rs-002528-t9flm,b6a38c5a-d20b-4451-bd9f-4719338ea164,2,2309.705534
2026/02/05/11:00:00,apply-time,rs-002529-6bfvs,ca4a6f90-ed08-4a34-9d3b-3c2dad7da12e,4,2309.705534
2026/02/05/11:00:00,running-time,rs-002529-6bfvs,ca4a6f90-ed08-4a34-9d3b-3c2dad7da12e,4,2309.705534
2026/02/05/11:00:00,apply-time,rs-002529-f57wx,d0c3d7db-d21e-4d48-8bdb-0ed79ccd86f2,4,2309.705534
2026/02/05/11:00:00,running-time,rs-002529-f57wx,d0c3d7db-d21e-4d48-8bdb-0ed79ccd86f2,4,2309.705534
2026/02/05/11:00:00,apply-time,rs-002529-xtjkt,bf3d3fb4-7a28-475b-9aff-529e26ecfe74,4,2309.705534
2026/02/05/11:00:00,running-time,rs-002529-xtjkt,bf3d3fb4-7a28-475b-9aff-529e26ecfe74,4,2309.705534
2026/02/05/11:00:00,apply-time,rs-002530-rstng,bf4a5618-ba9e-4879-869e-356c70a5813e,1,2309.705534
2026/02/05/11:00:00,running-time,rs-002530-rstng,bf4a5618-ba9e-4879-869e-356c70a5813e,1,2310.705534
2026/02/05/11:00:00,apply-time,rs-002531-lwpjm,ed3b8880-8fdf-4789-a9dc-6b0fe5194dcb,1,2309.705534
2026/02/05/11:00:00,running-time,rs-002531-lwpjm,ed3b8880-8fdf-4789-a9dc-6b0fe5194dcb,1,2309.705534
2026/02/05/11:00:01,apply-time,rs-002532-jvsq5,9bcb3ea5-72fa-41fb-a0cd-9fd07a803d84,1,2310.705534
2026/02/05/11:00:01,running-time,rs-002532-jvsq5,9bcb3ea5-72fa-41fb-a0cd-9fd07a803d84,1,2310.705534
2026/02/05/11:00:01,apply-time,rs-002532-vxzdm,3db7a925-28c5-4558-b9d8-5764b0a295d5,1,2310.705534
2026/02/05/11:00:01,running-time,rs-002532-vxzdm,3db7a925-28c5-4558-b9d8-5764b0a295d5,1,2310.705534
2026/02/05/11:00:01,apply-time,rs-002533-kjb8r,4dfc0be4-53dd-4673-acbb-0bff64fc34d3,4,2310.705534
2026/02/05/11:00:01,running-time,rs-002533-kjb8r,4dfc0be4-53dd-4673-acbb-0bff64fc34d3,4,2310.705534
2026/02/05/11:00:01,apply-time,rs-002534-chj8r,937ec7d1-b161-4d94-ba68-ed1891e21f6d,3,2310.705534
2026/02/05/11:00:01,running-time,rs-002534-chj8r,937ec7d1-b161-4d94-ba68-ed1891e21f6d,3,2310.705534
2026/02/05/11:00:01,apply-time,rs-002534-ssftp,19c1ffc9-f6a2-459f-986b-0d50b8acfd41,3,2310.705534
2026/02/05/11:00:01,running-time,rs-002534-ssftp,19c1ffc9-f6a2-459f-986b-0d50b8acfd41,3,2310.705534
2026/02/05/11:00:01,apply-time,rs-002535-gcvpj,65688658-9f38-4caa-80eb-3bb960389a38,2,2310.705534
2026/02/05/11:00:01,running-time,rs-002535-gcvpj,65688658-9f38-4caa-80eb-3bb960389a38,2,2311.705534
2026/02/05/11:00:02,apply-time,rs-002536-xbhpb,a20b1276-71b9-40db-87ee-b06dcc33bedf,4,2311.705534
2026/02/05/11:00:02,running-time,rs-002536-xbhpb,a20b1276-71b9-40db-87ee-b06dcc33bedf,4,2311.705534
2026/02/05/11:00:08,apply-time,rs-002537-4xpw8,0ebb7b4f-34c5-42f9-a5c6-64ecb1b7d428,1,2317.705534
2026/02/05/11:00:08,running-time,rs-002537-4xpw8,0ebb7b4f-34c5-42f9-a5c6-64ecb1b7d428,1,2317.705534
2026/02/05/11:00:08,apply-time,rs-002537-9w2jb,6972e41a-dee8-44d3-8f18-813ea9a7e96c,1,2317.705534
2026/02/05/11:00:08,running-time,rs-002537-9w2jb,6972e41a-dee8-44d3-8f18-813ea9a7e96c,1,2317.705534
2026/02/05/11:00:08,apply-time,rs-002538-5sp22,e20eca23-946c-49fd-865a-b35a21e38e4e,1,2317.705534
2026/02/05/11:00:08,running-time,rs-002538-5sp22,e20eca23-946c-49fd-865a-b35a21e38e4e,1,2317.705534
2026/02/05/11:00:08,apply-time,rs-002538-9hpzs,2c3e1ada-a2ca-4a08-847b-53bdf3e06eee,1,2317.705534
2026/02/05/11:00:08,running-time,rs-002538-9hpzs,2c3e1ada-a2ca-4a08-847b-53bdf3e06eee,1,2317.705534
2026/02/05/11:00:08,apply-time,rs-002539-5xxgh,65fbf507-30bd-491b-af6d-81ea950fcb61,2,2317.705534
2026/02/05/11:00:08,running-time,rs-002539-5xxgh,65fbf507-30bd-491b-af6d-81ea950fcb61,2,2317.705534
2026/02/05/11:00:14,apply-time,rs-002540-q8954,1ae968a9-1727-4738-8d83-fe271394f23b,2,2323.705534
2026/02/05/11:00:14,running-time,rs-002540-q8954,1ae968a9-1727-4738-8d83-fe271394f23b,2,2323.705534
2026/02/05/11:00:26,apply-time,rs-002541-qvv5x,b97a0980-adac-44c6-9885-e94f74320c82,2,2336.705534
2026/02/05/11:00:26,running-time,rs-002541-qvv5x,b97a0980-adac-44c6-9885-e94f74320c82,2,2336.705534
2026/02/05/11:00:26,apply-time,rs-002541-r7wg2,b625a99f-25cb-43af-8ba7-bbae9b5c3050,2,2336.705534
2026/02/05/11:00:26,running-time,rs-002541-r7wg2,b625a99f-25cb-43af-8ba7-bbae9b5c3050,2,2336.705534
2026/02/05/11:00:26,apply-time,rs-002542-cdx6k,c3bdc14a-8de4-4be7-9d44-0ce6977829ca,3,2336.705534
2026/02/05/11:00:26,apply-time,rs-002542-fpxdq,02896388-4628-421e-8c82-fbb385cf2715,3,2336.705534
2026/02/05/11:00:27,running-time,rs-002542-cdx6k,c3bdc14a-8de4-4be7-9d44-0ce6977829ca,3,2336.705534
2026/02/05/11:00:27,running-time,rs-002542-fpxdq,02896388-4628-421e-8c82-fbb385cf2715,3,2336.705534
2026/02/05/11:00:31,apply-time,rs-002543-2wzh4,a392b445-1a2b-413f-b6cc-86151455fc0d,2,2341.705534
2026/02/05/11:00:31,running-time,rs-002543-2wzh4,a392b445-1a2b-413f-b6cc-86151455fc0d,2,2341.705534
2026/02/05/11:00:31,apply-time,rs-002543-mbbns,ac811184-fb45-489d-8411-6a36cf69375d,2,2341.705534
2026/02/05/11:00:31,running-time,rs-002543-mbbns,ac811184-fb45-489d-8411-6a36cf69375d,2,2341.705534
2026/02/05/11:00:31,apply-time,rs-002544-jxv7m,7bbbb94d-9542-4642-a72a-8c283257d30c,1,2341.705534
2026/02/05/11:00:31,running-time,rs-002544-jxv7m,7bbbb94d-9542-4642-a72a-8c283257d30c,1,2341.705534
2026/02/05/11:00:31,apply-time,rs-002544-lg8nj,f44619af-1c00-4393-ae0f-308df66b5d2d,1,2341.705534
2026/02/05/11:00:31,running-time,rs-002544-lg8nj,f44619af-1c00-4393-ae0f-308df66b5d2d,1,2341.705534
2026/02/05/11:00:31,apply-time,rs-002545-fncmt,dc598fa6-9fc2-43f3-83c7-0690d1b00c4d,1,2341.705534
2026/02/05/11:00:31,running-time,rs-002545-fncmt,dc598fa6-9fc2-43f3-83c7-0690d1b00c4d,1,2341.705534
2026/02/05/11:00:32,apply-time,rs-002546-q728x,66b2be78-f249-4128-b4aa-bd8d97711336,2,2341.705534
2026/02/05/11:00:32,running-time,rs-002546-q728x,66b2be78-f249-4128-b4aa-bd8d97711336,2,2341.705534
2026/02/05/11:00:32,apply-time,rs-002547-2z6kn,4abfd490-8839-4f73-92a2-86f3ba94e0a9,2,2341.705534
2026/02/05/11:00:32,running-time,rs-002547-2z6kn,4abfd490-8839-4f73-92a2-86f3ba94e0a9,2,2341.705534
2026/02/05/11:00:32,apply-time,rs-002548-tb52h,194924cb-1e2d-481b-8119-712795987e78,3,2341.705534
2026/02/05/11:00:32,running-time,rs-002548-tb52h,194924cb-1e2d-481b-8119-712795987e78,3,2341.705534
2026/02/05/11:00:32,apply-time,rs-002548-wjfzc,17d0e62d-5be5-4122-9eb7-1778d9a79c82,3,2341.705534
2026/02/05/11:00:32,running-time,rs-002548-wjfzc,17d0e62d-5be5-4122-9eb7-1778d9a79c82,3,2341.705534
2026/02/05/11:00:33,apply-time,rs-002549-fslvx,53ac5b8b-8518-42dc-bd0d-b63a16a071e6,3,2342.705534
2026/02/05/11:00:33,running-time,rs-002549-fslvx,53ac5b8b-8518-42dc-bd0d-b63a16a071e6,3,2342.705534
2026/02/05/11:00:33,apply-time,rs-002549-lktjd,e1fda096-37b1-4448-b8a1-2c9d49287335,3,2342.705534
2026/02/05/11:00:33,running-time,rs-002549-lktjd,e1fda096-37b1-4448-b8a1-2c9d49287335,3,2342.705534
2026/02/05/11:00:33,apply-time,rs-002549-xqjbn,358c9aac-8cd0-42ea-b12d-5a228c817fb6,3,2342.705534
2026/02/05/11:00:33,running-time,rs-002549-xqjbn,358c9aac-8cd0-42ea-b12d-5a228c817fb6,3,2342.705534
2026/02/05/11:00:33,apply-time,rs-002550-9dsz9,e2f5db50-7d56-4385-9f66-0a468de57f67,1,2343.705534
2026/02/05/11:00:33,running-time,rs-002550-9dsz9,e2f5db50-7d56-4385-9f66-0a468de57f67,1,2343.705534
2026/02/05/11:00:33,apply-time,rs-002550-k4lhq,e64968e4-2c68-4867-832d-27a4380dfefa,1,2343.705534
2026/02/05/11:00:33,running-time,rs-002550-k4lhq,e64968e4-2c68-4867-832d-27a4380dfefa,1,2343.705534
2026/02/05/11:00:33,apply-time,rs-002551-qx65m,3cff821a-b184-48c4-a7b3-5b19c8cbdabd,1,2343.705534
2026/02/05/11:00:33,running-time,rs-002551-qx65m,3cff821a-b184-48c4-a7b3-5b19c8cbdabd,1,2343.705534
2026/02/05/11:00:33,apply-time,rs-002551-sskcs,a408500c-2539-4cf7-a32b-df9dc59aed9d,1,2343.705534
2026/02/05/11:00:33,running-time,rs-002551-sskcs,a408500c-2539-4cf7-a32b-df9dc59aed9d,1,2343.705534
2026/02/05/11:00:33,apply-time,rs-002552-kntcb,e8f172af-78d7-4eef-851c-11c2cbcad843,1,2343.705534
2026/02/05/11:00:33,running-time,rs-002552-kntcb,e8f172af-78d7-4eef-851c-11c2cbcad843,1,2343.705534
2026/02/05/11:00:35,apply-time,rs-002553-6f4nb,7cab5480-9485-4f5a-aa70-2377e13e196c,2,2343.705534
2026/02/05/11:00:35,running-time,rs-002553-6f4nb,7cab5480-9485-4f5a-aa70-2377e13e196c,2,2343.705534
2026/02/05/11:00:35,apply-time,rs-002553-r927m,0fe0800e-d5a5-4634-a4ed-d73916dd67b1,2,2343.705534
2026/02/05/11:00:35,running-time,rs-002553-r927m,0fe0800e-d5a5-4634-a4ed-d73916dd67b1,2,2343.705534
2026/02/05/11:00:35,apply-time,rs-002553-v2b7p,7373bafa-2af8-45b6-8f21-b2acb271f22f,2,2343.705534
2026/02/05/11:00:35,running-time,rs-002553-v2b7p,7373bafa-2af8-45b6-8f21-b2acb271f22f,2,2343.705534
2026/02/05/11:00:35,apply-time,rs-002554-lr5s5,4068f035-13d5-4882-a99d-37f704db2e05,1,2343.705534
2026/02/05/11:00:35,running-time,rs-002554-lr5s5,4068f035-13d5-4882-a99d-37f704db2e05,1,2343.705534
2026/02/05/11:00:35,apply-time,rs-002554-ttbl7,bb843587-2e73-4310-864d-3e0b2684fedb,1,2343.705534
2026/02/05/11:00:35,running-time,rs-002554-ttbl7,bb843587-2e73-4310-864d-3e0b2684fedb,1,2343.705534
2026/02/05/11:00:35,apply-time,rs-002555-k9pch,40932aed-5c92-44de-a5a8-bc91cf7e544b,2,2343.705534
2026/02/05/11:00:35,running-time,rs-002555-k9pch,40932aed-5c92-44de-a5a8-bc91cf7e544b,2,2343.705534
2026/02/05/11:00:35,apply-time,rs-002556-v89w8,0ade6d5f-12a9-4f43-bf8d-da146a715345,4,2343.705534
2026/02/05/11:00:35,running-time,rs-002556-v89w8,0ade6d5f-12a9-4f43-bf8d-da146a715345,4,2343.705534
2026/02/05/11:00:35,apply-time,rs-002556-wwnrg,d3d9c938-9bad-47e7-9a06-a11fba1b6911,4,2343.705534
2026/02/05/11:00:35,running-time,rs-002556-wwnrg,d3d9c938-9bad-47e7-9a06-a11fba1b6911,4,2343.705534
2026/02/05/11:00:35,apply-time,rs-002557-7f6fn,5156fb77-9163-434c-9d9b-9dbf68268f35,2,2343.705534
2026/02/05/11:00:35,running-time,rs-002557-7f6fn,5156fb77-9163-434c-9d9b-9dbf68268f35,2,2343.705534
2026/02/05/11:00:35,apply-time,rs-002558-b8s9w,3a317b45-aa28-40a7-b6e9-0c2b4f8cef51,2,2344.705534
2026/02/05/11:00:35,running-time,rs-002558-b8s9w,3a317b45-aa28-40a7-b6e9-0c2b4f8cef51,2,2344.705534
2026/02/05/11:00:36,apply-time,rs-002558-qtc6k,71c9dba9-29b7-49d1-ab97-e8076448a9e7,2,2344.705534
2026/02/05/11:00:36,running-time,rs-002558-qtc6k,71c9dba9-29b7-49d1-ab97-e8076448a9e7,2,2344.705534
2026/02/05/11:00:36,apply-time,rs-002558-vpdq9,9f305ca9-910a-486c-9959-b8a5065a0707,2,2344.705534
2026/02/05/11:00:36,running-time,rs-002558-vpdq9,9f305ca9-910a-486c-9959-b8a5065a0707,2,2344.705534
2026/02/05/11:00:36,apply-time,rs-002559-zg5ql,bae35132-21d7-4ffd-989b-a9e3ad9d39e5,2,2344.705534
2026/02/05/11:00:36,running-time,rs-002559-zg5ql,bae35132-21d7-4ffd-989b-a9e3ad9d39e5,2,2344.705534
2026/02/05/11:00:36,apply-time,rs-002560-2vlbv,0d5d1034-353d-40e2-84df-591c102dacf4,2,2344.705534
2026/02/05/11:00:36,running-time,rs-002560-2vlbv,0d5d1034-353d-40e2-84df-591c102dacf4,2,2344.705534
2026/02/05/11:00:36,apply-time,rs-002560-jfl77,75b03aca-a2ab-43ee-ab81-c031678c3e3c,2,2344.705534
2026/02/05/11:00:36,running-time,rs-002560-jfl77,75b03aca-a2ab-43ee-ab81-c031678c3e3c,2,2344.705534
2026/02/05/11:00:36,apply-time,rs-002561-n8lxs,d7749690-5518-432f-8950-1007fc5bc06d,4,2344.705534
2026/02/05/11:00:36,running-time,rs-002561-n8lxs,d7749690-5518-432f-8950-1007fc5bc06d,4,2344.705534
2026/02/05/11:00:36,apply-time,rs-002562-9g66j,da5cddc1-e368-42ce-95a0-3f2b04a51522,1,2344.705534
2026/02/05/11:00:36,running-time,rs-002562-9g66j,da5cddc1-e368-42ce-95a0-3f2b04a51522,1,2344.705534
2026/02/05/11:00:36,apply-time,rs-002563-d6vmd,769d8e69-9951-44eb-a8b4-73845a44f922,3,2345.705534
2026/02/05/11:00:36,running-time,rs-002563-d6vmd,769d8e69-9951-44eb-a8b4-73845a44f922,3,2345.705534
2026/02/05/11:00:37,apply-time,rs-002563-2vhzw,97e681de-cc1f-4844-9390-479bab946d95,3,2345.705534
2026/02/05/11:00:37,running-time,rs-002563-2vhzw,97e681de-cc1f-4844-9390-479bab946d95,3,2345.705534
2026/02/05/11:00:37,apply-time,rs-002563-b5pb5,8f210bcd-e1e6-43d7-a484-267274c3fe50,3,2345.705534
2026/02/05/11:00:37,running-time,rs-002563-b5pb5,8f210bcd-e1e6-43d7-a484-267274c3fe50,3,2345.705534
2026/02/05/11:00:37,apply-time,rs-002564-tbrx8,fc3e761e-4c48-450e-9dfd-e30a9e9e4603,4,2345.705534
2026/02/05/11:00:37,running-time,rs-002564-tbrx8,fc3e761e-4c48-450e-9dfd-e30a9e9e4603,4,2345.705534
2026/02/05/11:00:37,apply-time,rs-002565-t5t4p,8ac439ac-4752-4839-a37f-ad019386f92a,2,2345.705534
2026/02/05/11:00:37,running-time,rs-002565-t5t4p,8ac439ac-4752-4839-a37f-ad019386f92a,2,2345.705534
2026/02/05/11:00:37,apply-time,rs-002566-lslld,c682b682-fa8f-4d8c-a111-ca182667afa1,2,2345.705534
2026/02/05/11:00:37,running-time,rs-002566-lslld,c682b682-fa8f-4d8c-a111-ca182667afa1,2,2345.705534
2026/02/05/11:00:37,apply-time,rs-002567-bjgq4,8b4e35c5-498a-4404-bbca-79e29fbcaa15,3,2345.705534
2026/02/05/11:00:37,apply-time,rs-002568-g2ft4,bc22aadc-2c67-4c61-8618-c86a29d3284a,3,2345.705534
2026/02/05/11:00:37,running-time,rs-002568-g2ft4,bc22aadc-2c67-4c61-8618-c86a29d3284a,3,2345.705534
2026/02/05/11:00:37,apply-time,rs-002569-lp6q7,658c4878-f296-47f2-857a-13fc5360c5d6,3,2346.705534
2026/02/05/11:00:38,apply-time,rs-002566-jp6m2,bd2440b7-bd81-471f-bdf3-d0c6a50054c6,2,2346.705534
2026/02/05/11:00:38,running-time,rs-002566-jp6m2,bd2440b7-bd81-471f-bdf3-d0c6a50054c6,2,2346.705534
2026/02/05/11:00:38,apply-time,rs-002567-9wvm5,edacd724-1236-4997-b82b-3174576b31fa,3,2346.705534
2026/02/05/11:00:38,running-time,rs-002567-bjgq4,8b4e35c5-498a-4404-bbca-79e29fbcaa15,3,2346.705534
2026/02/05/11:00:38,apply-time,rs-002567-wmc4f,6514ed01-a2bc-46f0-8f0d-f1ce92d1d5ae,3,2346.705534
2026/02/05/11:00:38,running-time,rs-002567-wmc4f,6514ed01-a2bc-46f0-8f0d-f1ce92d1d5ae,3,2347.705534
2026/02/05/11:00:38,running-time,rs-002569-lp6q7,658c4878-f296-47f2-857a-13fc5360c5d6,3,2346.705534
2026/02/05/11:00:38,apply-time,rs-002570-zbkf9,642dd5c0-c4a3-4e2f-ab10-41c4872dd6d7,1,2346.705534
2026/02/05/11:00:38,running-time,rs-002570-zbkf9,642dd5c0-c4a3-4e2f-ab10-41c4872dd6d7,1,2346.705534
2026/02/05/11:00:38,apply-time,rs-002571-2zmnd,0be1599f-9d98-4575-a55b-6b77ff7bb308,4,2347.705534
2026/02/05/11:00:38,apply-time,rs-002571-r5m67,ce75f78d-2479-4f57-b356-fcf3097d014b,4,2346.705534
2026/02/05/11:00:38,running-time,rs-002571-r5m67,ce75f78d-2479-4f57-b356-fcf3097d014b,4,2346.705534
2026/02/05/11:00:38,apply-time,rs-002571-td2wl,aaca5a75-512a-44e0-9494-c658621fcdf1,4,2347.705534
2026/02/05/11:00:38,running-time,rs-002571-td2wl,aaca5a75-512a-44e0-9494-c658621fcdf1,4,2347.705534
2026/02/05/11:00:38,apply-time,rs-002572-psf6p,c03a0080-c3ef-4d95-9dc1-1aad9a5fa24c,3,2346.705534
2026/02/05/11:00:38,running-time,rs-002572-psf6p,c03a0080-c3ef-4d95-9dc1-1aad9a5fa24c,3,2346.705534
2026/02/05/11:00:38,apply-time,rs-002573-m7rks,5a5279db-99df-4013-a795-285d74f76b98,4,2346.705534
2026/02/05/11:00:38,running-time,rs-002573-m7rks,5a5279db-99df-4013-a795-285d74f76b98,4,2346.705534
2026/02/05/11:00:39,running-time,rs-002571-2zmnd,0be1599f-9d98-4575-a55b-6b77ff7bb308,4,2347.705534
2026/02/05/11:00:39,apply-time,rs-002573-mgd5l,96d0ec90-71cc-4503-88a9-05d8311d642b,4,2347.705534
2026/02/05/11:00:39,running-time,rs-002573-mgd5l,96d0ec90-71cc-4503-88a9-05d8311d642b,4,2347.705534
2026/02/05/11:00:39,apply-time,rs-002574-4rrml,e630ba82-137e-4652-b3d5-bd574f96784d,1,2347.705534
2026/02/05/11:00:39,running-time,rs-002574-4rrml,e630ba82-137e-4652-b3d5-bd574f96784d,1,2347.705534
2026/02/05/11:00:39,apply-time,rs-002574-9tj8f,fea833ed-1247-4cb7-925b-c3792d460d06,1,2347.705534
2026/02/05/11:00:39,running-time,rs-002574-9tj8f,fea833ed-1247-4cb7-925b-c3792d460d06,1,2348.705534
2026/02/05/11:00:39,apply-time,rs-002575-4l5fj,850eba4f-0c53-4815-bc37-1582481937d2,1,2348.705534
2026/02/05/11:00:39,running-time,rs-002575-4l5fj,850eba4f-0c53-4815-bc37-1582481937d2,1,2348.705534
2026/02/05/11:00:39,apply-time,rs-002575-8ctdd,ec639007-ced6-46ab-aa68-bd5515e09ba8,1,2347.705534
2026/02/05/11:00:39,running-time,rs-002575-8ctdd,ec639007-ced6-46ab-aa68-bd5515e09ba8,1,2347.705534
2026/02/05/11:00:39,apply-time,rs-002575-c5pjx,7266da06-7d9a-4fc5-829d-3a79a596c406,1,2347.705534
2026/02/05/11:00:39,running-time,rs-002575-c5pjx,7266da06-7d9a-4fc5-829d-3a79a596c406,1,2348.705534
2026/02/05/11:00:39,apply-time,rs-002576-5sww2,f8c9871e-159f-4b23-9faf-22e69bdd2171,3,2347.705534
2026/02/05/11:00:39,running-time,rs-002576-5sww2,f8c9871e-159f-4b23-9faf-22e69bdd2171,3,2347.705534
2026/02/05/11:00:39,apply-time,rs-002576-rjkrd,36090753-b873-416e-8852-9bd3dfafb459,3,2347.705534
2026/02/05/11:00:39,apply-time,rs-002577-rvx8c,235cedfa-3c4b-403b-99dd-2aa6724686d4,1,2347.705534
2026/02/05/11:00:39,running-time,rs-002577-rvx8c,235cedfa-3c4b-403b-99dd-2aa6724686d4,1,2347.705534
2026/02/05/11:00:39,apply-time,rs-002577-zjgbh,bc0f3f81-78f1-478f-8a76-3a5ed38d5c03,1,2348.705534
2026/02/05/11:00:39,running-time,rs-002577-zjgbh,bc0f3f81-78f1-478f-8a76-3a5ed38d5c03,1,2348.705534
2026/02/05/11:00:40,running-time,rs-002576-rjkrd,36090753-b873-416e-8852-9bd3dfafb459,3,2348.705534
2026/02/05/11:00:40,apply-time,rs-002578-xcmb9,eaa9727e-c2d3-43c4-aab2-d577ff2ae920,1,2348.705534
2026/02/05/11:00:40,running-time,rs-002578-xcmb9,eaa9727e-c2d3-43c4-aab2-d577ff2ae920,1,2349.705534
2026/02/05/11:00:40,apply-time,rs-002579-lcgpm,6128d12e-dbc4-441d-a939-6b20bad49a90,3,2349.705534
2026/02/05/11:00:40,running-time,rs-002579-lcgpm,6128d12e-dbc4-441d-a939-6b20bad49a90,3,2349.705534
2026/02/05/11:00:40,apply-time,rs-002580-xdt6h,15f94207-1fc5-4a5b-98dc-b92f73c0a959,3,2349.705534
2026/02/05/11:00:41,apply-time,rs-002579-s6x2t,3883a41f-6eac-4a54-8fdd-d1268581acfd,3,2349.705534
2026/02/05/11:00:41,running-time,rs-002579-s6x2t,3883a41f-6eac-4a54-8fdd-d1268581acfd,3,2349.705534
2026/02/05/11:00:41,apply-time,rs-002580-6rs4k,1a6504f6-9003-430a-a124-b8c29d6b011e,3,2349.705534
2026/02/05/11:00:41,running-time,rs-002580-6rs4k,1a6504f6-9003-430a-a124-b8c29d6b011e,3,2349.705534
2026/02/05/11:00:41,running-time,rs-002580-xdt6h,15f94207-1fc5-4a5b-98dc-b92f73c0a959,3,2349.705534
2026/02/05/11:00:43,apply-time,rs-002581-nmkbr,09ce4ae1-6fa9-4b2a-bd80-2ef442fa4482,1,2351.705534
2026/02/05/11:00:43,running-time,rs-002581-nmkbr,09ce4ae1-6fa9-4b2a-bd80-2ef442fa4482,1,2351.705534
2026/02/05/11:00:43,apply-time,rs-002582-fsfq2,a7f9dd11-f211-4d98-a8fd-615214d6ecca,2,2351.705534
2026/02/05/11:00:43,running-time,rs-002582-fsfq2,a7f9dd11-f211-4d98-a8fd-615214d6ecca,2,2351.705534
2026/02/05/11:00:43,apply-time,rs-002583-xrqlx,806f3334-950f-4061-b522-8d37e163359b,2,2352.705534
2026/02/05/11:00:44,apply-time,rs-002583-rfb9b,ef108f77-30a8-4574-b9f9-066a601dd829,2,2352.705534
2026/02/05/11:00:44,running-time,rs-002583-rfb9b,ef108f77-30a8-4574-b9f9-066a601dd829,2,2352.705534
2026/02/05/11:00:44,running-time,rs-002583-xrqlx,806f3334-950f-4061-b522-8d37e163359b,2,2352.705534
2026/02/05/11:00:53,apply-time,rs-002584-sb2r9,2c4b891b-337c-48ee-927c-107a0e007c95,2,2361.705534
2026/02/05/11:00:53,running-time,rs-002584-sb2r9,2c4b891b-337c-48ee-927c-107a0e007c95,2,2361.705534
2026/02/05/11:00:53,apply-time,rs-002585-79r5x,cdc1ec3e-0bb0-4f8e-963d-8dec0a345c5b,1,2361.705534
2026/02/05/11:00:53,running-time,rs-002585-79r5x,cdc1ec3e-0bb0-4f8e-963d-8dec0a345c5b,1,2361.705534
2026/02/05/11:00:53,apply-time,rs-002585-g67v2,f2259439-c63d-4628-91d0-dc4b2e359689,1,2361.705534
2026/02/05/11:00:53,running-time,rs-002585-g67v2,f2259439-c63d-4628-91d0-dc4b2e359689,1,2361.705534
2026/02/05/11:00:53,apply-time,rs-002585-sxqgv,ad7dcb37-1714-4416-a26b-180a858ce4be,1,2361.705534
2026/02/05/11:00:53,running-time,rs-002585-sxqgv,ad7dcb37-1714-4416-a26b-180a858ce4be,1,2361.705534
2026/02/05/11:00:53,apply-time,rs-002586-5bqr7,3916864c-fb9d-4831-b2e1-f5f69932ce2e,1,2361.705534
2026/02/05/11:00:53,running-time,rs-002586-5bqr7,3916864c-fb9d-4831-b2e1-f5f69932ce2e,1,2361.705534
2026/02/05/11:00:53,apply-time,rs-002586-6n4mp,89c1e878-8189-43b0-a90f-fa7d9b90ae3f,1,2361.705534
2026/02/05/11:00:53,running-time,rs-002586-6n4mp,89c1e878-8189-43b0-a90f-fa7d9b90ae3f,1,2361.705534
2026/02/05/11:00:53,apply-time,rs-002586-jjrnh,40dafd60-75ea-4481-b327-9d60ae4e0030,1,2361.705534
2026/02/05/11:00:53,running-time,rs-002586-jjrnh,40dafd60-75ea-4481-b327-9d60ae4e0030,1,2361.705534
2026/02/05/11:00:53,apply-time,rs-002587-4g5st,af74b925-2e74-468f-a36f-8b34eb2a14dc,1,2361.705534
2026/02/05/11:00:53,running-time,rs-002587-4g5st,af74b925-2e74-468f-a36f-8b34eb2a14dc,1,2361.705534
2026/02/05/11:00:53,apply-time,rs-002588-h8dtg,e7cee03c-f7bf-4dc0-826a-d69d9d16160d,3,2361.705534
2026/02/05/11:00:53,running-time,rs-002588-h8dtg,e7cee03c-f7bf-4dc0-826a-d69d9d16160d,3,2361.705534
2026/02/05/11:00:53,apply-time,rs-002589-48rq4,11033cc1-53a8-4441-8410-3c0af7279df3,1,2361.705534
2026/02/05/11:00:53,running-time,rs-002589-48rq4,11033cc1-53a8-4441-8410-3c0af7279df3,1,2361.705534
2026/02/05/11:00:53,apply-time,rs-002590-gbvm7,d744ba34-db88-4d0a-9b46-17c09e3b2886,1,2361.705534
2026/02/05/11:00:53,running-time,rs-002590-gbvm7,d744ba34-db88-4d0a-9b46-17c09e3b2886,1,2361.705534
2026/02/05/11:00:53,apply-time,rs-002591-nvfhj,6adb6308-6691-46a4-947f-8f5e1479ac32,1,2361.705534
2026/02/05/11:00:53,running-time,rs-002591-nvfhj,6adb6308-6691-46a4-947f-8f5e1479ac32,1,2362.705534
2026/02/05/11:00:53,apply-time,rs-002592-6mnxw,81d492d7-8444-4e0c-8cf3-6f4a1d99092c,2,2362.705534
2026/02/05/11:00:53,running-time,rs-002592-6mnxw,81d492d7-8444-4e0c-8cf3-6f4a1d99092c,2,2362.705534
2026/02/05/11:00:54,apply-time,rs-002593-r4gvb,7f3dcb5f-177a-4cfa-bb8c-0a94faa8f867,2,2362.705534
2026/02/05/11:00:54,running-time,rs-002593-r4gvb,7f3dcb5f-177a-4cfa-bb8c-0a94faa8f867,2,2362.705534
2026/02/05/11:00:54,apply-time,rs-002593-rrh8w,335dcaf1-41bf-4947-9662-02107ec4a912,2,2362.705534
2026/02/05/11:00:54,running-time,rs-002593-rrh8w,335dcaf1-41bf-4947-9662-02107ec4a912,2,2362.705534
2026/02/05/11:00:54,apply-time,rs-002594-8nbn9,4acf8efb-7733-411c-a1d4-f9c085d72d6b,1,2362.705534
2026/02/05/11:00:54,running-time,rs-002594-8nbn9,4acf8efb-7733-411c-a1d4-f9c085d72d6b,1,2362.705534
2026/02/05/11:00:54,apply-time,rs-002594-jln7q,4822b991-b38e-4513-ad09-5d0b885f2499,1,2362.705534
2026/02/05/11:00:54,running-time,rs-002594-jln7q,4822b991-b38e-4513-ad09-5d0b885f2499,1,2362.705534
2026/02/05/11:00:54,apply-time,rs-002594-xh4zk,4ae94573-53ea-47e6-a6db-850b3665ea5a,1,2362.705534
2026/02/05/11:00:54,running-time,rs-002594-xh4zk,4ae94573-53ea-47e6-a6db-850b3665ea5a,1,2362.705534
2026/02/05/11:00:54,apply-time,rs-002595-hzd8x,85d9d6d4-8796-4033-bd84-9461e909adfd,2,2362.705534
2026/02/05/11:00:54,running-time,rs-002595-hzd8x,85d9d6d4-8796-4033-bd84-9461e909adfd,2,2362.705534
2026/02/05/11:00:54,apply-time,rs-002596-5tzwc,65be1614-445e-4380-92b6-1d138a1c508a,4,2362.705534
2026/02/05/11:00:54,running-time,rs-002596-5tzwc,65be1614-445e-4380-92b6-1d138a1c508a,4,2362.705534
2026/02/05/11:00:54,apply-time,rs-002596-b79xt,0dfc4887-ad3d-4e88-b230-33490aa884b0,4,2363.705534
2026/02/05/11:00:54,running-time,rs-002596-b79xt,0dfc4887-ad3d-4e88-b230-33490aa884b0,4,2363.705534
2026/02/05/11:00:55,apply-time,rs-002597-d89bd,5845b736-1ff5-4e5b-b47e-42dacd6837d2,2,2363.705534
2026/02/05/11:00:55,running-time,rs-002597-d89bd,5845b736-1ff5-4e5b-b47e-42dacd6837d2,2,2363.705534
2026/02/05/11:00:55,apply-time,rs-002597-v2xwf,bb1ecfa8-cb05-4c80-bebb-c10a633d6c01,2,2363.705534
2026/02/05/11:00:55,running-time,rs-002597-v2xwf,bb1ecfa8-cb05-4c80-bebb-c10a633d6c01,2,2363.705534
2026/02/05/11:00:55,apply-time,rs-002597-xb4lp,84d9484b-bbc7-49ad-9ee4-85b0ec03b01a,2,2363.705534
2026/02/05/11:00:55,running-time,rs-002597-xb4lp,84d9484b-bbc7-49ad-9ee4-85b0ec03b01a,2,2363.705534
2026/02/05/11:00:55,apply-time,rs-002598-lp4wm,a4f58fa3-3fe9-4a60-8ab1-43ce119cd8f5,4,2363.705534
2026/02/05/11:00:55,running-time,rs-002598-lp4wm,a4f58fa3-3fe9-4a60-8ab1-43ce119cd8f5,4,2363.705534
2026/02/05/11:00:55,apply-time,rs-002598-v57cd,84720010-7c78-459e-ac24-26f638f5b4b7,4,2363.705534
2026/02/05/11:00:55,running-time,rs-002598-v57cd,84720010-7c78-459e-ac24-26f638f5b4b7,4,2363.705534
2026/02/05/11:01:03,apply-time,rs-002599-dz7h4,0f5d6419-77df-4be7-844b-8dd57538c4d8,2,2371.705534
2026/02/05/11:01:03,running-time,rs-002599-dz7h4,0f5d6419-77df-4be7-844b-8dd57538c4d8,2,2371.705534
2026/02/05/11:01:03,apply-time,rs-002600-brtkv,62894cf3-e024-4133-9e62-30d76c183cf9,1,2371.705534
2026/02/05/11:01:03,running-time,rs-002600-brtkv,62894cf3-e024-4133-9e62-30d76c183cf9,1,2371.705534
2026/02/05/11:01:03,apply-time,rs-002600-fwb4j,0c00e0b5-d523-480a-9c3c-c6a2c971cd98,1,2371.705534
2026/02/05/11:01:03,running-time,rs-002600-fwb4j,0c00e0b5-d523-480a-9c3c-c6a2c971cd98,1,2371.705534
2026/02/05/11:01:03,apply-time,rs-002601-8j8hz,32efff91-63da-41e0-afda-d4e9bf4fe2ae,2,2371.705534
2026/02/05/11:01:03,running-time,rs-002601-8j8hz,32efff91-63da-41e0-afda-d4e9bf4fe2ae,2,2371.705534
2026/02/05/11:01:03,apply-time,rs-002601-f78qk,2850452e-a565-4806-a085-de7627e0563c,2,2371.705534
2026/02/05/11:01:03,running-time,rs-002601-f78qk,2850452e-a565-4806-a085-de7627e0563c,2,2371.705534
2026/02/05/11:01:03,apply-time,rs-002601-z9jc8,bbe34333-41ab-4ffb-9798-9fbf1ec3e16c,2,2371.705534
2026/02/05/11:01:03,running-time,rs-002601-z9jc8,bbe34333-41ab-4ffb-9798-9fbf1ec3e16c,2,2371.705534
2026/02/05/11:01:06,apply-time,rs-002602-5j4x9,263a1999-8bd2-4f87-b8f9-c9c63aecf7b1,1,2374.705534
2026/02/05/11:01:06,running-time,rs-002602-5j4x9,263a1999-8bd2-4f87-b8f9-c9c63aecf7b1,1,2374.705534
2026/02/05/11:01:06,apply-time,rs-002603-mjggd,17a9447a-ff83-4548-b235-f1a35f676313,2,2374.705534
2026/02/05/11:01:06,running-time,rs-002603-mjggd,17a9447a-ff83-4548-b235-f1a35f676313,2,2374.705534
2026/02/05/11:01:06,apply-time,rs-002603-w8bfv,d71e4c1f-c2be-4f4f-8912-6d0fcfc6701a,2,2374.705534
2026/02/05/11:01:06,running-time,rs-002603-w8bfv,d71e4c1f-c2be-4f4f-8912-6d0fcfc6701a,2,2374.705534
2026/02/05/11:01:06,apply-time,rs-002604-dvw9j,646e60f7-4001-4b05-9650-c76b6f9d6f48,2,2374.705534
2026/02/05/11:01:06,apply-time,rs-002604-nxv8h,6c44c108-f829-4b11-b67f-9e60cf2d1ac8,2,2374.705534
2026/02/05/11:01:06,running-time,rs-002604-nxv8h,6c44c108-f829-4b11-b67f-9e60cf2d1ac8,2,2374.705534
2026/02/05/11:01:06,apply-time,rs-002604-rq4p4,2a0f660a-794c-4640-b5c8-21641814b330,2,2374.705534
2026/02/05/11:01:06,running-time,rs-002604-rq4p4,2a0f660a-794c-4640-b5c8-21641814b330,2,2374.705534
2026/02/05/11:01:06,apply-time,rs-002605-45qx2,36cd6047-a1d9-472a-be5b-3b9ea16d9789,1,2374.705534
2026/02/05/11:01:06,running-time,rs-002605-45qx2,36cd6047-a1d9-472a-be5b-3b9ea16d9789,1,2374.705534
2026/02/05/11:01:06,apply-time,rs-002606-n8wms,82fdd969-316f-4f64-87e8-fee4a8c2d7bd,4,2374.705534
2026/02/05/11:01:06,running-time,rs-002606-n8wms,82fdd969-316f-4f64-87e8-fee4a8c2d7bd,4,2374.705534
2026/02/05/11:01:06,apply-time,rs-002607-rmgb8,20370569-980b-485c-89c2-b8e7430d055f,4,2374.705534
2026/02/05/11:01:06,running-time,rs-002607-rmgb8,20370569-980b-485c-89c2-b8e7430d055f,4,2375.705534
2026/02/05/11:01:06,apply-time,rs-002608-4n9cq,a2fb6cd6-8b9b-4471-b395-df22546ba451,4,2375.705534
2026/02/05/11:01:06,running-time,rs-002608-4n9cq,a2fb6cd6-8b9b-4471-b395-df22546ba451,4,2375.705534
2026/02/05/11:01:07,apply-time,rs-002607-8p72t,44bd7ea5-b4f1-4f4a-928b-7abba002ae03,4,2375.705534
2026/02/05/11:01:07,running-time,rs-002607-8p72t,44bd7ea5-b4f1-4f4a-928b-7abba002ae03,4,2375.705534
2026/02/05/11:01:07,apply-time,rs-002608-qfvzz,2618f727-488f-4e79-8678-20f3d3b9c049,4,2375.705534
2026/02/05/11:01:07,running-time,rs-002608-qfvzz,2618f727-488f-4e79-8678-20f3d3b9c049,4,2375.705534
2026/02/05/11:01:07,apply-time,rs-002609-9ggxv,974598d2-e8be-4f73-a621-9e3ccbb56586,4,2375.705534
2026/02/05/11:01:07,running-time,rs-002609-9ggxv,974598d2-e8be-4f73-a621-9e3ccbb56586,4,2375.705534
2026/02/05/11:01:07,apply-time,rs-002609-glf4d,3ddecee9-0fd9-4c4b-9a65-49bde1d9bec5,4,2375.705534
2026/02/05/11:01:07,running-time,rs-002609-glf4d,3ddecee9-0fd9-4c4b-9a65-49bde1d9bec5,4,2375.705534
2026/02/05/11:01:07,apply-time,rs-002609-vntc9,81516a5a-2aa1-40d8-b816-b0030b19f24a,4,2375.705534
2026/02/05/11:01:07,running-time,rs-002609-vntc9,81516a5a-2aa1-40d8-b816-b0030b19f24a,4,2375.705534
2026/02/05/11:01:07,apply-time,rs-002610-tfd4n,b2111eea-982f-4260-9349-3228ca144738,2,2375.705534
2026/02/05/11:01:07,running-time,rs-002610-tfd4n,b2111eea-982f-4260-9349-3228ca144738,2,2375.705534
2026/02/05/11:01:07,apply-time,rs-002611-84q6l,4f90f553-308b-47fc-8ebf-5f0264c10c7b,4,2376.705534
2026/02/05/11:01:07,running-time,rs-002611-84q6l,4f90f553-308b-47fc-8ebf-5f0264c10c7b,4,2376.705534
2026/02/05/11:01:07,apply-time,rs-002611-j55x7,32c17ef9-73e3-44f6-a279-9fad1ca11bc3,4,2375.705534
2026/02/05/11:01:07,running-time,rs-002611-j55x7,32c17ef9-73e3-44f6-a279-9fad1ca11bc3,4,2375.705534
2026/02/05/11:01:07,apply-time,rs-002612-bvjdm,8aa04f53-01fd-4734-936a-78334db7f7cf,1,2375.705534
2026/02/05/11:01:07,running-time,rs-002612-bvjdm,8aa04f53-01fd-4734-936a-78334db7f7cf,1,2375.705534
2026/02/05/11:01:07,apply-time,rs-002613-fq886,b8dedf0b-7513-4710-8c73-18cd65e5085e,2,2375.705534
2026/02/05/11:01:08,apply-time,rs-002611-wppgs,45aa4399-1f6e-4374-8264-202e8b748d75,4,2376.705534
2026/02/05/11:01:08,running-time,rs-002611-wppgs,45aa4399-1f6e-4374-8264-202e8b748d75,4,2376.705534
2026/02/05/11:01:08,apply-time,rs-002614-622jc,34a0e48d-3e72-4751-a770-4015d8b5a432,2,2376.705534
2026/02/05/11:01:08,running-time,rs-002614-622jc,34a0e48d-3e72-4751-a770-4015d8b5a432,2,2376.705534
2026/02/05/11:01:08,apply-time,rs-002614-dhkpn,36c96d5b-204c-4f6a-9a17-f0d114d2ce7e,2,2377.705534
2026/02/05/11:01:08,apply-time,rs-002614-lmjpx,d8ba0451-5ea2-4bba-8f3a-b081e21877d6,2,2377.705534
2026/02/05/11:01:08,running-time,rs-002614-lmjpx,d8ba0451-5ea2-4bba-8f3a-b081e21877d6,2,2377.705534
2026/02/05/11:01:08,apply-time,rs-002615-n67ss,d473bb1c-5a83-4ead-a472-6b48b5d1420f,3,2376.705534
2026/02/05/11:01:08,running-time,rs-002615-n67ss,d473bb1c-5a83-4ead-a472-6b48b5d1420f,3,2376.705534
2026/02/05/11:01:08,apply-time,rs-002616-5hpx4,e1bf8467-9d9c-48f9-b1a3-9f9ae0673aef,2,2376.705534
2026/02/05/11:01:08,running-time,rs-002616-5hpx4,e1bf8467-9d9c-48f9-b1a3-9f9ae0673aef,2,2377.705534
2026/02/05/11:01:08,apply-time,rs-002616-p5snw,dd36e3ec-4f82-450b-ae35-9b76c85a8b29,2,2376.705534
2026/02/05/11:01:08,running-time,rs-002616-p5snw,dd36e3ec-4f82-450b-ae35-9b76c85a8b29,2,2376.705534
2026/02/05/11:01:08,apply-time,rs-002617-cdh2f,70e777f2-5643-4ab1-9a48-bd2ec4c8ee26,2,2376.705534
2026/02/05/11:01:08,apply-time,rs-002618-mxdt4,dcad51c4-03e1-4c90-8256-d951ddc80de2,1,2376.705534
2026/02/05/11:01:08,running-time,rs-002618-mxdt4,dcad51c4-03e1-4c90-8256-d951ddc80de2,1,2376.705534
2026/02/05/11:01:09,running-time,rs-002614-dhkpn,36c96d5b-204c-4f6a-9a17-f0d114d2ce7e,2,2377.705534
2026/02/05/11:01:09,apply-time,rs-002618-c8zq6,61edb99f-0505-4ba6-a13b-91a1b82cf771,1,2377.705534
2026/02/05/11:01:09,running-time,rs-002618-c8zq6,61edb99f-0505-4ba6-a13b-91a1b82cf771,1,2377.705534
2026/02/05/11:01:09,apply-time,rs-002619-427p9,cdd3e23d-04c8-4c2a-8eff-d98e4004c8ca,1,2377.705534
2026/02/05/11:01:09,running-time,rs-002619-427p9,cdd3e23d-04c8-4c2a-8eff-d98e4004c8ca,1,2377.705534
2026/02/05/11:01:09,apply-time,rs-002619-vdbwh,2fb69f07-588d-470c-b529-b9131da04c54,1,2377.705534
2026/02/05/11:01:09,running-time,rs-002619-vdbwh,2fb69f07-588d-470c-b529-b9131da04c54,1,2377.705534
2026/02/05/11:01:09,apply-time,rs-002620-6q8nh,7f4fdfec-22e6-4e05-9119-660748af4a40,2,2377.705534
2026/02/05/11:01:09,apply-time,rs-002620-kxh85,412e6746-052f-4ab2-a9e9-e77be606790d,2,2377.705534
2026/02/05/11:01:09,apply-time,rs-002621-j2qnt,e2bd5ddd-f276-417b-9e85-4a7aa4bb54ee,2,2377.705534
2026/02/05/11:01:09,running-time,rs-002621-j2qnt,e2bd5ddd-f276-417b-9e85-4a7aa4bb54ee,2,2377.705534
2026/02/05/11:01:09,apply-time,rs-002622-v4qjf,b5dde268-8cf7-4297-8f9d-2395bd974a34,1,2377.705534
2026/02/05/11:01:09,running-time,rs-002622-v4qjf,b5dde268-8cf7-4297-8f9d-2395bd974a34,1,2377.705534
2026/02/05/11:01:09,apply-time,rs-002623-7wclk,30e10bee-a6e6-4a53-bf83-a7ce6c34ffe0,3,2377.705534
2026/02/05/11:01:09,running-time,rs-002623-7wclk,30e10bee-a6e6-4a53-bf83-a7ce6c34ffe0,3,2377.705534
2026/02/05/11:01:10,running-time,rs-002620-kxh85,412e6746-052f-4ab2-a9e9-e77be606790d,2,2378.705534
2026/02/05/11:01:10,apply-time,rs-002624-jd547,19673c3c-897a-4367-a33a-7c138449705f,2,2378.705534
2026/02/05/11:01:10,running-time,rs-002624-jd547,19673c3c-897a-4367-a33a-7c138449705f,2,2378.705534
2026/02/05/11:01:10,apply-time,rs-002625-c5wq2,820855df-7145-455b-8341-798d16266865,3,2378.705534
2026/02/05/11:01:10,running-time,rs-002625-c5wq2,820855df-7145-455b-8341-798d16266865,3,2378.705534
2026/02/05/11:01:10,apply-time,rs-002625-kflgg,eb359757-a796-43a2-b29d-a339b9155ce4,3,2378.705534
2026/02/05/11:01:10,running-time,rs-002625-kflgg,eb359757-a796-43a2-b29d-a339b9155ce4,3,2378.705534
2026/02/05/11:01:10,apply-time,rs-002627-7mt9w,5bfd7c47-f2b1-4b76-928f-eebac585e31b,4,2378.705534
2026/02/05/11:01:10,apply-time,rs-002627-bp4w6,ba51d731-1626-42fb-9f1a-0ab990cd12a4,4,2378.705534
2026/02/05/11:01:10,apply-time,rs-002628-2zvft,58cfaa7f-d255-4861-b865-c17a1b1d22fd,2,2379.705534
2026/02/05/11:01:10,running-time,rs-002628-2zvft,58cfaa7f-d255-4861-b865-c17a1b1d22fd,2,2379.705534
2026/02/05/11:01:11,running-time,rs-002620-6q8nh,7f4fdfec-22e6-4e05-9119-660748af4a40,2,2379.705534
2026/02/05/11:01:11,apply-time,rs-002631-fghdg,89773fbd-3268-4e8b-aa2c-9b4de05f848e,3,2379.705534
2026/02/05/11:01:11,running-time,rs-002631-fghdg,89773fbd-3268-4e8b-aa2c-9b4de05f848e,3,2379.705534
2026/02/05/11:01:11,apply-time,rs-002631-lrdcl,de21f82e-3dd2-4d0f-986a-3f6547f33f79,3,2379.705534
2026/02/05/11:01:11,running-time,rs-002631-lrdcl,de21f82e-3dd2-4d0f-986a-3f6547f33f79,3,2379.705534
2026/02/05/11:01:11,apply-time,rs-002631-zdxxr,312edb37-f0bb-40bc-a567-154715a8f6fc,3,2379.705534
2026/02/05/11:01:11,running-time,rs-002631-zdxxr,312edb37-f0bb-40bc-a567-154715a8f6fc,3,2379.705534
2026/02/05/11:01:11,apply-time,rs-002632-9glbf,110e73e7-ba0a-4f16-9f68-9d75a4f3dbfc,2,2379.705534
2026/02/05/11:01:11,apply-time,rs-002632-l6579,f26f9ff3-b666-4f56-a2e1-84d8e1e1150a,2,2379.705534
2026/02/05/11:01:11,apply-time,rs-002632-mhs6z,8d945242-fce9-4759-9ca5-eb9c3f666bba,2,2379.705534
2026/02/05/11:01:11,running-time,rs-002632-mhs6z,8d945242-fce9-4759-9ca5-eb9c3f666bba,2,2379.705534
2026/02/05/11:01:11,apply-time,rs-002633-f2bxh,b510269d-9b24-467e-847e-8ae4f0291086,4,2379.705534
2026/02/05/11:01:11,running-time,rs-002633-f2bxh,b510269d-9b24-467e-847e-8ae4f0291086,4,2379.705534
2026/02/05/11:01:11,apply-time,rs-002633-fqc8l,10fe79b8-6c1d-4b9f-baba-e04a3d71af86,4,2379.705534
2026/02/05/11:01:11,apply-time,rs-002633-mvrb6,ed316b37-1d56-4a37-bc18-f8ce067e1e41,4,2379.705534
2026/02/05/11:01:11,running-time,rs-002633-mvrb6,ed316b37-1d56-4a37-bc18-f8ce067e1e41,4,2379.705534
2026/02/05/11:01:11,apply-time,rs-002634-ht4mn,06d819f3-cb40-49ee-8ca5-fd0d750e42c5,2,2379.705534
2026/02/05/11:01:11,running-time,rs-002634-ht4mn,06d819f3-cb40-49ee-8ca5-fd0d750e42c5,2,2379.705534
2026/02/05/11:01:11,apply-time,rs-002635-7bxmk,c5d0ed75-49e8-4353-ab7b-67389f5dbf82,4,2379.705534
2026/02/05/11:01:11,running-time,rs-002635-7bxmk,c5d0ed75-49e8-4353-ab7b-67389f5dbf82,4,2379.705534
2026/02/05/11:01:11,apply-time,rs-002635-dvzjv,f4ce7029-29e9-45f8-bbd6-1b10e4768d01,4,2380.705534
2026/02/05/11:01:11,running-time,rs-002635-dvzjv,f4ce7029-29e9-45f8-bbd6-1b10e4768d01,4,2380.705534
2026/02/05/11:01:12,running-time,rs-002633-fqc8l,10fe79b8-6c1d-4b9f-baba-e04a3d71af86,4,2380.705534
2026/02/05/11:01:12,apply-time,rs-002635-5lnc4,8263c707-7c02-4d70-9387-ed979ba7d331,4,2380.705534
2026/02/05/11:01:12,running-time,rs-002635-5lnc4,8263c707-7c02-4d70-9387-ed979ba7d331,4,2380.705534
2026/02/05/11:01:12,apply-time,rs-002638-q2kmq,dade542a-8fbb-4995-b0ba-2c450f92e081,1,2380.705534
2026/02/05/11:01:12,apply-time,rs-002639-6b522,cc956901-d845-42e3-ae5d-ecc09ae02094,4,2380.705534
2026/02/05/11:01:12,running-time,rs-002639-6b522,cc956901-d845-42e3-ae5d-ecc09ae02094,4,2380.705534
2026/02/05/11:01:12,apply-time,rs-002639-s9t5j,d605720c-91af-437a-a8f5-4a53ceb8efb4,4,2380.705534
2026/02/05/11:01:12,running-time,rs-002639-s9t5j,d605720c-91af-437a-a8f5-4a53ceb8efb4,4,2380.705534
2026/02/05/11:01:12,apply-time,rs-002641-5zn5w,e4f8fa6c-ec5c-4661-a5d4-235660584ebb,2,2380.705534
2026/02/05/11:01:12,apply-time,rs-002641-dbs7x,0afeabfc-f3cb-4832-ab3f-1d4d99bafb1d,2,2380.705534
2026/02/05/11:01:12,apply-time,rs-002641-md8fp,fd81ad76-e785-4978-9e24-1271e5376703,2,2380.705534
2026/02/05/11:01:12,apply-time,rs-002642-h2xjd,ce6f2317-51e7-4f83-bbcb-d24c65d3f2f2,3,2381.705534
2026/02/05/11:01:12,running-time,rs-002642-h2xjd,ce6f2317-51e7-4f83-bbcb-d24c65d3f2f2,3,2381.705534
2026/02/05/11:01:13,running-time,rs-002632-l6579,f26f9ff3-b666-4f56-a2e1-84d8e1e1150a,2,2381.705534
2026/02/05/11:01:13,apply-time,rs-002643-zqlzh,31eaab4a-2335-4e4c-82ef-54e0513d70bd,2,2381.705534
2026/02/05/11:01:13,running-time,rs-002643-zqlzh,31eaab4a-2335-4e4c-82ef-54e0513d70bd,2,2381.705534
2026/02/05/11:01:13,apply-time,rs-002645-g9fl9,e2b3bf5a-24c1-45e3-bb73-7d42622dd060,1,2381.705534
2026/02/05/11:01:13,running-time,rs-002645-g9fl9,e2b3bf5a-24c1-45e3-bb73-7d42622dd060,1,2381.705534
2026/02/05/11:01:13,apply-time,rs-002646-cvzwc,c70a4ae6-26ce-4c90-8856-fc969bc853c0,3,2381.705534
2026/02/05/11:01:13,running-time,rs-002646-cvzwc,c70a4ae6-26ce-4c90-8856-fc969bc853c0,3,2381.705534
2026/02/05/11:01:13,apply-time,rs-002646-nfcgz,7dcdeaa9-38d8-4194-b6b4-ad6fe4c85ef9,3,2381.705534
2026/02/05/11:01:13,running-time,rs-002646-nfcgz,7dcdeaa9-38d8-4194-b6b4-ad6fe4c85ef9,3,2381.705534
2026/02/05/11:01:13,apply-time,rs-002648-bjsth,67ec8945-eab7-48d9-93cf-ead27483e251,2,2381.705534
2026/02/05/11:01:13,running-time,rs-002648-bjsth,67ec8945-eab7-48d9-93cf-ead27483e251,2,2381.705534
2026/02/05/11:01:13,apply-time,rs-002651-8qmmg,ee7928de-dfc8-4c71-a3f8-70a3e3c3d6eb,1,2382.705534
2026/02/05/11:01:13,apply-time,rs-002651-whz5g,e34db086-3c36-4066-93f1-fed6e65755f3,1,2381.705534
2026/02/05/11:01:13,apply-time,rs-002651-zkjnt,cde013a9-9c87-49b9-835e-0e99cf546e49,1,2382.705534
2026/02/05/11:01:14,running-time,rs-002604-dvw9j,646e60f7-4001-4b05-9650-c76b6f9d6f48,2,2382.705534
2026/02/05/11:01:14,running-time,rs-002632-9glbf,110e73e7-ba0a-4f16-9f68-9d75a4f3dbfc,2,2382.705534
2026/02/05/11:01:14,running-time,rs-002651-8qmmg,ee7928de-dfc8-4c71-a3f8-70a3e3c3d6eb,1,2382.705534
2026/02/05/11:01:14,apply-time,rs-002652-lsvz2,b7f27534-2d72-4399-a99a-46ce63f02242,4,2382.705534
2026/02/05/11:01:14,running-time,rs-002652-lsvz2,b7f27534-2d72-4399-a99a-46ce63f02242,4,2382.705534
2026/02/05/11:01:14,apply-time,rs-002654-7kvz8,f8c6a0a0-83d2-4ce4-9049-b25066458b38,1,2382.705534
2026/02/05/11:01:14,apply-time,rs-002654-7mtdt,5955e388-198a-4cc9-8720-3d3904dd4b35,1,2382.705534
2026/02/05/11:01:15,apply-time,rs-002658-t4pb5,54686d5c-d0b5-4d43-8796-05f0bda84a8c,4,2383.705534
2026/02/05/11:01:15,apply-time,rs-002658-xjlsz,e02001ca-6262-4c19-ae56-270119eddd68,4,2383.705534
2026/02/05/11:01:15,apply-time,rs-002659-7tbhd,e03de930-1f9a-4fc1-9869-b04a18a72348,4,2383.705534
2026/02/05/11:01:15,running-time,rs-002659-7tbhd,e03de930-1f9a-4fc1-9869-b04a18a72348,4,2383.705534
2026/02/05/11:01:15,apply-time,rs-002659-kchn5,71c270de-32d7-4ca7-a54e-4da15f595174,4,2383.705534
2026/02/05/11:01:15,apply-time,rs-002660-9rjpj,3e40e38f-e030-4e26-b414-9e315cd4a3f1,4,2383.705534
2026/02/05/11:01:15,running-time,rs-002660-9rjpj,3e40e38f-e030-4e26-b414-9e315cd4a3f1,4,2383.705534
2026/02/05/11:01:15,apply-time,rs-002660-jlj6f,389413b5-5937-46a1-8430-4e21e08ea8b1,4,2384.705534
2026/02/05/11:01:15,apply-time,rs-002660-vnzbv,20794426-eefc-4704-bdc7-cef83bf39392,4,2384.705534
2026/02/05/11:01:16,apply-time,rs-002662-s5ghd,2311b4a0-c987-4c4b-8dfc-829b20ac06ea,3,2384.705534
2026/02/05/11:01:16,running-time,rs-002662-s5ghd,2311b4a0-c987-4c4b-8dfc-829b20ac06ea,3,2384.705534
2026/02/05/11:01:16,apply-time,rs-002663-fspsm,31b00d93-4fb8-4f51-9a30-fcd7d7582782,1,2384.705534
2026/02/05/11:01:16,running-time,rs-002663-fspsm,31b00d93-4fb8-4f51-9a30-fcd7d7582782,1,2384.705534
2026/02/05/11:01:16,apply-time,rs-002663-t46jb,e4305d0c-3d4a-4afc-a235-948999eb4096,1,2384.705534
2026/02/05/11:01:16,running-time,rs-002663-t46jb,e4305d0c-3d4a-4afc-a235-948999eb4096,1,2384.705534
2026/02/05/11:01:17,running-time,rs-002659-kchn5,71c270de-32d7-4ca7-a54e-4da15f595174,4,2385.705534
2026/02/05/11:01:17,apply-time,rs-002664-mtgss,5814006e-f5f7-4210-b576-95c8872a3785,2,2385.705534
2026/02/05/11:01:17,running-time,rs-002664-mtgss,5814006e-f5f7-4210-b576-95c8872a3785,2,2385.705534
2026/02/05/11:01:17,apply-time,rs-002664-q6c8h,10a17ec0-5898-488b-8cb8-2338cbcfb5e2,2,2385.705534
2026/02/05/11:01:17,running-time,rs-002664-q6c8h,10a17ec0-5898-488b-8cb8-2338cbcfb5e2,2,2385.705534
2026/02/05/11:01:17,apply-time,rs-002666-tv9g7,cc6fa1e0-b673-4a16-b9b9-34acdf9163c2,1,2385.705534
2026/02/05/11:01:17,running-time,rs-002666-tv9g7,cc6fa1e0-b673-4a16-b9b9-34acdf9163c2,1,2385.705534
2026/02/05/11:01:17,apply-time,rs-002668-fw7dd,7000cd8c-659f-4a95-b015-bf86e9adc79e,4,2385.705534
2026/02/05/11:01:17,running-time,rs-002668-fw7dd,7000cd8c-659f-4a95-b015-bf86e9adc79e,4,2385.705534
2026/02/05/11:01:17,apply-time,rs-002669-8kv9t,db22a40d-932e-4075-ac52-2b1f0353face,4,2385.705534
2026/02/05/11:01:17,running-time,rs-002669-8kv9t,db22a40d-932e-4075-ac52-2b1f0353face,4,2385.705534
2026/02/05/11:01:18,apply-time,rs-002670-d7vkt,3aab8454-2e85-4883-a74a-4aa06f700a2a,2,2386.705534
2026/02/05/11:01:18,running-time,rs-002670-d7vkt,3aab8454-2e85-4883-a74a-4aa06f700a2a,2,2386.705534
2026/02/05/11:01:18,apply-time,rs-002670-kpsb5,459c1f56-232b-47e9-a676-cef71dfe14c5,2,2387.705534
2026/02/05/11:01:18,running-time,rs-002670-kpsb5,459c1f56-232b-47e9-a676-cef71dfe14c5,2,2387.705534
2026/02/05/11:01:18,apply-time,rs-002671-6qm7f,4ef46db7-4e43-4050-8cbc-96d69eda3229,3,2386.705534
2026/02/05/11:01:18,running-time,rs-002671-6qm7f,4ef46db7-4e43-4050-8cbc-96d69eda3229,3,2387.705534
2026/02/05/11:01:19,running-time,rs-002658-t4pb5,54686d5c-d0b5-4d43-8796-05f0bda84a8c,4,2387.705534
2026/02/05/11:01:20,apply-time,rs-002672-tkd2m,ca04197f-6ae2-4994-bfd8-356dcece251c,4,2388.705534
2026/02/05/11:01:20,running-time,rs-002672-tkd2m,ca04197f-6ae2-4994-bfd8-356dcece251c,4,2388.705534
2026/02/05/11:01:20,apply-time,rs-002673-dsfks,cf37c6fd-0cab-400d-9dce-cf3d1f2449c2,2,2388.705534
2026/02/05/11:01:20,running-time,rs-002673-dsfks,cf37c6fd-0cab-400d-9dce-cf3d1f2449c2,2,2388.705534
2026/02/05/11:01:20,apply-time,rs-002673-wzmzs,425b5340-4c45-4931-8c74-fc76cf575187,2,2389.705534
2026/02/05/11:01:20,apply-time,rs-002674-x9kq5,1198324a-eda7-4fda-833b-d4d86f58477e,2,2388.705534
2026/02/05/11:01:20,running-time,rs-002674-x9kq5,1198324a-eda7-4fda-833b-d4d86f58477e,2,2388.705534
2026/02/05/11:01:20,apply-time,rs-002675-f58qw,59b73d87-12e1-427e-b40a-a8be3b848b49,4,2388.705534
2026/02/05/11:01:20,running-time,rs-002675-f58qw,59b73d87-12e1-427e-b40a-a8be3b848b49,4,2388.705534
2026/02/05/11:01:21,apply-time,rs-002673-tdhn5,ce5502d1-57e3-4a0f-b0a3-df13b2c3ae8f,2,2389.705534
2026/02/05/11:01:21,running-time,rs-002673-tdhn5,ce5502d1-57e3-4a0f-b0a3-df13b2c3ae8f,2,2389.705534
2026/02/05/11:01:21,running-time,rs-002673-wzmzs,425b5340-4c45-4931-8c74-fc76cf575187,2,2389.705534
2026/02/05/11:01:21,apply-time,rs-002676-89lmb,94d9664e-8e6e-49bb-bbbf-e4b0dbd156ff,2,2389.705534
2026/02/05/11:01:23,apply-time,rs-002677-78ptj,2b85841b-c1f8-4f59-9d66-1a0c3886c8fd,4,2391.705534
2026/02/05/11:01:23,running-time,rs-002677-78ptj,2b85841b-c1f8-4f59-9d66-1a0c3886c8fd,4,2391.705534
2026/02/05/11:01:23,apply-time,rs-002677-847tb,f8ba7f54-6fc1-4331-b13b-b3c578d86d99,4,2391.705534
2026/02/05/11:01:23,running-time,rs-002677-847tb,f8ba7f54-6fc1-4331-b13b-b3c578d86d99,4,2391.705534
2026/02/05/11:01:23,apply-time,rs-002677-p5f6v,8a725b75-0961-407e-a1c3-5d96f69100e5,4,2391.705534
2026/02/05/11:01:23,running-time,rs-002677-p5f6v,8a725b75-0961-407e-a1c3-5d96f69100e5,4,2392.705534
2026/02/05/11:01:25,running-time,rs-002658-xjlsz,e02001ca-6262-4c19-ae56-270119eddd68,4,2394.705534
2026/02/05/11:01:25,apply-time,rs-002678-d68j2,2a3a7090-d06b-42cf-8bcd-3b02b8087886,4,2393.705534
2026/02/05/11:01:25,running-time,rs-002678-d68j2,2a3a7090-d06b-42cf-8bcd-3b02b8087886,4,2393.705534
2026/02/05/11:01:25,apply-time,rs-002678-kw88v,c29877ca-10cc-4e22-9d0b-eb1ca2867316,4,2393.705534
2026/02/05/11:01:25,running-time,rs-002678-kw88v,c29877ca-10cc-4e22-9d0b-eb1ca2867316,4,2393.705534
2026/02/05/11:01:25,apply-time,rs-002678-xk45f,6fdc880b-a72f-4d80-802f-c50b2c33c9e0,4,2393.705534
2026/02/05/11:01:25,running-time,rs-002678-xk45f,6fdc880b-a72f-4d80-802f-c50b2c33c9e0,4,2393.705534
2026/02/05/11:01:25,apply-time,rs-002679-gcvdz,42d0b2eb-dc6d-4da2-9e71-e06b540031da,4,2393.705534
2026/02/05/11:01:25,running-time,rs-002679-gcvdz,42d0b2eb-dc6d-4da2-9e71-e06b540031da,4,2393.705534
2026/02/05/11:01:25,apply-time,rs-002680-88thr,7e294e64-cb38-4856-9e98-aef7d49070cd,3,2393.705534
2026/02/05/11:01:25,running-time,rs-002680-88thr,7e294e64-cb38-4856-9e98-aef7d49070cd,3,2393.705534
2026/02/05/11:01:25,apply-time,rs-002680-gjsm8,07891feb-c288-4a05-9134-fd1bed211eec,3,2393.705534
2026/02/05/11:01:25,running-time,rs-002680-gjsm8,07891feb-c288-4a05-9134-fd1bed211eec,3,2393.705534
2026/02/05/11:01:25,apply-time,rs-002680-zbplv,20014d31-69ef-4c8d-9a31-6691a6a0fecc,3,2393.705534
2026/02/05/11:01:25,running-time,rs-002680-zbplv,20014d31-69ef-4c8d-9a31-6691a6a0fecc,3,2393.705534
2026/02/05/11:01:25,apply-time,rs-002681-2bdhn,1f096716-9bbc-4714-9535-311a3462e050,4,2393.705534
2026/02/05/11:01:25,running-time,rs-002681-2bdhn,1f096716-9bbc-4714-9535-311a3462e050,4,2393.705534
2026/02/05/11:01:25,apply-time,rs-002681-6xprv,69399d17-f835-4ed3-b5b0-dc354c59933d,4,2393.705534
2026/02/05/11:01:25,running-time,rs-002681-6xprv,69399d17-f835-4ed3-b5b0-dc354c59933d,4,2393.705534
2026/02/05/11:01:25,apply-time,rs-002682-764bg,2d0fec34-388d-4a90-958c-e6ebe44c489a,1,2393.705534
2026/02/05/11:01:25,running-time,rs-002682-764bg,2d0fec34-388d-4a90-958c-e6ebe44c489a,1,2393.705534
2026/02/05/11:01:25,apply-time,rs-002682-lp9nl,9551bc47-59b8-4b58-8cbc-b16abb1a14b9,1,2394.705534
2026/02/05/11:01:25,running-time,rs-002682-lp9nl,9551bc47-59b8-4b58-8cbc-b16abb1a14b9,1,2394.705534
2026/02/05/11:01:26,apply-time,rs-002683-8nf6m,0acf1d2d-3ed6-44f5-9c38-ab8fb379d337,1,2394.705534
2026/02/05/11:01:26,apply-time,rs-002683-bgtb5,e0a21014-20e5-43a2-9fec-4d3696f00838,1,2394.705534
2026/02/05/11:01:26,apply-time,rs-002684-cmwp9,8528ba7c-42c7-4f0d-a116-95594ab4f4ce,1,2394.705534
2026/02/05/11:01:26,running-time,rs-002684-cmwp9,8528ba7c-42c7-4f0d-a116-95594ab4f4ce,1,2394.705534
2026/02/05/11:01:26,apply-time,rs-002684-xc8s7,2bc48e13-b0b3-4019-a875-9f9898f55acf,1,2394.705534
2026/02/05/11:01:26,running-time,rs-002684-xc8s7,2bc48e13-b0b3-4019-a875-9f9898f55acf,1,2394.705534
2026/02/05/11:01:26,apply-time,rs-002685-6vk54,677fb64b-23f6-48b0-8d0c-280f0e64f709,3,2394.705534
2026/02/05/11:01:26,running-time,rs-002685-6vk54,677fb64b-23f6-48b0-8d0c-280f0e64f709,3,2394.705534
2026/02/05/11:01:27,running-time,rs-002641-md8fp,fd81ad76-e785-4978-9e24-1271e5376703,2,2396.705534
2026/02/05/11:01:27,running-time,rs-002683-8nf6m,0acf1d2d-3ed6-44f5-9c38-ab8fb379d337,1,2395.705534
2026/02/05/11:01:27,running-time,rs-002683-bgtb5,e0a21014-20e5-43a2-9fec-4d3696f00838,1,2395.705534
2026/02/05/11:01:30,apply-time,rs-002686-hzdwz,5f119546-8766-4157-b8f7-494568a00f3b,1,2398.705534
2026/02/05/11:01:30,running-time,rs-002686-hzdwz,5f119546-8766-4157-b8f7-494568a00f3b,1,2398.705534
2026/02/05/11:01:30,apply-time,rs-002686-rlr86,745ed870-3bc5-48fa-a9ea-8c1d2aedc704,1,2398.705534
2026/02/05/11:01:30,running-time,rs-002686-rlr86,745ed870-3bc5-48fa-a9ea-8c1d2aedc704,1,2398.705534
2026/02/05/11:01:37,apply-time,rs-002687-vmljt,367aea23-fba3-4edd-9cad-a82e30673eae,4,2406.705534
2026/02/05/11:01:37,running-time,rs-002687-vmljt,367aea23-fba3-4edd-9cad-a82e30673eae,4,2406.705534
2026/02/05/11:01:37,apply-time,rs-002688-k9hps,ee8203e1-7201-457f-80d9-0a1906931e04,4,2406.705534
2026/02/05/11:01:37,running-time,rs-002688-k9hps,ee8203e1-7201-457f-80d9-0a1906931e04,4,2406.705534
2026/02/05/11:01:37,apply-time,rs-002688-kpqc8,7aa8c29d-d571-48ad-a2f1-9bef39570adb,4,2406.705534
2026/02/05/11:01:37,running-time,rs-002688-kpqc8,7aa8c29d-d571-48ad-a2f1-9bef39570adb,4,2406.705534
2026/02/05/11:01:37,apply-time,rs-002688-lg7rf,1d11ad9c-b7d6-450d-b7cd-b4beabfd395d,4,2406.705534
2026/02/05/11:01:37,running-time,rs-002688-lg7rf,1d11ad9c-b7d6-450d-b7cd-b4beabfd395d,4,2406.705534
2026/02/05/11:01:39,apply-time,rs-002689-5xd2j,e762b970-78dd-44f5-ad03-5448add659cb,1,2407.705534
2026/02/05/11:01:39,running-time,rs-002689-5xd2j,e762b970-78dd-44f5-ad03-5448add659cb,1,2407.705534
2026/02/05/11:01:39,apply-time,rs-002689-cgh8q,bfe0abdb-efb5-4143-8c14-c0cb4d8351c9,1,2407.705534
2026/02/05/11:01:39,running-time,rs-002689-cgh8q,bfe0abdb-efb5-4143-8c14-c0cb4d8351c9,1,2407.705534
2026/02/05/11:01:39,apply-time,rs-002689-kplhb,a43c027c-e6ed-40e0-bd15-c957c22ba0ec,1,2407.705534
2026/02/05/11:01:39,running-time,rs-002689-kplhb,a43c027c-e6ed-40e0-bd15-c957c22ba0ec,1,2407.705534
2026/02/05/11:01:39,apply-time,rs-002690-2hzxr,441448f4-7591-4a19-ad43-58af2881eaa9,4,2407.705534
2026/02/05/11:01:39,running-time,rs-002690-2hzxr,441448f4-7591-4a19-ad43-58af2881eaa9,4,2407.705534
2026/02/05/11:01:39,apply-time,rs-002691-8sjqp,d95b8b0b-a80f-473b-bceb-1e359341dd9c,2,2407.705534
2026/02/05/11:01:39,apply-time,rs-002691-smpn7,ded9a635-6f83-4e88-8a21-d2252759ee48,2,2407.705534
2026/02/05/11:01:39,running-time,rs-002691-smpn7,ded9a635-6f83-4e88-8a21-d2252759ee48,2,2407.705534
2026/02/05/11:01:39,apply-time,rs-002692-42dcb,7ef9c2a8-9ac2-4d9e-b615-b25fd194a145,2,2407.705534
2026/02/05/11:01:39,running-time,rs-002692-42dcb,7ef9c2a8-9ac2-4d9e-b615-b25fd194a145,2,2407.705534
2026/02/05/11:01:39,apply-time,rs-002692-7mdg6,ea64db5a-a453-47b3-b9da-0d50da5f09b2,2,2407.705534
2026/02/05/11:01:39,running-time,rs-002692-7mdg6,ea64db5a-a453-47b3-b9da-0d50da5f09b2,2,2407.705534
2026/02/05/11:01:39,apply-time,rs-002693-v98kw,d6085836-f060-4b06-af9b-4a7d84d0eaf6,4,2407.705534
2026/02/05/11:01:39,running-time,rs-002693-v98kw,d6085836-f060-4b06-af9b-4a7d84d0eaf6,4,2407.705534
2026/02/05/11:01:39,apply-time,rs-002694-b59nn,27d8c639-0257-4164-877e-8baa8f44bfd1,4,2408.705534
2026/02/05/11:01:39,running-time,rs-002694-b59nn,27d8c639-0257-4164-877e-8baa8f44bfd1,4,2408.705534
2026/02/05/11:01:39,apply-time,rs-002694-mnz7l,e3c23550-dd1f-4e4f-bd35-03bd407eb330,4,2407.705534
2026/02/05/11:01:39,running-time,rs-002694-mnz7l,e3c23550-dd1f-4e4f-bd35-03bd407eb330,4,2407.705534
2026/02/05/11:01:39,apply-time,rs-002695-x85pn,b5cabdb8-892f-4b9e-b434-bec56ec1f9bd,1,2407.705534
2026/02/05/11:01:39,running-time,rs-002695-x85pn,b5cabdb8-892f-4b9e-b434-bec56ec1f9bd,1,2407.705534
2026/02/05/11:01:40,running-time,rs-002691-8sjqp,d95b8b0b-a80f-473b-bceb-1e359341dd9c,2,2408.705534
2026/02/05/11:01:40,apply-time,rs-002695-djk64,84df08a6-a342-4d51-9974-151c3e14d139,1,2408.705534
2026/02/05/11:01:40,running-time,rs-002695-djk64,84df08a6-a342-4d51-9974-151c3e14d139,1,2408.705534
2026/02/05/11:01:40,apply-time,rs-002695-ngq7x,6869475b-ea53-4cb1-a876-266400b746c5,1,2408.705534
2026/02/05/11:01:40,running-time,rs-002695-ngq7x,6869475b-ea53-4cb1-a876-266400b746c5,1,2408.705534
2026/02/05/11:01:40,apply-time,rs-002696-mt8nh,db3b4f34-458b-4d13-b4f9-b222c6793019,4,2408.705534
2026/02/05/11:01:40,running-time,rs-002696-mt8nh,db3b4f34-458b-4d13-b4f9-b222c6793019,4,2408.705534
2026/02/05/11:01:40,apply-time,rs-002696-mw8wh,433209e0-b0f2-4969-aae9-0a2547135313,4,2408.705534
2026/02/05/11:01:40,running-time,rs-002696-mw8wh,433209e0-b0f2-4969-aae9-0a2547135313,4,2408.705534
2026/02/05/11:01:40,apply-time,rs-002696-x5d65,4c3a7b3b-f7b5-475e-8336-e5a24efb82de,4,2408.705534
2026/02/05/11:01:40,running-time,rs-002696-x5d65,4c3a7b3b-f7b5-475e-8336-e5a24efb82de,4,2408.705534
2026/02/05/11:01:40,apply-time,rs-002697-7p4gh,0a8d03fb-59da-4eab-af30-07949507f8f0,1,2408.705534
2026/02/05/11:01:40,running-time,rs-002697-7p4gh,0a8d03fb-59da-4eab-af30-07949507f8f0,1,2409.705534
2026/02/05/11:01:40,apply-time,rs-002697-w59ds,e93d89c6-2d63-4032-b02e-ce707240f66a,1,2408.705534
2026/02/05/11:01:40,running-time,rs-002697-w59ds,e93d89c6-2d63-4032-b02e-ce707240f66a,1,2408.705534
2026/02/05/11:01:40,apply-time,rs-002698-4gxmq,7fd1d663-09f1-46a0-bbe2-beabdb6aadf8,2,2408.705534
2026/02/05/11:01:40,running-time,rs-002698-4gxmq,7fd1d663-09f1-46a0-bbe2-beabdb6aadf8,2,2408.705534
2026/02/05/11:01:40,apply-time,rs-002698-8vtlw,4abd2a7b-f2e0-45da-808b-ccc04482c75b,2,2408.705534
2026/02/05/11:01:40,running-time,rs-002698-8vtlw,4abd2a7b-f2e0-45da-808b-ccc04482c75b,2,2408.705534
2026/02/05/11:01:40,apply-time,rs-002698-mrp2h,831f3bca-9c87-4201-8b23-a6e40625b412,2,2408.705534
2026/02/05/11:01:40,running-time,rs-002698-mrp2h,831f3bca-9c87-4201-8b23-a6e40625b412,2,2408.705534
2026/02/05/11:01:40,apply-time,rs-002699-jwsz4,2b3849a3-a9b6-4476-a879-36739054a685,2,2408.705534
2026/02/05/11:01:40,running-time,rs-002699-jwsz4,2b3849a3-a9b6-4476-a879-36739054a685,2,2408.705534
2026/02/05/11:01:40,apply-time,rs-002700-9vr87,b8a3f303-8dfd-41dd-a667-428f4fa582da,3,2408.705534
2026/02/05/11:01:40,running-time,rs-002700-9vr87,b8a3f303-8dfd-41dd-a667-428f4fa582da,3,2408.705534
2026/02/05/11:01:41,apply-time,rs-002699-m9bth,a6468065-1fce-45e6-95d7-bcd75dbf1050,2,2409.705534
2026/02/05/11:01:41,running-time,rs-002699-m9bth,a6468065-1fce-45e6-95d7-bcd75dbf1050,2,2409.705534
2026/02/05/11:01:41,apply-time,rs-002700-lsm47,36eebf04-aeac-4a9c-ae01-57eadd4c8f99,3,2409.705534
2026/02/05/11:01:41,apply-time,rs-002702-htdsd,918da04d-f480-44fb-954a-2ce866940e2a,3,2409.705534
2026/02/05/11:01:41,running-time,rs-002702-htdsd,918da04d-f480-44fb-954a-2ce866940e2a,3,2409.705534
2026/02/05/11:01:41,apply-time,rs-002702-rk552,0bf0dfe9-70aa-424f-9cd8-ec61c63921b8,3,2409.705534
2026/02/05/11:01:41,running-time,rs-002702-rk552,0bf0dfe9-70aa-424f-9cd8-ec61c63921b8,3,2409.705534
2026/02/05/11:01:41,apply-time,rs-002702-sfhhq,b7fcf5bb-87fb-4cd1-ab01-fe934ba1a252,3,2409.705534
2026/02/05/11:01:41,running-time,rs-002702-sfhhq,b7fcf5bb-87fb-4cd1-ab01-fe934ba1a252,3,2409.705534
2026/02/05/11:01:41,apply-time,rs-002703-ltrsd,19801edb-2173-4991-a63c-5b4fd5afa711,1,2409.705534
2026/02/05/11:01:41,apply-time,rs-002703-q8g5j,7e83333a-a649-4c82-b606-b99259c43d41,1,2409.705534
2026/02/05/11:01:42,running-time,rs-002700-lsm47,36eebf04-aeac-4a9c-ae01-57eadd4c8f99,3,2410.705534
2026/02/05/11:01:47,running-time,rs-002703-ltrsd,19801edb-2173-4991-a63c-5b4fd5afa711,1,2416.705534
2026/02/05/11:01:51,apply-time,rs-002704-49h6t,72fdd939-d05d-4616-a6ef-8a8cdf43d11c,1,2419.705534
2026/02/05/11:01:51,apply-time,rs-002704-lvq5z,aedcc801-4edf-49a8-bb64-3cfc6188dc81,1,2419.705534
2026/02/05/11:01:51,running-time,rs-002704-lvq5z,aedcc801-4edf-49a8-bb64-3cfc6188dc81,1,2419.705534
2026/02/05/11:01:51,apply-time,rs-002705-bpbws,f54e54b3-d5b0-4860-801b-9674c0c542e0,1,2419.705534
2026/02/05/11:01:51,apply-time,rs-002705-mqp9d,a1b3bdce-2c16-4eaf-bacb-9715b5f44fbd,1,2419.705534
2026/02/05/11:01:51,apply-time,rs-002705-tll6d,238792ea-3185-4e23-a7c4-526d11d18800,1,2419.705534
2026/02/05/11:01:51,apply-time,rs-002706-cbn4j,fd992143-efe5-4de6-8909-edfbaf34410e,1,2419.705534
2026/02/05/11:01:51,apply-time,rs-002707-68xj6,4f83e346-d5a3-42de-a4e4-04a65455ca15,3,2420.705534
2026/02/05/11:01:51,running-time,rs-002707-68xj6,4f83e346-d5a3-42de-a4e4-04a65455ca15,3,2420.705534
2026/02/05/11:01:51,apply-time,rs-002707-fkbz2,3231c52d-a24c-4408-837e-72797e16b9cb,3,2420.705534
2026/02/05/11:01:51,running-time,rs-002707-fkbz2,3231c52d-a24c-4408-837e-72797e16b9cb,3,2420.705534
2026/02/05/11:01:51,apply-time,rs-002708-6k4pw,1f9e2d98-5f37-46b4-bd09-c5de72d1f056,3,2420.705534
2026/02/05/11:01:51,running-time,rs-002708-6k4pw,1f9e2d98-5f37-46b4-bd09-c5de72d1f056,3,2420.705534
2026/02/05/11:01:51,apply-time,rs-002708-vtjs8,6342c5db-9e2d-4293-ad68-513a6d6b77be,3,2420.705534
2026/02/05/11:01:51,running-time,rs-002708-vtjs8,6342c5db-9e2d-4293-ad68-513a6d6b77be,3,2420.705534
2026/02/05/11:01:51,apply-time,rs-002709-h9w8n,61dcea79-8ebd-4976-b54c-78cbbf43762f,2,2419.705534
2026/02/05/11:01:51,running-time,rs-002709-h9w8n,61dcea79-8ebd-4976-b54c-78cbbf43762f,2,2420.705534
2026/02/05/11:01:59,running-time,rs-002703-q8g5j,7e83333a-a649-4c82-b606-b99259c43d41,1,2427.705534
2026/02/05/11:01:59,running-time,rs-002704-49h6t,72fdd939-d05d-4616-a6ef-8a8cdf43d11c,1,2427.705534
2026/02/05/11:01:59,running-time,rs-002705-bpbws,f54e54b3-d5b0-4860-801b-9674c0c542e0,1,2427.705534
2026/02/05/11:02:04,apply-time,rs-002710-xxv8h,2834a4a5-37bd-411a-ad14-ba84115e241b,4,2433.705534
2026/02/05/11:02:04,running-time,rs-002710-xxv8h,2834a4a5-37bd-411a-ad14-ba84115e241b,4,2433.705534
2026/02/05/11:02:04,apply-time,rs-002710-z7wrq,a29fa715-25bd-4717-83c2-37abdbffa48c,4,2433.705534
2026/02/05/11:02:04,running-time,rs-002710-z7wrq,a29fa715-25bd-4717-83c2-37abdbffa48c,4,2433.705534
2026/02/05/11:02:04,apply-time,rs-002711-6k4mm,cc2e683d-1f51-4573-80b7-62d2401f9ed2,1,2433.705534
2026/02/05/11:02:04,running-time,rs-002711-6k4mm,cc2e683d-1f51-4573-80b7-62d2401f9ed2,1,2433.705534
2026/02/05/11:02:04,apply-time,rs-002712-khgkx,d2fd349f-65d6-436d-be60-10232aec5773,4,2433.705534
2026/02/05/11:02:04,apply-time,rs-002713-hqdwn,e7163af2-9005-4211-9a9f-b93b7a20da83,1,2433.705534
2026/02/05/11:02:05,apply-time,rs-002713-hmprv,d0956568-edce-4928-9f8b-c79fa6e498aa,1,2433.705534
2026/02/05/11:02:05,running-time,rs-002713-hmprv,d0956568-edce-4928-9f8b-c79fa6e498aa,1,2433.705534
2026/02/05/11:02:05,running-time,rs-002713-hqdwn,e7163af2-9005-4211-9a9f-b93b7a20da83,1,2433.705534
2026/02/05/11:02:05,apply-time,rs-002713-xch2m,f68a0401-3b07-4369-a229-862578bb7f53,1,2433.705534
2026/02/05/11:02:05,apply-time,rs-002714-6pnnv,306c450e-b84d-4e23-8cf9-44b9388c5734,1,2433.705534
2026/02/05/11:02:05,running-time,rs-002714-6pnnv,306c450e-b84d-4e23-8cf9-44b9388c5734,1,2433.705534
2026/02/05/11:02:09,running-time,rs-002712-khgkx,d2fd349f-65d6-436d-be60-10232aec5773,4,2437.705534
2026/02/05/11:02:09,running-time,rs-002713-xch2m,f68a0401-3b07-4369-a229-862578bb7f53,1,2437.705534
2026/02/05/11:02:10,apply-time,rs-002715-fcfxf,80ec773d-bb95-4825-bdd7-807928fbe7a1,3,2439.705534
2026/02/05/11:02:10,running-time,rs-002715-fcfxf,80ec773d-bb95-4825-bdd7-807928fbe7a1,3,2439.705534
2026/02/05/11:02:10,apply-time,rs-002715-mk78b,79d44a88-ccca-4691-813f-fddede4d0c8c,3,2439.705534
2026/02/05/11:02:10,running-time,rs-002715-mk78b,79d44a88-ccca-4691-813f-fddede4d0c8c,3,2439.705534
2026/02/05/11:02:10,apply-time,rs-002715-p7p4w,580b3112-6fad-4e09-ae16-8809c891f25e,3,2439.705534
2026/02/05/11:02:10,running-time,rs-002715-p7p4w,580b3112-6fad-4e09-ae16-8809c891f25e,3,2439.705534
2026/02/05/11:02:10,apply-time,rs-002716-cg886,3d79d065-c662-41fc-acb6-44a989a3769e,3,2439.705534
2026/02/05/11:02:10,running-time,rs-002716-cg886,3d79d065-c662-41fc-acb6-44a989a3769e,3,2439.705534
2026/02/05/11:02:10,apply-time,rs-002716-m4qzz,160f690c-630a-4338-9e82-e2f4315f3c3e,3,2439.705534
2026/02/05/11:02:10,running-time,rs-002716-m4qzz,160f690c-630a-4338-9e82-e2f4315f3c3e,3,2439.705534
2026/02/05/11:02:10,apply-time,rs-002717-k8ps5,b3464071-86b3-40f4-b20a-153bf59f77ad,3,2439.705534
2026/02/05/11:02:10,running-time,rs-002717-k8ps5,b3464071-86b3-40f4-b20a-153bf59f77ad,3,2439.705534
2026/02/05/11:02:10,apply-time,rs-002717-rns6g,dbd290d6-f8f7-407b-992b-7e44307dd46b,3,2439.705534
2026/02/05/11:02:10,running-time,rs-002717-rns6g,dbd290d6-f8f7-407b-992b-7e44307dd46b,3,2439.705534
2026/02/05/11:02:10,apply-time,rs-002717-xb9fl,3d79ef6b-6701-4ab0-a793-af93f2d3fac3,3,2439.705534
2026/02/05/11:02:10,running-time,rs-002717-xb9fl,3d79ef6b-6701-4ab0-a793-af93f2d3fac3,3,2439.705534
2026/02/05/11:02:10,apply-time,rs-002718-mhcvc,42c51fff-ed32-40e8-a384-fadeab0f5980,2,2439.705534
2026/02/05/11:02:10,running-time,rs-002718-mhcvc,42c51fff-ed32-40e8-a384-fadeab0f5980,2,2439.705534
2026/02/05/11:02:11,apply-time,rs-002719-sgvxp,9b363de4-2657-4961-8aa3-3714f9edf444,3,2439.705534
2026/02/05/11:02:11,apply-time,rs-002719-t97qc,489a5828-0b93-4016-929b-627029695d35,3,2439.705534
2026/02/05/11:02:11,apply-time,rs-002719-tvmgv,1f673364-32e9-4b6e-90dc-785d4e0c1cc8,3,2439.705534
2026/02/05/11:02:12,apply-time,rs-002720-jf7h5,3f774bd0-0f4e-4b43-be5d-95b1934a52e3,1,2441.705534
2026/02/05/11:02:12,running-time,rs-002720-jf7h5,3f774bd0-0f4e-4b43-be5d-95b1934a52e3,1,2441.705534
2026/02/05/11:02:14,apply-time,rs-002721-75qrz,1ffc4fd3-10ef-4846-aa84-536daf065f66,4,2442.705534
2026/02/05/11:02:14,apply-time,rs-002721-pdrb2,6a2c7cd3-6a3b-40e3-a892-cff97b23736c,4,2442.705534
2026/02/05/11:02:14,running-time,rs-002721-pdrb2,6a2c7cd3-6a3b-40e3-a892-cff97b23736c,4,2442.705534
2026/02/05/11:02:14,apply-time,rs-002721-qzpwm,02aebc41-bc8f-4b2b-bca8-5c0a1156c477,4,2442.705534
2026/02/05/11:02:14,apply-time,rs-002722-zj4tq,5000f0c4-0969-4b3e-bed2-551ae720a701,3,2442.705534
2026/02/05/11:02:14,apply-time,rs-002723-xlwdg,511ce9c2-c7cd-43f0-944d-94bbafb57458,1,2442.705534
2026/02/05/11:02:14,apply-time,rs-002724-cht86,0f545260-6728-4f75-b1bf-e5de068d7afa,3,2442.705534
2026/02/05/11:02:14,running-time,rs-002724-cht86,0f545260-6728-4f75-b1bf-e5de068d7afa,3,2442.705534
2026/02/05/11:02:14,apply-time,rs-002725-ss4kd,918938ae-a6dc-422c-a816-8b49733ada53,2,2442.705534
2026/02/05/11:02:14,running-time,rs-002725-ss4kd,918938ae-a6dc-422c-a816-8b49733ada53,2,2442.705534
2026/02/05/11:02:14,apply-time,rs-002726-crqgn,588eb4b3-4e3b-4a18-a3f4-7d747aac071f,4,2442.705534
2026/02/05/11:02:14,running-time,rs-002726-crqgn,588eb4b3-4e3b-4a18-a3f4-7d747aac071f,4,2442.705534
2026/02/05/11:02:14,apply-time,rs-002726-p8dnv,26f14835-c4d2-433e-ad48-30dc647e1ed8,4,2442.705534
2026/02/05/11:02:14,running-time,rs-002726-p8dnv,26f14835-c4d2-433e-ad48-30dc647e1ed8,4,2442.705534
2026/02/05/11:02:14,apply-time,rs-002727-p5rdd,708921db-7489-4c29-a233-1b109892f7d0,3,2443.705534
2026/02/05/11:02:14,apply-time,rs-002728-d4w6w,fede3a79-53f8-4318-ae35-3734a81254e6,1,2442.705534
2026/02/05/11:02:14,running-time,rs-002728-d4w6w,fede3a79-53f8-4318-ae35-3734a81254e6,1,2442.705534
2026/02/05/11:02:15,running-time,rs-002727-p5rdd,708921db-7489-4c29-a233-1b109892f7d0,3,2444.705534
2026/02/05/11:02:15,apply-time,rs-002729-s8thn,de80cc89-d540-4e56-9e77-e9fe7b732e79,2,2443.705534
2026/02/05/11:02:15,running-time,rs-002729-s8thn,de80cc89-d540-4e56-9e77-e9fe7b732e79,2,2443.705534
2026/02/05/11:02:15,apply-time,rs-002730-f2bcb,3eeef339-2b34-4e46-b290-4b995cebd8d4,1,2443.705534
2026/02/05/11:02:15,running-time,rs-002730-f2bcb,3eeef339-2b34-4e46-b290-4b995cebd8d4,1,2443.705534
2026/02/05/11:02:15,apply-time,rs-002730-lkxtm,123e2873-a0e5-4977-b601-63c5676a9042,1,2443.705534
2026/02/05/11:02:15,running-time,rs-002730-lkxtm,123e2873-a0e5-4977-b601-63c5676a9042,1,2444.705534
2026/02/05/11:02:15,apply-time,rs-002730-pzxrd,9c7d20f8-4f15-46a6-bf49-7753c48bc0e8,1,2443.705534
2026/02/05/11:02:15,running-time,rs-002730-pzxrd,9c7d20f8-4f15-46a6-bf49-7753c48bc0e8,1,2443.705534
2026/02/05/11:02:15,apply-time,rs-002731-thgcz,3e81d28e-397a-4149-a499-f0e5e1790242,1,2444.705534
2026/02/05/11:02:15,running-time,rs-002731-thgcz,3e81d28e-397a-4149-a499-f0e5e1790242,1,2444.705534
2026/02/05/11:02:15,apply-time,rs-002732-bfvtj,e86b5a1f-b84a-47ae-aea7-6598a03da660,3,2444.705534
2026/02/05/11:02:16,running-time,rs-002732-bfvtj,e86b5a1f-b84a-47ae-aea7-6598a03da660,3,2445.705534
2026/02/05/11:02:16,apply-time,rs-002733-ngplr,5260f08c-1ef0-4da6-a899-731357fa1c6f,4,2444.705534
2026/02/05/11:02:16,running-time,rs-002733-ngplr,5260f08c-1ef0-4da6-a899-731357fa1c6f,4,2444.705534
2026/02/05/11:02:16,apply-time,rs-002734-jb5nr,9b09a826-bec2-42a7-a674-a532135ccf6c,4,2444.705534
2026/02/05/11:02:16,running-time,rs-002734-jb5nr,9b09a826-bec2-42a7-a674-a532135ccf6c,4,2444.705534
2026/02/05/11:02:16,apply-time,rs-002734-v2xgf,b5a07210-b676-48ec-a1ac-bfcb938cbcab,4,2444.705534
2026/02/05/11:02:16,running-time,rs-002734-v2xgf,b5a07210-b676-48ec-a1ac-bfcb938cbcab,4,2444.705534
2026/02/05/11:02:16,apply-time,rs-002735-xhvc2,2b6ce51a-c809-4750-ac5c-259b2ddb92a1,2,2444.705534
2026/02/05/11:02:16,running-time,rs-002735-xhvc2,2b6ce51a-c809-4750-ac5c-259b2ddb92a1,2,2444.705534
2026/02/05/11:02:16,apply-time,rs-002736-559vh,bbef1640-a224-4f07-85f5-54d5ac4fe4cc,1,2444.705534
2026/02/05/11:02:16,running-time,rs-002736-559vh,bbef1640-a224-4f07-85f5-54d5ac4fe4cc,1,2444.705534
2026/02/05/11:02:16,apply-time,rs-002736-fhpft,cd130e08-21fd-4a85-8c3e-dbda2afe55ed,1,2444.705534
2026/02/05/11:02:16,running-time,rs-002736-fhpft,cd130e08-21fd-4a85-8c3e-dbda2afe55ed,1,2444.705534
2026/02/05/11:02:16,apply-time,rs-002736-xbz78,4710e676-2335-4fb6-92e9-a9fab9d8b392,1,2444.705534
2026/02/05/11:02:16,running-time,rs-002736-xbz78,4710e676-2335-4fb6-92e9-a9fab9d8b392,1,2444.705534
2026/02/05/11:02:18,running-time,rs-002721-75qrz,1ffc4fd3-10ef-4846-aa84-536daf065f66,4,2446.705534
2026/02/05/11:02:18,running-time,rs-002721-qzpwm,02aebc41-bc8f-4b2b-bca8-5c0a1156c477,4,2446.705534
2026/02/05/11:02:23,running-time,rs-002705-mqp9d,a1b3bdce-2c16-4eaf-bacb-9715b5f44fbd,1,2451.705534
2026/02/05/11:02:23,running-time,rs-002705-tll6d,238792ea-3185-4e23-a7c4-526d11d18800,1,2451.705534
2026/02/05/11:02:23,running-time,rs-002723-xlwdg,511ce9c2-c7cd-43f0-944d-94bbafb57458,1,2452.705534
2026/02/05/11:02:30,apply-time,rs-002737-9lxsq,bf9d5fa6-eb75-489a-81a9-41ff868d52e1,1,2458.705534
2026/02/05/11:02:30,running-time,rs-002737-9lxsq,bf9d5fa6-eb75-489a-81a9-41ff868d52e1,1,2458.705534
2026/02/05/11:02:30,apply-time,rs-002738-66qf6,187d797f-0ad3-4162-9e29-e028f48edc68,3,2458.705534
2026/02/05/11:02:30,running-time,rs-002738-66qf6,187d797f-0ad3-4162-9e29-e028f48edc68,3,2458.705534
2026/02/05/11:02:30,apply-time,rs-002739-487pj,0326946f-963d-4402-a902-77173efb8091,1,2458.705534
2026/02/05/11:02:30,running-time,rs-002739-487pj,0326946f-963d-4402-a902-77173efb8091,1,2458.705534
2026/02/05/11:02:30,apply-time,rs-002739-kb5hj,f9aa0eea-1857-4805-aa40-eb0a94d83079,1,2458.705534
2026/02/05/11:02:30,running-time,rs-002739-kb5hj,f9aa0eea-1857-4805-aa40-eb0a94d83079,1,2458.705534
2026/02/05/11:02:30,apply-time,rs-002739-rlh9h,527d680a-0d60-467c-99ac-8ec5c48dd899,1,2458.705534
2026/02/05/11:02:30,running-time,rs-002739-rlh9h,527d680a-0d60-467c-99ac-8ec5c48dd899,1,2458.705534
2026/02/05/11:02:30,apply-time,rs-002740-5lhw2,936189c0-19fb-4410-a7a8-9e16476172ae,1,2458.705534
2026/02/05/11:02:30,running-time,rs-002740-5lhw2,936189c0-19fb-4410-a7a8-9e16476172ae,1,2458.705534
2026/02/05/11:02:30,apply-time,rs-002741-vsk5z,6c71965f-8379-4007-81af-7f6aea959632,3,2458.705534
2026/02/05/11:02:30,apply-time,rs-002742-v4b72,6d58222d-f4fb-42a5-9fc4-7fc2e90770a6,2,2459.705534
2026/02/05/11:02:30,running-time,rs-002742-v4b72,6d58222d-f4fb-42a5-9fc4-7fc2e90770a6,2,2459.705534
2026/02/05/11:02:31,apply-time,rs-002743-5j44b,c582a8ad-52d8-4f27-8f31-fea1a465bc1f,3,2459.705534
2026/02/05/11:02:31,running-time,rs-002743-5j44b,c582a8ad-52d8-4f27-8f31-fea1a465bc1f,3,2460.705534
2026/02/05/11:02:31,apply-time,rs-002743-tfllv,29eddf09-e865-40c3-b78f-a3d29cc774a2,3,2459.705534
2026/02/05/11:02:31,running-time,rs-002743-tfllv,29eddf09-e865-40c3-b78f-a3d29cc774a2,3,2459.705534
2026/02/05/11:02:31,apply-time,rs-002744-g8nmh,b49f7a54-172e-4a1d-84a5-9e1be7a8d89e,1,2459.705534
2026/02/05/11:02:31,running-time,rs-002744-g8nmh,b49f7a54-172e-4a1d-84a5-9e1be7a8d89e,1,2459.705534
2026/02/05/11:02:31,apply-time,rs-002744-pnvrz,8e82cf4a-79a4-437b-a43a-5528f103fd60,1,2459.705534
2026/02/05/11:02:31,running-time,rs-002744-pnvrz,8e82cf4a-79a4-437b-a43a-5528f103fd60,1,2459.705534
2026/02/05/11:02:31,apply-time,rs-002744-vzb9j,2a74f11a-21ee-43af-b737-f24b85f5e183,1,2459.705534
2026/02/05/11:02:31,running-time,rs-002744-vzb9j,2a74f11a-21ee-43af-b737-f24b85f5e183,1,2459.705534
2026/02/05/11:02:31,apply-time,rs-002745-kztv4,5746e71e-0763-4391-85f4-f9a17568c967,4,2459.705534
2026/02/05/11:02:31,running-time,rs-002745-kztv4,5746e71e-0763-4391-85f4-f9a17568c967,4,2459.705534
2026/02/05/11:02:31,apply-time,rs-002746-bfggn,dd417ba2-b7b7-4d37-a2b7-9f7336a41c36,1,2459.705534
2026/02/05/11:02:31,apply-time,rs-002746-dkc2r,97eb2478-e8a2-4397-a7a2-e43e89a8a019,1,2460.705534
2026/02/05/11:02:31,apply-time,rs-002748-qnh8h,51488a71-282c-491e-8f0e-5c383fc02704,3,2459.705534
2026/02/05/11:02:31,running-time,rs-002748-qnh8h,51488a71-282c-491e-8f0e-5c383fc02704,3,2459.705534
2026/02/05/11:02:32,running-time,rs-002746-dkc2r,97eb2478-e8a2-4397-a7a2-e43e89a8a019,1,2461.705534
2026/02/05/11:02:32,apply-time,rs-002747-6thpr,f4bbadf1-c109-4761-b6c2-bcb8586e4f42,3,2460.705534
2026/02/05/11:02:32,running-time,rs-002747-6thpr,f4bbadf1-c109-4761-b6c2-bcb8586e4f42,3,2460.705534
2026/02/05/11:02:32,apply-time,rs-002747-rlmpr,60a55c6f-81de-45d2-90db-ecec8f4a67e0,3,2460.705534
2026/02/05/11:02:32,running-time,rs-002747-rlmpr,60a55c6f-81de-45d2-90db-ecec8f4a67e0,3,2460.705534
2026/02/05/11:02:32,apply-time,rs-002749-2ppsn,9e0fdb34-c028-45f9-9f2a-0b99b0efbf0d,3,2460.705534
2026/02/05/11:02:32,running-time,rs-002749-2ppsn,9e0fdb34-c028-45f9-9f2a-0b99b0efbf0d,3,2460.705534
2026/02/05/11:02:32,apply-time,rs-002749-klxnx,518f6e16-28f3-4915-80ce-2428a24a972c,3,2460.705534
2026/02/05/11:02:32,running-time,rs-002749-klxnx,518f6e16-28f3-4915-80ce-2428a24a972c,3,2460.705534
2026/02/05/11:02:32,apply-time,rs-002749-kzcsd,1f3423f2-ffba-4760-aff8-9c01ba58a6ff,3,2460.705534
2026/02/05/11:02:32,running-time,rs-002749-kzcsd,1f3423f2-ffba-4760-aff8-9c01ba58a6ff,3,2460.705534
2026/02/05/11:02:33,running-time,rs-002746-bfggn,dd417ba2-b7b7-4d37-a2b7-9f7336a41c36,1,2461.705534
2026/02/05/11:02:43,apply-time,rs-002750-9k5tv,62b174cb-dab7-40e1-b54e-719ad655d45e,1,2472.705534
2026/02/05/11:02:43,running-time,rs-002750-9k5tv,62b174cb-dab7-40e1-b54e-719ad655d45e,1,2472.705534
2026/02/05/11:02:43,apply-time,rs-002750-bdfrc,9213ab5a-0068-45c2-ba51-820ac9b29bae,1,2472.705534
2026/02/05/11:02:43,running-time,rs-002750-bdfrc,9213ab5a-0068-45c2-ba51-820ac9b29bae,1,2472.705534
2026/02/05/11:02:43,apply-time,rs-002750-vscxm,1903c57f-e311-44c0-a2b5-0024b6579330,1,2472.705534
2026/02/05/11:02:43,running-time,rs-002750-vscxm,1903c57f-e311-44c0-a2b5-0024b6579330,1,2472.705534
2026/02/05/11:02:43,apply-time,rs-002751-fshzw,7ba6a7a2-2831-40cf-b5d6-68dbc9f3ee67,2,2472.705534
2026/02/05/11:02:43,running-time,rs-002751-fshzw,7ba6a7a2-2831-40cf-b5d6-68dbc9f3ee67,2,2472.705534
2026/02/05/11:02:45,apply-time,rs-002752-qck62,2f8218b3-4977-447c-9ec3-3cef0d938472,3,2473.705534
2026/02/05/11:02:45,running-time,rs-002752-qck62,2f8218b3-4977-447c-9ec3-3cef0d938472,3,2473.705534
2026/02/05/11:02:45,apply-time,rs-002753-5sllt,2ab71624-3365-4ddd-a167-b1379ccfc641,1,2473.705534
2026/02/05/11:02:45,running-time,rs-002753-5sllt,2ab71624-3365-4ddd-a167-b1379ccfc641,1,2473.705534
2026/02/05/11:02:45,apply-time,rs-002753-vk42c,96c06e77-ff8c-492c-a680-0a892aa9665b,1,2473.705534
2026/02/05/11:02:45,running-time,rs-002753-vk42c,96c06e77-ff8c-492c-a680-0a892aa9665b,1,2473.705534
2026/02/05/11:02:45,apply-time,rs-002753-wx8tz,a7f4247e-9eb5-4289-b2f6-7722bf7b13d0,1,2473.705534
2026/02/05/11:02:45,running-time,rs-002753-wx8tz,a7f4247e-9eb5-4289-b2f6-7722bf7b13d0,1,2473.705534
2026/02/05/11:02:45,apply-time,rs-002754-9zp8v,4facca34-690a-4f21-b4d3-54e44bbb6d17,2,2473.705534
2026/02/05/11:02:45,running-time,rs-002754-9zp8v,4facca34-690a-4f21-b4d3-54e44bbb6d17,2,2473.705534
2026/02/05/11:02:45,apply-time,rs-002755-2w6f8,47434c3e-9b25-485a-8a34-648b8b14c98c,4,2473.705534
2026/02/05/11:02:45,running-time,rs-002755-2w6f8,47434c3e-9b25-485a-8a34-648b8b14c98c,4,2473.705534
2026/02/05/11:02:45,apply-time,rs-002755-hlpvf,35e15ba0-c1f2-4f7f-b918-6056e22e283c,4,2473.705534
2026/02/05/11:02:45,running-time,rs-002755-hlpvf,35e15ba0-c1f2-4f7f-b918-6056e22e283c,4,2473.705534
2026/02/05/11:02:51,apply-time,rs-002756-7lbvw,04826d20-e0cc-44d2-8d43-cb022fd8e32f,3,2479.705534
2026/02/05/11:02:51,running-time,rs-002756-7lbvw,04826d20-e0cc-44d2-8d43-cb022fd8e32f,3,2479.705534
2026/02/05/11:02:51,apply-time,rs-002756-dtlh9,3acf2aac-8836-4480-bba1-c05d18c5e16f,3,2479.705534
2026/02/05/11:02:51,running-time,rs-002756-dtlh9,3acf2aac-8836-4480-bba1-c05d18c5e16f,3,2479.705534
2026/02/05/11:02:51,apply-time,rs-002756-sm2pj,ff5f8fdf-a7dd-4446-ae94-4d51b6f24090,3,2479.705534
2026/02/05/11:02:51,running-time,rs-002756-sm2pj,ff5f8fdf-a7dd-4446-ae94-4d51b6f24090,3,2479.705534
2026/02/05/11:02:51,apply-time,rs-002757-8jfnx,e561753c-6a0b-4bb2-ad2f-0f0ca780abeb,1,2480.705534
2026/02/05/11:02:51,running-time,rs-002757-8jfnx,e561753c-6a0b-4bb2-ad2f-0f0ca780abeb,1,2480.705534
2026/02/05/11:02:51,apply-time,rs-002758-t6m98,7e8d5259-8474-4ce4-80f3-e5145db21226,2,2480.705534
2026/02/05/11:02:52,running-time,rs-002758-t6m98,7e8d5259-8474-4ce4-80f3-e5145db21226,2,2480.705534
2026/02/05/11:02:56,apply-time,rs-002759-hm25r,f5b9c409-f1c3-442a-a1e1-41572930b802,4,2484.705534
2026/02/05/11:02:56,running-time,rs-002759-hm25r,f5b9c409-f1c3-442a-a1e1-41572930b802,4,2484.705534
2026/02/05/11:02:56,apply-time,rs-002759-qs8hg,5b27e5cb-4205-4aef-b623-9f33762dfb9c,4,2484.705534
2026/02/05/11:02:56,running-time,rs-002759-qs8hg,5b27e5cb-4205-4aef-b623-9f33762dfb9c,4,2484.705534
2026/02/05/11:02:56,apply-time,rs-002759-z4xgz,41f90512-a646-47e4-bd07-03c46fe7ecea,4,2484.705534
2026/02/05/11:02:56,running-time,rs-002759-z4xgz,41f90512-a646-47e4-bd07-03c46fe7ecea,4,2484.705534
2026/02/05/11:02:56,apply-time,rs-002760-kp6g9,650199e1-ad1a-418a-86f1-0efcb26f8683,1,2484.705534
2026/02/05/11:02:56,running-time,rs-002760-kp6g9,650199e1-ad1a-418a-86f1-0efcb26f8683,1,2484.705534
2026/02/05/11:02:56,apply-time,rs-002760-p62gw,485413f1-6c7d-4e3a-91fc-3b9cbebfb8ea,1,2484.705534
2026/02/05/11:02:56,running-time,rs-002760-p62gw,485413f1-6c7d-4e3a-91fc-3b9cbebfb8ea,1,2484.705534
2026/02/05/11:02:56,apply-time,rs-002760-qk8lq,57de5d7d-4999-420c-ae47-9da1009e044a,1,2484.705534
2026/02/05/11:02:56,running-time,rs-002760-qk8lq,57de5d7d-4999-420c-ae47-9da1009e044a,1,2484.705534
2026/02/05/11:02:56,apply-time,rs-002761-699zz,a4443a7c-c133-4467-ac64-364ae5a5adf1,2,2484.705534
2026/02/05/11:02:56,running-time,rs-002761-699zz,a4443a7c-c133-4467-ac64-364ae5a5adf1,2,2484.705534
2026/02/05/11:02:56,apply-time,rs-002761-d8fnm,ce66bd66-f2dc-4614-95b6-3c2f4eb8d44d,2,2484.705534
2026/02/05/11:02:56,running-time,rs-002761-d8fnm,ce66bd66-f2dc-4614-95b6-3c2f4eb8d44d,2,2484.705534
2026/02/05/11:02:56,apply-time,rs-002761-g285b,05e8b5f6-88d9-4205-b7e2-d61798c217ca,2,2484.705534
2026/02/05/11:02:56,running-time,rs-002761-g285b,05e8b5f6-88d9-4205-b7e2-d61798c217ca,2,2484.705534
2026/02/05/11:02:56,apply-time,rs-002762-q6vnq,5834eb98-48c1-4167-9f93-fc4ecec36fdf,1,2484.705534
2026/02/05/11:02:56,running-time,rs-002762-q6vnq,5834eb98-48c1-4167-9f93-fc4ecec36fdf,1,2484.705534
2026/02/05/11:03:02,apply-time,rs-002763-spshh,1fcf6796-3aa9-44df-90d8-9b76914b25f2,2,2490.705534
2026/02/05/11:03:02,running-time,rs-002763-spshh,1fcf6796-3aa9-44df-90d8-9b76914b25f2,2,2490.705534
2026/02/05/11:03:02,apply-time,rs-002763-xm5mw,04e4d796-97b0-4f47-85da-c87990af4e8d,2,2490.705534
2026/02/05/11:03:02,running-time,rs-002763-xm5mw,04e4d796-97b0-4f47-85da-c87990af4e8d,2,2490.705534
2026/02/05/11:03:02,apply-time,rs-002764-2ssc7,227bae51-7615-48cd-9902-66a0f8232497,1,2490.705534
2026/02/05/11:03:02,running-time,rs-002764-2ssc7,227bae51-7615-48cd-9902-66a0f8232497,1,2490.705534
2026/02/05/11:03:02,apply-time,rs-002764-bqrxj,1fa96da0-4dde-48ee-ae40-f151c1d4ddd0,1,2490.705534
2026/02/05/11:03:02,running-time,rs-002764-bqrxj,1fa96da0-4dde-48ee-ae40-f151c1d4ddd0,1,2490.705534
2026/02/05/11:03:02,apply-time,rs-002765-r4ppl,6619a1ed-16d5-4ce2-8c51-c5e9a4736cd2,2,2490.705534
2026/02/05/11:03:02,running-time,rs-002765-r4ppl,6619a1ed-16d5-4ce2-8c51-c5e9a4736cd2,2,2490.705534
2026/02/05/11:03:02,apply-time,rs-002766-rv79z,201bc41a-c1e2-4dfd-b42f-c3d23d4141b3,4,2490.705534
2026/02/05/11:03:02,running-time,rs-002766-rv79z,201bc41a-c1e2-4dfd-b42f-c3d23d4141b3,4,2490.705534
2026/02/05/11:03:02,apply-time,rs-002766-tgtfn,edda0efa-960c-4bd3-a15a-6656c595ce3d,4,2490.705534
2026/02/05/11:03:02,running-time,rs-002766-tgtfn,edda0efa-960c-4bd3-a15a-6656c595ce3d,4,2490.705534
2026/02/05/11:03:02,apply-time,rs-002766-wxbkz,ecbba8ad-e5d8-4b81-996b-7226798c0aac,4,2490.705534
2026/02/05/11:03:02,running-time,rs-002766-wxbkz,ecbba8ad-e5d8-4b81-996b-7226798c0aac,4,2490.705534
2026/02/05/11:03:02,apply-time,rs-002767-7ccgm,38bf76c1-43d4-4561-8dd3-1d3840c186f2,1,2490.705534
2026/02/05/11:03:02,running-time,rs-002767-7ccgm,38bf76c1-43d4-4561-8dd3-1d3840c186f2,1,2490.705534
2026/02/05/11:03:02,apply-time,rs-002767-fdzpw,a684cad7-15ba-4e75-8b5e-10865e5c6c0b,1,2491.705534
2026/02/05/11:03:02,running-time,rs-002767-fdzpw,a684cad7-15ba-4e75-8b5e-10865e5c6c0b,1,2491.705534
2026/02/05/11:03:02,apply-time,rs-002767-lr4vd,5ba501ea-3f1c-44a8-ba5d-8f1fa4be8a39,1,2491.705534
2026/02/05/11:03:02,running-time,rs-002767-lr4vd,5ba501ea-3f1c-44a8-ba5d-8f1fa4be8a39,1,2491.705534
2026/02/05/11:03:02,apply-time,rs-002768-hlrhr,e2c72103-4762-40ac-92b8-9676bc26e68d,3,2491.705534
2026/02/05/11:03:02,running-time,rs-002768-hlrhr,e2c72103-4762-40ac-92b8-9676bc26e68d,3,2491.705534
2026/02/05/11:03:02,apply-time,rs-002768-j6tmm,a05a082e-a85d-4781-bc58-2edbb6f8cccf,3,2490.705534
2026/02/05/11:03:02,running-time,rs-002768-j6tmm,a05a082e-a85d-4781-bc58-2edbb6f8cccf,3,2490.705534
2026/02/05/11:03:03,apply-time,rs-002769-k5rcv,1b52696b-94cd-417d-9ea6-dc7bcb70b01b,4,2491.705534
2026/02/05/11:03:03,running-time,rs-002769-k5rcv,1b52696b-94cd-417d-9ea6-dc7bcb70b01b,4,2491.705534
2026/02/05/11:03:08,apply-time,rs-002770-x6lrb,f7ce956f-acc6-4c48-9af7-2d39bd274ebb,4,2496.705534
2026/02/05/11:03:08,running-time,rs-002770-x6lrb,f7ce956f-acc6-4c48-9af7-2d39bd274ebb,4,2496.705534
2026/02/05/11:03:08,apply-time,rs-002772-8hqfm,1ec428a9-c7e0-42b3-a4ca-ad665f973555,4,2497.705534
2026/02/05/11:03:08,apply-time,rs-002774-85dnw,2524017b-42ea-4b73-ab88-8e5df2ae341c,4,2497.705534
2026/02/05/11:03:09,apply-time,rs-002771-kc85d,4b3778e4-82ff-4d75-a625-0c54879fb20f,1,2497.705534
2026/02/05/11:03:09,running-time,rs-002771-kc85d,4b3778e4-82ff-4d75-a625-0c54879fb20f,1,2497.705534
2026/02/05/11:03:09,running-time,rs-002772-8hqfm,1ec428a9-c7e0-42b3-a4ca-ad665f973555,4,2497.705534
2026/02/05/11:03:09,apply-time,rs-002773-42t2d,c5d5bdb7-7cf3-4962-802e-589f546cdbd3,3,2497.705534
2026/02/05/11:03:09,running-time,rs-002773-42t2d,c5d5bdb7-7cf3-4962-802e-589f546cdbd3,3,2497.705534
2026/02/05/11:03:09,apply-time,rs-002773-5bn7v,6f40652d-72ac-4834-b540-8236731a6ce5,3,2497.705534
2026/02/05/11:03:09,running-time,rs-002773-5bn7v,6f40652d-72ac-4834-b540-8236731a6ce5,3,2497.705534
2026/02/05/11:03:09,apply-time,rs-002773-wwmtr,2ffc8bd9-397c-415c-ab18-46c0f9492b0e,3,2497.705534
2026/02/05/11:03:09,running-time,rs-002773-wwmtr,2ffc8bd9-397c-415c-ab18-46c0f9492b0e,3,2497.705534
2026/02/05/11:03:09,running-time,rs-002774-85dnw,2524017b-42ea-4b73-ab88-8e5df2ae341c,4,2497.705534
2026/02/05/11:03:09,apply-time,rs-002775-999c8,cd030a34-cea4-4202-9d07-85894624c00c,1,2497.705534
2026/02/05/11:03:09,running-time,rs-002775-999c8,cd030a34-cea4-4202-9d07-85894624c00c,1,2497.705534
2026/02/05/11:03:09,apply-time,rs-002775-j56kz,fabac3d4-d6f6-45fa-98cf-c64846b54a31,1,2497.705534
2026/02/05/11:03:09,running-time,rs-002775-j56kz,fabac3d4-d6f6-45fa-98cf-c64846b54a31,1,2497.705534
2026/02/05/11:03:09,apply-time,rs-002776-sbc28,a4488727-f4aa-43e1-b9f7-68e943460f4e,4,2497.705534
2026/02/05/11:03:09,apply-time,rs-002777-9hxfq,486681c1-6c17-45cc-94cd-1c883a41b2d4,3,2497.705534
2026/02/05/11:03:09,running-time,rs-002777-9hxfq,486681c1-6c17-45cc-94cd-1c883a41b2d4,3,2497.705534
2026/02/05/11:03:09,apply-time,rs-002777-9krcz,d0bae0c8-6d67-4127-923b-4585c9d4aa17,3,2497.705534
2026/02/05/11:03:09,running-time,rs-002777-9krcz,d0bae0c8-6d67-4127-923b-4585c9d4aa17,3,2497.705534
2026/02/05/11:03:09,apply-time,rs-002777-wflpd,3777d7f4-db16-4416-b535-a47a270e6e29,3,2497.705534
2026/02/05/11:03:09,running-time,rs-002777-wflpd,3777d7f4-db16-4416-b535-a47a270e6e29,3,2497.705534
2026/02/05/11:03:13,apply-time,rs-002778-s9mms,8874fd51-3ed2-452b-8e51-a7c5223e2d76,1,2501.705534
2026/02/05/11:03:13,running-time,rs-002778-s9mms,8874fd51-3ed2-452b-8e51-a7c5223e2d76,1,2501.705534
2026/02/05/11:03:13,apply-time,rs-002779-6sjfg,7078aaf3-a9f1-4ae6-b8d5-8897c583310a,1,2501.705534
2026/02/05/11:03:13,running-time,rs-002779-6sjfg,7078aaf3-a9f1-4ae6-b8d5-8897c583310a,1,2501.705534
2026/02/05/11:03:13,apply-time,rs-002779-gkxhk,e22383e9-100e-4659-b755-d949e36e4cc4,1,2501.705534
2026/02/05/11:03:13,running-time,rs-002779-gkxhk,e22383e9-100e-4659-b755-d949e36e4cc4,1,2501.705534
2026/02/05/11:03:13,apply-time,rs-002779-s7f44,efe0d31e-5925-4e88-b38c-017b026d36bc,1,2501.705534
2026/02/05/11:03:13,running-time,rs-002779-s7f44,efe0d31e-5925-4e88-b38c-017b026d36bc,1,2501.705534
2026/02/05/11:03:13,apply-time,rs-002780-2qtv5,623563fd-451b-4224-ac93-fe933046bc10,1,2501.705534
2026/02/05/11:03:13,running-time,rs-002780-2qtv5,623563fd-451b-4224-ac93-fe933046bc10,1,2501.705534
2026/02/05/11:03:13,apply-time,rs-002780-4p6xd,a24512e6-7b89-4f00-914e-141b4b47f9e7,1,2501.705534
2026/02/05/11:03:13,running-time,rs-002780-4p6xd,a24512e6-7b89-4f00-914e-141b4b47f9e7,1,2501.705534
2026/02/05/11:03:13,apply-time,rs-002780-md987,431dffe7-8c4c-411c-852d-5d83a320a715,1,2501.705534
2026/02/05/11:03:13,running-time,rs-002780-md987,431dffe7-8c4c-411c-852d-5d83a320a715,1,2501.705534
2026/02/05/11:03:13,apply-time,rs-002781-2zgm9,09308197-7e3b-424b-9075-a0cd91edb566,2,2501.705534
2026/02/05/11:03:13,running-time,rs-002781-2zgm9,09308197-7e3b-424b-9075-a0cd91edb566,2,2501.705534
2026/02/05/11:03:13,apply-time,rs-002781-9l2gg,3ff5672f-371b-4967-ab1e-3bbbfe6d537c,2,2501.705534
2026/02/05/11:03:13,running-time,rs-002781-9l2gg,3ff5672f-371b-4967-ab1e-3bbbfe6d537c,2,2501.705534
2026/02/05/11:03:13,apply-time,rs-002781-wvfh8,d87e92bb-7629-488a-9269-f582e2af3624,2,2501.705534
2026/02/05/11:03:13,running-time,rs-002781-wvfh8,d87e92bb-7629-488a-9269-f582e2af3624,2,2501.705534
2026/02/05/11:03:13,apply-time,rs-002782-gpgtb,0dc9a3a1-6930-401f-b51b-dacd68156b3d,1,2501.705534
2026/02/05/11:03:13,running-time,rs-002782-gpgtb,0dc9a3a1-6930-401f-b51b-dacd68156b3d,1,2501.705534
2026/02/05/11:03:13,apply-time,rs-002782-h48sq,70d8e9d4-24bd-4157-8e6e-0f98deefdbe9,1,2501.705534
2026/02/05/11:03:13,running-time,rs-002782-h48sq,70d8e9d4-24bd-4157-8e6e-0f98deefdbe9,1,2501.705534
2026/02/05/11:03:13,apply-time,rs-002782-kfbwr,7a807a6d-f72e-46ef-a950-fc5c0e5eda5b,1,2501.705534
2026/02/05/11:03:13,running-time,rs-002782-kfbwr,7a807a6d-f72e-46ef-a950-fc5c0e5eda5b,1,2501.705534
2026/02/05/11:03:14,apply-time,rs-002783-4jgvc,6d46ee09-e592-4680-bebe-dc96af5e9789,1,2502.705534
2026/02/05/11:03:14,running-time,rs-002783-4jgvc,6d46ee09-e592-4680-bebe-dc96af5e9789,1,2502.705534
2026/02/05/11:03:14,apply-time,rs-002783-wxkfv,6c229986-edef-4ee8-a8d4-0617c3d2f050,1,2502.705534
2026/02/05/11:03:14,running-time,rs-002783-wxkfv,6c229986-edef-4ee8-a8d4-0617c3d2f050,1,2502.705534
2026/02/05/11:03:14,apply-time,rs-002784-kwhp4,b55e0f58-cf56-4434-8c0a-b382cf42ef3a,2,2502.705534
2026/02/05/11:03:14,running-time,rs-002784-kwhp4,b55e0f58-cf56-4434-8c0a-b382cf42ef3a,2,2502.705534
2026/02/05/11:03:14,apply-time,rs-002784-mr4q7,fa01f59f-9811-43ef-9680-52fa551d170f,2,2502.705534
2026/02/05/11:03:14,running-time,rs-002784-mr4q7,fa01f59f-9811-43ef-9680-52fa551d170f,2,2502.705534
2026/02/05/11:03:14,apply-time,rs-002785-d72ld,a549efad-3559-4c4a-8b30-53ada7c5180b,1,2502.705534
2026/02/05/11:03:14,running-time,rs-002785-d72ld,a549efad-3559-4c4a-8b30-53ada7c5180b,1,2502.705534
2026/02/05/11:03:14,apply-time,rs-002786-cspq9,d7f0a3a2-b96b-41ba-9a6a-d1bb0459679c,1,2502.705534
2026/02/05/11:03:14,running-time,rs-002786-cspq9,d7f0a3a2-b96b-41ba-9a6a-d1bb0459679c,1,2502.705534
2026/02/05/11:03:14,apply-time,rs-002786-l6d4j,ae8165ed-2dd5-4d67-b10b-996c8bceeb2b,1,2503.705534
2026/02/05/11:03:14,apply-time,rs-002787-vsvbt,5db6a522-3b5f-4c57-8eda-ce0a0d391d18,2,2503.705534
2026/02/05/11:03:14,running-time,rs-002787-vsvbt,5db6a522-3b5f-4c57-8eda-ce0a0d391d18,2,2503.705534
2026/02/05/11:03:15,running-time,rs-002786-l6d4j,ae8165ed-2dd5-4d67-b10b-996c8bceeb2b,1,2504.705534
2026/02/05/11:03:15,apply-time,rs-002787-sl69b,46725e94-bab3-4d54-bae6-1b5f4e1590b8,2,2503.705534
2026/02/05/11:03:15,running-time,rs-002787-sl69b,46725e94-bab3-4d54-bae6-1b5f4e1590b8,2,2503.705534
2026/02/05/11:03:15,apply-time,rs-002787-xd4ps,b94061ac-571d-42cb-9404-a9c1d10f5172,2,2503.705534
2026/02/05/11:03:15,running-time,rs-002787-xd4ps,b94061ac-571d-42cb-9404-a9c1d10f5172,2,2503.705534
2026/02/05/11:03:15,apply-time,rs-002788-57r6b,33c0c424-2416-4134-b478-0b3d5be9c067,2,2503.705534
2026/02/05/11:03:15,apply-time,rs-002788-c9ngx,af84ba66-da47-4e31-b9f5-cea0814751cd,2,2503.705534
2026/02/05/11:03:15,apply-time,rs-002788-kbhkc,b1b56dcf-3b74-40d0-8cc9-ef00f1e36919,2,2503.705534
2026/02/05/11:03:15,apply-time,rs-002789-79cn7,da4bd874-0c9e-40a3-807d-578f73fdf0d2,1,2503.705534
2026/02/05/11:03:15,apply-time,rs-002789-sjkzh,50dd11d4-6536-42bc-b029-f4472314f2ad,1,2503.705534
2026/02/05/11:03:15,apply-time,rs-002790-w8zf9,c0c62972-69c7-481a-82c2-62232b898043,2,2504.705534
2026/02/05/11:03:15,running-time,rs-002790-w8zf9,c0c62972-69c7-481a-82c2-62232b898043,2,2504.705534
2026/02/05/11:03:15,apply-time,rs-002791-t8kvd,bc3b7af9-6987-4299-a74c-cf2ffa7d96bf,1,2503.705534
2026/02/05/11:03:15,apply-time,rs-002791-xcnc7,2d9211da-79c3-4edc-9421-feb10b7f47f1,1,2504.705534
2026/02/05/11:03:15,apply-time,rs-002792-92sb7,577fdadd-c02a-476a-83ea-8cde17db5276,1,2504.705534
2026/02/05/11:03:15,running-time,rs-002792-92sb7,577fdadd-c02a-476a-83ea-8cde17db5276,1,2504.705534
2026/02/05/11:03:16,running-time,rs-002788-kbhkc,b1b56dcf-3b74-40d0-8cc9-ef00f1e36919,2,2505.705534
2026/02/05/11:03:16,apply-time,rs-002791-nkbxg,723c4f5b-bac9-4737-879b-50cb840a9f1c,1,2504.705534
2026/02/05/11:03:16,apply-time,rs-002793-tfzr2,149528a8-d043-4916-8128-0f2f97c2d99b,4,2504.705534
2026/02/05/11:03:16,running-time,rs-002793-tfzr2,149528a8-d043-4916-8128-0f2f97c2d99b,4,2504.705534
2026/02/05/11:03:16,apply-time,rs-002794-zd6l4,2c5979bc-c357-4a1f-bd60-a0b8ba767d65,1,2504.705534
2026/02/05/11:03:16,running-time,rs-002794-zd6l4,2c5979bc-c357-4a1f-bd60-a0b8ba767d65,1,2504.705534
2026/02/05/11:03:16,apply-time,rs-002795-frmfv,ac557f9a-b847-4567-ba3d-6b38f55a63d7,3,2504.705534
2026/02/05/11:03:16,running-time,rs-002795-frmfv,ac557f9a-b847-4567-ba3d-6b38f55a63d7,3,2504.705534
2026/02/05/11:03:16,apply-time,rs-002796-skhs9,ccabb767-6187-4f2a-9bc2-dd24ddd3a9d0,1,2504.705534
2026/02/05/11:03:16,running-time,rs-002796-skhs9,ccabb767-6187-4f2a-9bc2-dd24ddd3a9d0,1,2504.705534
2026/02/05/11:03:17,apply-time,rs-002797-22r4s,3f124119-9a8e-4790-bef1-06d7b1591571,3,2505.705534
2026/02/05/11:03:17,apply-time,rs-002797-bsc9g,cb34ecc6-03d3-4c01-9443-f11e91b6fc9a,3,2505.705534
2026/02/05/11:03:17,apply-time,rs-002798-sfq72,99d59299-f90b-4693-ba6f-92823f77942c,3,2505.705534
2026/02/05/11:03:17,running-time,rs-002798-sfq72,99d59299-f90b-4693-ba6f-92823f77942c,3,2505.705534
2026/02/05/11:03:17,apply-time,rs-002799-pvrhg,45e17d08-bf73-46d8-b50f-87e905edf051,1,2505.705534
2026/02/05/11:03:17,apply-time,rs-002799-vppc4,a704b81a-48d9-46c6-9462-f9417c012266,1,2505.705534
2026/02/05/11:03:17,apply-time,rs-002800-vqr8h,0453e1bf-dae3-4b42-8326-1d35d4bbf283,3,2505.705534
2026/02/05/11:03:17,running-time,rs-002800-vqr8h,0453e1bf-dae3-4b42-8326-1d35d4bbf283,3,2505.705534
2026/02/05/11:03:18,running-time,rs-002788-c9ngx,af84ba66-da47-4e31-b9f5-cea0814751cd,2,2507.705534
2026/02/05/11:03:18,apply-time,rs-002802-2nqhd,a056209f-63d9-4e2b-86d9-59478d0a6c90,4,2506.705534
2026/02/05/11:03:18,running-time,rs-002802-2nqhd,a056209f-63d9-4e2b-86d9-59478d0a6c90,4,2506.705534
2026/02/05/11:03:19,running-time,rs-002797-22r4s,3f124119-9a8e-4790-bef1-06d7b1591571,3,2508.705534
2026/02/05/11:03:20,running-time,rs-002788-57r6b,33c0c424-2416-4134-b478-0b3d5be9c067,2,2509.705534
2026/02/05/11:03:21,running-time,rs-002776-sbc28,a4488727-f4aa-43e1-b9f7-68e943460f4e,4,2509.705534
2026/02/05/11:03:22,apply-time,rs-002803-gw8lb,d6d384ed-1528-4f67-afa3-c42daa09b605,3,2511.705534
2026/02/05/11:03:22,running-time,rs-002803-gw8lb,d6d384ed-1528-4f67-afa3-c42daa09b605,3,2511.705534
2026/02/05/11:03:22,apply-time,rs-002803-mtf2v,9922bef9-87db-49b9-af30-47d104f40417,3,2511.705534
2026/02/05/11:03:22,running-time,rs-002803-mtf2v,9922bef9-87db-49b9-af30-47d104f40417,3,2511.705534
2026/02/05/11:03:24,apply-time,rs-002804-mpp7p,8effb4ee-1f9d-44d8-90bb-b1a19604b526,2,2513.705534
2026/02/05/11:03:24,apply-time,rs-002804-t9p97,4e288989-99c9-444c-809e-5de504969e73,2,2513.705534
2026/02/05/11:03:24,apply-time,rs-002804-twmmr,018675fb-6b44-44be-95e1-8b4fef33f344,2,2513.705534
2026/02/05/11:03:24,apply-time,rs-002805-9kspn,2e1c9fff-37fc-4ee4-ac70-3549b434141e,1,2512.705534
2026/02/05/11:03:24,apply-time,rs-002805-jd66m,ab3e7474-40e3-42f0-b83e-408a11648fb7,1,2512.705534
2026/02/05/11:03:24,apply-time,rs-002805-zwjxn,41ae8c8d-94e3-42b5-b455-45af86f4e27d,1,2512.705534
2026/02/05/11:03:24,apply-time,rs-002806-q8jrd,0707f178-c0af-4bb7-aa2c-63788b31beb8,2,2512.705534
2026/02/05/11:03:24,running-time,rs-002806-q8jrd,0707f178-c0af-4bb7-aa2c-63788b31beb8,2,2513.705534
2026/02/05/11:03:24,apply-time,rs-002806-rr828,7b88d967-d631-489c-8d99-b456155eb3c5,2,2513.705534
2026/02/05/11:03:24,running-time,rs-002806-rr828,7b88d967-d631-489c-8d99-b456155eb3c5,2,2513.705534
2026/02/05/11:03:24,apply-time,rs-002807-skzm4,5165c322-fde8-42f0-be58-42eca7987b16,1,2512.705534
2026/02/05/11:03:24,running-time,rs-002807-skzm4,5165c322-fde8-42f0-be58-42eca7987b16,1,2513.705534
2026/02/05/11:03:24,apply-time,rs-002808-jnhq6,27fa098f-3d3f-4948-89d8-75759da4c7fb,4,2513.705534
2026/02/05/11:03:24,running-time,rs-002808-jnhq6,27fa098f-3d3f-4948-89d8-75759da4c7fb,4,2513.705534
2026/02/05/11:03:25,apply-time,rs-002809-87zs5,af8163e5-1250-4ac0-8610-ac0d9f7828b7,3,2513.705534
2026/02/05/11:03:25,running-time,rs-002809-87zs5,af8163e5-1250-4ac0-8610-ac0d9f7828b7,3,2513.705534
2026/02/05/11:03:25,apply-time,rs-002809-mqlxn,cfc1cb77-f8b2-454c-b9df-7803743a9342,3,2513.705534
2026/02/05/11:03:25,running-time,rs-002809-mqlxn,cfc1cb77-f8b2-454c-b9df-7803743a9342,3,2513.705534
2026/02/05/11:03:27,running-time,rs-002805-9kspn,2e1c9fff-37fc-4ee4-ac70-3549b434141e,1,2515.705534
2026/02/05/11:03:37,apply-time,rs-002810-dfrmb,a54844bc-d66e-48c8-8620-f9654acb29d5,1,2526.705534
2026/02/05/11:03:37,running-time,rs-002810-dfrmb,a54844bc-d66e-48c8-8620-f9654acb29d5,1,2526.705534
2026/02/05/11:03:37,apply-time,rs-002810-lc587,3b7e9bb2-62d1-4af7-bfbb-716c23e6873e,1,2526.705534
2026/02/05/11:03:37,running-time,rs-002810-lc587,3b7e9bb2-62d1-4af7-bfbb-716c23e6873e,1,2526.705534
2026/02/05/11:03:37,apply-time,rs-002810-p6jv7,02933a23-df23-4275-b927-742553f333af,1,2526.705534
2026/02/05/11:03:37,running-time,rs-002810-p6jv7,02933a23-df23-4275-b927-742553f333af,1,2526.705534
2026/02/05/11:03:44,apply-time,rs-002811-sr4mp,89bf39e2-5743-4e02-8abf-e026f1160a62,3,2532.705534
2026/02/05/11:03:44,running-time,rs-002811-sr4mp,89bf39e2-5743-4e02-8abf-e026f1160a62,3,2532.705534
2026/02/05/11:03:45,apply-time,rs-002812-cz5t9,0ceb95e8-e540-48f2-99b0-1b2507a3e72b,4,2533.705534
2026/02/05/11:03:45,running-time,rs-002812-cz5t9,0ceb95e8-e540-48f2-99b0-1b2507a3e72b,4,2533.705534
2026/02/05/11:03:45,apply-time,rs-002812-sdsp9,cbef02ff-b600-4682-8f88-e4c2717e97de,4,2533.705534
2026/02/05/11:03:45,running-time,rs-002812-sdsp9,cbef02ff-b600-4682-8f88-e4c2717e97de,4,2533.705534
2026/02/05/11:03:48,apply-time,rs-002813-lszpl,3129454e-50fd-4dce-8c75-067771743038,4,2536.705534
2026/02/05/11:03:48,running-time,rs-002813-lszpl,3129454e-50fd-4dce-8c75-067771743038,4,2536.705534
2026/02/05/11:03:48,apply-time,rs-002814-5d7jx,28a6fa7e-6e73-4952-8492-f1ad21f2b333,3,2536.705534
2026/02/05/11:03:48,apply-time,rs-002814-q5jcn,4e5d6104-456f-435e-9cf5-248c826a16b8,3,2536.705534
2026/02/05/11:03:48,running-time,rs-002814-q5jcn,4e5d6104-456f-435e-9cf5-248c826a16b8,3,2536.705534
2026/02/05/11:03:56,apply-time,rs-002815-mbjgp,202a7f93-4dde-4685-aa36-475696345576,3,2544.705534
2026/02/05/11:03:56,running-time,rs-002815-mbjgp,202a7f93-4dde-4685-aa36-475696345576,3,2544.705534
2026/02/05/11:03:56,apply-time,rs-002815-r4ntb,71e3399d-8c69-4a7d-9d51-bd4bb8df2fcb,3,2544.705534
2026/02/05/11:03:56,running-time,rs-002815-r4ntb,71e3399d-8c69-4a7d-9d51-bd4bb8df2fcb,3,2544.705534
2026/02/05/11:03:56,apply-time,rs-002815-zd7p2,e85dbb02-4760-4190-adbd-b111dac940cc,3,2544.705534
2026/02/05/11:03:56,running-time,rs-002815-zd7p2,e85dbb02-4760-4190-adbd-b111dac940cc,3,2544.705534
2026/02/05/11:03:56,apply-time,rs-002816-ftth5,280566dc-0065-40fd-adb9-3a5b66c11a10,2,2544.705534
2026/02/05/11:03:56,running-time,rs-002816-ftth5,280566dc-0065-40fd-adb9-3a5b66c11a10,2,2544.705534
2026/02/05/11:03:56,apply-time,rs-002817-ccdbk,8445fc33-d7d8-46e6-a756-f1feb8a3147f,1,2544.705534
2026/02/05/11:03:56,running-time,rs-002817-ccdbk,8445fc33-d7d8-46e6-a756-f1feb8a3147f,1,2544.705534
2026/02/05/11:03:56,apply-time,rs-002817-mkqgh,011e7350-de2f-4550-9479-1c856efbaaaf,1,2544.705534
2026/02/05/11:03:56,running-time,rs-002817-mkqgh,011e7350-de2f-4550-9479-1c856efbaaaf,1,2544.705534
2026/02/05/11:03:56,apply-time,rs-002817-zkc98,03407a06-4ce0-4463-ae5f-143c310dcf04,1,2544.705534
2026/02/05/11:03:56,running-time,rs-002817-zkc98,03407a06-4ce0-4463-ae5f-143c310dcf04,1,2544.705534
2026/02/05/11:03:56,apply-time,rs-002818-64j7f,a96c8c89-3916-432d-99e2-ce47eece1f7d,1,2544.705534
2026/02/05/11:03:56,apply-time,rs-002818-pwrkp,1e47d18f-afa6-4b36-a241-8a0886fdd735,1,2544.705534
2026/02/05/11:03:56,apply-time,rs-002819-9hpzp,63331b36-5553-4db2-8cdd-6082fb2dc911,3,2545.705534
2026/02/05/11:03:56,running-time,rs-002819-9hpzp,63331b36-5553-4db2-8cdd-6082fb2dc911,3,2545.705534
2026/02/05/11:03:56,apply-time,rs-002819-vmswc,4425db48-27e2-4346-9b20-60e73d629db6,3,2545.705534
2026/02/05/11:03:56,running-time,rs-002819-vmswc,4425db48-27e2-4346-9b20-60e73d629db6,3,2545.705534
2026/02/05/11:03:56,apply-time,rs-002820-67nwz,3e8b17a1-799a-4a12-b815-a7322d82eeac,2,2545.705534
2026/02/05/11:03:56,running-time,rs-002820-67nwz,3e8b17a1-799a-4a12-b815-a7322d82eeac,2,2545.705534
2026/02/05/11:03:56,apply-time,rs-002820-kkvjk,ab296e5f-1477-4856-934d-9e5878936b70,2,2545.705534
2026/02/05/11:03:56,running-time,rs-002820-kkvjk,ab296e5f-1477-4856-934d-9e5878936b70,2,2545.705534
2026/02/05/11:03:56,apply-time,rs-002821-86klp,5806b419-8ace-49d4-af0c-4c892554793d,2,2545.705534
2026/02/05/11:03:57,running-time,rs-002821-86klp,5806b419-8ace-49d4-af0c-4c892554793d,2,2545.705534
2026/02/05/11:03:57,apply-time,rs-002822-2c7jc,e59b1c5a-6589-488a-b9e3-357307b23d71,3,2545.705534
2026/02/05/11:03:57,apply-time,rs-002823-hnw6z,76ab49e6-32bc-43d3-a94b-8f12a0867c49,1,2545.705534
2026/02/05/11:03:57,running-time,rs-002823-hnw6z,76ab49e6-32bc-43d3-a94b-8f12a0867c49,1,2545.705534
2026/02/05/11:03:57,apply-time,rs-002824-ccjtb,abac76bc-503b-4597-9a48-f6af87f13594,4,2545.705534
2026/02/05/11:03:57,running-time,rs-002824-ccjtb,abac76bc-503b-4597-9a48-f6af87f13594,4,2545.705534
2026/02/05/11:03:57,apply-time,rs-002824-wx7l2,71b72be5-44e4-4e35-a80b-a6d716741493,4,2545.705534
2026/02/05/11:03:57,running-time,rs-002824-wx7l2,71b72be5-44e4-4e35-a80b-a6d716741493,4,2545.705534
2026/02/05/11:03:57,apply-time,rs-002825-796th,dbe55747-9f43-4f1e-9f62-0ddfe84adea4,3,2545.705534
2026/02/05/11:03:57,apply-time,rs-002825-hhd4t,4f1a7b73-7e54-4098-8fdc-a92ca10151c3,3,2546.705534
2026/02/05/11:03:57,apply-time,rs-002826-6t598,2c417d58-0366-480d-a33b-0d0e38358faf,2,2545.705534
2026/02/05/11:03:57,running-time,rs-002826-6t598,2c417d58-0366-480d-a33b-0d0e38358faf,2,2546.705534
2026/02/05/11:03:57,apply-time,rs-002827-crzhm,466bac75-a8d1-4698-aaf0-e064a2049292,3,2546.705534
2026/02/05/11:03:57,running-time,rs-002827-crzhm,466bac75-a8d1-4698-aaf0-e064a2049292,3,2546.705534
2026/02/05/11:03:59,running-time,rs-002825-796th,dbe55747-9f43-4f1e-9f62-0ddfe84adea4,3,2548.705534
2026/02/05/11:04:04,apply-time,rs-002828-2wxqd,521337d5-8974-4530-90ab-76f65dc2e2ca,1,2552.705534
2026/02/05/11:04:04,running-time,rs-002828-2wxqd,521337d5-8974-4530-90ab-76f65dc2e2ca,1,2552.705534
2026/02/05/11:04:04,apply-time,rs-002828-jjm44,e47d097d-5305-4e9d-8b9f-2ff7d726b843,1,2552.705534
2026/02/05/11:04:04,running-time,rs-002828-jjm44,e47d097d-5305-4e9d-8b9f-2ff7d726b843,1,2552.705534
2026/02/05/11:04:04,apply-time,rs-002828-zh79j,d6187407-c832-4d3d-b4fa-d84cd58d6b4d,1,2552.705534
2026/02/05/11:04:04,running-time,rs-002828-zh79j,d6187407-c832-4d3d-b4fa-d84cd58d6b4d,1,2552.705534
2026/02/05/11:04:04,apply-time,rs-002829-7z482,b23f5664-59b5-4249-a53f-4353fb61760b,1,2552.705534
2026/02/05/11:04:04,apply-time,rs-002829-nx84l,b8464517-18d5-432f-8326-85063fccb141,1,2552.705534
2026/02/05/11:04:06,running-time,rs-002822-2c7jc,e59b1c5a-6589-488a-b9e3-357307b23d71,3,2554.705534
2026/02/05/11:04:06,running-time,rs-002829-nx84l,b8464517-18d5-432f-8326-85063fccb141,1,2554.705534
2026/02/05/11:04:12,running-time,rs-002829-7z482,b23f5664-59b5-4249-a53f-4353fb61760b,1,2561.705534
2026/02/05/11:04:18,apply-time,rs-002830-6tdc7,ce5906b3-44e5-4b2b-ad45-fe97fa9ec3c1,1,2566.705534
2026/02/05/11:04:18,running-time,rs-002830-6tdc7,ce5906b3-44e5-4b2b-ad45-fe97fa9ec3c1,1,2566.705534
2026/02/05/11:04:18,apply-time,rs-002830-bb4pq,26c78642-c5c3-4f77-a4d3-1be943192fd4,1,2566.705534
2026/02/05/11:04:18,running-time,rs-002830-bb4pq,26c78642-c5c3-4f77-a4d3-1be943192fd4,1,2566.705534
2026/02/05/11:04:18,apply-time,rs-002830-qv9pv,c30e688b-27e1-4924-a5f6-06c662720d60,1,2566.705534
2026/02/05/11:04:18,running-time,rs-002830-qv9pv,c30e688b-27e1-4924-a5f6-06c662720d60,1,2566.705534
2026/02/05/11:04:18,apply-time,rs-002831-42vvr,facff7b7-bde1-45fd-96b0-4395031197e1,1,2566.705534
2026/02/05/11:04:18,running-time,rs-002831-42vvr,facff7b7-bde1-45fd-96b0-4395031197e1,1,2566.705534
2026/02/05/11:04:18,apply-time,rs-002831-dw98d,43c2931f-bafb-4db8-bcfc-2859eea2966f,1,2566.705534
2026/02/05/11:04:18,running-time,rs-002831-dw98d,43c2931f-bafb-4db8-bcfc-2859eea2966f,1,2566.705534
2026/02/05/11:04:22,apply-time,rs-002832-4qc2s,461cce2c-2f6f-4b8c-a6f2-abcf4f06a925,1,2570.705534
2026/02/05/11:04:22,running-time,rs-002832-4qc2s,461cce2c-2f6f-4b8c-a6f2-abcf4f06a925,1,2570.705534
2026/02/05/11:04:22,apply-time,rs-002832-k992z,ed73518e-0d30-4698-96ea-c815f203e97c,1,2570.705534
2026/02/05/11:04:22,running-time,rs-002832-k992z,ed73518e-0d30-4698-96ea-c815f203e97c,1,2570.705534
2026/02/05/11:04:22,apply-time,rs-002833-7zpww,bbf9557f-8f48-48c5-afc6-59f307c63b9f,2,2570.705534
2026/02/05/11:04:22,running-time,rs-002833-7zpww,bbf9557f-8f48-48c5-afc6-59f307c63b9f,2,2570.705534
2026/02/05/11:04:22,apply-time,rs-002833-n4qdq,127fdcee-f5d1-4d50-9987-49abf1dc2728,2,2570.705534
2026/02/05/11:04:22,running-time,rs-002833-n4qdq,127fdcee-f5d1-4d50-9987-49abf1dc2728,2,2570.705534
2026/02/05/11:04:22,apply-time,rs-002833-qr8vc,b56fa885-95de-46af-9db8-1657368e4a30,2,2570.705534
2026/02/05/11:04:22,running-time,rs-002833-qr8vc,b56fa885-95de-46af-9db8-1657368e4a30,2,2570.705534
2026/02/05/11:04:22,apply-time,rs-002834-m6t7j,1062ab06-9997-467d-b6b9-615d4f696947,4,2570.705534
2026/02/05/11:04:22,apply-time,rs-002835-s9nnj,4e7e982c-c11b-4915-991d-cd5e915e74f6,1,2570.705534
2026/02/05/11:04:22,running-time,rs-002835-s9nnj,4e7e982c-c11b-4915-991d-cd5e915e74f6,1,2570.705534
2026/02/05/11:04:22,apply-time,rs-002835-tvpqh,142e4cee-a5c3-48ed-ae63-e0a9e6dc1aee,1,2570.705534
2026/02/05/11:04:22,running-time,rs-002835-tvpqh,142e4cee-a5c3-48ed-ae63-e0a9e6dc1aee,1,2570.705534
2026/02/05/11:04:22,apply-time,rs-002835-w75lt,099ad7c8-98c7-43b2-834e-4fbb765ec77c,1,2570.705534
2026/02/05/11:04:22,running-time,rs-002835-w75lt,099ad7c8-98c7-43b2-834e-4fbb765ec77c,1,2570.705534
2026/02/05/11:04:27,apply-time,rs-002836-6kcwr,fc44faad-430b-46cc-a5c1-4ae36557dc77,2,2576.705534
2026/02/05/11:04:27,running-time,rs-002836-6kcwr,fc44faad-430b-46cc-a5c1-4ae36557dc77,2,2576.705534
2026/02/05/11:04:27,apply-time,rs-002836-p5x6f,19d2cb66-685d-4204-86be-87799e77e5c3,2,2576.705534
2026/02/05/11:04:27,running-time,rs-002836-p5x6f,19d2cb66-685d-4204-86be-87799e77e5c3,2,2576.705534
2026/02/05/11:04:27,apply-time,rs-002837-hb2wm,3d168ed8-941c-4050-a2af-50831726676c,4,2576.705534
2026/02/05/11:04:27,apply-time,rs-002837-tsxgh,0d04e2fd-f781-4c11-866a-01aa28729c65,4,2576.705534
2026/02/05/11:04:27,running-time,rs-002837-tsxgh,0d04e2fd-f781-4c11-866a-01aa28729c65,4,2576.705534
2026/02/05/11:04:27,apply-time,rs-002838-5vldr,3a6f4199-7256-4c1a-93ac-f214cb06d6ec,2,2576.705534
2026/02/05/11:04:27,running-time,rs-002838-5vldr,3a6f4199-7256-4c1a-93ac-f214cb06d6ec,2,2576.705534
2026/02/05/11:04:27,apply-time,rs-002838-b4dht,02b498de-d416-4681-8095-67d3d70aa5b7,2,2576.705534
2026/02/05/11:04:27,running-time,rs-002838-b4dht,02b498de-d416-4681-8095-67d3d70aa5b7,2,2576.705534
2026/02/05/11:04:27,apply-time,rs-002838-bkzsk,8a5ddebe-0bc1-4d2d-b012-303fdade323a,2,2576.705534
2026/02/05/11:04:27,running-time,rs-002838-bkzsk,8a5ddebe-0bc1-4d2d-b012-303fdade323a,2,2576.705534
2026/02/05/11:04:27,apply-time,rs-002839-dlkmt,99cb54e9-0a3b-45fa-bc96-97bf9aa59a3a,1,2576.705534
2026/02/05/11:04:27,running-time,rs-002839-dlkmt,99cb54e9-0a3b-45fa-bc96-97bf9aa59a3a,1,2576.705534
2026/02/05/11:04:27,apply-time,rs-002839-ktbzc,471396e7-c618-4b7c-8185-f5dc319f4a9f,1,2576.705534
2026/02/05/11:04:27,running-time,rs-002839-ktbzc,471396e7-c618-4b7c-8185-f5dc319f4a9f,1,2576.705534
2026/02/05/11:04:27,apply-time,rs-002840-mbgd8,622c5395-d499-4a5f-90f4-fce130d6d919,1,2576.705534
2026/02/05/11:04:27,running-time,rs-002840-mbgd8,622c5395-d499-4a5f-90f4-fce130d6d919,1,2576.705534
2026/02/05/11:04:28,apply-time,rs-002841-5245x,97ebed8a-b8c9-45c3-99d3-38da76bca87e,4,2576.705534
2026/02/05/11:04:28,apply-time,rs-002841-6thmw,b92f23cd-e869-4fdf-96ca-f8f14855a1fe,4,2577.705534
2026/02/05/11:04:28,apply-time,rs-002841-h9fkt,401d6330-2815-4808-80c3-cfc8c283613a,4,2577.705534
2026/02/05/11:04:28,apply-time,rs-002842-vttxl,b5637c32-4628-4fb7-b01a-90e194254a79,2,2577.705534
2026/02/05/11:04:28,running-time,rs-002842-vttxl,b5637c32-4628-4fb7-b01a-90e194254a79,2,2577.705534
2026/02/05/11:04:28,apply-time,rs-002843-hxbpj,21773f14-cf40-4d6d-8913-b68c38ffc93b,1,2576.705534
2026/02/05/11:04:28,running-time,rs-002843-hxbpj,21773f14-cf40-4d6d-8913-b68c38ffc93b,1,2576.705534
2026/02/05/11:04:28,apply-time,rs-002844-mg9r4,269305dd-b5a1-4465-9857-bc1df25a3457,4,2577.705534
2026/02/05/11:04:28,running-time,rs-002844-mg9r4,269305dd-b5a1-4465-9857-bc1df25a3457,4,2577.705534
2026/02/05/11:04:28,apply-time,rs-002846-kf9cn,be3088bb-ae98-4816-90dc-ee1d52f4fcc2,2,2577.705534
2026/02/05/11:04:29,apply-time,rs-002845-2mpfk,b76acdfb-9af9-46dd-bcf6-e69a1b7fd7d0,1,2577.705534
2026/02/05/11:04:29,running-time,rs-002845-2mpfk,b76acdfb-9af9-46dd-bcf6-e69a1b7fd7d0,1,2577.705534
2026/02/05/11:04:29,apply-time,rs-002845-7scl7,c646b4ec-eddd-4e09-bf56-15dbce7f3481,1,2578.705534
2026/02/05/11:04:29,apply-time,rs-002845-z8bbr,fb8464f2-0eed-4c12-a126-11f090969a6f,1,2578.705534
2026/02/05/11:04:29,running-time,rs-002846-kf9cn,be3088bb-ae98-4816-90dc-ee1d52f4fcc2,2,2577.705534
2026/02/05/11:04:29,apply-time,rs-002847-p6klj,855c38c4-c44e-4feb-a6b9-63466d2ef5a2,1,2577.705534
2026/02/05/11:04:29,running-time,rs-002847-p6klj,855c38c4-c44e-4feb-a6b9-63466d2ef5a2,1,2578.705534
2026/02/05/11:04:29,apply-time,rs-002848-j5x6j,56a23602-630e-464b-bfc5-8b51f4ca485b,2,2577.705534
2026/02/05/11:04:29,running-time,rs-002848-j5x6j,56a23602-630e-464b-bfc5-8b51f4ca485b,2,2577.705534
2026/02/05/11:04:29,apply-time,rs-002849-876tl,ddbdce54-371c-47fc-8bac-b6044a9c7cf8,1,2577.705534
2026/02/05/11:04:29,apply-time,rs-002850-gplkr,843de5d0-5de2-4938-9855-62cd091b7c91,2,2577.705534
2026/02/05/11:04:29,running-time,rs-002850-gplkr,843de5d0-5de2-4938-9855-62cd091b7c91,2,2577.705534
2026/02/05/11:04:29,apply-time,rs-002850-hqhz8,d6f3b6b4-3275-45b8-97b1-37acd7fcfa7f,2,2578.705534
2026/02/05/11:04:29,apply-time,rs-002850-j8jct,023d7dd2-a4c9-47ba-8991-e5eceb2977d0,2,2578.705534
2026/02/05/11:04:30,running-time,rs-002845-7scl7,c646b4ec-eddd-4e09-bf56-15dbce7f3481,1,2578.705534
2026/02/05/11:04:30,running-time,rs-002845-z8bbr,fb8464f2-0eed-4c12-a126-11f090969a6f,1,2578.705534
2026/02/05/11:04:30,running-time,rs-002849-876tl,ddbdce54-371c-47fc-8bac-b6044a9c7cf8,1,2578.705534
2026/02/05/11:04:30,running-time,rs-002850-hqhz8,d6f3b6b4-3275-45b8-97b1-37acd7fcfa7f,2,2578.705534
2026/02/05/11:04:30,running-time,rs-002850-j8jct,023d7dd2-a4c9-47ba-8991-e5eceb2977d0,2,2578.705534
2026/02/05/11:04:30,apply-time,rs-002851-7l75c,4fa3978c-e16e-496a-8fa7-45fa5f16e0e1,3,2578.705534
2026/02/05/11:04:30,running-time,rs-002851-7l75c,4fa3978c-e16e-496a-8fa7-45fa5f16e0e1,3,2578.705534
2026/02/05/11:04:30,apply-time,rs-002852-mdmdw,5e372cc0-7c35-4466-8a2e-e9b239794919,4,2579.705534
2026/02/05/11:04:30,running-time,rs-002852-mdmdw,5e372cc0-7c35-4466-8a2e-e9b239794919,4,2579.705534
2026/02/05/11:04:30,apply-time,rs-002853-rjqgs,64a5bbeb-f0ce-4dd5-a673-27bb4eae67dc,3,2578.705534
2026/02/05/11:04:30,running-time,rs-002853-rjqgs,64a5bbeb-f0ce-4dd5-a673-27bb4eae67dc,3,2578.705534
2026/02/05/11:04:30,apply-time,rs-002854-g545c,5bb51c20-e39f-461c-b204-a55bff60602e,1,2578.705534
2026/02/05/11:04:30,running-time,rs-002854-g545c,5bb51c20-e39f-461c-b204-a55bff60602e,1,2579.705534
2026/02/05/11:04:30,apply-time,rs-002854-wv7kj,b83bf905-f5cd-4454-8be7-385b6a9496d3,1,2578.705534
2026/02/05/11:04:30,running-time,rs-002854-wv7kj,b83bf905-f5cd-4454-8be7-385b6a9496d3,1,2578.705534
2026/02/05/11:04:30,apply-time,rs-002854-z244l,37151490-5c33-408c-a40a-95a917ac2251,1,2579.705534
2026/02/05/11:04:30,running-time,rs-002854-z244l,37151490-5c33-408c-a40a-95a917ac2251,1,2579.705534
2026/02/05/11:04:30,apply-time,rs-002855-wczhl,e1b46a02-eeb4-4200-8482-6c1cb999901e,1,2579.705534
2026/02/05/11:04:30,apply-time,rs-002856-p545h,0fcf4ea5-4bf7-4724-baa2-37c3a0455538,4,2579.705534
2026/02/05/11:04:30,running-time,rs-002856-p545h,0fcf4ea5-4bf7-4724-baa2-37c3a0455538,4,2579.705534
2026/02/05/11:04:31,apply-time,rs-002852-xchlx,50d172af-b5eb-450e-9cf7-c72b16e3c0a3,4,2579.705534
2026/02/05/11:04:31,running-time,rs-002852-xchlx,50d172af-b5eb-450e-9cf7-c72b16e3c0a3,4,2579.705534
2026/02/05/11:04:31,apply-time,rs-002857-2582j,86295865-261d-4948-8c5d-b42e34e7c720,4,2580.705534
2026/02/05/11:04:31,running-time,rs-002857-2582j,86295865-261d-4948-8c5d-b42e34e7c720,4,2580.705534
2026/02/05/11:04:31,apply-time,rs-002857-jgms6,d4824b05-6cf2-4d48-9c79-b190509a0938,4,2579.705534
2026/02/05/11:04:31,running-time,rs-002857-jgms6,d4824b05-6cf2-4d48-9c79-b190509a0938,4,2579.705534
2026/02/05/11:04:31,apply-time,rs-002857-pbcrm,2c103485-3610-455b-82db-61efa18f8ad1,4,2580.705534
2026/02/05/11:04:31,running-time,rs-002857-pbcrm,2c103485-3610-455b-82db-61efa18f8ad1,4,2580.705534
2026/02/05/11:04:31,apply-time,rs-002858-256mf,454597a1-53bd-4290-ac01-10a67947114e,4,2579.705534
2026/02/05/11:04:31,running-time,rs-002858-256mf,454597a1-53bd-4290-ac01-10a67947114e,4,2579.705534
2026/02/05/11:04:40,apply-time,rs-002859-22wgp,30802540-ed40-4e80-8a80-cb4bec2519cb,1,2588.705534
2026/02/05/11:04:40,running-time,rs-002859-22wgp,30802540-ed40-4e80-8a80-cb4bec2519cb,1,2588.705534
2026/02/05/11:04:41,apply-time,rs-002860-g7zws,e6470282-b420-44c9-9ec6-c9226ca5368b,1,2590.705534
2026/02/05/11:04:41,apply-time,rs-002860-lmtsd,1912645b-8348-4531-ab67-1142a928d7ba,1,2590.705534
2026/02/05/11:04:41,apply-time,rs-002860-qphhf,176dd878-d76d-4359-adef-bd1f29ad37f4,1,2590.705534
2026/02/05/11:04:42,running-time,rs-002860-g7zws,e6470282-b420-44c9-9ec6-c9226ca5368b,1,2590.705534
2026/02/05/11:04:42,running-time,rs-002860-lmtsd,1912645b-8348-4531-ab67-1142a928d7ba,1,2590.705534
2026/02/05/11:04:42,running-time,rs-002860-qphhf,176dd878-d76d-4359-adef-bd1f29ad37f4,1,2590.705534
2026/02/05/11:04:42,apply-time,rs-002861-rdg87,a4a20f15-0ae6-4745-8f50-99c3e5a8778a,2,2590.705534
2026/02/05/11:04:42,running-time,rs-002861-rdg87,a4a20f15-0ae6-4745-8f50-99c3e5a8778a,2,2590.705534
2026/02/05/11:04:42,apply-time,rs-002862-2nmwv,ecd08657-d18d-4d24-b38d-257c9b9eb453,1,2590.705534
2026/02/05/11:04:42,running-time,rs-002862-2nmwv,ecd08657-d18d-4d24-b38d-257c9b9eb453,1,2590.705534
2026/02/05/11:04:42,apply-time,rs-002862-8mxfm,479b0649-ceba-43fb-b1f7-e3b1ffde7b55,1,2590.705534
2026/02/05/11:04:42,running-time,rs-002862-8mxfm,479b0649-ceba-43fb-b1f7-e3b1ffde7b55,1,2590.705534
2026/02/05/11:04:42,apply-time,rs-002862-r7jcq,7e1ddb30-b702-46f2-a1d8-3d417ae0beca,1,2590.705534
2026/02/05/11:04:42,running-time,rs-002862-r7jcq,7e1ddb30-b702-46f2-a1d8-3d417ae0beca,1,2590.705534
2026/02/05/11:04:43,apply-time,rs-002863-p26ps,6cb1ec0d-1822-45e7-9daf-7faa142e3dde,4,2592.705534
2026/02/05/11:04:43,apply-time,rs-002864-2zhxk,f113e48f-f2d7-4613-96d0-4c98c03713d7,3,2592.705534
2026/02/05/11:04:43,apply-time,rs-002864-84vz4,e31dcfd3-60a2-4356-a0fd-f32824991d01,3,2592.705534
2026/02/05/11:04:43,apply-time,rs-002864-hr7sm,7f799d20-7650-480b-b9f8-d257abbcc003,3,2592.705534
2026/02/05/11:04:44,apply-time,rs-002863-4w9mf,f1045475-98f6-4215-846a-6840997c3934,4,2592.705534
2026/02/05/11:04:44,running-time,rs-002863-4w9mf,f1045475-98f6-4215-846a-6840997c3934,4,2592.705534
2026/02/05/11:04:44,running-time,rs-002863-p26ps,6cb1ec0d-1822-45e7-9daf-7faa142e3dde,4,2592.705534
2026/02/05/11:04:44,running-time,rs-002864-2zhxk,f113e48f-f2d7-4613-96d0-4c98c03713d7,3,2592.705534
2026/02/05/11:04:44,running-time,rs-002864-84vz4,e31dcfd3-60a2-4356-a0fd-f32824991d01,3,2592.705534
2026/02/05/11:04:44,running-time,rs-002864-hr7sm,7f799d20-7650-480b-b9f8-d257abbcc003,3,2592.705534
2026/02/05/11:04:44,apply-time,rs-002865-bbmk7,df0dffe9-c066-4be0-9213-9f7f85b6b067,1,2592.705534
2026/02/05/11:04:44,running-time,rs-002865-bbmk7,df0dffe9-c066-4be0-9213-9f7f85b6b067,1,2592.705534
2026/02/05/11:04:44,apply-time,rs-002865-vgw9k,936823f4-cf6f-4660-934f-8f439a9f95b6,1,2592.705534
2026/02/05/11:04:44,running-time,rs-002865-vgw9k,936823f4-cf6f-4660-934f-8f439a9f95b6,1,2592.705534
2026/02/05/11:04:44,apply-time,rs-002866-znwd8,fec2ab2b-3369-4858-ae0c-6cf766504187,2,2592.705534
2026/02/05/11:04:44,running-time,rs-002866-znwd8,fec2ab2b-3369-4858-ae0c-6cf766504187,2,2592.705534
2026/02/05/11:04:44,apply-time,rs-002867-hszql,ba9a773b-a41e-452d-a32a-5ddda9901e4d,1,2592.705534
2026/02/05/11:04:44,running-time,rs-002867-hszql,ba9a773b-a41e-452d-a32a-5ddda9901e4d,1,2592.705534
2026/02/05/11:04:44,apply-time,rs-002867-qx24m,d036bff6-f7dc-41be-a12e-1f7de16c2c3d,1,2592.705534
2026/02/05/11:04:44,running-time,rs-002867-qx24m,d036bff6-f7dc-41be-a12e-1f7de16c2c3d,1,2592.705534
2026/02/05/11:04:44,apply-time,rs-002867-r4zkt,03972f82-0a11-4cb1-8498-d9c96b347889,1,2592.705534
2026/02/05/11:04:44,running-time,rs-002867-r4zkt,03972f82-0a11-4cb1-8498-d9c96b347889,1,2592.705534
2026/02/05/11:04:49,apply-time,rs-002868-87w7h,9ecdafbf-41ed-476d-b214-612010c549c6,2,2598.705534
2026/02/05/11:04:49,running-time,rs-002868-87w7h,9ecdafbf-41ed-476d-b214-612010c549c6,2,2598.705534
2026/02/05/11:04:49,apply-time,rs-002868-8kj8j,d022270a-dc23-4384-8b08-5e4dcc3fe128,2,2598.705534
2026/02/05/11:04:49,running-time,rs-002868-8kj8j,d022270a-dc23-4384-8b08-5e4dcc3fe128,2,2598.705534
2026/02/05/11:04:49,apply-time,rs-002869-q5sqn,f3bc8657-a58c-44f2-898d-b4153ab9d1f1,1,2598.705534
2026/02/05/11:04:49,running-time,rs-002869-q5sqn,f3bc8657-a58c-44f2-898d-b4153ab9d1f1,1,2598.705534
2026/02/05/11:04:49,apply-time,rs-002869-rbg8q,ed508915-3bfa-48e3-a3e6-122fd1a94f17,1,2598.705534
2026/02/05/11:04:49,running-time,rs-002869-rbg8q,ed508915-3bfa-48e3-a3e6-122fd1a94f17,1,2598.705534
2026/02/05/11:04:49,apply-time,rs-002870-2mhwd,177c458a-6f68-480a-ac63-718552f511e1,3,2598.705534
2026/02/05/11:04:49,running-time,rs-002870-2mhwd,177c458a-6f68-480a-ac63-718552f511e1,3,2598.705534
2026/02/05/11:04:49,apply-time,rs-002870-48tjc,372d8650-1189-4ebe-ac4f-d94fb4e7ccc0,3,2598.705534
2026/02/05/11:04:49,running-time,rs-002870-48tjc,372d8650-1189-4ebe-ac4f-d94fb4e7ccc0,3,2598.705534
2026/02/05/11:04:49,apply-time,rs-002870-mqq92,db385595-dcc5-4378-bd87-c7a295578f4d,3,2598.705534
2026/02/05/11:04:49,running-time,rs-002870-mqq92,db385595-dcc5-4378-bd87-c7a295578f4d,3,2598.705534
2026/02/05/11:04:49,apply-time,rs-002871-dpml5,43c17fad-5aaa-4eac-8589-5998a782301d,2,2598.705534
2026/02/05/11:04:49,running-time,rs-002871-dpml5,43c17fad-5aaa-4eac-8589-5998a782301d,2,2598.705534
2026/02/05/11:04:49,apply-time,rs-002872-94v4r,68448975-cbf1-488a-8cb1-4315c1467490,3,2598.705534
2026/02/05/11:04:49,running-time,rs-002872-94v4r,68448975-cbf1-488a-8cb1-4315c1467490,3,2598.705534
2026/02/05/11:04:49,apply-time,rs-002872-pl646,1ff955e9-49bd-4384-976d-3ff67ffec131,3,2598.705534
2026/02/05/11:04:49,running-time,rs-002872-pl646,1ff955e9-49bd-4384-976d-3ff67ffec131,3,2598.705534
2026/02/05/11:04:49,apply-time,rs-002873-vgwbb,9203493b-56ad-42e9-8fd4-3afc3b8760c0,4,2598.705534
2026/02/05/11:04:51,running-time,rs-002873-vgwbb,9203493b-56ad-42e9-8fd4-3afc3b8760c0,4,2600.705534
2026/02/05/11:04:52,apply-time,rs-002874-2q2vz,4c5e0b38-1ed6-4c6f-8d57-658885b9db6b,4,2600.705534
2026/02/05/11:04:52,apply-time,rs-002875-xb45d,9a286b43-d7de-4134-8fa4-101625d4430e,4,2601.705534
2026/02/05/11:04:52,running-time,rs-002875-xb45d,9a286b43-d7de-4134-8fa4-101625d4430e,4,2601.705534
2026/02/05/11:04:52,apply-time,rs-002876-4wffj,461957e3-be1e-4c68-bc5a-fc4b939b50d7,1,2601.705534
2026/02/05/11:04:52,running-time,rs-002876-4wffj,461957e3-be1e-4c68-bc5a-fc4b939b50d7,1,2601.705534
2026/02/05/11:04:52,apply-time,rs-002876-v54gm,73facab0-f69d-4564-bc75-f5b52278727b,1,2601.705534
2026/02/05/11:04:52,running-time,rs-002876-v54gm,73facab0-f69d-4564-bc75-f5b52278727b,1,2601.705534
2026/02/05/11:04:52,apply-time,rs-002877-p9h9s,0336d390-7d8e-4a65-ad14-2e136ffe8cbd,2,2601.705534
2026/02/05/11:04:52,running-time,rs-002877-p9h9s,0336d390-7d8e-4a65-ad14-2e136ffe8cbd,2,2601.705534
2026/02/05/11:04:52,apply-time,rs-002878-bh88p,d8e02197-46de-4b29-9376-8c9b5fe403a8,3,2601.705534
2026/02/05/11:04:52,running-time,rs-002878-bh88p,d8e02197-46de-4b29-9376-8c9b5fe403a8,3,2601.705534
2026/02/05/11:04:52,apply-time,rs-002879-vs7bn,2a969e94-98a9-4bfe-8a80-31baa8654d77,1,2601.705534
2026/02/05/11:04:52,running-time,rs-002879-vs7bn,2a969e94-98a9-4bfe-8a80-31baa8654d77,1,2601.705534
2026/02/05/11:04:53,apply-time,rs-002880-dkz7c,2f61b72e-b72a-42d0-ac55-6ca89484175a,1,2601.705534
2026/02/05/11:04:53,running-time,rs-002880-dkz7c,2f61b72e-b72a-42d0-ac55-6ca89484175a,1,2601.705534
2026/02/05/11:04:53,apply-time,rs-002881-dxltv,9a1960a1-2529-416b-aca7-fc22a7ed73fb,2,2602.705534
2026/02/05/11:04:53,running-time,rs-002881-dxltv,9a1960a1-2529-416b-aca7-fc22a7ed73fb,2,2602.705534
2026/02/05/11:04:53,apply-time,rs-002882-4dpf8,7d10d74c-caeb-44b4-9164-dcc154a27fab,2,2602.705534
2026/02/05/11:04:53,running-time,rs-002882-4dpf8,7d10d74c-caeb-44b4-9164-dcc154a27fab,2,2602.705534
2026/02/05/11:04:53,apply-time,rs-002882-94mcq,6d40fd7f-df02-4c53-bbbc-842df026e731,2,2602.705534
2026/02/05/11:04:53,running-time,rs-002882-94mcq,6d40fd7f-df02-4c53-bbbc-842df026e731,2,2602.705534
2026/02/05/11:04:54,apply-time,rs-002883-6xb4v,887c0a48-cb80-4a4c-9541-7f7a4c1af4e8,4,2602.705534
2026/02/05/11:04:54,running-time,rs-002883-6xb4v,887c0a48-cb80-4a4c-9541-7f7a4c1af4e8,4,2602.705534
2026/02/05/11:04:54,apply-time,rs-002883-98cvx,1bec0182-da8b-48e6-bb16-fc0bc3175a3b,4,2602.705534
2026/02/05/11:04:54,running-time,rs-002883-98cvx,1bec0182-da8b-48e6-bb16-fc0bc3175a3b,4,2602.705534
2026/02/05/11:04:54,apply-time,rs-002883-c9wxv,a2f9cf42-a32b-4dee-8d9b-7a02989a2457,4,2602.705534
2026/02/05/11:04:54,running-time,rs-002883-c9wxv,a2f9cf42-a32b-4dee-8d9b-7a02989a2457,4,2602.705534
2026/02/05/11:04:54,apply-time,rs-002884-5gmxs,eab393ed-c893-40d7-8735-0e118098c8ee,2,2602.705534
2026/02/05/11:04:54,running-time,rs-002884-5gmxs,eab393ed-c893-40d7-8735-0e118098c8ee,2,2602.705534
2026/02/05/11:04:54,apply-time,rs-002885-8vphj,468192c0-2f37-424b-8353-00b409c23770,3,2602.705534
2026/02/05/11:04:54,running-time,rs-002885-8vphj,468192c0-2f37-424b-8353-00b409c23770,3,2602.705534
2026/02/05/11:04:54,apply-time,rs-002886-86r4v,7c7c6cc8-8719-42e0-9aa3-2d02c60799dd,1,2602.705534
2026/02/05/11:04:54,running-time,rs-002886-86r4v,7c7c6cc8-8719-42e0-9aa3-2d02c60799dd,1,2603.705534
2026/02/05/11:04:54,apply-time,rs-002886-td8fd,44dfefe4-9290-461d-ac07-b2a91c3c6bd5,1,2602.705534
2026/02/05/11:04:54,running-time,rs-002886-td8fd,44dfefe4-9290-461d-ac07-b2a91c3c6bd5,1,2602.705534
2026/02/05/11:04:54,apply-time,rs-002887-22hhg,ff9d64ed-538c-4523-974d-2f0050c2b99a,4,2602.705534
2026/02/05/11:04:54,running-time,rs-002887-22hhg,ff9d64ed-538c-4523-974d-2f0050c2b99a,4,2602.705534
2026/02/05/11:04:54,apply-time,rs-002887-n2jkq,756d16bf-9eee-4d58-ace9-30c16dfee626,4,2603.705534
2026/02/05/11:04:54,running-time,rs-002887-n2jkq,756d16bf-9eee-4d58-ace9-30c16dfee626,4,2603.705534
2026/02/05/11:04:54,apply-time,rs-002889-sgt5t,9b874700-89d6-42f1-a55e-0880bfd4cdb1,1,2603.705534
2026/02/05/11:04:55,apply-time,rs-002888-57tjg,bc2f3313-f9a6-4fa6-b350-48ca7a9fe7b6,2,2603.705534
2026/02/05/11:04:55,apply-time,rs-002888-n75wm,5b86c1af-0dd1-4522-b7ac-be43b8e3638f,2,2603.705534
2026/02/05/11:04:55,apply-time,rs-002888-pr9wz,0a888089-d68d-4b43-bc53-d4fecfa14cb8,2,2603.705534
2026/02/05/11:04:55,apply-time,rs-002890-64ls6,d39cf257-024b-4769-87ab-2636c8f645d7,1,2603.705534
2026/02/05/11:04:55,running-time,rs-002890-64ls6,d39cf257-024b-4769-87ab-2636c8f645d7,1,2603.705534
2026/02/05/11:04:55,apply-time,rs-002890-cb64r,b2b02c6f-f04c-4962-b0be-af5ef465c437,1,2603.705534
2026/02/05/11:04:55,running-time,rs-002890-cb64r,b2b02c6f-f04c-4962-b0be-af5ef465c437,1,2603.705534
2026/02/05/11:04:55,apply-time,rs-002890-hfcbg,4a975e4a-6ef9-4136-8127-71a4e055de81,1,2603.705534
2026/02/05/11:04:55,running-time,rs-002890-hfcbg,4a975e4a-6ef9-4136-8127-71a4e055de81,1,2603.705534
2026/02/05/11:04:55,apply-time,rs-002891-8qxcl,727e1ef3-fbc1-49f3-a85b-701ceae8d031,2,2603.705534
2026/02/05/11:04:55,running-time,rs-002891-8qxcl,727e1ef3-fbc1-49f3-a85b-701ceae8d031,2,2603.705534
2026/02/05/11:04:55,apply-time,rs-002891-gtbgc,102574bf-0e9b-4960-ab19-4730304eb3ef,2,2603.705534
2026/02/05/11:04:55,running-time,rs-002891-gtbgc,102574bf-0e9b-4960-ab19-4730304eb3ef,2,2604.705534
2026/02/05/11:04:55,apply-time,rs-002892-xrmw4,684ee1a0-cd29-48a7-b061-b300824c63e9,1,2604.705534
2026/02/05/11:04:55,apply-time,rs-002893-222x4,865048a1-ff89-4f6e-b486-fe3513643e65,3,2604.705534
2026/02/05/11:04:55,running-time,rs-002893-222x4,865048a1-ff89-4f6e-b486-fe3513643e65,3,2604.705534
2026/02/05/11:04:56,apply-time,rs-002892-v948k,1839b235-ee0a-460d-a1b8-db43201ec584,1,2604.705534
2026/02/05/11:04:56,apply-time,rs-002893-rn5h6,ad7af5da-df34-4abc-8a07-52ad018d741b,3,2604.705534
2026/02/05/11:04:56,running-time,rs-002893-rn5h6,ad7af5da-df34-4abc-8a07-52ad018d741b,3,2604.705534
2026/02/05/11:04:56,apply-time,rs-002894-cv87z,81775585-4c88-44c6-a86d-330c80b226c0,3,2604.705534
2026/02/05/11:04:56,running-time,rs-002894-cv87z,81775585-4c88-44c6-a86d-330c80b226c0,3,2605.705534
2026/02/05/11:04:56,apply-time,rs-002894-n98xb,94f5ed14-1c5f-4879-bacc-ca65ba45ba27,3,2605.705534
2026/02/05/11:04:56,apply-time,rs-002895-ddwjq,bfc49d71-9d0c-4f63-8030-92e7e79cce79,1,2605.705534
2026/02/05/11:04:56,apply-time,rs-002896-wwv4t,ae34a633-a0e4-4bb2-ad3e-ca522280dd10,2,2605.705534
2026/02/05/11:04:56,running-time,rs-002896-wwv4t,ae34a633-a0e4-4bb2-ad3e-ca522280dd10,2,2605.705534
2026/02/05/11:04:56,apply-time,rs-002897-74hd6,2e42975a-fa5d-458e-b135-597b441ea1ba,3,2605.705534
2026/02/05/11:04:56,running-time,rs-002897-74hd6,2e42975a-fa5d-458e-b135-597b441ea1ba,3,2605.705534
2026/02/05/11:04:56,apply-time,rs-002898-7ntv2,4b620136-e1c3-4f1f-bd2d-b08b23304f74,3,2605.705534
2026/02/05/11:04:57,apply-time,rs-002894-klsx4,a530d466-ab71-4624-9142-191f29e684e8,3,2605.705534
2026/02/05/11:04:57,running-time,rs-002894-klsx4,a530d466-ab71-4624-9142-191f29e684e8,3,2605.705534
2026/02/05/11:04:57,running-time,rs-002894-n98xb,94f5ed14-1c5f-4879-bacc-ca65ba45ba27,3,2605.705534
2026/02/05/11:04:57,apply-time,rs-002895-gdtjx,0211b2ae-1c1d-4691-8050-9b8b3d27e8f2,1,2605.705534
2026/02/05/11:04:57,running-time,rs-002895-gdtjx,0211b2ae-1c1d-4691-8050-9b8b3d27e8f2,1,2606.705534
2026/02/05/11:04:57,apply-time,rs-002895-r4jm6,3fceb29d-8ccc-49bc-9ceb-e0ed2d7fa353,1,2605.705534
2026/02/05/11:04:57,apply-time,rs-002896-hn9qm,a83a8b05-88f4-4fa0-91df-a6957aa86150,2,2605.705534
2026/02/05/11:04:57,running-time,rs-002896-hn9qm,a83a8b05-88f4-4fa0-91df-a6957aa86150,2,2605.705534
2026/02/05/11:04:57,apply-time,rs-002897-x8m64,e3c579b8-2555-46e1-a2ae-f7a10747654f,3,2605.705534
2026/02/05/11:04:57,running-time,rs-002897-x8m64,e3c579b8-2555-46e1-a2ae-f7a10747654f,3,2605.705534
2026/02/05/11:04:57,apply-time,rs-002898-lkz8z,2afb9f07-3a87-47f3-b0c1-62fc0eea1950,3,2605.705534
2026/02/05/11:04:57,apply-time,rs-002899-2md77,39a0cb5c-a095-4b02-8cd0-5c51b245462a,2,2606.705534
2026/02/05/11:04:57,running-time,rs-002899-2md77,39a0cb5c-a095-4b02-8cd0-5c51b245462a,2,2606.705534
2026/02/05/11:04:57,apply-time,rs-002899-xb2kf,b1e1da39-0caa-41b4-bf12-4c3547641ab4,2,2605.705534
2026/02/05/11:04:57,running-time,rs-002899-xb2kf,b1e1da39-0caa-41b4-bf12-4c3547641ab4,2,2606.705534
2026/02/05/11:04:57,apply-time,rs-002900-grhth,fe84ef73-f8e2-4e26-b365-bcff38245f39,2,2606.705534
2026/02/05/11:04:57,apply-time,rs-002901-qk2fz,2855b1fc-83b6-4454-81a9-3b81d9a22a06,2,2606.705534
2026/02/05/11:04:57,running-time,rs-002901-qk2fz,2855b1fc-83b6-4454-81a9-3b81d9a22a06,2,2606.705534
2026/02/05/11:04:57,apply-time,rs-002902-s5grj,da3cee79-fbf1-40b5-a0ea-b3a5a8f02161,3,2606.705534
2026/02/05/11:04:58,running-time,rs-002895-ddwjq,bfc49d71-9d0c-4f63-8030-92e7e79cce79,1,2607.705534
2026/02/05/11:04:58,apply-time,rs-002900-8zgmx,ff8d41c5-68b8-4f13-aa7b-d00d0dd6b6f7,2,2606.705534
2026/02/05/11:04:58,apply-time,rs-002900-mgjbg,5586756c-98a3-42b7-8a0c-5893b792f75b,2,2606.705534
2026/02/05/11:04:58,apply-time,rs-002902-tpj7z,2175f273-545e-4ccf-bdd1-d00fb6128af1,3,2606.705534
2026/02/05/11:04:58,apply-time,rs-002903-pp89p,8df20acc-68e4-4985-a2bf-6865861ae7d4,2,2607.705534
2026/02/05/11:04:59,running-time,rs-002874-2q2vz,4c5e0b38-1ed6-4c6f-8d57-658885b9db6b,4,2607.705534
2026/02/05/11:04:59,running-time,rs-002895-r4jm6,3fceb29d-8ccc-49bc-9ceb-e0ed2d7fa353,1,2608.705534
2026/02/05/11:04:59,apply-time,rs-002903-ln5c8,50bf7365-ed61-47fc-8cb9-72f9d5941d32,2,2607.705534
2026/02/05/11:04:59,apply-time,rs-002903-x9bv8,7cc58000-7daa-4c38-91e7-d6259f644e62,2,2607.705534
2026/02/05/11:04:59,running-time,rs-002903-x9bv8,7cc58000-7daa-4c38-91e7-d6259f644e62,2,2608.705534
2026/02/05/11:05:01,running-time,rs-002900-8zgmx,ff8d41c5-68b8-4f13-aa7b-d00d0dd6b6f7,2,2609.705534
2026/02/05/11:05:01,running-time,rs-002900-grhth,fe84ef73-f8e2-4e26-b365-bcff38245f39,2,2610.705534
2026/02/05/11:05:01,running-time,rs-002900-mgjbg,5586756c-98a3-42b7-8a0c-5893b792f75b,2,2609.705534
2026/02/05/11:05:01,running-time,rs-002902-tpj7z,2175f273-545e-4ccf-bdd1-d00fb6128af1,3,2610.705534
2026/02/05/11:05:01,apply-time,rs-002904-r7lzm,4ce86de6-3ee6-4d54-a6bf-3dce6c629023,1,2609.705534
2026/02/05/11:05:01,running-time,rs-002904-r7lzm,4ce86de6-3ee6-4d54-a6bf-3dce6c629023,1,2609.705534
2026/02/05/11:05:14,apply-time,rs-002905-ckldb,668393eb-8199-4318-a646-1cf8613b0e9d,4,2622.705534
2026/02/05/11:05:14,running-time,rs-002905-ckldb,668393eb-8199-4318-a646-1cf8613b0e9d,4,2622.705534
2026/02/05/11:05:14,apply-time,rs-002905-m6zpv,a0ad50a4-e6ad-447a-acdd-be520314c147,4,2622.705534
2026/02/05/11:05:14,running-time,rs-002905-m6zpv,a0ad50a4-e6ad-447a-acdd-be520314c147,4,2622.705534
2026/02/05/11:05:14,apply-time,rs-002905-wwnt7,2243ba6e-7204-400f-9d6b-01a5bc29e04b,4,2622.705534
2026/02/05/11:05:14,running-time,rs-002905-wwnt7,2243ba6e-7204-400f-9d6b-01a5bc29e04b,4,2622.705534
2026/02/05/11:05:14,apply-time,rs-002906-hmx8s,63ef4413-b5e9-40ae-9d17-e6898a9685e3,4,2622.705534
2026/02/05/11:05:14,running-time,rs-002906-hmx8s,63ef4413-b5e9-40ae-9d17-e6898a9685e3,4,2622.705534
2026/02/05/11:05:14,apply-time,rs-002906-qlfpl,7c324b9b-cdc2-4614-ab33-f3522b506a9c,4,2622.705534
2026/02/05/11:05:14,running-time,rs-002906-qlfpl,7c324b9b-cdc2-4614-ab33-f3522b506a9c,4,2622.705534
2026/02/05/11:05:14,apply-time,rs-002907-rgbsz,368a90e8-f191-47bd-93a8-da9a5e810e26,2,2622.705534
2026/02/05/11:05:14,running-time,rs-002907-rgbsz,368a90e8-f191-47bd-93a8-da9a5e810e26,2,2622.705534
2026/02/05/11:05:14,apply-time,rs-002908-9f9vs,5225bc81-b553-4db6-9c20-eaf8c9928202,3,2622.705534
2026/02/05/11:05:14,running-time,rs-002908-9f9vs,5225bc81-b553-4db6-9c20-eaf8c9928202,3,2622.705534
2026/02/05/11:05:14,apply-time,rs-002908-gj62p,f5acc94f-b19a-4805-9082-6dcb420c1472,3,2622.705534
2026/02/05/11:05:14,running-time,rs-002908-gj62p,f5acc94f-b19a-4805-9082-6dcb420c1472,3,2622.705534
2026/02/05/11:05:14,apply-time,rs-002908-krl8g,3ce6c718-3406-4e80-8e04-ed3d8102159e,3,2622.705534
2026/02/05/11:05:14,running-time,rs-002908-krl8g,3ce6c718-3406-4e80-8e04-ed3d8102159e,3,2622.705534
2026/02/05/11:05:14,apply-time,rs-002909-vwmhv,d2a3eae6-9b51-4fe8-9632-e36240b49164,1,2622.705534
2026/02/05/11:05:14,apply-time,rs-002909-wzmsj,9dd3fd5b-52ff-40b8-b84c-695648a48801,1,2622.705534
2026/02/05/11:05:14,running-time,rs-002909-wzmsj,9dd3fd5b-52ff-40b8-b84c-695648a48801,1,2622.705534
2026/02/05/11:05:14,apply-time,rs-002910-46fqm,58f869f2-ede1-490c-8279-b8ab3dd27450,2,2623.705534
2026/02/05/11:05:14,running-time,rs-002910-46fqm,58f869f2-ede1-490c-8279-b8ab3dd27450,2,2623.705534
2026/02/05/11:05:14,apply-time,rs-002910-gt9z5,b193538b-608a-405c-8dcb-fe6e37e9f85c,2,2623.705534
2026/02/05/11:05:14,running-time,rs-002910-gt9z5,b193538b-608a-405c-8dcb-fe6e37e9f85c,2,2623.705534
2026/02/05/11:05:15,apply-time,rs-002911-nxndp,2f2c2c34-7411-4ff4-90e7-7d1691658b7f,3,2623.705534
2026/02/05/11:05:15,running-time,rs-002911-nxndp,2f2c2c34-7411-4ff4-90e7-7d1691658b7f,3,2623.705534
2026/02/05/11:05:15,apply-time,rs-002911-rjmxg,e9f1bf04-247d-4f7e-b820-11f48ad25d20,3,2623.705534
2026/02/05/11:05:15,running-time,rs-002911-rjmxg,e9f1bf04-247d-4f7e-b820-11f48ad25d20,3,2623.705534
2026/02/05/11:05:15,apply-time,rs-002912-2gl2t,ee2b7974-d7d2-4734-b44d-f060b45cb065,4,2624.705534
2026/02/05/11:05:15,running-time,rs-002912-2gl2t,ee2b7974-d7d2-4734-b44d-f060b45cb065,4,2624.705534
2026/02/05/11:05:15,apply-time,rs-002912-6qvnz,2922caf4-306e-4e11-b1b9-56aaa20e4c36,4,2624.705534
2026/02/05/11:05:15,running-time,rs-002912-6qvnz,2922caf4-306e-4e11-b1b9-56aaa20e4c36,4,2624.705534
2026/02/05/11:05:16,apply-time,rs-002913-qx8mh,959391b5-9589-4b16-8b9e-3f3cc5d8b7b8,2,2624.705534
2026/02/05/11:05:16,running-time,rs-002913-qx8mh,959391b5-9589-4b16-8b9e-3f3cc5d8b7b8,2,2624.705534
2026/02/05/11:05:16,apply-time,rs-002914-bwwd7,1e8a3954-59cd-44ae-8ac3-60bd72d507f4,4,2625.705534
2026/02/05/11:05:16,running-time,rs-002914-bwwd7,1e8a3954-59cd-44ae-8ac3-60bd72d507f4,4,2625.705534
2026/02/05/11:05:16,apply-time,rs-002914-lbsq9,0a52ca60-9a1b-48de-b45a-a2009817f7f5,4,2625.705534
2026/02/05/11:05:16,running-time,rs-002914-lbsq9,0a52ca60-9a1b-48de-b45a-a2009817f7f5,4,2625.705534
2026/02/05/11:05:16,apply-time,rs-002915-s46qq,66b44bed-6c01-42da-8226-22e8cbde25bc,1,2625.705534
2026/02/05/11:05:16,apply-time,rs-002916-qcvkn,cf5fe49c-0fd9-460b-8685-e67ec673f419,1,2625.705534
2026/02/05/11:05:16,running-time,rs-002916-qcvkn,cf5fe49c-0fd9-460b-8685-e67ec673f419,1,2625.705534
2026/02/05/11:05:16,apply-time,rs-002917-2g9bx,9f8f9fff-367c-4793-82f4-753f41ea8041,2,2625.705534
2026/02/05/11:05:16,running-time,rs-002917-2g9bx,9f8f9fff-367c-4793-82f4-753f41ea8041,2,2625.705534
2026/02/05/11:05:17,running-time,rs-002915-s46qq,66b44bed-6c01-42da-8226-22e8cbde25bc,1,2625.705534
2026/02/05/11:05:17,apply-time,rs-002918-6qhjw,40ea6f7e-3449-48c0-a6ff-5314ff54554d,1,2625.705534
2026/02/05/11:05:17,running-time,rs-002918-6qhjw,40ea6f7e-3449-48c0-a6ff-5314ff54554d,1,2625.705534
2026/02/05/11:05:17,apply-time,rs-002918-rhcb5,ebd4c8b3-45c5-4bea-850a-cdadb530df66,1,2626.705534
2026/02/05/11:05:17,running-time,rs-002918-rhcb5,ebd4c8b3-45c5-4bea-850a-cdadb530df66,1,2626.705534
2026/02/05/11:05:17,apply-time,rs-002918-shcp6,a3ad5c63-5115-4fee-9a87-8bdf73c7fa64,1,2625.705534
2026/02/05/11:05:17,running-time,rs-002918-shcp6,a3ad5c63-5115-4fee-9a87-8bdf73c7fa64,1,2625.705534
2026/02/05/11:05:21,apply-time,rs-002919-cx69h,c2c8e544-cd0f-4396-a6e0-2f30cde6184e,4,2629.705534
2026/02/05/11:05:21,running-time,rs-002919-cx69h,c2c8e544-cd0f-4396-a6e0-2f30cde6184e,4,2629.705534
2026/02/05/11:05:21,apply-time,rs-002919-hjxb4,61919f52-4294-42d8-89cf-0f7d9c3b0b72,4,2629.705534
2026/02/05/11:05:21,running-time,rs-002919-hjxb4,61919f52-4294-42d8-89cf-0f7d9c3b0b72,4,2629.705534
2026/02/05/11:05:21,apply-time,rs-002919-kj8n6,27e4495d-95e8-4573-acd0-deb0cfa02538,4,2629.705534
2026/02/05/11:05:21,running-time,rs-002919-kj8n6,27e4495d-95e8-4573-acd0-deb0cfa02538,4,2629.705534
2026/02/05/11:05:21,apply-time,rs-002920-dvg9v,46f791bd-d42c-4461-a7ce-a4ff821606fd,3,2629.705534
2026/02/05/11:05:21,running-time,rs-002920-dvg9v,46f791bd-d42c-4461-a7ce-a4ff821606fd,3,2630.705534
2026/02/05/11:05:21,apply-time,rs-002920-fshbg,3c28bf7b-f710-4ed5-bd92-83692538ca74,3,2629.705534
2026/02/05/11:05:21,running-time,rs-002920-fshbg,3c28bf7b-f710-4ed5-bd92-83692538ca74,3,2630.705534
2026/02/05/11:05:21,apply-time,rs-002920-p7v6l,86cc8c84-0b8f-4ffd-8798-e41284ba729a,3,2629.705534
2026/02/05/11:05:21,running-time,rs-002920-p7v6l,86cc8c84-0b8f-4ffd-8798-e41284ba729a,3,2630.705534
2026/02/05/11:05:21,apply-time,rs-002921-jqxfr,a4cb5caa-f5f9-46e8-80d7-8987beee3d31,4,2629.705534
2026/02/05/11:05:21,running-time,rs-002921-jqxfr,a4cb5caa-f5f9-46e8-80d7-8987beee3d31,4,2630.705534
2026/02/05/11:05:21,apply-time,rs-002921-lhmg6,b0f25639-7377-41fe-9482-1f2162a04a8f,4,2629.705534
2026/02/05/11:05:21,apply-time,rs-002921-tmx7f,c90cceda-53e2-40a4-b2c7-73d8bb606f7f,4,2629.705534
2026/02/05/11:05:21,apply-time,rs-002922-g8ddn,59af7fc0-d58b-4cce-81a3-a919371dada6,3,2629.705534
2026/02/05/11:05:21,running-time,rs-002922-g8ddn,59af7fc0-d58b-4cce-81a3-a919371dada6,3,2629.705534
2026/02/05/11:05:21,apply-time,rs-002922-pjcsw,7b5cced3-a0d3-4536-8e43-94b1fb8d125f,3,2629.705534
2026/02/05/11:05:21,running-time,rs-002922-pjcsw,7b5cced3-a0d3-4536-8e43-94b1fb8d125f,3,2629.705534
2026/02/05/11:05:21,apply-time,rs-002922-vzkbf,e482d5cf-f350-47a2-bd4f-0c9d9fdc0624,3,2629.705534
2026/02/05/11:05:21,running-time,rs-002922-vzkbf,e482d5cf-f350-47a2-bd4f-0c9d9fdc0624,3,2630.705534
2026/02/05/11:05:22,running-time,rs-002909-vwmhv,d2a3eae6-9b51-4fe8-9632-e36240b49164,1,2630.705534
2026/02/05/11:05:22,running-time,rs-002921-lhmg6,b0f25639-7377-41fe-9482-1f2162a04a8f,4,2630.705534
2026/02/05/11:05:22,running-time,rs-002921-tmx7f,c90cceda-53e2-40a4-b2c7-73d8bb606f7f,4,2630.705534
2026/02/05/11:05:23,apply-time,rs-002923-4zs9t,d7bdf7a2-90e7-4e1e-b82f-07345508a96a,1,2631.705534
2026/02/05/11:05:23,running-time,rs-002923-4zs9t,d7bdf7a2-90e7-4e1e-b82f-07345508a96a,1,2632.705534
2026/02/05/11:05:23,apply-time,rs-002924-8xhx7,3b68fceb-711d-4739-a893-a9cb0e25d9fb,2,2631.705534
2026/02/05/11:05:23,apply-time,rs-002925-9zn2k,8ce4e6eb-f756-4e0c-9b75-88c44dacc9de,3,2631.705534
2026/02/05/11:05:23,apply-time,rs-002925-pmv6b,7c1c105a-87b9-42f9-9371-7f50ed2c3317,3,2631.705534
2026/02/05/11:05:23,apply-time,rs-002926-6p9jq,5e4831c1-9382-42c7-85bc-184fc454e52e,1,2631.705534
2026/02/05/11:05:23,running-time,rs-002926-6p9jq,5e4831c1-9382-42c7-85bc-184fc454e52e,1,2631.705534
2026/02/05/11:05:23,apply-time,rs-002926-jqsdk,b69bb090-a05d-418a-b196-f5aa1be4d82a,1,2631.705534
2026/02/05/11:05:23,running-time,rs-002926-jqsdk,b69bb090-a05d-418a-b196-f5aa1be4d82a,1,2631.705534
2026/02/05/11:05:23,apply-time,rs-002926-s2g9z,97d05274-4d10-49a1-a327-b3d6510ee39c,1,2631.705534
2026/02/05/11:05:23,running-time,rs-002926-s2g9z,97d05274-4d10-49a1-a327-b3d6510ee39c,1,2631.705534
2026/02/05/11:05:25,running-time,rs-002925-pmv6b,7c1c105a-87b9-42f9-9371-7f50ed2c3317,3,2633.705534
2026/02/05/11:05:27,apply-time,rs-002927-b47qt,a2136190-7a86-4030-b29f-4ecb99790287,2,2635.705534
2026/02/05/11:05:27,running-time,rs-002927-b47qt,a2136190-7a86-4030-b29f-4ecb99790287,2,2635.705534
2026/02/05/11:05:27,apply-time,rs-002927-p25wk,8eb83ba6-0f15-4c4c-a429-350e04cd153d,2,2635.705534
2026/02/05/11:05:27,running-time,rs-002927-p25wk,8eb83ba6-0f15-4c4c-a429-350e04cd153d,2,2635.705534
2026/02/05/11:05:28,apply-time,rs-002928-6t9sz,e32f0bc6-8263-488b-b7ab-b09623e761e3,4,2636.705534
2026/02/05/11:05:28,running-time,rs-002928-6t9sz,e32f0bc6-8263-488b-b7ab-b09623e761e3,4,2636.705534
2026/02/05/11:05:28,apply-time,rs-002929-5bjjn,d8181dd5-296b-4847-af6b-6e3bae2b5f9e,1,2636.705534
2026/02/05/11:05:28,running-time,rs-002929-5bjjn,d8181dd5-296b-4847-af6b-6e3bae2b5f9e,1,2636.705534
2026/02/05/11:05:28,apply-time,rs-002929-hj4cf,089c6f2a-80b0-4a5b-9337-d2400ab3a40b,1,2636.705534
2026/02/05/11:05:28,apply-time,rs-002930-xh54q,7fe347ab-e345-4c6f-8bc2-cb133b042620,2,2636.705534
2026/02/05/11:05:28,apply-time,rs-002931-ns4wk,0823640c-74fa-43b9-97c7-24477b3365ac,1,2636.705534
2026/02/05/11:05:28,running-time,rs-002931-ns4wk,0823640c-74fa-43b9-97c7-24477b3365ac,1,2636.705534
2026/02/05/11:05:28,apply-time,rs-002931-tgpwx,a27f3562-2bc4-4c07-929b-438c3b22feaf,1,2636.705534
2026/02/05/11:05:28,running-time,rs-002931-tgpwx,a27f3562-2bc4-4c07-929b-438c3b22feaf,1,2636.705534
2026/02/05/11:05:28,apply-time,rs-002931-z2v5v,b86bc19e-8d92-4e68-b8be-3792112af9f4,1,2636.705534
2026/02/05/11:05:28,running-time,rs-002931-z2v5v,b86bc19e-8d92-4e68-b8be-3792112af9f4,1,2636.705534
2026/02/05/11:05:28,apply-time,rs-002932-2tbbw,e0f950f1-b90f-4177-8b3b-7de11fe8f901,3,2636.705534
2026/02/05/11:05:28,running-time,rs-002932-2tbbw,e0f950f1-b90f-4177-8b3b-7de11fe8f901,3,2636.705534
2026/02/05/11:05:28,apply-time,rs-002932-vkmvp,1db38b21-b287-4969-b7cd-2db871e2087f,3,2636.705534
2026/02/05/11:05:28,running-time,rs-002932-vkmvp,1db38b21-b287-4969-b7cd-2db871e2087f,3,2636.705534
2026/02/05/11:05:28,apply-time,rs-002932-w2ggw,4e14fdf0-7cd2-4717-9509-e8307f3d71ea,3,2636.705534
2026/02/05/11:05:28,running-time,rs-002932-w2ggw,4e14fdf0-7cd2-4717-9509-e8307f3d71ea,3,2636.705534
2026/02/05/11:05:28,apply-time,rs-002933-cfgzs,0986f760-689b-4edd-9720-5c353cdfc70b,1,2636.705534
2026/02/05/11:05:30,apply-time,rs-002934-n9j7k,c127974f-4555-4946-b48a-b352f63a83f5,4,2638.705534
2026/02/05/11:05:30,running-time,rs-002934-n9j7k,c127974f-4555-4946-b48a-b352f63a83f5,4,2639.705534
2026/02/05/11:05:30,apply-time,rs-002934-q6trh,1614014a-9e72-460d-9da0-f49193521a62,4,2638.705534
2026/02/05/11:05:30,running-time,rs-002934-q6trh,1614014a-9e72-460d-9da0-f49193521a62,4,2638.705534
2026/02/05/11:05:30,apply-time,rs-002934-t6qf5,b2814074-1045-4977-812d-4cf26eb34219,4,2638.705534
2026/02/05/11:05:30,running-time,rs-002934-t6qf5,b2814074-1045-4977-812d-4cf26eb34219,4,2639.705534
2026/02/05/11:05:30,apply-time,rs-002935-gj2s6,e6d60803-b899-4e78-bb78-40dd3bd06b87,4,2638.705534
2026/02/05/11:05:30,running-time,rs-002935-gj2s6,e6d60803-b899-4e78-bb78-40dd3bd06b87,4,2639.705534
2026/02/05/11:05:30,apply-time,rs-002935-t2q4n,7e6c1be4-164b-4153-976e-b36246e8f281,4,2638.705534
2026/02/05/11:05:30,running-time,rs-002935-t2q4n,7e6c1be4-164b-4153-976e-b36246e8f281,4,2639.705534
2026/02/05/11:05:30,apply-time,rs-002935-zsnpz,f7ade1c5-70aa-4f17-87ff-ab51476220a7,4,2638.705534
2026/02/05/11:05:30,running-time,rs-002935-zsnpz,f7ade1c5-70aa-4f17-87ff-ab51476220a7,4,2639.705534
2026/02/05/11:05:30,apply-time,rs-002936-hzgfz,779955b4-9138-4644-876d-232f800e445d,3,2639.705534
2026/02/05/11:05:30,apply-time,rs-002939-88txm,168b501f-9395-4609-b0dc-84039ad306d1,1,2639.705534
2026/02/05/11:05:31,running-time,rs-002936-hzgfz,779955b4-9138-4644-876d-232f800e445d,3,2639.705534
2026/02/05/11:05:31,apply-time,rs-002936-jht29,97d9ded2-14ff-490f-b4c5-a639254495d4,3,2639.705534
2026/02/05/11:05:31,running-time,rs-002936-jht29,97d9ded2-14ff-490f-b4c5-a639254495d4,3,2640.705534
2026/02/05/11:05:31,apply-time,rs-002937-82257,e70d5ee4-5e64-4f74-8b8d-66fe3585f8a2,2,2639.705534
2026/02/05/11:05:31,running-time,rs-002937-82257,e70d5ee4-5e64-4f74-8b8d-66fe3585f8a2,2,2639.705534
2026/02/05/11:05:31,apply-time,rs-002937-pkzlj,38965222-11ea-4207-a596-bf4bb2c3aedb,2,2639.705534
2026/02/05/11:05:31,running-time,rs-002937-pkzlj,38965222-11ea-4207-a596-bf4bb2c3aedb,2,2639.705534
2026/02/05/11:05:31,apply-time,rs-002938-ckm86,68b5bf2a-edaf-4d9b-aa4a-c8283e5c67bc,3,2639.705534
2026/02/05/11:05:31,running-time,rs-002938-ckm86,68b5bf2a-edaf-4d9b-aa4a-c8283e5c67bc,3,2639.705534
2026/02/05/11:05:31,apply-time,rs-002939-4vz86,bfbae4d4-add7-43c8-86d9-7f39ab118c2b,1,2639.705534
2026/02/05/11:05:31,apply-time,rs-002940-bstmm,85d34f27-1d0c-49e6-aa0a-3df0da86d4ae,4,2640.705534
2026/02/05/11:05:31,apply-time,rs-002940-hwjzt,ab281f29-4c17-4d77-99eb-1988f82cb9a1,4,2640.705534
2026/02/05/11:05:31,apply-time,rs-002940-kbzlg,0991edf4-566b-4876-8a81-22f10dd5725a,4,2639.705534
2026/02/05/11:05:31,apply-time,rs-002941-rb4p9,04aa300b-e09a-4a34-912e-a298e5edd34d,2,2639.705534
2026/02/05/11:05:31,apply-time,rs-002942-lcbsr,77bcf20e-3c48-4465-863d-73c758a6dbf2,1,2640.705534
2026/02/05/11:05:32,apply-time,rs-002942-sng4r,6a203ab2-cfea-4f70-928b-c02524ee5094,1,2640.705534
2026/02/05/11:05:32,apply-time,rs-002943-hnpqc,350d883e-43b3-4473-9005-a4769202a94d,3,2641.705534
2026/02/05/11:05:32,running-time,rs-002943-hnpqc,350d883e-43b3-4473-9005-a4769202a94d,3,2641.705534
2026/02/05/11:05:32,apply-time,rs-002943-p5v6p,2d637a50-394f-484b-92ec-358d9a75fabc,3,2641.705534
2026/02/05/11:05:32,running-time,rs-002943-p5v6p,2d637a50-394f-484b-92ec-358d9a75fabc,3,2641.705534
2026/02/05/11:05:32,apply-time,rs-002943-ph6mm,381be61f-397c-4d74-a3af-9273bf4a86c6,3,2640.705534
2026/02/05/11:05:32,running-time,rs-002943-ph6mm,381be61f-397c-4d74-a3af-9273bf4a86c6,3,2640.705534
2026/02/05/11:05:32,apply-time,rs-002944-bhzz6,c77d715d-1421-426a-a468-5951ec31a770,3,2641.705534
2026/02/05/11:05:32,running-time,rs-002944-bhzz6,c77d715d-1421-426a-a468-5951ec31a770,3,2641.705534
2026/02/05/11:05:32,apply-time,rs-002944-szknb,77bf0369-07b1-4897-98ec-7d08f8b2bcfe,3,2640.705534
2026/02/05/11:05:32,running-time,rs-002944-szknb,77bf0369-07b1-4897-98ec-7d08f8b2bcfe,3,2640.705534
2026/02/05/11:05:33,apply-time,rs-002945-5hbrc,cc3a67db-44e0-4360-ab43-bb472320ea39,1,2642.705534
2026/02/05/11:05:33,running-time,rs-002945-5hbrc,cc3a67db-44e0-4360-ab43-bb472320ea39,1,2642.705534
2026/02/05/11:05:33,apply-time,rs-002946-xswrp,df869929-d3f8-4bc9-9675-10b21f4a0374,1,2642.705534
2026/02/05/11:05:33,apply-time,rs-002947-zdvtr,066fa812-ad7a-4897-970a-b3a08ff410fc,1,2642.705534
2026/02/05/11:05:33,apply-time,rs-002948-w95vq,09bd1c43-0289-45ef-bbe4-9fdd94f5156e,1,2642.705534
2026/02/05/11:05:33,running-time,rs-002948-w95vq,09bd1c43-0289-45ef-bbe4-9fdd94f5156e,1,2642.705534
2026/02/05/11:05:34,apply-time,rs-002945-9b999,eaec3e7b-2346-4325-bc33-245caf9b0ac9,1,2642.705534
2026/02/05/11:05:34,running-time,rs-002945-9b999,eaec3e7b-2346-4325-bc33-245caf9b0ac9,1,2642.705534
2026/02/05/11:05:34,apply-time,rs-002947-m9vtq,6e6fe0fc-2650-404f-8914-b52891bb9808,1,2642.705534
2026/02/05/11:05:34,apply-time,rs-002947-sbsfs,3d02920b-6d1d-4f7b-8380-b15b62ed02fc,1,2642.705534
2026/02/05/11:05:34,apply-time,rs-002949-wjq79,3acd7d68-baa6-493a-b4d5-9042c71fd612,2,2642.705534
2026/02/05/11:05:34,apply-time,rs-002950-dr56g,fa503c08-2904-447e-9d42-6afb8e69c4d3,3,2642.705534
2026/02/05/11:05:34,running-time,rs-002950-dr56g,fa503c08-2904-447e-9d42-6afb8e69c4d3,3,2642.705534
2026/02/05/11:05:34,apply-time,rs-002951-l6589,18f8e923-7cd6-4b03-971d-4f3d15e5c473,1,2643.705534
2026/02/05/11:05:34,running-time,rs-002951-l6589,18f8e923-7cd6-4b03-971d-4f3d15e5c473,1,2643.705534
2026/02/05/11:05:34,apply-time,rs-002951-qnkhk,f0726914-7a56-421f-bde2-d11badcde0a2,1,2643.705534
2026/02/05/11:05:34,running-time,rs-002951-qnkhk,f0726914-7a56-421f-bde2-d11badcde0a2,1,2643.705534
2026/02/05/11:05:34,apply-time,rs-002951-vq7xr,9cefd7c3-8d4f-4da3-af7b-c45652325c23,1,2642.705534
2026/02/05/11:05:34,running-time,rs-002951-vq7xr,9cefd7c3-8d4f-4da3-af7b-c45652325c23,1,2642.705534
2026/02/05/11:05:34,apply-time,rs-002952-z5wlt,d3c8a4bb-6176-4c0b-801d-ff3027faa822,1,2643.705534
2026/02/05/11:05:34,apply-time,rs-002953-z4vj8,50f3078e-fcb8-4cb9-a47d-b4993ba7d633,3,2643.705534
2026/02/05/11:05:35,apply-time,rs-002952-62kx2,981d3609-a31f-47d1-be55-a674fa948257,1,2643.705534
2026/02/05/11:05:35,apply-time,rs-002955-4xttb,cf9d2bfd-6db3-4c16-be2e-8cb50e45defd,1,2643.705534
2026/02/05/11:05:35,running-time,rs-002955-4xttb,cf9d2bfd-6db3-4c16-be2e-8cb50e45defd,1,2643.705534
2026/02/05/11:05:35,apply-time,rs-002956-w789h,75e7f73e-ed35-47fd-8b99-ec8ef6cb8419,2,2643.705534
2026/02/05/11:05:35,running-time,rs-002956-w789h,75e7f73e-ed35-47fd-8b99-ec8ef6cb8419,2,2644.705534
2026/02/05/11:05:35,apply-time,rs-002957-grstv,0a6a3c89-520f-4e23-b686-affab6283888,1,2643.705534
2026/02/05/11:05:35,apply-time,rs-002958-42plb,b8f4460e-0b98-4ba0-8fe7-e948c7196d18,1,2644.705534
2026/02/05/11:05:35,running-time,rs-002958-42plb,b8f4460e-0b98-4ba0-8fe7-e948c7196d18,1,2644.705534
2026/02/05/11:05:35,apply-time,rs-002959-mpmdd,0878e45e-e13a-4204-aa76-b272d9738839,4,2644.705534
2026/02/05/11:05:36,apply-time,rs-002958-2hc9k,a2c32a16-830d-41a1-94ef-997b6a2e56ee,1,2644.705534
2026/02/05/11:05:36,running-time,rs-002958-2hc9k,a2c32a16-830d-41a1-94ef-997b6a2e56ee,1,2644.705534
2026/02/05/11:05:36,apply-time,rs-002958-rj72q,96db3a3b-9d89-4b3b-890d-cf8211ccd2a3,1,2644.705534
2026/02/05/11:05:36,apply-time,rs-002960-87zdt,04634dd6-ea70-4b20-8395-32632d697f1d,4,2645.705534
2026/02/05/11:05:36,apply-time,rs-002960-sdgzt,617dbd02-7326-4372-b5c2-233a3c037c8d,4,2644.705534
2026/02/05/11:05:36,apply-time,rs-002961-jd7cc,5b51ce32-a2a2-4e45-a69e-a901f88bd151,1,2644.705534
2026/02/05/11:05:36,apply-time,rs-002961-ll46r,4e1370c0-2b57-4be5-b4e7-2c56b790ef4c,1,2644.705534
2026/02/05/11:05:36,apply-time,rs-002961-znwsw,e7b69d50-623a-43f3-a8f4-27404b373a3f,1,2645.705534
2026/02/05/11:05:36,apply-time,rs-002962-5xvr4,f9ff5481-db0f-4f39-aa81-a8b536e7e5ec,2,2645.705534
2026/02/05/11:05:36,apply-time,rs-002963-4jsw6,e73537b7-d362-4c7c-8c2a-e23bdc352b37,3,2644.705534
2026/02/05/11:05:36,running-time,rs-002963-4jsw6,e73537b7-d362-4c7c-8c2a-e23bdc352b37,3,2645.705534
2026/02/05/11:05:36,apply-time,rs-002964-vzvlp,d1678492-9d9b-42b6-ade2-f4e68fee8167,3,2645.705534
2026/02/05/11:05:37,apply-time,rs-002962-kcktx,50ea7b9d-d38f-430c-8ec7-1ebb1ac58c34,2,2645.705534
2026/02/05/11:05:37,apply-time,rs-002964-9fmw7,a0ea4432-1cd7-4aec-b346-0f2907881762,3,2645.705534
2026/02/05/11:05:37,running-time,rs-002964-9fmw7,a0ea4432-1cd7-4aec-b346-0f2907881762,3,2646.705534
2026/02/05/11:05:37,apply-time,rs-002964-f6sqq,1b3fece9-f3bd-45dc-91a3-83c5e3fa4cb2,3,2645.705534
2026/02/05/11:05:37,apply-time,rs-002966-kgfhp,e3c8fa49-57cb-4637-8d77-80c4e02dbc28,1,2645.705534
2026/02/05/11:05:37,running-time,rs-002966-kgfhp,e3c8fa49-57cb-4637-8d77-80c4e02dbc28,1,2645.705534
2026/02/05/11:05:37,apply-time,rs-002966-mzdmx,ccdd46f0-2782-4f7f-8686-69002765c9c1,1,2645.705534
2026/02/05/11:05:37,running-time,rs-002966-mzdmx,ccdd46f0-2782-4f7f-8686-69002765c9c1,1,2646.705534
2026/02/05/11:05:37,apply-time,rs-002968-c9lq5,2cd6c89f-bdfd-4a62-b7a9-7360b4b2e4cf,1,2645.705534
2026/02/05/11:05:37,apply-time,rs-002968-twmsm,84700186-1f15-4b95-8109-a1a9ccbe9949,1,2645.705534
2026/02/05/11:05:37,apply-time,rs-002969-crsbv,8add684c-d9c9-46a4-a798-17ebaec553dd,3,2646.705534
2026/02/05/11:05:38,running-time,rs-002957-grstv,0a6a3c89-520f-4e23-b686-affab6283888,1,2646.705534
2026/02/05/11:05:38,apply-time,rs-002969-8d4ks,0de86ed3-d7f1-4002-aeac-1b170a6e520f,3,2646.705534
2026/02/05/11:05:38,apply-time,rs-002969-vs9fv,ad40be6a-28b6-4e79-89bd-7c191ea3e390,3,2646.705534
2026/02/05/11:05:38,apply-time,rs-002971-6b2h7,b8930df7-c8e0-4aac-941c-a8f12cab275b,3,2646.705534
2026/02/05/11:05:38,apply-time,rs-002971-bsbgp,800c3205-8fe1-4752-9c73-7a5fbc73df0f,3,2646.705534
2026/02/05/11:05:38,apply-time,rs-002971-mj47n,e5b8c9ce-69c3-44a1-8f81-ba342455f025,3,2646.705534
2026/02/05/11:05:38,apply-time,rs-002972-4hv64,996c7af4-37a2-4834-a8c1-18639243d976,3,2646.705534
2026/02/05/11:05:38,running-time,rs-002972-4hv64,996c7af4-37a2-4834-a8c1-18639243d976,3,2646.705534
2026/02/05/11:05:38,apply-time,rs-002972-df44h,f07e89ce-9ff6-4d11-8cd8-db5cf2ea8121,3,2646.705534
2026/02/05/11:05:38,running-time,rs-002972-df44h,f07e89ce-9ff6-4d11-8cd8-db5cf2ea8121,3,2647.705534
2026/02/05/11:05:38,apply-time,rs-002972-n8pwl,956ac7d0-8607-4cf6-9627-0f27fe646b8c,3,2646.705534
2026/02/05/11:05:38,running-time,rs-002972-n8pwl,956ac7d0-8607-4cf6-9627-0f27fe646b8c,3,2647.705534
2026/02/05/11:05:38,apply-time,rs-002973-5qzv7,167d14d0-38ea-4fc6-9982-cf45f950c06f,3,2647.705534
2026/02/05/11:05:38,apply-time,rs-002974-dpk2s,d8299edf-31c1-450e-8c8f-55ceac7ec102,1,2647.705534
2026/02/05/11:05:39,running-time,rs-002969-crsbv,8add684c-d9c9-46a4-a798-17ebaec553dd,3,2648.705534
2026/02/05/11:05:39,running-time,rs-002969-vs9fv,ad40be6a-28b6-4e79-89bd-7c191ea3e390,3,2648.705534
2026/02/05/11:05:39,running-time,rs-002973-5qzv7,167d14d0-38ea-4fc6-9982-cf45f950c06f,3,2648.705534
2026/02/05/11:05:39,apply-time,rs-002976-slqbw,86e2eaf0-8fa5-4f3c-b20a-2360d6937cef,2,2647.705534
2026/02/05/11:05:39,apply-time,rs-002976-w4dz2,7637530b-25b7-411e-ad1e-63c45df884da,2,2647.705534
2026/02/05/11:05:39,apply-time,rs-002980-gg4ns,e811d11e-fb78-41d5-9401-0b3550be734e,2,2648.705534
2026/02/05/11:05:40,apply-time,rs-002980-92nxg,da2b4913-d637-42db-9229-c065d161647f,2,2648.705534
2026/02/05/11:05:40,apply-time,rs-002981-5hvcq,5dbfea63-990c-4a49-a828-cc1f51e340be,2,2648.705534
2026/02/05/11:05:40,running-time,rs-002981-5hvcq,5dbfea63-990c-4a49-a828-cc1f51e340be,2,2648.705534
2026/02/05/11:05:40,apply-time,rs-002981-g49d5,3b12b24d-cae6-4d16-b90f-099757eba99b,2,2649.705534
2026/02/05/11:05:40,running-time,rs-002981-g49d5,3b12b24d-cae6-4d16-b90f-099757eba99b,2,2649.705534
2026/02/05/11:05:40,apply-time,rs-002981-x65vd,0c19b245-945a-450f-87f7-c387242a3fd0,2,2649.705534
2026/02/05/11:05:40,running-time,rs-002981-x65vd,0c19b245-945a-450f-87f7-c387242a3fd0,2,2649.705534
2026/02/05/11:05:40,apply-time,rs-002983-6jx6g,36d4fd87-a16f-4450-b4f2-8e7e18fa06c8,3,2648.705534
2026/02/05/11:05:40,apply-time,rs-002984-jzbz7,0cbff5c5-f720-4241-8ef7-979c8e21571a,2,2648.705534
2026/02/05/11:05:41,apply-time,rs-002985-9c949,d230455c-1230-4db9-a3cf-2506badc4ee2,3,2649.705534
2026/02/05/11:05:41,apply-time,rs-002985-txm22,269889ce-992a-49bb-9ac6-3da229eb4f6c,3,2649.705534
2026/02/05/11:05:41,apply-time,rs-002986-bc2pq,470ee957-b685-485e-87bf-4e0648628be5,2,2650.705534
2026/02/05/11:05:41,running-time,rs-002986-bc2pq,470ee957-b685-485e-87bf-4e0648628be5,2,2650.705534
2026/02/05/11:05:41,apply-time,rs-002987-lx25b,63fe21f7-6c42-42fa-a1fc-264ea06a2a3c,1,2650.705534
2026/02/05/11:05:41,running-time,rs-002987-lx25b,63fe21f7-6c42-42fa-a1fc-264ea06a2a3c,1,2650.705534
2026/02/05/11:05:41,apply-time,rs-002988-dlb67,66d2b726-0450-494a-bb1e-21412ea8ea6c,4,2650.705534
2026/02/05/11:05:42,running-time,rs-002964-f6sqq,1b3fece9-f3bd-45dc-91a3-83c5e3fa4cb2,3,2650.705534
2026/02/05/11:05:42,apply-time,rs-002987-66jmq,be3874ba-f073-4bed-b518-78469a084d79,1,2650.705534
2026/02/05/11:05:42,running-time,rs-002987-66jmq,be3874ba-f073-4bed-b518-78469a084d79,1,2650.705534
2026/02/05/11:05:42,apply-time,rs-002988-lvd9r,c665c67a-9158-484e-a045-2def8219e6a1,4,2650.705534
2026/02/05/11:05:42,apply-time,rs-002988-qsp8h,1b9ac9aa-ea96-4df7-8a69-8b7ad885ea0d,4,2650.705534
2026/02/05/11:05:42,apply-time,rs-002989-5w29x,a47009de-8bf7-4879-b594-8ce6b5cdf2ca,4,2650.705534
2026/02/05/11:05:42,running-time,rs-002989-5w29x,a47009de-8bf7-4879-b594-8ce6b5cdf2ca,4,2650.705534
2026/02/05/11:05:42,apply-time,rs-002989-bx82v,b5b41332-b7dc-4dd5-8092-216e3c3f5fb3,4,2650.705534
2026/02/05/11:05:42,apply-time,rs-002989-n4f7n,890ccf01-d6c0-4caa-bc1e-17f864d5d7c4,4,2650.705534
2026/02/05/11:05:42,apply-time,rs-002990-vv667,ce50f6d3-c176-41af-b652-5cffcbabbd18,1,2650.705534
2026/02/05/11:05:42,running-time,rs-002990-vv667,ce50f6d3-c176-41af-b652-5cffcbabbd18,1,2650.705534
2026/02/05/11:05:42,apply-time,rs-002991-cpgkr,3d9f5650-44b4-4326-8489-7a3fbe1013e6,1,2650.705534
2026/02/05/11:05:42,apply-time,rs-002991-jz7c9,a2810654-ff3d-4b56-b98e-355623ce1781,1,2651.705534
2026/02/05/11:05:42,apply-time,rs-002992-vn7ng,d375ac07-fc0e-49ae-acbc-bde6fb287707,1,2651.705534
2026/02/05/11:05:43,running-time,rs-002988-lvd9r,c665c67a-9158-484e-a045-2def8219e6a1,4,2651.705534
2026/02/05/11:05:43,apply-time,rs-002992-bx9fx,acfd551f-bde5-4f9e-9a23-d952228d39a6,1,2651.705534
2026/02/05/11:05:44,running-time,rs-002968-c9lq5,2cd6c89f-bdfd-4a62-b7a9-7360b4b2e4cf,1,2652.705534
2026/02/05/11:05:44,running-time,rs-002992-vn7ng,d375ac07-fc0e-49ae-acbc-bde6fb287707,1,2652.705534
2026/02/05/11:05:45,apply-time,rs-002993-dg22f,f6ab96e7-3010-4b06-ae99-130a944e2d68,3,2653.705534
2026/02/05/11:05:45,running-time,rs-002993-dg22f,f6ab96e7-3010-4b06-ae99-130a944e2d68,3,2653.705534
2026/02/05/11:05:45,apply-time,rs-002994-f8p8g,780ae980-ad76-4161-993c-32f2752e66ed,4,2653.705534
2026/02/05/11:05:45,running-time,rs-002994-f8p8g,780ae980-ad76-4161-993c-32f2752e66ed,4,2653.705534
2026/02/05/11:05:46,apply-time,rs-002995-q6ml9,187e709b-8cf9-4685-9dd9-99253922dd6b,3,2654.705534
2026/02/05/11:05:46,running-time,rs-002995-q6ml9,187e709b-8cf9-4685-9dd9-99253922dd6b,3,2654.705534
2026/02/05/11:05:46,apply-time,rs-002996-7lzn2,84ff49eb-e381-45e0-9079-6f88443ee5a9,2,2654.705534
2026/02/05/11:05:46,running-time,rs-002996-7lzn2,84ff49eb-e381-45e0-9079-6f88443ee5a9,2,2654.705534
2026/02/05/11:05:46,apply-time,rs-002996-qqjkn,b00bdb75-b08e-4b1d-8081-61f755cf8958,2,2654.705534
2026/02/05/11:05:46,running-time,rs-002996-qqjkn,b00bdb75-b08e-4b1d-8081-61f755cf8958,2,2654.705534
2026/02/05/11:05:46,apply-time,rs-002996-wq588,df31c5de-6e7a-45e9-8ad1-9389cfe3eaf0,2,2654.705534
2026/02/05/11:05:46,running-time,rs-002996-wq588,df31c5de-6e7a-45e9-8ad1-9389cfe3eaf0,2,2654.705534
2026/02/05/11:05:46,apply-time,rs-002997-7lrsg,1bd0c5aa-1044-46e8-bfc2-01a31924e493,1,2655.705534
2026/02/05/11:05:46,apply-time,rs-002997-shb6p,a0413aec-2849-4937-a234-e219ada4959a,1,2654.705534
2026/02/05/11:05:51,apply-time,rs-002998-gdtsd,7ea8e2df-e2c7-4842-972a-900aa7243d59,1,2659.705534
2026/02/05/11:05:51,running-time,rs-002998-gdtsd,7ea8e2df-e2c7-4842-972a-900aa7243d59,1,2659.705534
2026/02/05/11:05:51,apply-time,rs-002999-8ksd8,4d21c954-a537-4df3-b9c2-48442fdb3d03,4,2659.705534
2026/02/05/11:05:51,apply-time,rs-002999-npcr6,b419ab75-f520-4db3-9761-16983d6a7281,4,2659.705534
2026/02/05/11:05:51,running-time,rs-002999-npcr6,b419ab75-f520-4db3-9761-16983d6a7281,4,2659.705534
2026/02/05/11:05:51,apply-time,rs-002999-qht25,747e0112-474e-4a10-a2f4-3e5a0531493c,4,2659.705534
2026/02/05/11:05:51,running-time,rs-002999-qht25,747e0112-474e-4a10-a2f4-3e5a0531493c,4,2659.705534
2026/02/05/11:05:52,apply-time,rs-003000-8jcmm,34d6f188-ed4a-4d9e-af6d-8d798e4d1732,1,2660.705534
2026/02/05/11:05:52,running-time,rs-003000-8jcmm,34d6f188-ed4a-4d9e-af6d-8d798e4d1732,1,2660.705534
2026/02/05/11:05:52,apply-time,rs-003001-s5vw5,a52fe67d-9149-4aea-91a4-718bb0c6cdba,1,2660.705534
2026/02/05/11:05:52,running-time,rs-003001-s5vw5,a52fe67d-9149-4aea-91a4-718bb0c6cdba,1,2660.705534
2026/02/05/11:05:52,apply-time,rs-003002-8pdqx,e228fde3-710e-462b-8b5e-b3a4b59842bc,3,2660.705534
2026/02/05/11:05:52,running-time,rs-003002-8pdqx,e228fde3-710e-462b-8b5e-b3a4b59842bc,3,2660.705534
2026/02/05/11:05:52,apply-time,rs-003002-ldf4d,00ec777c-eaea-4d77-9605-3adbab21fdab,3,2660.705534
2026/02/05/11:05:52,running-time,rs-003002-ldf4d,00ec777c-eaea-4d77-9605-3adbab21fdab,3,2660.705534
2026/02/05/11:05:52,apply-time,rs-003002-wxxmm,d0fe4755-0a9b-40e7-90cb-37f2999cf849,3,2660.705534
2026/02/05/11:05:52,running-time,rs-003002-wxxmm,d0fe4755-0a9b-40e7-90cb-37f2999cf849,3,2660.705534
2026/02/05/11:05:52,apply-time,rs-003003-jrfm2,571470dd-224b-4048-b496-012a26c54f5e,2,2660.705534
2026/02/05/11:05:52,apply-time,rs-003003-p4sdb,1d4ee405-a4a9-4eac-af95-25cdb63cecac,2,2660.705534
2026/02/05/11:05:52,apply-time,rs-003003-xqqpr,77b11127-65ab-49d2-8ad5-77fd4407fce5,2,2660.705534
2026/02/05/11:05:52,apply-time,rs-003004-b5ljb,c9347c42-ffd9-410f-bd89-795bf3d6b70f,3,2660.705534
2026/02/05/11:05:52,running-time,rs-003004-b5ljb,c9347c42-ffd9-410f-bd89-795bf3d6b70f,3,2660.705534
2026/02/05/11:05:52,apply-time,rs-003005-6k6x4,f307fb82-2737-411a-8437-4b045768401e,4,2660.705534
2026/02/05/11:05:52,apply-time,rs-003005-8m7z7,a67df7b0-1ffa-4006-b2ef-cb92896e05d0,4,2660.705534
2026/02/05/11:05:52,apply-time,rs-003005-fzhrt,7c8dfd65-dabc-4191-ab55-be53d0e5644a,4,2660.705534
2026/02/05/11:05:52,apply-time,rs-003007-8qw6c,2426fbb8-4346-41f2-a9e7-aa0c55a23804,2,2661.705534
2026/02/05/11:05:52,apply-time,rs-003008-vgn4t,e0830cc5-970c-41bf-8b4d-367cb01b38da,1,2661.705534
2026/02/05/11:05:53,apply-time,rs-003006-lrng2,3a74ee99-407e-40dd-b525-b3e6d9f7f830,3,2661.705534
2026/02/05/11:05:53,running-time,rs-003006-lrng2,3a74ee99-407e-40dd-b525-b3e6d9f7f830,3,2661.705534
2026/02/05/11:05:53,apply-time,rs-003006-m9pzr,090869fa-3809-4a9e-81dd-85b658a36ca8,3,2661.705534
2026/02/05/11:05:53,running-time,rs-003006-m9pzr,090869fa-3809-4a9e-81dd-85b658a36ca8,3,2661.705534
2026/02/05/11:05:53,apply-time,rs-003006-svcgb,b45d4a8f-c735-49a7-b091-b41f230f7c69,3,2661.705534
2026/02/05/11:05:53,running-time,rs-003006-svcgb,b45d4a8f-c735-49a7-b091-b41f230f7c69,3,2661.705534
2026/02/05/11:05:53,apply-time,rs-003007-vpnx2,14b47bc5-2003-46d5-af7c-03f76b7975e7,2,2661.705534
2026/02/05/11:05:53,apply-time,rs-003009-vcrbw,da351300-5a83-4908-9ff5-a89fa95a6e71,1,2661.705534
2026/02/05/11:05:53,apply-time,rs-003010-tkjhm,58f86730-6ed3-4879-8b85-4e52be0e3a7f,1,2662.705534
2026/02/05/11:05:54,running-time,rs-003009-vcrbw,da351300-5a83-4908-9ff5-a89fa95a6e71,1,2662.705534
2026/02/05/11:05:54,apply-time,rs-003010-6lrv9,5ffae3bc-5e46-4c9b-858f-c58e0c46607c,1,2662.705534
2026/02/05/11:05:54,apply-time,rs-003011-cdzkq,72975335-088e-49ed-b908-c8fb59e560e4,2,2662.705534
2026/02/05/11:05:54,apply-time,rs-003011-dzc2k,32d9df6a-499f-49f3-9409-2d116608f94f,2,2662.705534
2026/02/05/11:05:54,apply-time,rs-003011-r86w7,bb606c82-8ab8-46da-9afa-ed9cd9289dcb,2,2663.705534
2026/02/05/11:05:54,apply-time,rs-003012-js2fc,707600b1-4c35-4554-b0da-3f0e3cf39496,3,2662.705534
2026/02/05/11:05:55,running-time,rs-003011-cdzkq,72975335-088e-49ed-b908-c8fb59e560e4,2,2663.705534
2026/02/05/11:05:55,apply-time,rs-003013-l89sv,981857bb-1449-4dec-b36d-7c4fbcbdac41,2,2663.705534
2026/02/05/11:05:55,running-time,rs-003013-l89sv,981857bb-1449-4dec-b36d-7c4fbcbdac41,2,2663.705534
2026/02/05/11:05:57,running-time,rs-003011-dzc2k,32d9df6a-499f-49f3-9409-2d116608f94f,2,2665.705534
2026/02/05/11:05:57,running-time,rs-003011-r86w7,bb606c82-8ab8-46da-9afa-ed9cd9289dcb,2,2665.705534
2026/02/05/11:06:00,apply-time,rs-003014-g7zc8,08e51e5d-b193-4e0b-84f5-44b0d9b35031,3,2669.705534
2026/02/05/11:06:00,running-time,rs-003014-g7zc8,08e51e5d-b193-4e0b-84f5-44b0d9b35031,3,2669.705534
2026/02/05/11:06:00,apply-time,rs-003014-gzd7c,46df3abb-7fad-40e4-9a69-5c4acb57e1ea,3,2669.705534
2026/02/05/11:06:00,running-time,rs-003014-gzd7c,46df3abb-7fad-40e4-9a69-5c4acb57e1ea,3,2669.705534
2026/02/05/11:06:00,apply-time,rs-003015-6xprw,6da84f5f-8181-4e6a-8db0-cb7d096df8fb,2,2669.705534
2026/02/05/11:06:00,running-time,rs-003015-6xprw,6da84f5f-8181-4e6a-8db0-cb7d096df8fb,2,2669.705534
2026/02/05/11:06:00,apply-time,rs-003015-9kk5h,cf30d0eb-9f67-4cfa-b5ec-24cab3b3ea42,2,2669.705534
2026/02/05/11:06:00,running-time,rs-003015-9kk5h,cf30d0eb-9f67-4cfa-b5ec-24cab3b3ea42,2,2669.705534
2026/02/05/11:06:00,apply-time,rs-003015-kb2wl,2bca065b-ff05-4082-800f-be300998ebea,2,2669.705534
2026/02/05/11:06:00,running-time,rs-003015-kb2wl,2bca065b-ff05-4082-800f-be300998ebea,2,2669.705534
2026/02/05/11:06:00,apply-time,rs-003016-6r5vj,f245bf79-827d-40fa-87ca-71f29fada121,4,2669.705534
2026/02/05/11:06:00,running-time,rs-003016-6r5vj,f245bf79-827d-40fa-87ca-71f29fada121,4,2669.705534
2026/02/05/11:06:03,apply-time,rs-003017-rqkw7,dd2b659e-8736-4ad6-aa9e-2cd5d917d32b,2,2672.705534
2026/02/05/11:06:03,apply-time,rs-003018-svspt,931ad047-88eb-4411-a97b-47830c63c748,3,2672.705534
2026/02/05/11:06:03,apply-time,rs-003019-6h2ts,6c2e50c7-1055-4590-a11f-0f1e59543c15,3,2672.705534
2026/02/05/11:06:03,apply-time,rs-003019-8vf7d,a4389aa3-768e-45c0-be07-13eec49f71e2,3,2672.705534
2026/02/05/11:06:03,apply-time,rs-003019-vpkh6,2819fb3f-f141-421d-94cb-fc8cef3672fa,3,2672.705534
2026/02/05/11:06:04,running-time,rs-003017-rqkw7,dd2b659e-8736-4ad6-aa9e-2cd5d917d32b,2,2672.705534
2026/02/05/11:06:04,running-time,rs-003018-svspt,931ad047-88eb-4411-a97b-47830c63c748,3,2672.705534
2026/02/05/11:06:04,running-time,rs-003019-6h2ts,6c2e50c7-1055-4590-a11f-0f1e59543c15,3,2672.705534
2026/02/05/11:06:04,running-time,rs-003019-8vf7d,a4389aa3-768e-45c0-be07-13eec49f71e2,3,2672.705534
2026/02/05/11:06:04,running-time,rs-003019-vpkh6,2819fb3f-f141-421d-94cb-fc8cef3672fa,3,2672.705534
2026/02/05/11:06:04,apply-time,rs-003020-d9jgs,beab43fc-bf7f-4ee9-9eff-f03c892068ad,4,2672.705534
2026/02/05/11:06:04,running-time,rs-003020-d9jgs,beab43fc-bf7f-4ee9-9eff-f03c892068ad,4,2672.705534
2026/02/05/11:06:04,apply-time,rs-003021-2lbrv,04dabdaf-0394-4b8c-afb0-d17456b3931c,1,2672.705534
2026/02/05/11:06:04,running-time,rs-003021-2lbrv,04dabdaf-0394-4b8c-afb0-d17456b3931c,1,2672.705534
2026/02/05/11:06:04,apply-time,rs-003021-fxpmg,3f3d4292-4515-459b-9927-f1e4a53681c2,1,2672.705534
2026/02/05/11:06:04,running-time,rs-003021-fxpmg,3f3d4292-4515-459b-9927-f1e4a53681c2,1,2672.705534
2026/02/05/11:06:04,apply-time,rs-003021-xzblc,c47d7e66-26a4-4c41-989d-5ea4f3ad2d12,1,2672.705534
2026/02/05/11:06:04,running-time,rs-003021-xzblc,c47d7e66-26a4-4c41-989d-5ea4f3ad2d12,1,2672.705534
2026/02/05/11:06:04,apply-time,rs-003022-gqdqj,6343c169-3fa4-4f7b-91a8-7d8f0f009e68,1,2673.705534
2026/02/05/11:06:04,running-time,rs-003022-gqdqj,6343c169-3fa4-4f7b-91a8-7d8f0f009e68,1,2673.705534
2026/02/05/11:06:04,apply-time,rs-003023-9bv6v,60666358-2d56-443c-9c8b-9d609c4fe450,2,2673.705534
2026/02/05/11:06:04,apply-time,rs-003023-r6mwb,5db769b1-15ed-4363-a12f-d2bf862053be,2,2673.705534
2026/02/05/11:06:04,running-time,rs-003023-r6mwb,5db769b1-15ed-4363-a12f-d2bf862053be,2,2673.705534
2026/02/05/11:06:04,apply-time,rs-003024-f5t8x,0ead834f-2e15-4b5b-8e2c-f42113ddfdd1,4,2672.705534
2026/02/05/11:06:05,apply-time,rs-003022-gppw7,fbb87fa9-57bb-4f08-858a-2afdbb26c087,1,2673.705534
2026/02/05/11:06:05,running-time,rs-003023-9bv6v,60666358-2d56-443c-9c8b-9d609c4fe450,2,2673.705534
2026/02/05/11:06:05,apply-time,rs-003023-nqzs8,8f104e84-c34e-438f-bf14-124e9276f77b,2,2673.705534
2026/02/05/11:06:05,apply-time,rs-003025-s79ds,0bf3f761-f1e4-4eaa-982f-9d83b2918cc0,2,2673.705534
2026/02/05/11:06:05,apply-time,rs-003026-nh6p2,42ada5b6-3d15-4c8e-b497-3910e1d6d830,4,2673.705534
2026/02/05/11:06:05,apply-time,rs-003026-zqjrn,429bfc2a-b5f4-4d07-9f1a-7f00caef1fff,4,2673.705534
2026/02/05/11:06:05,running-time,rs-003026-zqjrn,429bfc2a-b5f4-4d07-9f1a-7f00caef1fff,4,2673.705534
2026/02/05/11:06:06,running-time,rs-003022-gppw7,fbb87fa9-57bb-4f08-858a-2afdbb26c087,1,2674.705534
2026/02/05/11:06:06,running-time,rs-003026-nh6p2,42ada5b6-3d15-4c8e-b497-3910e1d6d830,4,2674.705534
2026/02/05/11:06:07,running-time,rs-003023-nqzs8,8f104e84-c34e-438f-bf14-124e9276f77b,2,2675.705534
2026/02/05/11:06:07,running-time,rs-003025-s79ds,0bf3f761-f1e4-4eaa-982f-9d83b2918cc0,2,2675.705534
2026/02/05/11:06:07,apply-time,rs-003027-mzxq7,0e5e0c0f-dc32-4308-9350-ba3fa67c98d4,1,2675.705534
2026/02/05/11:06:07,apply-time,rs-003027-rbj7m,b878c2d9-3fe4-4c31-a63a-cd05253be663,1,2675.705534
2026/02/05/11:06:07,running-time,rs-003027-rbj7m,b878c2d9-3fe4-4c31-a63a-cd05253be663,1,2675.705534
2026/02/05/11:06:07,apply-time,rs-003027-wfq85,613562ae-2520-4d6c-8205-ebec30fbb064,1,2675.705534
2026/02/05/11:06:08,running-time,rs-003027-mzxq7,0e5e0c0f-dc32-4308-9350-ba3fa67c98d4,1,2677.705534
2026/02/05/11:06:08,running-time,rs-003027-wfq85,613562ae-2520-4d6c-8205-ebec30fbb064,1,2677.705534
2026/02/05/11:06:12,apply-time,rs-003028-b2sxc,6b30a1b9-680c-4a1f-bf9f-1fee1b8dda2b,2,2680.705534
2026/02/05/11:06:12,apply-time,rs-003028-vn888,00798268-cfdf-4127-8fe6-f64448a97761,2,2680.705534
2026/02/05/11:06:12,apply-time,rs-003029-blchj,a467798c-5a3a-4edd-8489-f532545f7063,1,2680.705534
2026/02/05/11:06:12,running-time,rs-003029-blchj,a467798c-5a3a-4edd-8489-f532545f7063,1,2681.705534
2026/02/05/11:06:12,apply-time,rs-003029-chzr8,ff5c3711-6417-4516-a082-13713f73151b,1,2680.705534
2026/02/05/11:06:12,running-time,rs-003029-chzr8,ff5c3711-6417-4516-a082-13713f73151b,1,2681.705534
2026/02/05/11:06:12,apply-time,rs-003030-8n7gd,90bcae54-09e0-4563-8fd0-ac0b4ee52a30,4,2680.705534
2026/02/05/11:06:12,apply-time,rs-003030-rs5ps,21d09968-ea38-4154-8bd0-a2ec32ef9e5e,4,2680.705534
2026/02/05/11:06:19,running-time,rs-002968-twmsm,84700186-1f15-4b95-8109-a1a9ccbe9949,1,2687.705534
2026/02/05/11:06:23,apply-time,rs-003031-8w9j2,03db22ca-0404-4ddd-81df-5182224eaacd,3,2692.705534
2026/02/05/11:06:23,running-time,rs-003031-8w9j2,03db22ca-0404-4ddd-81df-5182224eaacd,3,2692.705534
2026/02/05/11:06:25,apply-time,rs-003032-bv87d,208784a4-6307-4459-901d-c786cd389991,4,2693.705534
2026/02/05/11:06:25,running-time,rs-003032-bv87d,208784a4-6307-4459-901d-c786cd389991,4,2693.705534
2026/02/05/11:06:25,apply-time,rs-003032-ffvk9,cd47c57d-ac7a-4e46-89bf-00fd09944b74,4,2693.705534
2026/02/05/11:06:25,running-time,rs-003032-ffvk9,cd47c57d-ac7a-4e46-89bf-00fd09944b74,4,2693.705534
2026/02/05/11:06:25,apply-time,rs-003032-r5t4d,b0331288-85da-4ac7-83b9-8aa3fe8f8856,4,2693.705534
2026/02/05/11:06:25,running-time,rs-003032-r5t4d,b0331288-85da-4ac7-83b9-8aa3fe8f8856,4,2693.705534
2026/02/05/11:06:25,apply-time,rs-003033-s4wjz,58c35861-6eed-42fe-a907-92c599cf4c6e,2,2694.705534
2026/02/05/11:06:25,running-time,rs-003033-s4wjz,58c35861-6eed-42fe-a907-92c599cf4c6e,2,2694.705534
2026/02/05/11:06:25,apply-time,rs-003033-sjhdl,cd7c918f-ba3b-485b-9bb1-1e2ffd6c5fb0,2,2694.705534
2026/02/05/11:06:25,running-time,rs-003033-sjhdl,cd7c918f-ba3b-485b-9bb1-1e2ffd6c5fb0,2,2694.705534
2026/02/05/11:06:25,apply-time,rs-003034-q2dmp,34404283-0b14-4ebb-962e-1c50efb6154a,4,2694.705534
2026/02/05/11:06:25,running-time,rs-003034-q2dmp,34404283-0b14-4ebb-962e-1c50efb6154a,4,2694.705534
2026/02/05/11:06:25,apply-time,rs-003034-tmmkm,f96183fc-a204-45ba-99b3-937245edc6ba,4,2694.705534
2026/02/05/11:06:25,running-time,rs-003034-tmmkm,f96183fc-a204-45ba-99b3-937245edc6ba,4,2694.705534
2026/02/05/11:06:27,apply-time,rs-003035-lhtm6,ca766fe6-88af-44cd-ae33-315d96df457f,4,2695.705534
2026/02/05/11:06:27,running-time,rs-003035-lhtm6,ca766fe6-88af-44cd-ae33-315d96df457f,4,2696.705534
2026/02/05/11:06:27,apply-time,rs-003036-jzqxs,e3dc7e11-7952-4044-be9c-98b63d7d3e61,1,2695.705534
2026/02/05/11:06:27,running-time,rs-003036-jzqxs,e3dc7e11-7952-4044-be9c-98b63d7d3e61,1,2696.705534
2026/02/05/11:06:27,apply-time,rs-003036-ld58g,afe1df67-523d-48b4-b0bb-3b87dd118387,1,2695.705534
2026/02/05/11:06:27,running-time,rs-003036-ld58g,afe1df67-523d-48b4-b0bb-3b87dd118387,1,2696.705534
2026/02/05/11:06:34,apply-time,rs-003037-zdztv,e5c2a54f-00e5-4c88-8d13-491ba51de7e2,1,2702.705534
2026/02/05/11:06:34,running-time,rs-003037-zdztv,e5c2a54f-00e5-4c88-8d13-491ba51de7e2,1,2702.705534
2026/02/05/11:06:34,apply-time,rs-003038-6wb6d,c9ef69ff-4de1-4050-812c-614ae36bac90,1,2702.705534
2026/02/05/11:06:34,running-time,rs-003038-6wb6d,c9ef69ff-4de1-4050-812c-614ae36bac90,1,2702.705534
2026/02/05/11:06:34,apply-time,rs-003039-72kbh,211a2e0b-40a6-443e-b6ff-44fba80ee821,1,2702.705534
2026/02/05/11:06:34,running-time,rs-003039-72kbh,211a2e0b-40a6-443e-b6ff-44fba80ee821,1,2702.705534
2026/02/05/11:06:34,apply-time,rs-003039-88c6q,de2fdd95-0302-484b-9397-ef2b86b79342,1,2702.705534
2026/02/05/11:06:34,running-time,rs-003039-88c6q,de2fdd95-0302-484b-9397-ef2b86b79342,1,2702.705534
2026/02/05/11:06:34,apply-time,rs-003039-q7r7n,74f79ca5-42b8-4cfa-b46a-e2e0d2e6ef00,1,2702.705534
2026/02/05/11:06:34,running-time,rs-003039-q7r7n,74f79ca5-42b8-4cfa-b46a-e2e0d2e6ef00,1,2702.705534
2026/02/05/11:06:34,apply-time,rs-003040-kdgg8,f4cb2665-6a13-4a75-a85b-c177247d731c,1,2702.705534
2026/02/05/11:06:34,running-time,rs-003040-kdgg8,f4cb2665-6a13-4a75-a85b-c177247d731c,1,2702.705534
2026/02/05/11:06:34,apply-time,rs-003040-wrmpb,12ba10d2-b09d-4603-8f5f-4a39148d33bf,1,2702.705534
2026/02/05/11:06:34,running-time,rs-003040-wrmpb,12ba10d2-b09d-4603-8f5f-4a39148d33bf,1,2702.705534
2026/02/05/11:06:34,apply-time,rs-003041-88lg2,d8e8fa5f-7d95-4ccb-82aa-9f5b800d2c3f,1,2702.705534
2026/02/05/11:06:34,running-time,rs-003041-88lg2,d8e8fa5f-7d95-4ccb-82aa-9f5b800d2c3f,1,2702.705534
2026/02/05/11:06:34,apply-time,rs-003041-rtnnk,8291a64e-a940-49d3-be7a-b5587b3c019c,1,2702.705534
2026/02/05/11:06:34,running-time,rs-003041-rtnnk,8291a64e-a940-49d3-be7a-b5587b3c019c,1,2702.705534
2026/02/05/11:06:34,apply-time,rs-003042-djxx8,32d4917f-d045-48b3-aaad-ec29e3464d00,4,2703.705534
2026/02/05/11:06:34,running-time,rs-003042-djxx8,32d4917f-d045-48b3-aaad-ec29e3464d00,4,2703.705534
2026/02/05/11:06:34,apply-time,rs-003043-z67sm,fd32a275-bfd7-409e-9d1a-f5211196e751,2,2703.705534
2026/02/05/11:06:34,running-time,rs-003043-z67sm,fd32a275-bfd7-409e-9d1a-f5211196e751,2,2703.705534
2026/02/05/11:06:34,apply-time,rs-003044-p45dl,3a494d6c-21e7-43e6-b8d3-20f22f1bf78e,1,2703.705534
2026/02/05/11:06:34,apply-time,rs-003045-kjxr7,e0046c4a-7d49-465e-8d0c-cc9b2afbb758,4,2703.705534
2026/02/05/11:06:35,apply-time,rs-003042-8ckhc,07225ab1-28b7-4d5a-80c3-7a6ff6e0be7d,4,2703.705534
2026/02/05/11:06:35,running-time,rs-003042-8ckhc,07225ab1-28b7-4d5a-80c3-7a6ff6e0be7d,4,2703.705534
2026/02/05/11:06:35,apply-time,rs-003043-fq6xr,5fee2c60-e69f-42c5-a962-fd3f91116b23,2,2703.705534
2026/02/05/11:06:35,running-time,rs-003043-fq6xr,5fee2c60-e69f-42c5-a962-fd3f91116b23,2,2703.705534
2026/02/05/11:06:35,running-time,rs-003044-p45dl,3a494d6c-21e7-43e6-b8d3-20f22f1bf78e,1,2703.705534
2026/02/05/11:06:36,apply-time,rs-003046-jjzmf,c1be1e8c-9176-475f-99b2-21c93fc9948a,1,2704.705534
2026/02/05/11:06:36,running-time,rs-003046-jjzmf,c1be1e8c-9176-475f-99b2-21c93fc9948a,1,2705.705534
2026/02/05/11:06:36,apply-time,rs-003046-vkbz5,15d53424-0e21-4931-a443-b1ab27f66d81,1,2704.705534
2026/02/05/11:06:36,running-time,rs-003046-vkbz5,15d53424-0e21-4931-a443-b1ab27f66d81,1,2705.705534
2026/02/05/11:06:36,apply-time,rs-003047-86tqd,8504eac0-6d9b-4c51-91d6-10ed30f2f562,1,2704.705534
2026/02/05/11:06:36,running-time,rs-003047-86tqd,8504eac0-6d9b-4c51-91d6-10ed30f2f562,1,2704.705534
2026/02/05/11:06:36,apply-time,rs-003047-pkdms,1f3a054b-77c3-49eb-96d3-a656b6a61d69,1,2704.705534
2026/02/05/11:06:36,running-time,rs-003047-pkdms,1f3a054b-77c3-49eb-96d3-a656b6a61d69,1,2704.705534
2026/02/05/11:06:36,apply-time,rs-003047-vl7sb,f2b31104-653d-412b-934e-a06b158761f2,1,2704.705534
2026/02/05/11:06:36,running-time,rs-003047-vl7sb,f2b31104-653d-412b-934e-a06b158761f2,1,2704.705534
2026/02/05/11:06:43,apply-time,rs-003048-xnnq5,ed1d7f3e-e863-4902-9d2c-2ba1bae7b832,1,2711.705534
2026/02/05/11:06:43,running-time,rs-003048-xnnq5,ed1d7f3e-e863-4902-9d2c-2ba1bae7b832,1,2712.705534
2026/02/05/11:06:43,apply-time,rs-003049-9m47j,bcadce73-ed3f-4a2b-9c38-c1b6e7aeb9ed,1,2711.705534
2026/02/05/11:06:43,running-time,rs-003049-9m47j,bcadce73-ed3f-4a2b-9c38-c1b6e7aeb9ed,1,2712.705534
2026/02/05/11:06:43,apply-time,rs-003049-hjb8p,3591b391-76ca-4216-8972-63f506ef75c3,1,2712.705534
2026/02/05/11:06:43,running-time,rs-003049-hjb8p,3591b391-76ca-4216-8972-63f506ef75c3,1,2712.705534
2026/02/05/11:06:43,apply-time,rs-003049-qrb4r,bb6bf620-5a9b-425f-8d70-bb7bbfdda942,1,2712.705534
2026/02/05/11:06:43,running-time,rs-003049-qrb4r,bb6bf620-5a9b-425f-8d70-bb7bbfdda942,1,2712.705534
2026/02/05/11:06:48,apply-time,rs-003050-rqpq4,133e87da-4592-4f38-ac2c-b35281518321,1,2717.705534
2026/02/05/11:06:48,running-time,rs-003050-rqpq4,133e87da-4592-4f38-ac2c-b35281518321,1,2717.705534
2026/02/05/11:06:48,apply-time,rs-003050-xtf5z,492e33a3-f29a-48e3-af6c-003b4d51dd22,1,2717.705534
2026/02/05/11:06:48,running-time,rs-003050-xtf5z,492e33a3-f29a-48e3-af6c-003b4d51dd22,1,2717.705534
2026/02/05/11:06:48,apply-time,rs-003050-z2q52,9e495c33-967b-4af1-96d6-19978e05e1aa,1,2717.705534
2026/02/05/11:06:48,running-time,rs-003050-z2q52,9e495c33-967b-4af1-96d6-19978e05e1aa,1,2717.705534
2026/02/05/11:06:49,apply-time,rs-003051-z7gg2,e59c6def-8c4d-404b-8e71-d7f430729710,3,2717.705534
2026/02/05/11:06:49,running-time,rs-003051-z7gg2,e59c6def-8c4d-404b-8e71-d7f430729710,3,2717.705534
2026/02/05/11:06:49,apply-time,rs-003052-vhfhc,e5f49719-5cf1-4396-a919-bec93a91b257,3,2717.705534
2026/02/05/11:06:49,running-time,rs-003052-vhfhc,e5f49719-5cf1-4396-a919-bec93a91b257,3,2717.705534
2026/02/05/11:06:49,apply-time,rs-003053-jgn5k,a1b09008-8db5-4579-a954-e0aa6b38d977,2,2717.705534
2026/02/05/11:06:52,apply-time,rs-003054-ng4tf,632fa4e2-b403-427d-8eb4-ea795a799e58,3,2721.705534
2026/02/05/11:06:52,running-time,rs-003054-ng4tf,632fa4e2-b403-427d-8eb4-ea795a799e58,3,2721.705534
2026/02/05/11:06:52,apply-time,rs-003054-nlrfg,ceb9504d-0e25-44df-b5eb-df45516ea9f5,3,2721.705534
2026/02/05/11:06:52,running-time,rs-003054-nlrfg,ceb9504d-0e25-44df-b5eb-df45516ea9f5,3,2721.705534
2026/02/05/11:06:52,apply-time,rs-003054-s7hvp,32fafac3-931c-4c8f-96a3-99b549ea422e,3,2721.705534
2026/02/05/11:06:52,running-time,rs-003054-s7hvp,32fafac3-931c-4c8f-96a3-99b549ea422e,3,2721.705534
2026/02/05/11:06:52,apply-time,rs-003055-6gcwq,16bc2ebf-7029-4415-874e-d310b8ef6521,2,2721.705534
2026/02/05/11:06:52,running-time,rs-003055-6gcwq,16bc2ebf-7029-4415-874e-d310b8ef6521,2,2721.705534
2026/02/05/11:06:52,apply-time,rs-003055-6sdg9,1b6fbd19-5dd1-4ae4-bd1f-5e2ace071c0f,2,2721.705534
2026/02/05/11:06:52,running-time,rs-003055-6sdg9,1b6fbd19-5dd1-4ae4-bd1f-5e2ace071c0f,2,2721.705534
2026/02/05/11:06:52,apply-time,rs-003056-c5mcx,956e740b-5292-48af-84e1-b424f9f150f7,2,2721.705534
2026/02/05/11:06:52,running-time,rs-003056-c5mcx,956e740b-5292-48af-84e1-b424f9f150f7,2,2721.705534
2026/02/05/11:06:52,apply-time,rs-003056-mvd6m,c6858473-c1a5-4bb8-a3e1-bfea52bc343f,2,2721.705534
2026/02/05/11:06:52,running-time,rs-003056-mvd6m,c6858473-c1a5-4bb8-a3e1-bfea52bc343f,2,2721.705534
2026/02/05/11:06:52,apply-time,rs-003057-p9bvf,47f7d0e3-3e07-4853-8345-262df1883098,3,2721.705534
2026/02/05/11:06:52,running-time,rs-003057-p9bvf,47f7d0e3-3e07-4853-8345-262df1883098,3,2721.705534
2026/02/05/11:06:56,apply-time,rs-003058-4nbpw,59aa79d4-78e6-449a-97d5-beb0894b1cf6,3,2724.705534
2026/02/05/11:06:56,running-time,rs-003058-4nbpw,59aa79d4-78e6-449a-97d5-beb0894b1cf6,3,2724.705534
2026/02/05/11:06:56,apply-time,rs-003058-h5cmn,f11f4e43-cd23-4c10-be87-c2f6a60819b9,3,2724.705534
2026/02/05/11:06:56,running-time,rs-003058-h5cmn,f11f4e43-cd23-4c10-be87-c2f6a60819b9,3,2724.705534
2026/02/05/11:06:56,apply-time,rs-003059-28lbn,666f50dd-857f-448c-bfee-009de8d6c5dc,1,2724.705534
2026/02/05/11:06:56,apply-time,rs-003059-gpsfd,6bcacbbd-fd5a-4478-8efe-8732c93224ca,1,2724.705534
2026/02/05/11:06:56,apply-time,rs-003059-jrmhc,c44945a6-7747-4d4d-af1f-0f37293273e8,1,2724.705534
2026/02/05/11:06:58,apply-time,rs-003060-k86jg,faef261f-db37-4297-8d92-5a4719bd18e6,1,2726.705534
2026/02/05/11:06:58,running-time,rs-003060-k86jg,faef261f-db37-4297-8d92-5a4719bd18e6,1,2726.705534
2026/02/05/11:06:58,apply-time,rs-003061-kng4b,24f63b93-78f7-4783-bc27-1d367e7e267a,4,2726.705534
2026/02/05/11:06:58,apply-time,rs-003061-lqzhl,404c6da1-04f8-45c2-914e-7cfa48607f2f,4,2726.705534
2026/02/05/11:06:58,apply-time,rs-003061-vfxgj,80dda221-d25f-4553-9881-90afd242985a,4,2726.705534
2026/02/05/11:06:58,running-time,rs-003061-vfxgj,80dda221-d25f-4553-9881-90afd242985a,4,2727.705534
2026/02/05/11:06:58,apply-time,rs-003062-rcmzk,d493e984-d693-451a-8e50-529a7ed2891b,1,2726.705534
2026/02/05/11:06:58,running-time,rs-003062-rcmzk,d493e984-d693-451a-8e50-529a7ed2891b,1,2726.705534
2026/02/05/11:06:58,apply-time,rs-003063-27wjt,c2ab17f8-58b7-43de-9fca-be449fa1084d,4,2727.705534
2026/02/05/11:06:58,running-time,rs-003063-27wjt,c2ab17f8-58b7-43de-9fca-be449fa1084d,4,2727.705534
2026/02/05/11:06:58,apply-time,rs-003063-k49sl,ac36183f-50dc-4415-9b74-945ffb2ef53d,4,2727.705534
2026/02/05/11:06:58,running-time,rs-003063-k49sl,ac36183f-50dc-4415-9b74-945ffb2ef53d,4,2727.705534
2026/02/05/11:07:00,running-time,rs-003061-kng4b,24f63b93-78f7-4783-bc27-1d367e7e267a,4,2729.705534
2026/02/05/11:07:00,running-time,rs-003061-lqzhl,404c6da1-04f8-45c2-914e-7cfa48607f2f,4,2728.705534
2026/02/05/11:07:07,apply-time,rs-003064-t62zk,861d2802-e109-43a8-a0d9-1e930910a796,4,2735.705534
2026/02/05/11:07:07,running-time,rs-003064-t62zk,861d2802-e109-43a8-a0d9-1e930910a796,4,2735.705534
2026/02/05/11:07:07,apply-time,rs-003065-cnrdx,a7fc24c8-f38a-4762-a789-2ea5898538bf,3,2735.705534
2026/02/05/11:07:07,running-time,rs-003065-cnrdx,a7fc24c8-f38a-4762-a789-2ea5898538bf,3,2735.705534
2026/02/05/11:07:07,apply-time,rs-003065-fng9b,4d4d2712-fecb-4b7c-b490-62ba8132ab97,3,2735.705534
2026/02/05/11:07:07,running-time,rs-003065-fng9b,4d4d2712-fecb-4b7c-b490-62ba8132ab97,3,2735.705534
2026/02/05/11:07:07,apply-time,rs-003065-s8csl,a17577e1-d2fa-4999-8cab-66f83b27b0c1,3,2735.705534
2026/02/05/11:07:07,running-time,rs-003065-s8csl,a17577e1-d2fa-4999-8cab-66f83b27b0c1,3,2735.705534
2026/02/05/11:07:07,apply-time,rs-003066-7nlsp,e827d606-c006-413e-8740-d9d6f7551b90,2,2735.705534
2026/02/05/11:07:07,apply-time,rs-003066-lljhx,6aae13f1-76ec-48fe-9600-9beb8431c3b6,2,2735.705534
2026/02/05/11:07:07,running-time,rs-003066-lljhx,6aae13f1-76ec-48fe-9600-9beb8431c3b6,2,2735.705534
2026/02/05/11:07:07,apply-time,rs-003066-nnqhb,da4fbcba-b3f9-4abd-8079-cc1e535ef7a5,2,2735.705534
2026/02/05/11:07:07,running-time,rs-003066-nnqhb,da4fbcba-b3f9-4abd-8079-cc1e535ef7a5,2,2735.705534
2026/02/05/11:07:07,apply-time,rs-003067-5xmcb,b578144c-8349-422c-a6e0-a285c163d818,4,2735.705534
2026/02/05/11:07:07,running-time,rs-003067-5xmcb,b578144c-8349-422c-a6e0-a285c163d818,4,2735.705534
2026/02/05/11:07:07,apply-time,rs-003068-7spmm,ca857dc3-fe6c-45be-9448-63fb6caeef30,2,2735.705534
2026/02/05/11:07:07,running-time,rs-003068-7spmm,ca857dc3-fe6c-45be-9448-63fb6caeef30,2,2735.705534
2026/02/05/11:07:07,apply-time,rs-003068-d24hs,5f171e3d-ad0c-407b-b3d2-16e3ffc10b41,2,2735.705534
2026/02/05/11:07:07,running-time,rs-003068-d24hs,5f171e3d-ad0c-407b-b3d2-16e3ffc10b41,2,2735.705534
2026/02/05/11:07:07,apply-time,rs-003068-dgxj8,887489bd-5bf4-4980-b2ac-6c0de8d8bba3,2,2735.705534
2026/02/05/11:07:07,running-time,rs-003068-dgxj8,887489bd-5bf4-4980-b2ac-6c0de8d8bba3,2,2735.705534
2026/02/05/11:07:07,apply-time,rs-003069-tx95t,c81de26e-a25b-40c4-9efb-4e8ebe66672d,1,2736.705534
2026/02/05/11:07:07,running-time,rs-003069-tx95t,c81de26e-a25b-40c4-9efb-4e8ebe66672d,1,2736.705534
2026/02/05/11:07:08,apply-time,rs-003070-tmc8g,175b71d9-7e74-4a76-8a88-f37bec23e694,1,2736.705534
2026/02/05/11:07:08,apply-time,rs-003070-zsk2c,8662fbd1-597c-4687-8ab3-411d47c9ff13,1,2736.705534
2026/02/05/11:07:08,apply-time,rs-003071-9p84p,658f8f26-737a-4d23-b036-817905b2044f,1,2736.705534
2026/02/05/11:07:08,running-time,rs-003071-9p84p,658f8f26-737a-4d23-b036-817905b2044f,1,2736.705534
2026/02/05/11:07:08,apply-time,rs-003072-kq4s9,067cb9ed-c7d3-4a2f-9899-4eb576aa3ada,3,2736.705534
2026/02/05/11:07:08,running-time,rs-003072-kq4s9,067cb9ed-c7d3-4a2f-9899-4eb576aa3ada,3,2736.705534
2026/02/05/11:07:09,apply-time,rs-003073-24vnq,9ea2c6b2-3f7f-4d30-add4-35913a6c5d05,3,2737.705534
2026/02/05/11:07:09,apply-time,rs-003073-pp4r5,a6c45ea8-a06e-4019-a1a8-7f16397e523d,3,2737.705534
2026/02/05/11:07:09,apply-time,rs-003074-br8sn,831d1bc3-ae10-4904-93ce-2d213cf6ec7d,3,2737.705534
2026/02/05/11:07:09,running-time,rs-003074-br8sn,831d1bc3-ae10-4904-93ce-2d213cf6ec7d,3,2737.705534
2026/02/05/11:07:10,running-time,rs-003073-24vnq,9ea2c6b2-3f7f-4d30-add4-35913a6c5d05,3,2738.705534
2026/02/05/11:07:10,running-time,rs-003073-pp4r5,a6c45ea8-a06e-4019-a1a8-7f16397e523d,3,2738.705534
2026/02/05/11:07:11,running-time,rs-003070-tmc8g,175b71d9-7e74-4a76-8a88-f37bec23e694,1,2739.705534
2026/02/05/11:07:11,running-time,rs-003070-zsk2c,8662fbd1-597c-4687-8ab3-411d47c9ff13,1,2739.705534
2026/02/05/11:07:12,running-time,rs-003066-7nlsp,e827d606-c006-413e-8740-d9d6f7551b90,2,2740.705534
2026/02/05/11:07:13,apply-time,rs-003075-qqqsm,d502bc6e-625a-45ee-9b4d-e4c346a91dae,2,2741.705534
2026/02/05/11:07:13,running-time,rs-003075-qqqsm,d502bc6e-625a-45ee-9b4d-e4c346a91dae,2,2741.705534
2026/02/05/11:07:13,apply-time,rs-003076-29fkx,d748feaf-82ef-4439-aa00-ca2fa6b1f870,1,2741.705534
2026/02/05/11:07:13,running-time,rs-003076-29fkx,d748feaf-82ef-4439-aa00-ca2fa6b1f870,1,2741.705534
2026/02/05/11:07:13,apply-time,rs-003076-8g8h4,4b7bd7fd-7629-4c7d-b4a9-b24f3e2123fc,1,2741.705534
2026/02/05/11:07:13,running-time,rs-003076-8g8h4,4b7bd7fd-7629-4c7d-b4a9-b24f3e2123fc,1,2741.705534
2026/02/05/11:07:13,apply-time,rs-003076-fpwg8,c1ab7a1f-f83f-40dd-a99b-2cf54a05d0f9,1,2741.705534
2026/02/05/11:07:13,running-time,rs-003076-fpwg8,c1ab7a1f-f83f-40dd-a99b-2cf54a05d0f9,1,2741.705534
2026/02/05/11:07:13,apply-time,rs-003077-2g6px,29e7d660-3591-45db-9128-9e9fa8f61a02,2,2741.705534
2026/02/05/11:07:13,running-time,rs-003077-2g6px,29e7d660-3591-45db-9128-9e9fa8f61a02,2,2741.705534
2026/02/05/11:07:13,apply-time,rs-003077-9xf2x,73c9b72b-520f-45bf-b8fe-54e6bdf45ec8,2,2741.705534
2026/02/05/11:07:13,running-time,rs-003077-9xf2x,73c9b72b-520f-45bf-b8fe-54e6bdf45ec8,2,2741.705534
2026/02/05/11:07:13,apply-time,rs-003078-4r6dn,888750e3-8931-4deb-9ea2-ef0f0d1df7ca,3,2741.705534
2026/02/05/11:07:13,running-time,rs-003078-4r6dn,888750e3-8931-4deb-9ea2-ef0f0d1df7ca,3,2741.705534
2026/02/05/11:07:13,apply-time,rs-003078-j27fx,afe4ec67-cafb-4bbc-81aa-1b39f801b8db,3,2741.705534
2026/02/05/11:07:13,running-time,rs-003078-j27fx,afe4ec67-cafb-4bbc-81aa-1b39f801b8db,3,2741.705534
2026/02/05/11:07:14,apply-time,rs-003079-9htj4,460a86ce-c31a-4165-9513-1ca797f113d8,2,2742.705534
2026/02/05/11:07:14,running-time,rs-003079-9htj4,460a86ce-c31a-4165-9513-1ca797f113d8,2,2742.705534
2026/02/05/11:07:14,apply-time,rs-003079-jrzr6,7221c8b3-2bb9-4746-b2a9-3cd41a61ef49,2,2742.705534
2026/02/05/11:07:14,running-time,rs-003079-jrzr6,7221c8b3-2bb9-4746-b2a9-3cd41a61ef49,2,2742.705534
2026/02/05/11:07:14,apply-time,rs-003080-psbln,68b4059c-50ac-43cc-8510-6530dead82bb,4,2742.705534
2026/02/05/11:07:14,running-time,rs-003080-psbln,68b4059c-50ac-43cc-8510-6530dead82bb,4,2742.705534
2026/02/05/11:07:26,apply-time,rs-003081-nkl8f,52195cfe-e304-4702-a71f-878867b54a8d,4,2754.705534
2026/02/05/11:07:26,running-time,rs-003081-nkl8f,52195cfe-e304-4702-a71f-878867b54a8d,4,2754.705534
2026/02/05/11:07:27,apply-time,rs-003082-8ffqx,44e031db-819e-4763-a625-40c011f8a2c0,2,2755.705534
2026/02/05/11:07:27,running-time,rs-003082-8ffqx,44e031db-819e-4763-a625-40c011f8a2c0,2,2755.705534
2026/02/05/11:07:27,apply-time,rs-003082-d4zd6,696c6dcc-e606-4bd5-a2bc-b27a54647581,2,2755.705534
2026/02/05/11:07:27,running-time,rs-003082-d4zd6,696c6dcc-e606-4bd5-a2bc-b27a54647581,2,2755.705534
2026/02/05/11:07:27,apply-time,rs-003083-jk4lg,c2560285-857e-46ee-9ba0-048d1f3220da,4,2755.705534
2026/02/05/11:07:27,running-time,rs-003083-jk4lg,c2560285-857e-46ee-9ba0-048d1f3220da,4,2755.705534
2026/02/05/11:07:27,apply-time,rs-003084-jjk5l,d77bd389-ce0a-4771-a240-61743d744d2f,3,2755.705534
2026/02/05/11:07:27,running-time,rs-003084-jjk5l,d77bd389-ce0a-4771-a240-61743d744d2f,3,2755.705534
2026/02/05/11:07:28,apply-time,rs-003085-675gh,d0a11a60-c008-4d20-98ce-6e17c1c0efdd,3,2756.705534
2026/02/05/11:07:28,running-time,rs-003085-675gh,d0a11a60-c008-4d20-98ce-6e17c1c0efdd,3,2756.705534
2026/02/05/11:07:28,apply-time,rs-003085-c2w8b,0e5485ed-42a0-4279-ba00-36970deb0f70,3,2756.705534
2026/02/05/11:07:28,running-time,rs-003085-c2w8b,0e5485ed-42a0-4279-ba00-36970deb0f70,3,2756.705534
2026/02/05/11:07:28,apply-time,rs-003086-md7ns,97e4530d-fcbd-4ba1-8f07-073d3cae04b2,1,2756.705534
2026/02/05/11:07:28,apply-time,rs-003087-cfn4w,824c3578-9d5c-423b-9acc-613e53cd1a49,1,2756.705534
2026/02/05/11:07:28,running-time,rs-003087-cfn4w,824c3578-9d5c-423b-9acc-613e53cd1a49,1,2756.705534
2026/02/05/11:07:28,apply-time,rs-003088-8srzn,44cdf341-dd78-4063-82c6-afdf2ff46a7b,2,2756.705534
2026/02/05/11:07:28,running-time,rs-003088-8srzn,44cdf341-dd78-4063-82c6-afdf2ff46a7b,2,2756.705534
2026/02/05/11:07:28,apply-time,rs-003088-ttt87,49405958-8f8b-496c-ab90-178eabccf9b5,2,2756.705534
2026/02/05/11:07:28,apply-time,rs-003089-45kwz,b1af45df-3a50-44be-9d81-c66a0b588d93,4,2756.705534
2026/02/05/11:07:28,running-time,rs-003089-45kwz,b1af45df-3a50-44be-9d81-c66a0b588d93,4,2756.705534
2026/02/05/11:07:29,running-time,rs-003088-ttt87,49405958-8f8b-496c-ab90-178eabccf9b5,2,2758.705534
2026/02/05/11:07:30,apply-time,rs-003090-j5dng,bf30afda-cf2c-49b3-a35e-d2c8175e8386,3,2758.705534
2026/02/05/11:07:30,running-time,rs-003090-j5dng,bf30afda-cf2c-49b3-a35e-d2c8175e8386,3,2759.705534
2026/02/05/11:07:30,apply-time,rs-003090-ph2hp,e0c48e39-42ba-49de-af4b-2758a8cda05b,3,2758.705534
2026/02/05/11:07:30,running-time,rs-003090-ph2hp,e0c48e39-42ba-49de-af4b-2758a8cda05b,3,2758.705534
2026/02/05/11:07:30,apply-time,rs-003091-5kl2k,4c13a43f-20f7-4b46-99e4-a9d3bbcf9ab1,2,2759.705534
2026/02/05/11:07:30,running-time,rs-003091-5kl2k,4c13a43f-20f7-4b46-99e4-a9d3bbcf9ab1,2,2759.705534
2026/02/05/11:07:30,apply-time,rs-003091-j8kzj,295b6ac3-b309-407a-9c50-058cff75f0d5,2,2759.705534
2026/02/05/11:07:31,running-time,rs-003091-j8kzj,295b6ac3-b309-407a-9c50-058cff75f0d5,2,2760.705534
2026/02/05/11:07:32,apply-time,rs-003092-kqfhd,f051a686-212d-443d-8f6e-312f7031ec18,4,2760.705534
2026/02/05/11:07:32,running-time,rs-003092-kqfhd,f051a686-212d-443d-8f6e-312f7031ec18,4,2760.705534
2026/02/05/11:07:32,apply-time,rs-003093-r2v6d,f66b90ae-1b13-48c5-9043-628285e3c784,2,2760.705534
2026/02/05/11:07:32,running-time,rs-003093-r2v6d,f66b90ae-1b13-48c5-9043-628285e3c784,2,2760.705534
2026/02/05/11:07:32,apply-time,rs-003094-69db8,77d7e86c-5ce7-4d03-8a99-fca2625d7a8f,3,2760.705534
2026/02/05/11:07:32,running-time,rs-003094-69db8,77d7e86c-5ce7-4d03-8a99-fca2625d7a8f,3,2760.705534
2026/02/05/11:07:32,apply-time,rs-003094-dlw8t,21c91469-4fef-478b-9bc5-df4914b4cc7c,3,2760.705534
2026/02/05/11:07:32,running-time,rs-003094-dlw8t,21c91469-4fef-478b-9bc5-df4914b4cc7c,3,2760.705534
2026/02/05/11:07:32,apply-time,rs-003094-mjj48,b3d07b9f-0699-4e3c-af62-46268ff0dc42,3,2760.705534
2026/02/05/11:07:32,running-time,rs-003094-mjj48,b3d07b9f-0699-4e3c-af62-46268ff0dc42,3,2760.705534
2026/02/05/11:07:32,apply-time,rs-003095-jfp6t,d2460ad7-89a4-42e0-a075-da5c04cb6112,3,2760.705534
2026/02/05/11:07:32,running-time,rs-003095-jfp6t,d2460ad7-89a4-42e0-a075-da5c04cb6112,3,2760.705534
2026/02/05/11:07:32,apply-time,rs-003095-lh6d5,20281faf-7215-47e0-b1b1-55849af34b0b,3,2760.705534
2026/02/05/11:07:32,running-time,rs-003095-lh6d5,20281faf-7215-47e0-b1b1-55849af34b0b,3,2760.705534
2026/02/05/11:07:32,apply-time,rs-003095-mp8ds,0d411dfe-e757-4026-9b38-837d9a96a678,3,2760.705534
2026/02/05/11:07:32,running-time,rs-003095-mp8ds,0d411dfe-e757-4026-9b38-837d9a96a678,3,2760.705534
2026/02/05/11:07:32,apply-time,rs-003096-n72kf,f6507100-f9c0-4dd8-a2cf-8e19b56becca,1,2760.705534
2026/02/05/11:07:32,running-time,rs-003096-n72kf,f6507100-f9c0-4dd8-a2cf-8e19b56becca,1,2761.705534
2026/02/05/11:07:35,apply-time,rs-003097-fr8vn,3ebe41f9-90d9-4aec-b875-0ccc1d9d2d37,4,2763.705534
2026/02/05/11:07:35,running-time,rs-003097-fr8vn,3ebe41f9-90d9-4aec-b875-0ccc1d9d2d37,4,2763.705534
2026/02/05/11:07:40,apply-time,rs-003098-jxcnx,31f952bc-7647-4153-a3c2-90e689b48342,4,2768.705534
2026/02/05/11:07:40,running-time,rs-003098-jxcnx,31f952bc-7647-4153-a3c2-90e689b48342,4,2768.705534
2026/02/05/11:07:40,apply-time,rs-003098-pnvvf,659b01c4-5115-4dc4-8670-5bc6c363657e,4,2768.705534
2026/02/05/11:07:40,running-time,rs-003098-pnvvf,659b01c4-5115-4dc4-8670-5bc6c363657e,4,2768.705534
2026/02/05/11:07:40,apply-time,rs-003099-p52jn,c9b63c15-d2a1-4f99-ad2f-2c1d9ce54d07,3,2768.705534
2026/02/05/11:07:40,running-time,rs-003099-p52jn,c9b63c15-d2a1-4f99-ad2f-2c1d9ce54d07,3,2768.705534
2026/02/05/11:07:40,apply-time,rs-003099-s42zc,e36e2f38-da55-414d-8c5c-c4fea29dbdb1,3,2768.705534
2026/02/05/11:07:40,running-time,rs-003099-s42zc,e36e2f38-da55-414d-8c5c-c4fea29dbdb1,3,2768.705534
2026/02/05/11:07:40,apply-time,rs-003100-c9zxl,6fc8600a-68b1-407c-a76c-b909ce3058ec,2,2768.705534
2026/02/05/11:07:40,running-time,rs-003100-c9zxl,6fc8600a-68b1-407c-a76c-b909ce3058ec,2,2768.705534
2026/02/05/11:07:40,apply-time,rs-003100-cw2s6,cd95877e-450c-4185-bd3c-a51709f9baff,2,2768.705534
2026/02/05/11:07:40,running-time,rs-003100-cw2s6,cd95877e-450c-4185-bd3c-a51709f9baff,2,2768.705534
2026/02/05/11:07:40,apply-time,rs-003100-tjzlm,25dff33a-3001-461c-b04f-17e84e397bd8,2,2768.705534
2026/02/05/11:07:40,running-time,rs-003100-tjzlm,25dff33a-3001-461c-b04f-17e84e397bd8,2,2768.705534
2026/02/05/11:07:40,apply-time,rs-003101-htjqj,1dc209d6-1e8e-4464-a51c-aa9fb9d5a3f3,3,2768.705534
2026/02/05/11:07:40,running-time,rs-003101-htjqj,1dc209d6-1e8e-4464-a51c-aa9fb9d5a3f3,3,2768.705534
2026/02/05/11:07:40,apply-time,rs-003102-g5cdm,5f6ef744-7ad8-4438-b5a0-51205556859d,1,2768.705534
2026/02/05/11:07:40,running-time,rs-003102-g5cdm,5f6ef744-7ad8-4438-b5a0-51205556859d,1,2768.705534
2026/02/05/11:07:40,apply-time,rs-003103-bc2mz,d6ad3e75-c778-4b4c-b651-a7ae308a6ce5,2,2768.705534
2026/02/05/11:07:40,running-time,rs-003103-bc2mz,d6ad3e75-c778-4b4c-b651-a7ae308a6ce5,2,2768.705534
2026/02/05/11:07:40,apply-time,rs-003103-w2x6g,5ab70a43-89e8-4ddb-b6f8-d0d6e6801123,2,2769.705534
2026/02/05/11:07:40,running-time,rs-003103-w2x6g,5ab70a43-89e8-4ddb-b6f8-d0d6e6801123,2,2769.705534
2026/02/05/11:07:40,apply-time,rs-003104-4vfvk,55c64fa1-e4df-46bd-854d-904a20f05803,2,2769.705534
2026/02/05/11:07:40,running-time,rs-003104-4vfvk,55c64fa1-e4df-46bd-854d-904a20f05803,2,2769.705534
2026/02/05/11:07:40,apply-time,rs-003104-qqsf9,3cf4fc9c-33ed-4856-ace0-ecfb9e34c588,2,2769.705534
2026/02/05/11:07:40,running-time,rs-003104-qqsf9,3cf4fc9c-33ed-4856-ace0-ecfb9e34c588,2,2769.705534
2026/02/05/11:07:40,apply-time,rs-003105-klzfn,c07c6e4e-c48a-4eef-b6f7-335252610173,4,2769.705534
2026/02/05/11:07:40,running-time,rs-003105-klzfn,c07c6e4e-c48a-4eef-b6f7-335252610173,4,2769.705534
2026/02/05/11:07:40,apply-time,rs-003107-89987,f97ce330-a004-4730-afd4-8cd41e80b643,2,2769.705534
2026/02/05/11:07:40,apply-time,rs-003107-zl8j8,b04b86fb-f39b-46b5-a4c1-5704f621f06d,2,2769.705534
2026/02/05/11:07:41,apply-time,rs-003105-cltgm,8384ec13-035d-4304-8032-c24c71153357,4,2769.705534
2026/02/05/11:07:41,apply-time,rs-003106-t2bgh,af8b35cf-2393-43b7-bc8f-c17f7bff4763,2,2769.705534
2026/02/05/11:07:41,apply-time,rs-003107-4fwnl,c2fefb06-158e-4ac0-8324-69a5dfeb9fc5,2,2769.705534
2026/02/05/11:07:41,running-time,rs-003107-zl8j8,b04b86fb-f39b-46b5-a4c1-5704f621f06d,2,2769.705534
2026/02/05/11:07:41,apply-time,rs-003108-rgcjq,4db58389-eb47-4493-b685-349056909821,3,2770.705534
2026/02/05/11:07:41,apply-time,rs-003108-wb9f4,cdf7c8eb-9623-4e39-beb3-4aff852d72a7,3,2770.705534
2026/02/05/11:07:41,apply-time,rs-003109-l8xzq,a7ecd82a-da0b-49f4-996d-930850d7a3cb,3,2770.705534
2026/02/05/11:07:41,running-time,rs-003109-l8xzq,a7ecd82a-da0b-49f4-996d-930850d7a3cb,3,2770.705534
2026/02/05/11:07:41,apply-time,rs-003110-4htqz,c14a5329-0cad-48aa-8164-d2eb2b1e82c3,2,2770.705534
2026/02/05/11:07:41,apply-time,rs-003110-dj58d,d3da4e28-c0a5-4fe5-ae66-99e100d0cf30,2,2770.705534
2026/02/05/11:07:41,apply-time,rs-003111-qgs4m,dabbe5af-701d-4f1f-ba10-f0a7d24b97a5,3,2770.705534
2026/02/05/11:07:42,running-time,rs-003105-cltgm,8384ec13-035d-4304-8032-c24c71153357,4,2770.705534
2026/02/05/11:07:42,running-time,rs-003106-t2bgh,af8b35cf-2393-43b7-bc8f-c17f7bff4763,2,2771.705534
2026/02/05/11:07:42,running-time,rs-003107-89987,f97ce330-a004-4730-afd4-8cd41e80b643,2,2771.705534
2026/02/05/11:07:42,apply-time,rs-003110-t7gfz,0225816e-da53-4b81-b74c-369d01360dc2,2,2770.705534
2026/02/05/11:07:43,running-time,rs-003107-4fwnl,c2fefb06-158e-4ac0-8324-69a5dfeb9fc5,2,2771.705534
2026/02/05/11:07:44,running-time,rs-003110-dj58d,d3da4e28-c0a5-4fe5-ae66-99e100d0cf30,2,2772.705534
2026/02/05/11:07:45,running-time,rs-003110-4htqz,c14a5329-0cad-48aa-8164-d2eb2b1e82c3,2,2773.705534
2026/02/05/11:07:45,running-time,rs-003110-t7gfz,0225816e-da53-4b81-b74c-369d01360dc2,2,2773.705534
2026/02/05/11:07:46,running-time,rs-003108-rgcjq,4db58389-eb47-4493-b685-349056909821,3,2775.705534
2026/02/05/11:07:47,apply-time,rs-003112-9hmb4,eb48ba60-beda-46c4-869f-7d55f6936bc3,1,2775.705534
2026/02/05/11:07:47,running-time,rs-003112-9hmb4,eb48ba60-beda-46c4-869f-7d55f6936bc3,1,2775.705534
2026/02/05/11:07:47,apply-time,rs-003112-hn2hm,e32598a0-fe06-45d1-831b-60d616617b76,1,2775.705534
2026/02/05/11:07:47,running-time,rs-003112-hn2hm,e32598a0-fe06-45d1-831b-60d616617b76,1,2775.705534
2026/02/05/11:07:57,apply-time,rs-003113-55qjw,948ed3fb-c0e0-4edb-b31f-c86c6410e3a8,3,2786.705534
2026/02/05/11:07:57,running-time,rs-003113-55qjw,948ed3fb-c0e0-4edb-b31f-c86c6410e3a8,3,2786.705534
2026/02/05/11:07:57,apply-time,rs-003113-wkw89,a454ab2a-cec8-4fed-b1ea-222d40a3c909,3,2786.705534
2026/02/05/11:07:57,running-time,rs-003113-wkw89,a454ab2a-cec8-4fed-b1ea-222d40a3c909,3,2786.705534
2026/02/05/11:07:57,apply-time,rs-003114-w8lws,d9aa6031-bb78-45aa-8988-47b7644210a3,1,2786.705534
2026/02/05/11:07:57,running-time,rs-003114-w8lws,d9aa6031-bb78-45aa-8988-47b7644210a3,1,2786.705534
2026/02/05/11:07:57,apply-time,rs-003115-c6g7v,552fbbb1-7731-4f2f-87a0-9e555fd53c61,2,2786.705534
2026/02/05/11:07:58,apply-time,rs-003115-9cddj,53bed3f7-fb8a-40af-a489-967c16dbc72b,2,2786.705534
2026/02/05/11:07:58,running-time,rs-003115-9cddj,53bed3f7-fb8a-40af-a489-967c16dbc72b,2,2786.705534
2026/02/05/11:07:58,running-time,rs-003115-c6g7v,552fbbb1-7731-4f2f-87a0-9e555fd53c61,2,2786.705534
2026/02/05/11:07:58,apply-time,rs-003115-mh69x,c883b1bb-8e96-4dcf-8f9f-708dabea09a8,2,2786.705534
2026/02/05/11:07:58,running-time,rs-003115-mh69x,c883b1bb-8e96-4dcf-8f9f-708dabea09a8,2,2786.705534
2026/02/05/11:07:58,apply-time,rs-003116-rksvz,46264557-5ecf-40fb-a389-f81b5504c3a2,1,2786.705534
2026/02/05/11:07:58,running-time,rs-003116-rksvz,46264557-5ecf-40fb-a389-f81b5504c3a2,1,2786.705534
2026/02/05/11:07:58,apply-time,rs-003116-tbdcw,2d495b3d-2a6f-4a40-9986-8d08faa32c13,1,2786.705534
2026/02/05/11:07:58,running-time,rs-003116-tbdcw,2d495b3d-2a6f-4a40-9986-8d08faa32c13,1,2786.705534
2026/02/05/11:07:58,apply-time,rs-003116-xs6x9,2e68adee-0f40-4068-ab71-a32537d3691b,1,2786.705534
2026/02/05/11:07:58,running-time,rs-003116-xs6x9,2e68adee-0f40-4068-ab71-a32537d3691b,1,2786.705534
2026/02/05/11:07:58,apply-time,rs-003117-jnxgh,601ee7ae-d5cd-45d9-8897-e9f542d2f618,1,2787.705534
2026/02/05/11:07:58,apply-time,rs-003117-rc6rv,3bc2f893-5eb1-4d62-a020-d8b40d247849,1,2787.705534
2026/02/05/11:07:58,apply-time,rs-003118-dltcm,466b3800-a3d8-4aaf-a6f3-7f25617d6d69,3,2787.705534
2026/02/05/11:07:58,apply-time,rs-003118-k9mmh,cf682df7-075c-4656-a4d7-1f58e92f9ea1,3,2787.705534
2026/02/05/11:07:58,apply-time,rs-003119-486xk,7c22eb5f-a062-426c-b251-b4794ecde66d,3,2787.705534
2026/02/05/11:07:58,apply-time,rs-003119-974ql,6257cfa8-3395-4050-8fde-33877b748080,3,2787.705534
2026/02/05/11:07:58,apply-time,rs-003119-v5s64,486eccdb-0b50-449e-9029-7eabd34d3faf,3,2787.705534
2026/02/05/11:07:58,apply-time,rs-003120-knqb7,b3c6c188-0cb4-4ebd-9db1-a2a8acf0af6d,2,2787.705534
2026/02/05/11:07:58,apply-time,rs-003120-vfzz9,25fc62b1-bc76-4c1d-acde-79bf2c247171,2,2787.705534
2026/02/05/11:07:58,apply-time,rs-003120-xt4j9,09f763bb-f3b1-44dd-a73f-338cf89930b2,2,2787.705534
2026/02/05/11:07:59,running-time,rs-003117-jnxgh,601ee7ae-d5cd-45d9-8897-e9f542d2f618,1,2787.705534
2026/02/05/11:07:59,running-time,rs-003117-rc6rv,3bc2f893-5eb1-4d62-a020-d8b40d247849,1,2787.705534
2026/02/05/11:07:59,running-time,rs-003118-dltcm,466b3800-a3d8-4aaf-a6f3-7f25617d6d69,3,2787.705534
2026/02/05/11:07:59,running-time,rs-003118-k9mmh,cf682df7-075c-4656-a4d7-1f58e92f9ea1,3,2787.705534
2026/02/05/11:07:59,running-time,rs-003119-486xk,7c22eb5f-a062-426c-b251-b4794ecde66d,3,2787.705534
2026/02/05/11:07:59,running-time,rs-003119-974ql,6257cfa8-3395-4050-8fde-33877b748080,3,2787.705534
2026/02/05/11:07:59,running-time,rs-003119-v5s64,486eccdb-0b50-449e-9029-7eabd34d3faf,3,2787.705534
2026/02/05/11:07:59,running-time,rs-003120-vfzz9,25fc62b1-bc76-4c1d-acde-79bf2c247171,2,2787.705534
2026/02/05/11:08:03,apply-time,rs-003121-c2mdx,c40e2ee7-d4f1-46f9-9158-d46ee95bb6ec,4,2791.705534
2026/02/05/11:08:03,running-time,rs-003121-c2mdx,c40e2ee7-d4f1-46f9-9158-d46ee95bb6ec,4,2791.705534
2026/02/05/11:08:03,apply-time,rs-003121-pbdwb,ea67a322-7a59-4d75-a6ac-7d3c3ad4e68f,4,2791.705534
2026/02/05/11:08:03,running-time,rs-003121-pbdwb,ea67a322-7a59-4d75-a6ac-7d3c3ad4e68f,4,2791.705534
2026/02/05/11:08:03,apply-time,rs-003122-5cd2b,cb045ebf-1bd5-4e73-a96f-ae739e591398,3,2791.705534
2026/02/05/11:08:03,running-time,rs-003122-5cd2b,cb045ebf-1bd5-4e73-a96f-ae739e591398,3,2791.705534
2026/02/05/11:08:03,apply-time,rs-003122-l4lnm,fc96ec29-cd81-4e96-9738-bc4802c903ab,3,2791.705534
2026/02/05/11:08:03,running-time,rs-003122-l4lnm,fc96ec29-cd81-4e96-9738-bc4802c903ab,3,2791.705534
2026/02/05/11:08:03,apply-time,rs-003122-zsp52,b6fba310-7756-4c6c-a0a9-7af9ef0fac75,3,2791.705534
2026/02/05/11:08:03,running-time,rs-003122-zsp52,b6fba310-7756-4c6c-a0a9-7af9ef0fac75,3,2791.705534
2026/02/05/11:08:03,apply-time,rs-003123-b2m9z,2c3c5875-c8da-468d-b8e4-24fa1618d9d1,1,2792.705534
2026/02/05/11:08:03,running-time,rs-003123-b2m9z,2c3c5875-c8da-468d-b8e4-24fa1618d9d1,1,2792.705534
2026/02/05/11:08:03,apply-time,rs-003123-d9prv,96271deb-70f4-48e8-909a-a79190fe44b9,1,2792.705534
2026/02/05/11:08:03,running-time,rs-003123-d9prv,96271deb-70f4-48e8-909a-a79190fe44b9,1,2792.705534
2026/02/05/11:08:03,apply-time,rs-003124-nbq4n,83c9dfd7-129a-497b-860c-e352f1aa2491,2,2792.705534
2026/02/05/11:08:03,running-time,rs-003124-nbq4n,83c9dfd7-129a-497b-860c-e352f1aa2491,2,2792.705534
2026/02/05/11:08:04,apply-time,rs-003125-8nnn7,f7f14937-98e5-4644-987d-08bf3236b25a,4,2792.705534
2026/02/05/11:08:04,running-time,rs-003125-8nnn7,f7f14937-98e5-4644-987d-08bf3236b25a,4,2792.705534
2026/02/05/11:08:04,apply-time,rs-003125-pdwtl,b5e7fd87-0d80-492c-b121-3b5e159443c4,4,2792.705534
2026/02/05/11:08:04,running-time,rs-003125-pdwtl,b5e7fd87-0d80-492c-b121-3b5e159443c4,4,2792.705534
2026/02/05/11:08:04,apply-time,rs-003125-xrgfb,7df6924d-975d-42a6-aea2-e4027c5ad767,4,2792.705534
2026/02/05/11:08:04,running-time,rs-003125-xrgfb,7df6924d-975d-42a6-aea2-e4027c5ad767,4,2792.705534
2026/02/05/11:08:04,apply-time,rs-003126-wwhk4,be5f0c13-b4a4-48c5-a708-6590e0cef528,1,2792.705534
2026/02/05/11:08:04,running-time,rs-003126-wwhk4,be5f0c13-b4a4-48c5-a708-6590e0cef528,1,2792.705534
2026/02/05/11:08:04,apply-time,rs-003127-2r9n6,c6032417-4ab2-42b9-97a3-0eafea57ba22,2,2792.705534
2026/02/05/11:08:04,running-time,rs-003127-2r9n6,c6032417-4ab2-42b9-97a3-0eafea57ba22,2,2792.705534
2026/02/05/11:08:04,apply-time,rs-003127-7wgr7,6a84b3e7-7a95-4923-a72b-42094e4404e1,2,2792.705534
2026/02/05/11:08:04,running-time,rs-003127-7wgr7,6a84b3e7-7a95-4923-a72b-42094e4404e1,2,2792.705534
2026/02/05/11:08:04,apply-time,rs-003128-qq6fh,1d472a14-b923-47b8-9e5d-eb8be73c57cc,1,2793.705534
2026/02/05/11:08:04,running-time,rs-003128-qq6fh,1d472a14-b923-47b8-9e5d-eb8be73c57cc,1,2793.705534
2026/02/05/11:08:04,apply-time,rs-003129-ws7bh,d9d5c04f-56e4-434c-974c-0145f7300f7b,2,2793.705534
2026/02/05/11:08:04,running-time,rs-003129-ws7bh,d9d5c04f-56e4-434c-974c-0145f7300f7b,2,2793.705534
2026/02/05/11:08:04,apply-time,rs-003130-65v56,152cfe62-7ee1-4f81-a0c4-77e7c70f25f8,2,2793.705534
2026/02/05/11:08:05,apply-time,rs-003129-rkt7x,985d0c60-1970-41c2-a49f-eb5b528983d0,2,2793.705534
2026/02/05/11:08:05,running-time,rs-003129-rkt7x,985d0c60-1970-41c2-a49f-eb5b528983d0,2,2793.705534
2026/02/05/11:08:05,apply-time,rs-003131-m5xmc,0d150f01-7c4f-4b22-b705-e4c73e9c39b2,1,2793.705534
2026/02/05/11:08:05,apply-time,rs-003132-p9xjw,8532419b-eca2-4fbc-bef3-e2bcba1aef53,3,2793.705534
2026/02/05/11:08:05,running-time,rs-003132-p9xjw,8532419b-eca2-4fbc-bef3-e2bcba1aef53,3,2793.705534
2026/02/05/11:08:05,apply-time,rs-003133-68dvh,d02a3baa-8a89-4f5c-90ed-88e7624e9c51,3,2794.705534
2026/02/05/11:08:05,apply-time,rs-003133-9ntsb,4353d3b4-f870-4910-ac49-8a2db14ca766,3,2794.705534
2026/02/05/11:08:05,running-time,rs-003133-9ntsb,4353d3b4-f870-4910-ac49-8a2db14ca766,3,2794.705534
2026/02/05/11:08:05,apply-time,rs-003134-sxzgl,191e929a-d997-4f30-b0cb-cef8ac48facb,1,2794.705534
2026/02/05/11:08:05,running-time,rs-003134-sxzgl,191e929a-d997-4f30-b0cb-cef8ac48facb,1,2794.705534
2026/02/05/11:08:06,running-time,rs-003130-65v56,152cfe62-7ee1-4f81-a0c4-77e7c70f25f8,2,2795.705534
2026/02/05/11:08:06,running-time,rs-003133-68dvh,d02a3baa-8a89-4f5c-90ed-88e7624e9c51,3,2794.705534
2026/02/05/11:08:06,apply-time,rs-003133-zxh9t,0b037eb5-82ae-4579-af4a-ac50dcff004f,3,2794.705534
2026/02/05/11:08:06,running-time,rs-003133-zxh9t,0b037eb5-82ae-4579-af4a-ac50dcff004f,3,2794.705534
2026/02/05/11:08:10,apply-time,rs-003135-mt6xw,6db2a0f0-a40f-450e-9654-ef702e8881fc,4,2799.705534
2026/02/05/11:08:10,running-time,rs-003135-mt6xw,6db2a0f0-a40f-450e-9654-ef702e8881fc,4,2799.705534
2026/02/05/11:08:10,apply-time,rs-003135-t47bm,32fc99e6-e5ab-4d23-a17e-a408463e2340,4,2799.705534
2026/02/05/11:08:10,apply-time,rs-003136-5x2kw,55a51721-7798-4684-a60b-a9cdc9d0ac0a,1,2799.705534
2026/02/05/11:08:10,running-time,rs-003136-5x2kw,55a51721-7798-4684-a60b-a9cdc9d0ac0a,1,2799.705534
2026/02/05/11:08:10,apply-time,rs-003136-xqdw6,f9682f71-fc1c-4b42-83da-d4888aa76c08,1,2799.705534
2026/02/05/11:08:10,running-time,rs-003136-xqdw6,f9682f71-fc1c-4b42-83da-d4888aa76c08,1,2799.705534
2026/02/05/11:08:10,apply-time,rs-003137-qx7b7,c460d1aa-b8a9-4406-809c-87ba6d335788,4,2799.705534
2026/02/05/11:08:10,running-time,rs-003137-qx7b7,c460d1aa-b8a9-4406-809c-87ba6d335788,4,2799.705534
2026/02/05/11:08:10,apply-time,rs-003138-f4mp2,d11d1af5-b33c-405c-9ab4-b6d6199e36f7,4,2799.705534
2026/02/05/11:08:10,running-time,rs-003138-f4mp2,d11d1af5-b33c-405c-9ab4-b6d6199e36f7,4,2799.705534
2026/02/05/11:08:10,apply-time,rs-003138-gsxm5,df300c82-fcd1-4dff-85be-df90df04e42f,4,2799.705534
2026/02/05/11:08:10,running-time,rs-003138-gsxm5,df300c82-fcd1-4dff-85be-df90df04e42f,4,2799.705534
2026/02/05/11:08:10,apply-time,rs-003138-ktkph,417c53eb-cb99-4707-bc49-f95541ae8615,4,2799.705534
2026/02/05/11:08:10,running-time,rs-003138-ktkph,417c53eb-cb99-4707-bc49-f95541ae8615,4,2799.705534
2026/02/05/11:08:12,apply-time,rs-003139-r8hvl,8074aa4f-363a-4a9d-a6f4-322d472617ea,3,2800.705534
2026/02/05/11:08:12,running-time,rs-003139-r8hvl,8074aa4f-363a-4a9d-a6f4-322d472617ea,3,2800.705534
2026/02/05/11:08:12,apply-time,rs-003139-rz6pp,230902c7-a4d9-48af-8e93-b259b49b9866,3,2800.705534
2026/02/05/11:08:12,running-time,rs-003139-rz6pp,230902c7-a4d9-48af-8e93-b259b49b9866,3,2800.705534
2026/02/05/11:08:12,apply-time,rs-003139-z94xn,cb377fcc-8cfa-4961-a2c6-0b773fd96666,3,2800.705534
2026/02/05/11:08:12,running-time,rs-003139-z94xn,cb377fcc-8cfa-4961-a2c6-0b773fd96666,3,2800.705534
2026/02/05/11:08:12,apply-time,rs-003140-c8gck,9521a572-479f-4e7d-97b2-e16e74654e92,1,2800.705534
2026/02/05/11:08:12,apply-time,rs-003141-blsgl,d1f00bdb-bb0a-4968-b5b1-d3f933f0ae35,1,2800.705534
2026/02/05/11:08:12,running-time,rs-003141-blsgl,d1f00bdb-bb0a-4968-b5b1-d3f933f0ae35,1,2800.705534
2026/02/05/11:08:12,apply-time,rs-003142-8kggg,8a136d22-58f3-4d97-b907-3a62f8c92271,1,2800.705534
2026/02/05/11:08:12,running-time,rs-003142-8kggg,8a136d22-58f3-4d97-b907-3a62f8c92271,1,2800.705534
2026/02/05/11:08:12,apply-time,rs-003142-tn58w,68cd3b0e-7206-4d47-b265-3d9129c59d93,1,2800.705534
2026/02/05/11:08:12,running-time,rs-003142-tn58w,68cd3b0e-7206-4d47-b265-3d9129c59d93,1,2800.705534
2026/02/05/11:08:12,apply-time,rs-003142-w9d72,d7231662-52bb-4800-a79c-5dd44423d355,1,2800.705534
2026/02/05/11:08:12,running-time,rs-003142-w9d72,d7231662-52bb-4800-a79c-5dd44423d355,1,2800.705534
2026/02/05/11:08:12,apply-time,rs-003143-2g5s4,d0eecb8b-2730-41b3-8aa0-404ad668f42f,2,2800.705534
2026/02/05/11:08:12,running-time,rs-003143-2g5s4,d0eecb8b-2730-41b3-8aa0-404ad668f42f,2,2800.705534
2026/02/05/11:08:12,apply-time,rs-003143-gt26d,2f3661c9-073c-4998-8320-9b34d9ba3a9e,2,2800.705534
2026/02/05/11:08:12,running-time,rs-003143-gt26d,2f3661c9-073c-4998-8320-9b34d9ba3a9e,2,2800.705534
2026/02/05/11:08:12,apply-time,rs-003144-r82mx,d738b5ba-e71c-4daf-91dd-c6a72f4d7c8e,1,2801.705534
2026/02/05/11:08:12,running-time,rs-003144-r82mx,d738b5ba-e71c-4daf-91dd-c6a72f4d7c8e,1,2801.705534
2026/02/05/11:08:12,apply-time,rs-003145-6rqhn,9860ae24-648f-435a-88f8-dde8a7a09e58,2,2801.705534
2026/02/05/11:08:12,running-time,rs-003145-6rqhn,9860ae24-648f-435a-88f8-dde8a7a09e58,2,2801.705534
2026/02/05/11:08:13,apply-time,rs-003145-rwk4s,91da0aeb-250b-460e-b53a-6c6a14a9be30,2,2801.705534
2026/02/05/11:08:13,running-time,rs-003145-rwk4s,91da0aeb-250b-460e-b53a-6c6a14a9be30,2,2801.705534
2026/02/05/11:08:14,running-time,rs-003140-c8gck,9521a572-479f-4e7d-97b2-e16e74654e92,1,2802.705534
2026/02/05/11:08:17,apply-time,rs-003146-pn7kr,aeb58cd4-6c7c-42d7-9960-bdeac1fb0fa3,1,2805.705534
2026/02/05/11:08:17,running-time,rs-003146-pn7kr,aeb58cd4-6c7c-42d7-9960-bdeac1fb0fa3,1,2805.705534
2026/02/05/11:08:17,apply-time,rs-003147-6qx6w,57c1f3d1-d09e-4556-9325-03b3a5f7429a,3,2805.705534
2026/02/05/11:08:17,running-time,rs-003147-6qx6w,57c1f3d1-d09e-4556-9325-03b3a5f7429a,3,2805.705534
2026/02/05/11:08:17,apply-time,rs-003147-7wm4m,5d0e8f57-2278-4c75-bed4-c95da0fd3c45,3,2805.705534
2026/02/05/11:08:17,running-time,rs-003147-7wm4m,5d0e8f57-2278-4c75-bed4-c95da0fd3c45,3,2805.705534
2026/02/05/11:08:17,apply-time,rs-003147-m2sz8,d992fbb5-ee60-4848-b08a-754748a7d9c3,3,2805.705534
2026/02/05/11:08:17,running-time,rs-003147-m2sz8,d992fbb5-ee60-4848-b08a-754748a7d9c3,3,2805.705534
2026/02/05/11:08:17,apply-time,rs-003148-lffwx,6439b96e-0d6e-44c5-8769-3da624f54f41,4,2805.705534
2026/02/05/11:08:17,running-time,rs-003148-lffwx,6439b96e-0d6e-44c5-8769-3da624f54f41,4,2805.705534
2026/02/05/11:08:17,apply-time,rs-003149-8hrwc,0a4ca6c0-18a7-49f8-a27f-846047d3cb06,2,2805.705534
2026/02/05/11:08:17,running-time,rs-003149-8hrwc,0a4ca6c0-18a7-49f8-a27f-846047d3cb06,2,2805.705534
2026/02/05/11:08:17,apply-time,rs-003149-ghv9z,48eee173-6f08-4235-aa9d-307a17689be5,2,2805.705534
2026/02/05/11:08:17,running-time,rs-003149-ghv9z,48eee173-6f08-4235-aa9d-307a17689be5,2,2805.705534
2026/02/05/11:08:17,apply-time,rs-003149-prdh6,0ddac420-9b7e-4661-8bf9-7c57e33cceaf,2,2805.705534
2026/02/05/11:08:17,running-time,rs-003149-prdh6,0ddac420-9b7e-4661-8bf9-7c57e33cceaf,2,2805.705534
2026/02/05/11:08:17,apply-time,rs-003150-b28sb,a9a1b19c-9d62-4b4e-ad93-6c5ffeabd211,2,2805.705534
2026/02/05/11:08:17,running-time,rs-003150-b28sb,a9a1b19c-9d62-4b4e-ad93-6c5ffeabd211,2,2805.705534
2026/02/05/11:08:17,apply-time,rs-003150-s7lh2,e4f0cf63-bbc9-4205-943e-fec7fac31772,2,2805.705534
2026/02/05/11:08:17,apply-time,rs-003151-tj5zh,f14ca823-7ceb-4dd4-bcc3-89b0c299959d,3,2806.705534
2026/02/05/11:08:17,running-time,rs-003151-tj5zh,f14ca823-7ceb-4dd4-bcc3-89b0c299959d,3,2806.705534
2026/02/05/11:08:17,apply-time,rs-003152-k6tb7,ba339711-feba-47c2-ac09-39fe66bf4ca4,2,2806.705534
2026/02/05/11:08:17,running-time,rs-003152-k6tb7,ba339711-feba-47c2-ac09-39fe66bf4ca4,2,2806.705534
2026/02/05/11:08:18,running-time,rs-003150-s7lh2,e4f0cf63-bbc9-4205-943e-fec7fac31772,2,2807.705534
2026/02/05/11:08:18,apply-time,rs-003152-5sw75,82cf80e5-ff61-4c36-b34c-42f62ae05e9f,2,2806.705534
2026/02/05/11:08:18,running-time,rs-003152-5sw75,82cf80e5-ff61-4c36-b34c-42f62ae05e9f,2,2806.705534
2026/02/05/11:08:18,apply-time,rs-003152-xw22v,10641d6e-caf9-40d3-ba9e-1bab995796d0,2,2806.705534
2026/02/05/11:08:18,running-time,rs-003152-xw22v,10641d6e-caf9-40d3-ba9e-1bab995796d0,2,2806.705534
2026/02/05/11:08:24,apply-time,rs-003153-5rzj2,b431b0ba-873e-48e3-8d18-3b044d6dd35b,2,2813.705534
2026/02/05/11:08:24,running-time,rs-003153-5rzj2,b431b0ba-873e-48e3-8d18-3b044d6dd35b,2,2813.705534
2026/02/05/11:08:24,apply-time,rs-003154-8mkks,e1e84cb9-cafc-41d3-ab55-1023063babc7,4,2813.705534
2026/02/05/11:08:24,running-time,rs-003154-8mkks,e1e84cb9-cafc-41d3-ab55-1023063babc7,4,2813.705534
2026/02/05/11:08:24,apply-time,rs-003154-hkjzb,7997ca45-987a-4475-b96e-ee9c27106f81,4,2813.705534
2026/02/05/11:08:24,running-time,rs-003154-hkjzb,7997ca45-987a-4475-b96e-ee9c27106f81,4,2813.705534
2026/02/05/11:08:25,apply-time,rs-003155-287t9,e2647b8b-1d28-4dc8-bd4d-48dea7c822a8,4,2813.705534
2026/02/05/11:08:25,running-time,rs-003155-287t9,e2647b8b-1d28-4dc8-bd4d-48dea7c822a8,4,2813.705534
2026/02/05/11:08:25,apply-time,rs-003156-bqgs9,9fa3c01f-da0c-43cf-878c-ea258a828c0d,4,2813.705534
2026/02/05/11:08:25,running-time,rs-003156-bqgs9,9fa3c01f-da0c-43cf-878c-ea258a828c0d,4,2813.705534
2026/02/05/11:08:25,apply-time,rs-003156-frcsq,9b26e042-88ad-4403-ba0c-c960cc865848,4,2813.705534
2026/02/05/11:08:25,running-time,rs-003156-frcsq,9b26e042-88ad-4403-ba0c-c960cc865848,4,2813.705534
2026/02/05/11:08:25,apply-time,rs-003156-psrmf,c9b23c37-50f5-4d2d-b61f-603a80958022,4,2813.705534
2026/02/05/11:08:25,running-time,rs-003156-psrmf,c9b23c37-50f5-4d2d-b61f-603a80958022,4,2813.705534
2026/02/05/11:08:25,apply-time,rs-003157-r6zfp,8c80b447-a45d-4d33-83ef-90a1416bbc3c,2,2813.705534
2026/02/05/11:08:25,running-time,rs-003157-r6zfp,8c80b447-a45d-4d33-83ef-90a1416bbc3c,2,2813.705534
2026/02/05/11:08:25,apply-time,rs-003158-6m85m,1d2cbb6a-8d09-4a65-97f8-3b9d0c6d3b42,2,2813.705534
2026/02/05/11:08:25,running-time,rs-003158-6m85m,1d2cbb6a-8d09-4a65-97f8-3b9d0c6d3b42,2,2813.705534
2026/02/05/11:08:26,apply-time,rs-003159-rwrlk,86d401a6-e036-4b37-bfc0-7aff51ad3228,4,2815.705534
2026/02/05/11:08:26,running-time,rs-003159-rwrlk,86d401a6-e036-4b37-bfc0-7aff51ad3228,4,2815.705534
2026/02/05/11:08:26,apply-time,rs-003160-gdr9x,a059004f-a45e-436b-8951-ad4b7310132c,2,2815.705534
2026/02/05/11:08:26,running-time,rs-003160-gdr9x,a059004f-a45e-436b-8951-ad4b7310132c,2,2815.705534
2026/02/05/11:08:26,apply-time,rs-003160-kmzl5,734e9e53-d921-430f-8f8b-e36c86119e34,2,2815.705534
2026/02/05/11:08:26,running-time,rs-003160-kmzl5,734e9e53-d921-430f-8f8b-e36c86119e34,2,2815.705534
2026/02/05/11:08:26,apply-time,rs-003161-tlwz5,df7b6258-5c44-4d49-83fe-f624803e4802,4,2815.705534
2026/02/05/11:08:26,apply-time,rs-003162-66jnc,1aa58860-a41c-491f-b46f-77a7960aefcd,1,2815.705534
2026/02/05/11:08:26,running-time,rs-003162-66jnc,1aa58860-a41c-491f-b46f-77a7960aefcd,1,2815.705534
2026/02/05/11:08:26,apply-time,rs-003162-95gvc,ec2b6c8a-a57e-42ec-9060-8c6123d7f36b,1,2815.705534
2026/02/05/11:08:26,running-time,rs-003162-95gvc,ec2b6c8a-a57e-42ec-9060-8c6123d7f36b,1,2815.705534
2026/02/05/11:08:26,apply-time,rs-003163-6l78k,56eac16c-a15b-42c8-bea2-68bb455ea624,3,2815.705534
2026/02/05/11:08:26,running-time,rs-003163-6l78k,56eac16c-a15b-42c8-bea2-68bb455ea624,3,2815.705534
2026/02/05/11:08:26,apply-time,rs-003163-bq4d5,77a1cde1-ab65-45b1-8436-6d40b5da17dc,3,2815.705534
2026/02/05/11:08:26,running-time,rs-003163-bq4d5,77a1cde1-ab65-45b1-8436-6d40b5da17dc,3,2815.705534
2026/02/05/11:08:27,running-time,rs-003161-tlwz5,df7b6258-5c44-4d49-83fe-f624803e4802,4,2816.705534
2026/02/05/11:08:27,apply-time,rs-003164-vnlrs,0330d669-59a0-40cc-a795-d4ace953af18,2,2815.705534
2026/02/05/11:08:27,running-time,rs-003164-vnlrs,0330d669-59a0-40cc-a795-d4ace953af18,2,2815.705534
2026/02/05/11:08:33,apply-time,rs-003165-9zjxb,dc80ba36-4de1-4049-a4ab-439aca6624ee,4,2821.705534
2026/02/05/11:08:33,running-time,rs-003165-9zjxb,dc80ba36-4de1-4049-a4ab-439aca6624ee,4,2821.705534
2026/02/05/11:08:33,apply-time,rs-003165-t4tgz,e7ec0906-1098-4f63-828a-97c734dcc338,4,2821.705534
2026/02/05/11:08:33,running-time,rs-003165-t4tgz,e7ec0906-1098-4f63-828a-97c734dcc338,4,2821.705534
2026/02/05/11:08:34,apply-time,rs-003166-6z6q2,f26e7d7e-5b1f-41d3-a2cc-d030b8a15980,2,2822.705534
2026/02/05/11:08:34,running-time,rs-003166-6z6q2,f26e7d7e-5b1f-41d3-a2cc-d030b8a15980,2,2822.705534
2026/02/05/11:08:34,apply-time,rs-003166-bv24q,92770734-7249-4fd2-bb9f-faa3875a5d5d,2,2822.705534
2026/02/05/11:08:34,running-time,rs-003166-bv24q,92770734-7249-4fd2-bb9f-faa3875a5d5d,2,2822.705534
2026/02/05/11:08:34,apply-time,rs-003166-sb9ff,8be30479-de55-4231-8a0d-ead3b00b98ce,2,2822.705534
2026/02/05/11:08:34,running-time,rs-003166-sb9ff,8be30479-de55-4231-8a0d-ead3b00b98ce,2,2822.705534
2026/02/05/11:08:34,apply-time,rs-003167-ngz7m,f1ffca59-2389-4cef-a534-e25d3845114b,2,2822.705534
2026/02/05/11:08:34,running-time,rs-003167-ngz7m,f1ffca59-2389-4cef-a534-e25d3845114b,2,2822.705534
2026/02/05/11:08:34,apply-time,rs-003167-rs85s,21e2ee3b-56ec-4581-879e-1cf000bbb5fa,2,2822.705534
2026/02/05/11:08:34,running-time,rs-003167-rs85s,21e2ee3b-56ec-4581-879e-1cf000bbb5fa,2,2822.705534
2026/02/05/11:08:34,apply-time,rs-003168-jmzhg,7b825be4-2f5c-41a2-b455-782eba995223,1,2822.705534
2026/02/05/11:08:34,running-time,rs-003168-jmzhg,7b825be4-2f5c-41a2-b455-782eba995223,1,2822.705534
2026/02/05/11:08:34,apply-time,rs-003168-lc7j6,4ed44d81-2c11-4b37-851a-5a2fa03b92f7,1,2822.705534
2026/02/05/11:08:34,running-time,rs-003168-lc7j6,4ed44d81-2c11-4b37-851a-5a2fa03b92f7,1,2822.705534
2026/02/05/11:08:34,apply-time,rs-003169-cqr9x,cdd19ebe-0e76-4042-8ca0-7b8fc4271a23,4,2822.705534
2026/02/05/11:08:34,running-time,rs-003169-cqr9x,cdd19ebe-0e76-4042-8ca0-7b8fc4271a23,4,2822.705534
2026/02/05/11:08:34,apply-time,rs-003170-c7k6g,9f72db51-e0c0-4326-abba-08b7e0f5036d,3,2822.705534
2026/02/05/11:08:34,running-time,rs-003170-c7k6g,9f72db51-e0c0-4326-abba-08b7e0f5036d,3,2822.705534
2026/02/05/11:08:34,apply-time,rs-003170-rhs47,25fa7d82-ca13-40b3-b50c-7b3b593845c3,3,2822.705534
2026/02/05/11:08:34,running-time,rs-003170-rhs47,25fa7d82-ca13-40b3-b50c-7b3b593845c3,3,2822.705534
2026/02/05/11:08:35,apply-time,rs-003171-c54pp,4eb64737-df69-49c1-9f39-8d790aa495a5,3,2824.705534
2026/02/05/11:08:35,running-time,rs-003171-c54pp,4eb64737-df69-49c1-9f39-8d790aa495a5,3,2824.705534
2026/02/05/11:08:35,apply-time,rs-003171-wfhhn,a40d4313-824a-4fe9-9879-6e5f7f05aafb,3,2824.705534
2026/02/05/11:08:35,running-time,rs-003171-wfhhn,a40d4313-824a-4fe9-9879-6e5f7f05aafb,3,2824.705534
2026/02/05/11:08:35,apply-time,rs-003172-8v8f5,e1e85345-e3cd-4505-b58a-55335279b5ac,1,2824.705534
2026/02/05/11:08:35,apply-time,rs-003172-knwwj,75299466-ae70-42d6-8956-6f13e2b97b7f,1,2824.705534
2026/02/05/11:08:35,running-time,rs-003172-knwwj,75299466-ae70-42d6-8956-6f13e2b97b7f,1,2824.705534
2026/02/05/11:08:35,apply-time,rs-003172-lfmvs,f6acd96e-1ee9-4dd3-b43d-c613041ed66d,1,2824.705534
2026/02/05/11:08:35,apply-time,rs-003173-ldlk2,0024e238-2207-4e7e-9632-8860d363ac9d,2,2824.705534
2026/02/05/11:08:35,running-time,rs-003173-ldlk2,0024e238-2207-4e7e-9632-8860d363ac9d,2,2824.705534
2026/02/05/11:08:35,apply-time,rs-003173-npbrp,67ba12a2-847a-4344-aa37-c50593ef85f9,2,2824.705534
2026/02/05/11:08:35,running-time,rs-003173-npbrp,67ba12a2-847a-4344-aa37-c50593ef85f9,2,2824.705534
2026/02/05/11:08:35,apply-time,rs-003173-pstld,a45c7c01-e615-4b31-8652-6a7f530f2076,2,2824.705534
2026/02/05/11:08:35,running-time,rs-003173-pstld,a45c7c01-e615-4b31-8652-6a7f530f2076,2,2824.705534
2026/02/05/11:08:35,apply-time,rs-003174-87zgt,cbdb421d-38ed-44ae-b18c-1f3e40090ca5,1,2824.705534
2026/02/05/11:08:35,running-time,rs-003174-87zgt,cbdb421d-38ed-44ae-b18c-1f3e40090ca5,1,2824.705534
2026/02/05/11:08:35,apply-time,rs-003174-wmpl7,177a65ae-29a7-4464-97b9-9c8b882e5b42,1,2824.705534
2026/02/05/11:08:35,running-time,rs-003174-wmpl7,177a65ae-29a7-4464-97b9-9c8b882e5b42,1,2824.705534
2026/02/05/11:08:35,apply-time,rs-003175-cqtzn,43c69f62-9bd5-42a0-926b-0c2e6d5311b6,1,2824.705534
2026/02/05/11:08:35,running-time,rs-003175-cqtzn,43c69f62-9bd5-42a0-926b-0c2e6d5311b6,1,2824.705534
2026/02/05/11:08:36,apply-time,rs-003176-6z2kn,d2a103c9-ea29-4b59-bf3b-58dcb49f46dd,3,2824.705534
2026/02/05/11:08:36,running-time,rs-003176-6z2kn,d2a103c9-ea29-4b59-bf3b-58dcb49f46dd,3,2824.705534
2026/02/05/11:08:36,apply-time,rs-003176-mp8jl,665072a5-4f2e-42cd-8c91-f470dd889f7f,3,2825.705534
2026/02/05/11:08:36,running-time,rs-003176-mp8jl,665072a5-4f2e-42cd-8c91-f470dd889f7f,3,2825.705534
2026/02/05/11:08:36,apply-time,rs-003176-vdg8m,2807e455-1190-4d20-9988-bb85ac936efd,3,2825.705534
2026/02/05/11:08:36,running-time,rs-003176-vdg8m,2807e455-1190-4d20-9988-bb85ac936efd,3,2825.705534
2026/02/05/11:08:36,apply-time,rs-003177-29p5x,fe885e56-f25d-47b3-bcac-013f95e95ce3,2,2824.705534
2026/02/05/11:08:36,running-time,rs-003177-29p5x,fe885e56-f25d-47b3-bcac-013f95e95ce3,2,2824.705534
2026/02/05/11:08:36,apply-time,rs-003178-52jjg,3ad14358-1b88-48ae-afd8-a7f9d39ec671,1,2824.705534
2026/02/05/11:08:36,running-time,rs-003178-52jjg,3ad14358-1b88-48ae-afd8-a7f9d39ec671,1,2825.705534
2026/02/05/11:08:36,apply-time,rs-003178-9r6rd,8e347c7a-89b4-4226-bf70-d962143288c6,1,2825.705534
2026/02/05/11:08:36,running-time,rs-003178-9r6rd,8e347c7a-89b4-4226-bf70-d962143288c6,1,2825.705534
2026/02/05/11:08:36,apply-time,rs-003179-rh5xv,708725d4-3ce5-48e3-82d5-374aaceac4d9,3,2825.705534
2026/02/05/11:08:36,running-time,rs-003179-rh5xv,708725d4-3ce5-48e3-82d5-374aaceac4d9,3,2825.705534
2026/02/05/11:08:36,apply-time,rs-003180-7bcw7,1bf7f8fc-45c0-4a1b-be2f-c750e1207ff8,1,2825.705534
2026/02/05/11:08:37,running-time,rs-003180-7bcw7,1bf7f8fc-45c0-4a1b-be2f-c750e1207ff8,1,2825.705534
2026/02/05/11:08:37,apply-time,rs-003180-ddtqs,7d131287-b987-41e0-9998-d4b6a34c0c27,1,2825.705534
2026/02/05/11:08:37,running-time,rs-003180-ddtqs,7d131287-b987-41e0-9998-d4b6a34c0c27,1,2825.705534
2026/02/05/11:08:37,apply-time,rs-003180-zpkjg,42797c9f-b469-4a21-8965-00440f0a9cca,1,2825.705534
2026/02/05/11:08:37,running-time,rs-003180-zpkjg,42797c9f-b469-4a21-8965-00440f0a9cca,1,2825.705534
2026/02/05/11:08:41,apply-time,rs-003181-h24l9,e9c8be48-ecb0-4f2c-8eda-13b2630b0909,1,2829.705534
2026/02/05/11:08:41,apply-time,rs-003181-w5s4z,c9e94eba-7bba-4d01-bb31-e2047a1d2c6f,1,2829.705534
2026/02/05/11:08:41,running-time,rs-003181-w5s4z,c9e94eba-7bba-4d01-bb31-e2047a1d2c6f,1,2829.705534
2026/02/05/11:08:41,apply-time,rs-003182-h8264,98b982ea-79b6-44cc-87b7-bb7fa1dc05eb,1,2829.705534
2026/02/05/11:08:41,running-time,rs-003182-h8264,98b982ea-79b6-44cc-87b7-bb7fa1dc05eb,1,2829.705534
2026/02/05/11:08:41,apply-time,rs-003182-lb2km,e031a214-4e43-415e-baac-189b6fe55b56,1,2829.705534
2026/02/05/11:08:41,running-time,rs-003182-lb2km,e031a214-4e43-415e-baac-189b6fe55b56,1,2829.705534
2026/02/05/11:08:41,apply-time,rs-003183-r82wv,485403cf-61eb-44a0-930f-be6b1ffcd204,2,2829.705534
2026/02/05/11:08:41,running-time,rs-003183-r82wv,485403cf-61eb-44a0-930f-be6b1ffcd204,2,2829.705534
2026/02/05/11:08:41,apply-time,rs-003183-rp6hk,4ad25b04-ffe9-45d3-a340-65981747d38f,2,2829.705534
2026/02/05/11:08:41,running-time,rs-003183-rp6hk,4ad25b04-ffe9-45d3-a340-65981747d38f,2,2830.705534
2026/02/05/11:08:41,apply-time,rs-003184-ngrtg,fbf48268-7beb-46d1-8bac-ae9ec15e5ebe,2,2830.705534
2026/02/05/11:08:41,apply-time,rs-003184-sxkk7,a4e6a830-4a6e-438d-8fa2-1c31cc1f8c06,2,2829.705534
2026/02/05/11:08:41,apply-time,rs-003185-jmtlj,1b52de1d-0bac-4718-a1d0-9dd0aaeb7b7d,1,2830.705534
2026/02/05/11:08:41,running-time,rs-003185-jmtlj,1b52de1d-0bac-4718-a1d0-9dd0aaeb7b7d,1,2830.705534
2026/02/05/11:08:41,apply-time,rs-003185-qs2mp,4340a76d-474e-4f1d-afc8-256fef5278ae,1,2830.705534
2026/02/05/11:08:41,running-time,rs-003185-qs2mp,4340a76d-474e-4f1d-afc8-256fef5278ae,1,2830.705534
2026/02/05/11:08:41,apply-time,rs-003185-t8b64,b94b7bd2-7861-47e2-81f5-c255815f25f8,1,2830.705534
2026/02/05/11:08:41,running-time,rs-003185-t8b64,b94b7bd2-7861-47e2-81f5-c255815f25f8,1,2830.705534
2026/02/05/11:08:41,apply-time,rs-003186-wx2fj,f052974d-b8e2-4879-bb73-4e1ddb09de43,2,2830.705534
2026/02/05/11:08:41,running-time,rs-003186-wx2fj,f052974d-b8e2-4879-bb73-4e1ddb09de43,2,2830.705534
2026/02/05/11:08:43,running-time,rs-003184-ngrtg,fbf48268-7beb-46d1-8bac-ae9ec15e5ebe,2,2832.705534
2026/02/05/11:08:43,running-time,rs-003184-sxkk7,a4e6a830-4a6e-438d-8fa2-1c31cc1f8c06,2,2832.705534
2026/02/05/11:08:46,apply-time,rs-003187-kfvzd,a93cf6e6-e158-4b06-8201-0177308c1972,1,2834.705534
2026/02/05/11:08:46,running-time,rs-003187-kfvzd,a93cf6e6-e158-4b06-8201-0177308c1972,1,2834.705534
2026/02/05/11:08:46,apply-time,rs-003187-ssbx8,15361890-dc5e-4003-a3d8-f9e288fdf344,1,2834.705534
2026/02/05/11:08:46,running-time,rs-003187-ssbx8,15361890-dc5e-4003-a3d8-f9e288fdf344,1,2834.705534
2026/02/05/11:08:46,apply-time,rs-003187-wpsh8,7ba8f5cf-73d2-4048-a498-1ba6fa5dd91b,1,2834.705534
2026/02/05/11:08:46,running-time,rs-003187-wpsh8,7ba8f5cf-73d2-4048-a498-1ba6fa5dd91b,1,2834.705534
2026/02/05/11:08:46,apply-time,rs-003188-rqlml,d343806c-d189-415b-9b0b-f4af8e68378d,1,2834.705534
2026/02/05/11:08:46,running-time,rs-003188-rqlml,d343806c-d189-415b-9b0b-f4af8e68378d,1,2834.705534
2026/02/05/11:08:46,apply-time,rs-003188-shc9p,6d350cff-8a6c-4b76-95eb-0fb031ebdb80,1,2834.705534
2026/02/05/11:08:46,running-time,rs-003188-shc9p,6d350cff-8a6c-4b76-95eb-0fb031ebdb80,1,2834.705534
2026/02/05/11:08:46,apply-time,rs-003189-sh2gr,b65931f7-60f8-4f42-b57e-ee03bd638251,2,2834.705534
2026/02/05/11:08:46,running-time,rs-003189-sh2gr,b65931f7-60f8-4f42-b57e-ee03bd638251,2,2834.705534
2026/02/05/11:08:46,apply-time,rs-003190-j9qvd,7c33df87-38d1-4a5a-bc1d-bd4079d5a396,1,2835.705534
2026/02/05/11:08:46,apply-time,rs-003190-lbg75,748aeadd-0720-4fdc-ac0f-6bb778be8db2,1,2835.705534
2026/02/05/11:08:46,apply-time,rs-003191-vfpw9,46e3f0d0-b1c4-41a9-ac4c-4a94e1e7f18f,1,2835.705534
2026/02/05/11:08:46,apply-time,rs-003191-xr8mr,eb8ff718-2fc7-4cee-b4d6-d1f929d3e4be,1,2835.705534
2026/02/05/11:08:46,running-time,rs-003191-xr8mr,eb8ff718-2fc7-4cee-b4d6-d1f929d3e4be,1,2835.705534
2026/02/05/11:08:46,apply-time,rs-003191-znzc8,82adec60-5ea4-4ff3-bce3-9062777e54f7,1,2835.705534
2026/02/05/11:08:47,running-time,rs-003191-vfpw9,46e3f0d0-b1c4-41a9-ac4c-4a94e1e7f18f,1,2835.705534
2026/02/05/11:08:47,running-time,rs-003191-znzc8,82adec60-5ea4-4ff3-bce3-9062777e54f7,1,2835.705534
2026/02/05/11:08:50,running-time,rs-003172-8v8f5,e1e85345-e3cd-4505-b58a-55335279b5ac,1,2838.705534
2026/02/05/11:08:50,running-time,rs-003172-lfmvs,f6acd96e-1ee9-4dd3-b43d-c613041ed66d,1,2838.705534
2026/02/05/11:08:50,running-time,rs-003190-lbg75,748aeadd-0720-4fdc-ac0f-6bb778be8db2,1,2838.705534
2026/02/05/11:08:50,apply-time,rs-003192-4dpsf,7159e0fc-601a-4f42-a8fd-d78ec78ea60f,1,2838.705534
2026/02/05/11:08:50,running-time,rs-003192-4dpsf,7159e0fc-601a-4f42-a8fd-d78ec78ea60f,1,2838.705534
2026/02/05/11:08:50,apply-time,rs-003192-9d8hg,ed3189ed-706f-4e13-acdb-d847ebeacd7e,1,2838.705534
2026/02/05/11:08:50,running-time,rs-003192-9d8hg,ed3189ed-706f-4e13-acdb-d847ebeacd7e,1,2838.705534
2026/02/05/11:08:50,apply-time,rs-003192-p9rg7,0d3cdfb4-4a1b-4001-a37b-d12b27792d39,1,2838.705534
2026/02/05/11:08:50,running-time,rs-003192-p9rg7,0d3cdfb4-4a1b-4001-a37b-d12b27792d39,1,2838.705534
2026/02/05/11:08:53,apply-time,rs-003193-2tbf5,6ee08903-a8b7-416f-9a34-ea242256f3f0,4,2841.705534
2026/02/05/11:08:53,running-time,rs-003193-2tbf5,6ee08903-a8b7-416f-9a34-ea242256f3f0,4,2841.705534
2026/02/05/11:08:53,apply-time,rs-003193-9psp5,91cddd91-c4c4-47f1-b0ea-743daba197a3,4,2841.705534
2026/02/05/11:08:53,running-time,rs-003193-9psp5,91cddd91-c4c4-47f1-b0ea-743daba197a3,4,2841.705534
2026/02/05/11:08:53,apply-time,rs-003193-wnffx,3f643c46-1c0b-4270-98cd-943a564c3dcc,4,2841.705534
2026/02/05/11:08:53,running-time,rs-003193-wnffx,3f643c46-1c0b-4270-98cd-943a564c3dcc,4,2841.705534
2026/02/05/11:08:53,apply-time,rs-003194-wpxq9,3014a11b-c1f8-487e-a85c-4ef77c0eb113,4,2841.705534
2026/02/05/11:08:53,apply-time,rs-003194-xczgd,77b2f041-e801-4c1f-931c-1ae0b1751c8b,4,2841.705534
2026/02/05/11:08:53,apply-time,rs-003195-7chtw,c2bb206d-4ff7-46fb-8433-a2cc4a255dc6,1,2841.705534
2026/02/05/11:08:53,running-time,rs-003195-7chtw,c2bb206d-4ff7-46fb-8433-a2cc4a255dc6,1,2841.705534
2026/02/05/11:08:53,apply-time,rs-003195-v9nn7,f70fb164-7077-45ab-8452-ce5a3a47c364,1,2841.705534
2026/02/05/11:08:53,running-time,rs-003195-v9nn7,f70fb164-7077-45ab-8452-ce5a3a47c364,1,2841.705534
2026/02/05/11:08:53,apply-time,rs-003196-ncr8d,dd3c1f4d-daba-453f-b323-acb639b143b7,1,2841.705534
2026/02/05/11:08:53,running-time,rs-003196-ncr8d,dd3c1f4d-daba-453f-b323-acb639b143b7,1,2841.705534
2026/02/05/11:08:53,apply-time,rs-003196-tqm9l,4ec33cab-34c8-45cc-8af7-0bb9c05bae55,1,2841.705534
2026/02/05/11:08:53,running-time,rs-003196-tqm9l,4ec33cab-34c8-45cc-8af7-0bb9c05bae55,1,2841.705534
2026/02/05/11:08:53,apply-time,rs-003197-9cq9p,0ac1d068-0b96-411d-b804-f9ed69b5dc22,1,2841.705534
2026/02/05/11:08:53,running-time,rs-003197-9cq9p,0ac1d068-0b96-411d-b804-f9ed69b5dc22,1,2841.705534
2026/02/05/11:08:53,apply-time,rs-003198-7rbcs,33f3c316-3ce6-4409-9cd3-4df3ee594fd1,1,2842.705534
2026/02/05/11:08:53,running-time,rs-003198-7rbcs,33f3c316-3ce6-4409-9cd3-4df3ee594fd1,1,2842.705534
2026/02/05/11:08:53,apply-time,rs-003198-fpc5x,0254280b-bf30-4bb4-b767-77cc27d60d35,1,2842.705534
2026/02/05/11:08:53,running-time,rs-003198-fpc5x,0254280b-bf30-4bb4-b767-77cc27d60d35,1,2842.705534
2026/02/05/11:08:53,apply-time,rs-003198-rxkmd,41a43938-9b0f-403e-8892-8529889f0908,1,2842.705534
2026/02/05/11:08:53,running-time,rs-003198-rxkmd,41a43938-9b0f-403e-8892-8529889f0908,1,2842.705534
2026/02/05/11:09:03,apply-time,rs-003199-5rdrz,43242b31-225b-45d8-bad4-8054bde2a8f9,4,2851.705534
2026/02/05/11:09:03,running-time,rs-003199-5rdrz,43242b31-225b-45d8-bad4-8054bde2a8f9,4,2851.705534
2026/02/05/11:09:03,apply-time,rs-003199-9gwt8,428ee5a4-72a3-4e1c-b67c-3be7f0896d12,4,2851.705534
2026/02/05/11:09:03,running-time,rs-003199-9gwt8,428ee5a4-72a3-4e1c-b67c-3be7f0896d12,4,2851.705534
2026/02/05/11:09:03,apply-time,rs-003200-lqjv9,099f5e28-07dc-4d54-b1ac-8bb69fbb62c1,4,2851.705534
2026/02/05/11:09:03,running-time,rs-003200-lqjv9,099f5e28-07dc-4d54-b1ac-8bb69fbb62c1,4,2851.705534
2026/02/05/11:09:03,apply-time,rs-003201-6bq4n,bcc84036-99ee-4b03-9040-c4f36a71d96e,1,2851.705534
2026/02/05/11:09:03,running-time,rs-003201-6bq4n,bcc84036-99ee-4b03-9040-c4f36a71d96e,1,2851.705534
2026/02/05/11:09:03,apply-time,rs-003201-gd5h4,11d7c6ab-bdb3-4e51-be7c-25ec0c7e6daf,1,2851.705534
2026/02/05/11:09:03,running-time,rs-003201-gd5h4,11d7c6ab-bdb3-4e51-be7c-25ec0c7e6daf,1,2851.705534
2026/02/05/11:09:03,apply-time,rs-003202-bcgjw,021b505a-14d8-4902-af11-f73541ec5b10,1,2852.705534
2026/02/05/11:09:03,running-time,rs-003202-bcgjw,021b505a-14d8-4902-af11-f73541ec5b10,1,2852.705534
2026/02/05/11:09:03,apply-time,rs-003202-hjd29,5c7c5a9d-e499-4831-b457-ef3ff73d6a6a,1,2852.705534
2026/02/05/11:09:03,running-time,rs-003202-hjd29,5c7c5a9d-e499-4831-b457-ef3ff73d6a6a,1,2852.705534
2026/02/05/11:09:03,apply-time,rs-003202-jcz59,a27392dd-e6d3-460c-8b7c-122f37f86dd8,1,2852.705534
2026/02/05/11:09:03,running-time,rs-003202-jcz59,a27392dd-e6d3-460c-8b7c-122f37f86dd8,1,2852.705534
2026/02/05/11:09:03,apply-time,rs-003203-skm8v,1dad9f92-0a1c-4cc5-981f-58c76bdcb991,2,2852.705534
2026/02/05/11:09:03,running-time,rs-003203-skm8v,1dad9f92-0a1c-4cc5-981f-58c76bdcb991,2,2852.705534
2026/02/05/11:09:03,apply-time,rs-003203-vt97q,d8c1c671-9bdf-490c-9c3e-544ab3818019,2,2852.705534
2026/02/05/11:09:03,running-time,rs-003203-vt97q,d8c1c671-9bdf-490c-9c3e-544ab3818019,2,2852.705534
2026/02/05/11:09:03,apply-time,rs-003204-cl8h6,b8051f4e-c5c5-4761-a0e9-6f3a9278266a,1,2852.705534
2026/02/05/11:09:03,running-time,rs-003204-cl8h6,b8051f4e-c5c5-4761-a0e9-6f3a9278266a,1,2852.705534
2026/02/05/11:09:03,apply-time,rs-003204-s57ns,868a251c-dfc1-4d21-add6-540d624ea87a,1,2852.705534
2026/02/05/11:09:03,running-time,rs-003204-s57ns,868a251c-dfc1-4d21-add6-540d624ea87a,1,2852.705534
2026/02/05/11:09:05,apply-time,rs-003205-bl9jf,1093815d-69f2-4717-9dd9-569477452da1,2,2854.705534
2026/02/05/11:09:05,running-time,rs-003205-bl9jf,1093815d-69f2-4717-9dd9-569477452da1,2,2854.705534
2026/02/05/11:09:05,apply-time,rs-003205-npknl,fb9ee955-c1a9-4a4a-9763-a9552ed8df56,2,2854.705534
2026/02/05/11:09:05,running-time,rs-003205-npknl,fb9ee955-c1a9-4a4a-9763-a9552ed8df56,2,2854.705534
2026/02/05/11:09:06,apply-time,rs-003206-4rtwd,32d6beaf-cf2f-456b-899a-64a701782147,2,2854.705534
2026/02/05/11:09:06,running-time,rs-003206-4rtwd,32d6beaf-cf2f-456b-899a-64a701782147,2,2854.705534
2026/02/05/11:09:08,apply-time,rs-003207-7cc5d,d013c79e-cdae-4d3b-b054-ae399c4203f8,1,2856.705534
2026/02/05/11:09:08,running-time,rs-003207-7cc5d,d013c79e-cdae-4d3b-b054-ae399c4203f8,1,2856.705534
2026/02/05/11:09:08,apply-time,rs-003208-7kgtp,b2f969b6-9c70-4df7-bb18-e73e74eee2b3,3,2856.705534
2026/02/05/11:09:08,running-time,rs-003208-7kgtp,b2f969b6-9c70-4df7-bb18-e73e74eee2b3,3,2856.705534
2026/02/05/11:09:08,apply-time,rs-003208-bx72c,b51182ba-84a5-4ab3-8cd6-53f3fe1e58c3,3,2856.705534
2026/02/05/11:09:08,running-time,rs-003208-bx72c,b51182ba-84a5-4ab3-8cd6-53f3fe1e58c3,3,2856.705534
2026/02/05/11:09:08,apply-time,rs-003209-46jz5,d0b08042-53ab-4e37-87e6-c96441c7c63a,3,2856.705534
2026/02/05/11:09:08,running-time,rs-003209-46jz5,d0b08042-53ab-4e37-87e6-c96441c7c63a,3,2856.705534
2026/02/05/11:09:08,apply-time,rs-003209-brzj2,889b52ae-76c7-4a14-bc62-58a376baf8d6,3,2856.705534
2026/02/05/11:09:08,running-time,rs-003209-brzj2,889b52ae-76c7-4a14-bc62-58a376baf8d6,3,2856.705534
2026/02/05/11:09:08,apply-time,rs-003209-kflt5,e42ba9ca-851e-4b12-9d01-4b159cb8bce6,3,2856.705534
2026/02/05/11:09:08,running-time,rs-003209-kflt5,e42ba9ca-851e-4b12-9d01-4b159cb8bce6,3,2856.705534
2026/02/05/11:09:08,apply-time,rs-003210-4bpq2,22d0d453-0249-4dcb-8132-dfed6241da73,2,2856.705534
2026/02/05/11:09:08,running-time,rs-003210-4bpq2,22d0d453-0249-4dcb-8132-dfed6241da73,2,2856.705534
2026/02/05/11:09:08,apply-time,rs-003210-97tth,d50b5e24-89fd-4ffc-a3ed-3b6a6e90aa53,2,2856.705534
2026/02/05/11:09:08,running-time,rs-003210-97tth,d50b5e24-89fd-4ffc-a3ed-3b6a6e90aa53,2,2856.705534
2026/02/05/11:09:08,apply-time,rs-003210-lcck7,eaa5eb4e-031c-41e1-8bbf-4cdbb6eeba52,2,2856.705534
2026/02/05/11:09:08,running-time,rs-003210-lcck7,eaa5eb4e-031c-41e1-8bbf-4cdbb6eeba52,2,2856.705534
2026/02/05/11:09:08,apply-time,rs-003211-nprqk,c2a8a589-fd5d-401a-8b7f-45f8283e7ec2,2,2856.705534
2026/02/05/11:09:08,running-time,rs-003211-nprqk,c2a8a589-fd5d-401a-8b7f-45f8283e7ec2,2,2856.705534
2026/02/05/11:09:08,apply-time,rs-003212-4hj76,b60d4d41-1cae-40b2-b18d-4bf6212bca9c,2,2857.705534
2026/02/05/11:09:08,running-time,rs-003212-4hj76,b60d4d41-1cae-40b2-b18d-4bf6212bca9c,2,2857.705534
2026/02/05/11:09:08,apply-time,rs-003212-57k82,9a6292b1-6de3-4bea-bfd2-1f8cb9a0ec82,2,2857.705534
2026/02/05/11:09:08,running-time,rs-003212-57k82,9a6292b1-6de3-4bea-bfd2-1f8cb9a0ec82,2,2857.705534
2026/02/05/11:09:08,apply-time,rs-003213-l7snh,baaccceb-480e-4901-8dcb-2f97cfdab653,1,2857.705534
2026/02/05/11:09:08,running-time,rs-003213-l7snh,baaccceb-480e-4901-8dcb-2f97cfdab653,1,2857.705534
2026/02/05/11:09:08,apply-time,rs-003213-lhd7k,0b3f6bf4-5b0c-4ef5-965f-65a77437b89e,1,2857.705534
2026/02/05/11:09:08,running-time,rs-003213-lhd7k,0b3f6bf4-5b0c-4ef5-965f-65a77437b89e,1,2857.705534
2026/02/05/11:09:08,apply-time,rs-003214-r28c9,4dbb314c-faaf-424e-afc5-884e3b26a6fe,1,2857.705534
2026/02/05/11:09:08,running-time,rs-003214-r28c9,4dbb314c-faaf-424e-afc5-884e3b26a6fe,1,2857.705534
2026/02/05/11:09:08,apply-time,rs-003215-8xfj5,4e29b51d-e0dd-4edb-a84d-95b7b93bbf1b,4,2857.705534
2026/02/05/11:09:08,running-time,rs-003215-8xfj5,4e29b51d-e0dd-4edb-a84d-95b7b93bbf1b,4,2857.705534
2026/02/05/11:09:09,apply-time,rs-003215-xz6k5,acedaf27-7cf1-4273-9d08-b92148216a8a,4,2857.705534
2026/02/05/11:09:09,running-time,rs-003215-xz6k5,acedaf27-7cf1-4273-9d08-b92148216a8a,4,2857.705534
2026/02/05/11:09:09,apply-time,rs-003215-ztlkg,a35bab21-adb3-4370-965d-66f0187befd2,4,2857.705534
2026/02/05/11:09:09,running-time,rs-003215-ztlkg,a35bab21-adb3-4370-965d-66f0187befd2,4,2857.705534
2026/02/05/11:09:09,apply-time,rs-003216-chwzv,44a7d97c-9b52-40b4-a7da-9304252d2fe7,1,2857.705534
2026/02/05/11:09:09,running-time,rs-003216-chwzv,44a7d97c-9b52-40b4-a7da-9304252d2fe7,1,2857.705534
2026/02/05/11:09:10,apply-time,rs-003217-98t6n,fb590d92-a2e6-43d6-8250-f6c5f8b593b4,1,2858.705534
2026/02/05/11:09:10,running-time,rs-003217-98t6n,fb590d92-a2e6-43d6-8250-f6c5f8b593b4,1,2858.705534
2026/02/05/11:09:10,apply-time,rs-003217-gg8pm,7212d56c-bb6d-4000-bfee-a39c31849221,1,2858.705534
2026/02/05/11:09:10,running-time,rs-003217-gg8pm,7212d56c-bb6d-4000-bfee-a39c31849221,1,2858.705534
2026/02/05/11:09:12,apply-time,rs-003218-htgq7,785afd1a-3c48-41d4-8055-3d5a698e92da,2,2860.705534
2026/02/05/11:09:12,running-time,rs-003218-htgq7,785afd1a-3c48-41d4-8055-3d5a698e92da,2,2860.705534
2026/02/05/11:09:12,apply-time,rs-003218-zjqzb,6993af71-fce3-40e9-b5ff-a07a718d4a79,2,2860.705534
2026/02/05/11:09:12,running-time,rs-003218-zjqzb,6993af71-fce3-40e9-b5ff-a07a718d4a79,2,2860.705534
2026/02/05/11:09:12,apply-time,rs-003219-wtcwh,b12ca461-0b7d-4ae6-922e-c94970d1dba2,2,2860.705534
2026/02/05/11:09:12,running-time,rs-003219-wtcwh,b12ca461-0b7d-4ae6-922e-c94970d1dba2,2,2860.705534
2026/02/05/11:09:12,apply-time,rs-003219-x7xvj,a019532c-b849-4b4f-ad77-e3a8c7019a0c,2,2860.705534
2026/02/05/11:09:12,running-time,rs-003219-x7xvj,a019532c-b849-4b4f-ad77-e3a8c7019a0c,2,2860.705534
2026/02/05/11:09:12,apply-time,rs-003219-zrlg8,677e6400-3688-4fce-ae32-e32085b0efd5,2,2860.705534
2026/02/05/11:09:12,running-time,rs-003219-zrlg8,677e6400-3688-4fce-ae32-e32085b0efd5,2,2860.705534
2026/02/05/11:09:12,apply-time,rs-003220-mxtcl,e8f870be-0af2-4b31-aec7-fc63c402e946,3,2860.705534
2026/02/05/11:09:12,running-time,rs-003220-mxtcl,e8f870be-0af2-4b31-aec7-fc63c402e946,3,2860.705534
2026/02/05/11:09:12,apply-time,rs-003221-5bwbf,2f00645e-c7ed-4021-88e2-7fd045a953c9,4,2860.705534
2026/02/05/11:09:12,running-time,rs-003221-5bwbf,2f00645e-c7ed-4021-88e2-7fd045a953c9,4,2860.705534
2026/02/05/11:09:12,apply-time,rs-003221-x5qgv,c946a5df-72f0-4604-9175-cf45b4a3f4c0,4,2860.705534
2026/02/05/11:09:12,running-time,rs-003221-x5qgv,c946a5df-72f0-4604-9175-cf45b4a3f4c0,4,2860.705534
2026/02/05/11:09:12,apply-time,rs-003222-f7kkm,2daca1b3-07d7-4de5-a552-c3cc3426757b,4,2860.705534
2026/02/05/11:09:12,apply-time,rs-003222-jg687,dbc7d0ed-8a75-4704-b38b-44bb633f498e,4,2861.705534
2026/02/05/11:09:12,apply-time,rs-003222-kmkn4,e0803bf4-db89-4878-8e18-4185c73ec453,4,2861.705534
2026/02/05/11:09:12,apply-time,rs-003223-6kr2m,5fb87900-b500-4484-a270-cfb9e45f6e2e,3,2861.705534
2026/02/05/11:09:12,running-time,rs-003223-6kr2m,5fb87900-b500-4484-a270-cfb9e45f6e2e,3,2861.705534
2026/02/05/11:09:12,apply-time,rs-003223-cvpmg,c18cb9db-ee55-4862-95e2-4786def8179b,3,2861.705534
2026/02/05/11:09:12,running-time,rs-003223-cvpmg,c18cb9db-ee55-4862-95e2-4786def8179b,3,2861.705534
2026/02/05/11:09:13,apply-time,rs-003224-88nnw,eda36220-cbbd-4c6a-8113-85e319492ef7,1,2861.705534
2026/02/05/11:09:13,running-time,rs-003224-88nnw,eda36220-cbbd-4c6a-8113-85e319492ef7,1,2861.705534
2026/02/05/11:09:13,apply-time,rs-003224-zs49q,b46515af-fe9d-4e40-b51b-38a15aeee89a,1,2861.705534
2026/02/05/11:09:13,running-time,rs-003224-zs49q,b46515af-fe9d-4e40-b51b-38a15aeee89a,1,2861.705534
2026/02/05/11:09:13,apply-time,rs-003225-kw9hz,77f703c0-72f6-4e63-9928-fb807e6d5762,2,2861.705534
2026/02/05/11:09:13,running-time,rs-003225-kw9hz,77f703c0-72f6-4e63-9928-fb807e6d5762,2,2861.705534
2026/02/05/11:09:13,apply-time,rs-003226-57zpv,022d6f1b-dbe4-44c0-88d1-39daceeeaf58,1,2861.705534
2026/02/05/11:09:13,running-time,rs-003226-57zpv,022d6f1b-dbe4-44c0-88d1-39daceeeaf58,1,2861.705534
2026/02/05/11:09:13,apply-time,rs-003226-gjw5v,98dde496-ec1a-4fb3-be4b-197114fcfe63,1,2862.705534
2026/02/05/11:09:13,running-time,rs-003226-gjw5v,98dde496-ec1a-4fb3-be4b-197114fcfe63,1,2862.705534
2026/02/05/11:09:13,apply-time,rs-003226-kxpzn,31d7f304-3356-4e3d-b62d-fb7ae9d659bb,1,2862.705534
2026/02/05/11:09:13,running-time,rs-003226-kxpzn,31d7f304-3356-4e3d-b62d-fb7ae9d659bb,1,2862.705534
2026/02/05/11:09:13,apply-time,rs-003227-f2cd6,9215d698-9b5c-4354-b05a-ce71df7f9a04,1,2862.705534
2026/02/05/11:09:13,apply-time,rs-003228-hl222,a7c0f4a4-eb4f-4084-9cd1-c857d3f05167,3,2862.705534
2026/02/05/11:09:13,running-time,rs-003228-hl222,a7c0f4a4-eb4f-4084-9cd1-c857d3f05167,3,2862.705534
2026/02/05/11:09:13,apply-time,rs-003228-nwtv4,53bb797c-7517-4ca5-b0d6-5517ea6b2314,3,2862.705534
2026/02/05/11:09:13,running-time,rs-003228-nwtv4,53bb797c-7517-4ca5-b0d6-5517ea6b2314,3,2862.705534
2026/02/05/11:09:13,apply-time,rs-003228-srh5w,5fe1e089-fee8-4e65-8cd3-7811322edef5,3,2862.705534
2026/02/05/11:09:13,running-time,rs-003228-srh5w,5fe1e089-fee8-4e65-8cd3-7811322edef5,3,2862.705534
2026/02/05/11:09:14,running-time,rs-003227-f2cd6,9215d698-9b5c-4354-b05a-ce71df7f9a04,1,2862.705534
2026/02/05/11:09:14,apply-time,rs-003229-qp82r,d7d32da4-28d0-4889-af30-a7ca53b3015a,3,2862.705534
2026/02/05/11:09:14,running-time,rs-003229-qp82r,d7d32da4-28d0-4889-af30-a7ca53b3015a,3,2862.705534
2026/02/05/11:09:14,apply-time,rs-003230-jdmpm,e80b5d98-b78e-4676-bde2-2d101d98abb5,1,2863.705534
2026/02/05/11:09:14,running-time,rs-003230-jdmpm,e80b5d98-b78e-4676-bde2-2d101d98abb5,1,2863.705534
2026/02/05/11:09:14,apply-time,rs-003230-q2ss8,898fcc21-0fb9-4a62-9f0a-309a933e44a3,1,2863.705534
2026/02/05/11:09:14,running-time,rs-003230-q2ss8,898fcc21-0fb9-4a62-9f0a-309a933e44a3,1,2863.705534
2026/02/05/11:09:14,apply-time,rs-003230-qf4gg,70d62515-40ad-45e7-ab37-b2cd7d535dc6,1,2862.705534
2026/02/05/11:09:14,running-time,rs-003230-qf4gg,70d62515-40ad-45e7-ab37-b2cd7d535dc6,1,2862.705534
2026/02/05/11:09:14,apply-time,rs-003231-2kcxc,6e95b9ad-6a5f-41ea-9c8a-eecf8d95fa0f,2,2863.705534
2026/02/05/11:09:14,apply-time,rs-003231-pbppr,8d082711-37aa-4d55-b714-e047883acb3b,2,2863.705534
2026/02/05/11:09:14,apply-time,rs-003232-dqjr9,58311f0a-ca1a-461e-9fef-6d56a6ff9db3,2,2863.705534
2026/02/05/11:09:14,apply-time,rs-003232-fkrfr,653ec46d-653a-4bca-baeb-41f25e33e788,2,2862.705534
2026/02/05/11:09:14,running-time,rs-003232-fkrfr,653ec46d-653a-4bca-baeb-41f25e33e788,2,2862.705534
2026/02/05/11:09:14,apply-time,rs-003232-r4vqn,7237745c-60b2-4f23-afde-c2064bd8e695,2,2863.705534
2026/02/05/11:09:14,apply-time,rs-003233-dqdmc,dbf6e8b3-28c9-4d9d-a7a6-0221a1ce0e28,4,2863.705534
2026/02/05/11:09:14,running-time,rs-003233-dqdmc,dbf6e8b3-28c9-4d9d-a7a6-0221a1ce0e28,4,2863.705534
2026/02/05/11:09:14,apply-time,rs-003234-vhr9z,fc23f27c-23a9-41e4-93bc-4c09212a0b7f,2,2863.705534
2026/02/05/11:09:14,running-time,rs-003234-vhr9z,fc23f27c-23a9-41e4-93bc-4c09212a0b7f,2,2863.705534
2026/02/05/11:09:15,running-time,rs-003231-2kcxc,6e95b9ad-6a5f-41ea-9c8a-eecf8d95fa0f,2,2863.705534
2026/02/05/11:09:15,running-time,rs-003232-r4vqn,7237745c-60b2-4f23-afde-c2064bd8e695,2,2863.705534
2026/02/05/11:09:15,apply-time,rs-003234-ws6w8,053d6588-b6f1-4089-a3ae-8721a9aadc29,2,2863.705534
2026/02/05/11:09:15,running-time,rs-003234-ws6w8,053d6588-b6f1-4089-a3ae-8721a9aadc29,2,2863.705534
2026/02/05/11:09:15,apply-time,rs-003235-s825g,df1e9806-5a12-4b95-9194-6c0030787af3,4,2863.705534
2026/02/05/11:09:15,apply-time,rs-003236-64sw8,72adff28-eee6-4038-94d7-1c04fdd11719,1,2864.705534
2026/02/05/11:09:15,apply-time,rs-003237-bjxkb,c0cd02f2-279f-448a-8f68-e749554ca0e0,2,2863.705534
2026/02/05/11:09:15,running-time,rs-003237-bjxkb,c0cd02f2-279f-448a-8f68-e749554ca0e0,2,2863.705534
2026/02/05/11:09:15,apply-time,rs-003237-mfrv2,db407eae-eefd-45d2-8d08-fe9098e1cc77,2,2864.705534
2026/02/05/11:09:15,running-time,rs-003237-mfrv2,db407eae-eefd-45d2-8d08-fe9098e1cc77,2,2864.705534
2026/02/05/11:09:15,apply-time,rs-003237-psqlk,7d713bf4-28d6-4f5b-907b-d23e76f73ea2,2,2864.705534
2026/02/05/11:09:15,running-time,rs-003237-psqlk,7d713bf4-28d6-4f5b-907b-d23e76f73ea2,2,2864.705534
2026/02/05/11:09:15,apply-time,rs-003238-296hn,24a21647-d500-47f7-963d-a547b2fe67bc,4,2863.705534
2026/02/05/11:09:15,running-time,rs-003238-296hn,24a21647-d500-47f7-963d-a547b2fe67bc,4,2863.705534
2026/02/05/11:09:15,apply-time,rs-003238-dg55k,46e46c87-cd7e-4bd0-9874-2728ee1cb4c5,4,2864.705534
2026/02/05/11:09:15,running-time,rs-003238-dg55k,46e46c87-cd7e-4bd0-9874-2728ee1cb4c5,4,2864.705534
2026/02/05/11:09:15,apply-time,rs-003238-qqgnz,aff969c8-43b5-41d2-aa03-d9f5a14d9911,4,2864.705534
2026/02/05/11:09:15,running-time,rs-003238-qqgnz,aff969c8-43b5-41d2-aa03-d9f5a14d9911,4,2864.705534
2026/02/05/11:09:16,running-time,rs-003232-dqjr9,58311f0a-ca1a-461e-9fef-6d56a6ff9db3,2,2864.705534
2026/02/05/11:09:16,apply-time,rs-003240-8ctzw,453b6f72-532c-4b45-aa1a-73d612ab0fd8,4,2865.705534
2026/02/05/11:09:16,running-time,rs-003240-8ctzw,453b6f72-532c-4b45-aa1a-73d612ab0fd8,4,2865.705534
2026/02/05/11:09:16,apply-time,rs-003240-gtgnd,ee94f16f-b306-4236-af1a-ffd18fb10e27,4,2864.705534
2026/02/05/11:09:16,running-time,rs-003240-gtgnd,ee94f16f-b306-4236-af1a-ffd18fb10e27,4,2864.705534
2026/02/05/11:09:16,apply-time,rs-003240-jcq2r,4b32f0b7-7a82-4610-a242-6b7103c8a61f,4,2865.705534
2026/02/05/11:09:16,running-time,rs-003240-jcq2r,4b32f0b7-7a82-4610-a242-6b7103c8a61f,4,2865.705534
2026/02/05/11:09:16,apply-time,rs-003241-hjxtd,7e540653-4f1c-477d-8a90-34665e2a8d5e,3,2864.705534
2026/02/05/11:09:16,running-time,rs-003241-hjxtd,7e540653-4f1c-477d-8a90-34665e2a8d5e,3,2864.705534
2026/02/05/11:09:16,apply-time,rs-003242-dlpwg,7fa31a9a-5611-473c-86da-c7788f8b9d43,2,2864.705534
2026/02/05/11:09:16,running-time,rs-003242-dlpwg,7fa31a9a-5611-473c-86da-c7788f8b9d43,2,2864.705534
2026/02/05/11:09:16,apply-time,rs-003242-p28xh,ffaf9ccc-97e0-43bd-92d6-7aca48dd033b,2,2865.705534
2026/02/05/11:09:16,running-time,rs-003242-p28xh,ffaf9ccc-97e0-43bd-92d6-7aca48dd033b,2,2865.705534
2026/02/05/11:09:16,apply-time,rs-003244-czg8z,40cb7055-d8dc-4ac9-8701-2eb319f1cc3a,3,2865.705534
2026/02/05/11:09:16,running-time,rs-003244-czg8z,40cb7055-d8dc-4ac9-8701-2eb319f1cc3a,3,2865.705534
2026/02/05/11:09:17,apply-time,rs-003247-6hx2c,6a4acb63-4b17-4252-a212-cbf68d055b22,3,2865.705534
2026/02/05/11:09:17,running-time,rs-003247-6hx2c,6a4acb63-4b17-4252-a212-cbf68d055b22,3,2865.705534
2026/02/05/11:09:17,apply-time,rs-003248-j8kzz,cd1afb5c-ca99-41c1-a3bf-225d60d41aa3,1,2865.705534
2026/02/05/11:09:17,running-time,rs-003248-j8kzz,cd1afb5c-ca99-41c1-a3bf-225d60d41aa3,1,2865.705534
2026/02/05/11:09:17,apply-time,rs-003249-j9f8x,ef3b5855-3acd-4d23-b120-158e7c0b79e6,2,2865.705534
2026/02/05/11:09:17,running-time,rs-003249-j9f8x,ef3b5855-3acd-4d23-b120-158e7c0b79e6,2,2865.705534
2026/02/05/11:09:18,running-time,rs-003235-s825g,df1e9806-5a12-4b95-9194-6c0030787af3,4,2866.705534
2026/02/05/11:09:20,running-time,rs-003231-pbppr,8d082711-37aa-4d55-b714-e047883acb3b,2,2868.705534
2026/02/05/11:09:22,apply-time,rs-003250-cctqq,deb3bb2a-458a-495f-a60d-efcfc007591e,1,2871.705534
2026/02/05/11:09:22,running-time,rs-003250-cctqq,deb3bb2a-458a-495f-a60d-efcfc007591e,1,2871.705534
2026/02/05/11:09:23,apply-time,rs-003251-nmhwf,2831574b-c3e6-44f8-b595-63e3e852d2df,2,2871.705534
2026/02/05/11:09:23,running-time,rs-003251-nmhwf,2831574b-c3e6-44f8-b595-63e3e852d2df,2,2872.705534
2026/02/05/11:09:23,apply-time,rs-003251-z4lmh,7ef9c1fb-0bbd-4690-bc80-0fbe74526bce,2,2871.705534
2026/02/05/11:09:23,running-time,rs-003251-z4lmh,7ef9c1fb-0bbd-4690-bc80-0fbe74526bce,2,2872.705534
2026/02/05/11:09:23,apply-time,rs-003251-zmjh9,5e52e648-4b9e-4408-8ff2-5c27fd9e8711,2,2871.705534
2026/02/05/11:09:23,running-time,rs-003251-zmjh9,5e52e648-4b9e-4408-8ff2-5c27fd9e8711,2,2871.705534
2026/02/05/11:09:23,apply-time,rs-003252-cdzhv,4a2c6be9-6dea-4691-8fb6-e909524a13f4,2,2871.705534
2026/02/05/11:09:23,apply-time,rs-003252-vw9tn,a65a9036-287a-4949-8931-7ed89faa9ad6,2,2871.705534
2026/02/05/11:09:23,apply-time,rs-003253-vgfjp,1753f5b0-1311-4b7e-910c-ee5096ec0ce9,1,2871.705534
2026/02/05/11:09:23,running-time,rs-003253-vgfjp,1753f5b0-1311-4b7e-910c-ee5096ec0ce9,1,2871.705534
2026/02/05/11:09:23,apply-time,rs-003254-7bvr7,776b851a-a503-4dcc-b45b-6ae5240d0f6b,1,2871.705534
2026/02/05/11:09:23,running-time,rs-003254-7bvr7,776b851a-a503-4dcc-b45b-6ae5240d0f6b,1,2871.705534
2026/02/05/11:09:23,apply-time,rs-003254-8qzbq,cf49b0d8-daab-4395-8e10-cb66e5884568,1,2871.705534
2026/02/05/11:09:23,running-time,rs-003254-8qzbq,cf49b0d8-daab-4395-8e10-cb66e5884568,1,2871.705534
2026/02/05/11:09:23,apply-time,rs-003255-dl7wp,808ea113-e52f-4355-a04a-df698bf55a95,1,2871.705534
2026/02/05/11:09:25,apply-time,rs-003256-brffx,adbffeaf-6e11-435a-b4c4-1231df02d08b,2,2873.705534
2026/02/05/11:09:25,running-time,rs-003256-brffx,adbffeaf-6e11-435a-b4c4-1231df02d08b,2,2873.705534
2026/02/05/11:09:25,apply-time,rs-003256-w6h2f,d7d911bc-e2c5-416c-84c6-adce035c5169,2,2873.705534
2026/02/05/11:09:25,running-time,rs-003256-w6h2f,d7d911bc-e2c5-416c-84c6-adce035c5169,2,2873.705534
2026/02/05/11:09:36,apply-time,rs-003257-nhgdq,48a92f97-c2e0-471e-b31c-2e7640df24c5,1,2884.705534
2026/02/05/11:09:36,running-time,rs-003257-nhgdq,48a92f97-c2e0-471e-b31c-2e7640df24c5,1,2884.705534
2026/02/05/11:09:36,apply-time,rs-003257-vrfr2,1c93fec6-5ce2-493e-911c-34c856cfa3f2,1,2884.705534
2026/02/05/11:09:36,running-time,rs-003257-vrfr2,1c93fec6-5ce2-493e-911c-34c856cfa3f2,1,2884.705534
2026/02/05/11:09:36,apply-time,rs-003258-rkjcn,23ca58be-51d4-4d38-99dd-6e4df41bcbea,3,2884.705534
2026/02/05/11:09:36,running-time,rs-003258-rkjcn,23ca58be-51d4-4d38-99dd-6e4df41bcbea,3,2884.705534
2026/02/05/11:09:36,apply-time,rs-003259-h69jp,b8f90e9b-7b1f-4a29-933f-57613fb7920c,3,2885.705534
2026/02/05/11:09:36,running-time,rs-003259-h69jp,b8f90e9b-7b1f-4a29-933f-57613fb7920c,3,2885.705534
2026/02/05/11:09:36,apply-time,rs-003259-mtnqn,b1e1ac8c-4dc9-442e-a3d0-3a45828cd03d,3,2885.705534
2026/02/05/11:09:36,running-time,rs-003259-mtnqn,b1e1ac8c-4dc9-442e-a3d0-3a45828cd03d,3,2885.705534
2026/02/05/11:09:47,apply-time,rs-003260-jhs79,9f428584-c06f-46e1-b18e-6bb135007c3c,2,2896.705534
2026/02/05/11:09:47,running-time,rs-003260-jhs79,9f428584-c06f-46e1-b18e-6bb135007c3c,2,2896.705534
2026/02/05/11:09:47,apply-time,rs-003260-xbbjf,e3502b4b-3151-4f1a-b863-8f2d42d4347e,2,2896.705534
2026/02/05/11:09:47,running-time,rs-003260-xbbjf,e3502b4b-3151-4f1a-b863-8f2d42d4347e,2,2896.705534
2026/02/05/11:09:47,apply-time,rs-003261-xksg6,84a9fef2-f2ce-494f-b0e4-ce7f93995cfe,2,2896.705534
2026/02/05/11:09:47,running-time,rs-003261-xksg6,84a9fef2-f2ce-494f-b0e4-ce7f93995cfe,2,2896.705534
2026/02/05/11:09:47,apply-time,rs-003262-t2bcr,40f24c4a-2881-440d-b34c-f15abc37a0d2,1,2896.705534
2026/02/05/11:09:48,running-time,rs-003262-t2bcr,40f24c4a-2881-440d-b34c-f15abc37a0d2,1,2896.705534
2026/02/05/11:09:53,apply-time,rs-003263-hzg55,c42e22ae-c95e-4de2-b371-fe08cb068d66,1,2901.705534
2026/02/05/11:09:53,running-time,rs-003263-hzg55,c42e22ae-c95e-4de2-b371-fe08cb068d66,1,2901.705534
2026/02/05/11:09:53,apply-time,rs-003263-vs6m5,116fa083-6ff4-430d-b49a-d971ccbc8d1e,1,2901.705534
2026/02/05/11:09:53,running-time,rs-003263-vs6m5,116fa083-6ff4-430d-b49a-d971ccbc8d1e,1,2901.705534
2026/02/05/11:09:53,apply-time,rs-003264-l7g46,8fb182e8-a83c-4e8a-ad72-06c0a8fe1978,1,2901.705534
2026/02/05/11:09:53,running-time,rs-003264-l7g46,8fb182e8-a83c-4e8a-ad72-06c0a8fe1978,1,2901.705534
2026/02/05/11:09:53,apply-time,rs-003264-ncb2q,ad2767a9-e7b6-4f06-86cb-f20feaf6964d,1,2901.705534
2026/02/05/11:09:53,running-time,rs-003264-ncb2q,ad2767a9-e7b6-4f06-86cb-f20feaf6964d,1,2901.705534
2026/02/05/11:09:53,apply-time,rs-003265-gb6fr,7ff3fcdd-0842-4f6e-9232-b65241755232,1,2901.705534
2026/02/05/11:09:53,running-time,rs-003265-gb6fr,7ff3fcdd-0842-4f6e-9232-b65241755232,1,2901.705534
2026/02/05/11:09:53,apply-time,rs-003265-mrgcb,a48e1b52-d3c2-4938-894d-9e6ecc899fb6,1,2901.705534
2026/02/05/11:09:53,running-time,rs-003265-mrgcb,a48e1b52-d3c2-4938-894d-9e6ecc899fb6,1,2901.705534
2026/02/05/11:09:55,apply-time,rs-003266-wxrgl,f2a6af26-cc34-45ae-85a0-8c701518fa0a,3,2903.705534
2026/02/05/11:09:55,running-time,rs-003266-wxrgl,f2a6af26-cc34-45ae-85a0-8c701518fa0a,3,2903.705534
2026/02/05/11:09:55,apply-time,rs-003267-cc7m7,cfe89598-65f2-4ba9-8bd0-1618d92bbddf,2,2903.705534
2026/02/05/11:09:55,running-time,rs-003267-cc7m7,cfe89598-65f2-4ba9-8bd0-1618d92bbddf,2,2903.705534
2026/02/05/11:09:55,apply-time,rs-003267-l5rn6,5b3cf4ea-f031-4d69-8168-8d8af21c2697,2,2903.705534
2026/02/05/11:09:55,running-time,rs-003267-l5rn6,5b3cf4ea-f031-4d69-8168-8d8af21c2697,2,2903.705534
2026/02/05/11:09:58,apply-time,rs-003268-tp74x,641478bf-89f5-4744-b30e-b61914e0def0,1,2906.705534
2026/02/05/11:09:58,running-time,rs-003268-tp74x,641478bf-89f5-4744-b30e-b61914e0def0,1,2906.705534
2026/02/05/11:09:58,apply-time,rs-003269-6gvf2,10db8de7-915c-42d5-bd5f-fd917c7ba104,3,2906.705534
2026/02/05/11:09:58,running-time,rs-003269-6gvf2,10db8de7-915c-42d5-bd5f-fd917c7ba104,3,2906.705534
2026/02/05/11:09:58,apply-time,rs-003269-dpwlm,056724b0-e53c-42b5-bad5-2495b5c04b5a,3,2906.705534
2026/02/05/11:09:58,running-time,rs-003269-dpwlm,056724b0-e53c-42b5-bad5-2495b5c04b5a,3,2906.705534
2026/02/05/11:09:58,apply-time,rs-003269-vt42r,6feb5a8d-6623-4295-80ee-973c4a254dae,3,2906.705534
2026/02/05/11:09:58,running-time,rs-003269-vt42r,6feb5a8d-6623-4295-80ee-973c4a254dae,3,2906.705534
2026/02/05/11:09:58,apply-time,rs-003270-9jrcp,ff5f70de-5d75-4f9f-b6b3-a03f435399ed,3,2906.705534
2026/02/05/11:09:58,running-time,rs-003270-9jrcp,ff5f70de-5d75-4f9f-b6b3-a03f435399ed,3,2906.705534
2026/02/05/11:10:12,apply-time,rs-003271-5dvdl,b79fe51f-5141-474a-8749-a81defb97925,4,2920.705534
2026/02/05/11:10:12,running-time,rs-003271-5dvdl,b79fe51f-5141-474a-8749-a81defb97925,4,2920.705534
2026/02/05/11:10:12,apply-time,rs-003271-b7v9m,43b0a26c-7bf1-401f-94f6-54fadcda5bdc,4,2920.705534
2026/02/05/11:10:12,running-time,rs-003271-b7v9m,43b0a26c-7bf1-401f-94f6-54fadcda5bdc,4,2920.705534
2026/02/05/11:10:12,apply-time,rs-003271-d8jj5,25928901-e6e8-40af-a034-0ff594614348,4,2920.705534
2026/02/05/11:10:12,running-time,rs-003271-d8jj5,25928901-e6e8-40af-a034-0ff594614348,4,2920.705534
2026/02/05/11:10:12,apply-time,rs-003272-kt92x,cd15f677-e06e-4ed7-9a9b-93ecd12d42d0,4,2920.705534
2026/02/05/11:10:12,running-time,rs-003272-kt92x,cd15f677-e06e-4ed7-9a9b-93ecd12d42d0,4,2921.705534
2026/02/05/11:10:14,apply-time,rs-003273-2sfdm,97362659-4c9d-464b-9bca-a2a47f741fda,2,2923.705534
2026/02/05/11:10:14,apply-time,rs-003273-j2lv9,0adb85a4-5219-4ed8-805f-b85368d348f9,2,2923.705534
2026/02/05/11:10:14,running-time,rs-003273-j2lv9,0adb85a4-5219-4ed8-805f-b85368d348f9,2,2923.705534
2026/02/05/11:10:15,running-time,rs-003273-2sfdm,97362659-4c9d-464b-9bca-a2a47f741fda,2,2923.705534
2026/02/05/11:10:15,apply-time,rs-003274-dgww7,d747293a-d3a5-4808-93c0-8ed216431e4d,4,2923.705534
2026/02/05/11:10:15,running-time,rs-003274-dgww7,d747293a-d3a5-4808-93c0-8ed216431e4d,4,2923.705534
2026/02/05/11:10:15,apply-time,rs-003274-scqjr,c8287afb-d579-4dbd-9f7c-3c621a50d7d8,4,2923.705534
2026/02/05/11:10:15,running-time,rs-003274-scqjr,c8287afb-d579-4dbd-9f7c-3c621a50d7d8,4,2923.705534
2026/02/05/11:10:15,apply-time,rs-003275-6f6k9,26fa6f2c-c51b-4477-ba62-a1364ca78668,3,2924.705534
2026/02/05/11:10:15,running-time,rs-003275-6f6k9,26fa6f2c-c51b-4477-ba62-a1364ca78668,3,2924.705534
2026/02/05/11:10:15,apply-time,rs-003275-r985d,5db960c9-7cbe-47ac-b076-3b925e745d4a,3,2924.705534
2026/02/05/11:10:15,running-time,rs-003275-r985d,5db960c9-7cbe-47ac-b076-3b925e745d4a,3,2924.705534
2026/02/05/11:10:15,apply-time,rs-003275-rt9kw,ffc4dc7e-cf21-49ce-958b-e1e52f71e6f3,3,2924.705534
2026/02/05/11:10:15,running-time,rs-003275-rt9kw,ffc4dc7e-cf21-49ce-958b-e1e52f71e6f3,3,2924.705534
2026/02/05/11:10:15,apply-time,rs-003276-6lj55,e9e263cf-1193-43c8-aed5-c75ee822921c,1,2924.705534
2026/02/05/11:10:15,running-time,rs-003276-6lj55,e9e263cf-1193-43c8-aed5-c75ee822921c,1,2924.705534
2026/02/05/11:10:15,apply-time,rs-003276-f7khb,9242547a-2b04-4e33-a571-f98b2bc35261,1,2924.705534
2026/02/05/11:10:15,running-time,rs-003276-f7khb,9242547a-2b04-4e33-a571-f98b2bc35261,1,2924.705534
2026/02/05/11:10:15,apply-time,rs-003276-snssx,3d33204c-fc54-4a68-8a2c-6533e3d064bb,1,2924.705534
2026/02/05/11:10:15,running-time,rs-003276-snssx,3d33204c-fc54-4a68-8a2c-6533e3d064bb,1,2924.705534
2026/02/05/11:10:16,apply-time,rs-003277-7kwdt,6f1de196-91d0-4acf-a939-7131c3df0c9f,4,2925.705534
2026/02/05/11:10:16,running-time,rs-003277-7kwdt,6f1de196-91d0-4acf-a939-7131c3df0c9f,4,2925.705534
2026/02/05/11:10:17,apply-time,rs-003278-9lhm6,eca665f9-7e3f-4109-8ff0-79362a0e017a,4,2925.705534
2026/02/05/11:10:17,running-time,rs-003278-9lhm6,eca665f9-7e3f-4109-8ff0-79362a0e017a,4,2925.705534
2026/02/05/11:10:17,apply-time,rs-003279-hd4mr,8c770df6-2040-489c-b8f4-4433bee58add,1,2925.705534
2026/02/05/11:10:17,running-time,rs-003279-hd4mr,8c770df6-2040-489c-b8f4-4433bee58add,1,2925.705534
2026/02/05/11:10:17,apply-time,rs-003279-mklph,0afe56a1-749d-41ca-ba7f-a5d82e0f6d03,1,2925.705534
2026/02/05/11:10:17,running-time,rs-003279-mklph,0afe56a1-749d-41ca-ba7f-a5d82e0f6d03,1,2925.705534
2026/02/05/11:10:17,apply-time,rs-003280-h5bvc,ef28663b-6a23-46e7-b3e2-fdcc3e64da08,3,2925.705534
2026/02/05/11:10:17,running-time,rs-003280-h5bvc,ef28663b-6a23-46e7-b3e2-fdcc3e64da08,3,2925.705534
2026/02/05/11:10:17,apply-time,rs-003280-spclt,59b96352-4e37-4581-ba31-eb78b096a7c0,3,2925.705534
2026/02/05/11:10:17,running-time,rs-003280-spclt,59b96352-4e37-4581-ba31-eb78b096a7c0,3,2925.705534
2026/02/05/11:10:17,apply-time,rs-003281-bs2zz,9198f8a7-ae92-4dd7-9e05-d00767283e2e,4,2925.705534
2026/02/05/11:10:17,running-time,rs-003281-bs2zz,9198f8a7-ae92-4dd7-9e05-d00767283e2e,4,2925.705534
2026/02/05/11:10:17,apply-time,rs-003281-r2mbv,ac6d0264-7ffb-45a5-a55c-d56cf6eabd4b,4,2925.705534
2026/02/05/11:10:17,running-time,rs-003281-r2mbv,ac6d0264-7ffb-45a5-a55c-d56cf6eabd4b,4,2925.705534
2026/02/05/11:10:17,apply-time,rs-003281-vpsxv,07cec8eb-7b6d-4c03-a4f2-73a434ce5fed,4,2925.705534
2026/02/05/11:10:17,running-time,rs-003281-vpsxv,07cec8eb-7b6d-4c03-a4f2-73a434ce5fed,4,2925.705534
2026/02/05/11:10:17,apply-time,rs-003282-428st,7e4dff6c-819a-461e-9e24-4380c96dc790,1,2926.705534
2026/02/05/11:10:17,running-time,rs-003282-428st,7e4dff6c-819a-461e-9e24-4380c96dc790,1,2926.705534
2026/02/05/11:10:17,apply-time,rs-003282-4nssv,e1d7eb80-9ae3-4899-bb88-86476663be57,1,2926.705534
2026/02/05/11:10:17,running-time,rs-003282-4nssv,e1d7eb80-9ae3-4899-bb88-86476663be57,1,2926.705534
2026/02/05/11:10:17,apply-time,rs-003282-gnlcd,b04056b6-185b-4ddc-b6c6-d83f3e3f6f7e,1,2926.705534
2026/02/05/11:10:17,running-time,rs-003282-gnlcd,b04056b6-185b-4ddc-b6c6-d83f3e3f6f7e,1,2926.705534
2026/02/05/11:10:18,apply-time,rs-003283-4n5dv,276da57c-b695-41c9-b0c1-7361eae7b657,3,2927.705534
2026/02/05/11:10:18,running-time,rs-003283-4n5dv,276da57c-b695-41c9-b0c1-7361eae7b657,3,2927.705534
2026/02/05/11:10:18,apply-time,rs-003283-5mxdr,6f5c6c17-2587-499b-8dc3-3e7bc927eb29,3,2927.705534
2026/02/05/11:10:18,running-time,rs-003283-5mxdr,6f5c6c17-2587-499b-8dc3-3e7bc927eb29,3,2927.705534
2026/02/05/11:10:18,apply-time,rs-003283-g9cc7,956c6190-dda7-4bdf-8df9-6db32599dfd0,3,2927.705534
2026/02/05/11:10:18,running-time,rs-003283-g9cc7,956c6190-dda7-4bdf-8df9-6db32599dfd0,3,2927.705534
2026/02/05/11:10:18,apply-time,rs-003284-wlpkh,2eacd4b4-7559-47a2-ba42-8a6abc69874d,2,2927.705534
2026/02/05/11:10:18,running-time,rs-003284-wlpkh,2eacd4b4-7559-47a2-ba42-8a6abc69874d,2,2927.705534
2026/02/05/11:10:18,apply-time,rs-003285-bk2nk,2ea0f457-9ce6-4801-ba67-22ee0ce9632f,2,2927.705534
2026/02/05/11:10:18,running-time,rs-003285-bk2nk,2ea0f457-9ce6-4801-ba67-22ee0ce9632f,2,2927.705534
2026/02/05/11:10:18,apply-time,rs-003285-tmn6r,a2a93029-2a11-4c38-80e7-6e74eeaba062,2,2927.705534
2026/02/05/11:10:18,running-time,rs-003285-tmn6r,a2a93029-2a11-4c38-80e7-6e74eeaba062,2,2927.705534
2026/02/05/11:10:18,apply-time,rs-003286-z8wrj,8267886d-3457-493b-9849-3b4b9dcb79f5,3,2927.705534
2026/02/05/11:10:18,running-time,rs-003286-z8wrj,8267886d-3457-493b-9849-3b4b9dcb79f5,3,2927.705534
2026/02/05/11:10:18,apply-time,rs-003287-ftp84,e330110c-96e1-4d48-a7fe-54db8f9dacc1,1,2927.705534
2026/02/05/11:10:19,apply-time,rs-003286-ffxqq,2ca11f44-8448-44b5-a1ce-8f4b3481d015,3,2927.705534
2026/02/05/11:10:19,running-time,rs-003286-ffxqq,2ca11f44-8448-44b5-a1ce-8f4b3481d015,3,2927.705534
2026/02/05/11:10:19,apply-time,rs-003287-8hsxt,009c8600-8c0d-46e6-a4ff-2065cdcb6054,1,2927.705534
2026/02/05/11:10:19,running-time,rs-003287-8hsxt,009c8600-8c0d-46e6-a4ff-2065cdcb6054,1,2927.705534
2026/02/05/11:10:19,running-time,rs-003287-ftp84,e330110c-96e1-4d48-a7fe-54db8f9dacc1,1,2927.705534
2026/02/05/11:10:19,apply-time,rs-003287-wccg9,d8a06c84-44b8-457e-84e7-bd49607486c1,1,2927.705534
2026/02/05/11:10:19,running-time,rs-003287-wccg9,d8a06c84-44b8-457e-84e7-bd49607486c1,1,2927.705534
2026/02/05/11:10:19,apply-time,rs-003288-4gdqw,dc0ac4f8-5bd8-422a-b131-08f11948be6d,1,2927.705534
2026/02/05/11:10:19,apply-time,rs-003289-nwpcw,5407e74a-f448-44b5-a74f-bb5e6e88c776,1,2927.705534
2026/02/05/11:10:19,running-time,rs-003289-nwpcw,5407e74a-f448-44b5-a74f-bb5e6e88c776,1,2927.705534
2026/02/05/11:10:19,apply-time,rs-003290-jjkkb,0c135b11-7bd1-41a6-840e-2aab83106f93,1,2927.705534
2026/02/05/11:10:19,running-time,rs-003290-jjkkb,0c135b11-7bd1-41a6-840e-2aab83106f93,1,2927.705534
2026/02/05/11:10:20,running-time,rs-003288-4gdqw,dc0ac4f8-5bd8-422a-b131-08f11948be6d,1,2929.705534
2026/02/05/11:10:20,apply-time,rs-003291-c662v,893e29b9-25c4-4e9b-88cc-7815330f0036,2,2929.705534
2026/02/05/11:10:20,running-time,rs-003291-c662v,893e29b9-25c4-4e9b-88cc-7815330f0036,2,2929.705534
2026/02/05/11:10:20,apply-time,rs-003292-7srcs,388f96f1-caea-4ace-b143-0755c8adab9a,3,2929.705534
2026/02/05/11:10:20,running-time,rs-003292-7srcs,388f96f1-caea-4ace-b143-0755c8adab9a,3,2929.705534
2026/02/05/11:10:20,apply-time,rs-003292-jwnzs,0daff2a3-72d8-4f69-8db4-481057d1b4ba,3,2929.705534
2026/02/05/11:10:20,running-time,rs-003292-jwnzs,0daff2a3-72d8-4f69-8db4-481057d1b4ba,3,2929.705534
2026/02/05/11:10:21,apply-time,rs-003293-kbsdf,ef74ca7d-1a4b-4832-aefb-f062514e9538,3,2929.705534
2026/02/05/11:10:21,running-time,rs-003293-kbsdf,ef74ca7d-1a4b-4832-aefb-f062514e9538,3,2929.705534
2026/02/05/11:10:21,apply-time,rs-003293-m7wpl,34315505-4b54-441f-8044-92ca8bd05bfd,3,2929.705534
2026/02/05/11:10:21,running-time,rs-003293-m7wpl,34315505-4b54-441f-8044-92ca8bd05bfd,3,2929.705534
2026/02/05/11:10:21,apply-time,rs-003294-7pd6x,36c3a4de-5c58-41b9-bb03-b7053018598e,3,2929.705534
2026/02/05/11:10:21,running-time,rs-003294-7pd6x,36c3a4de-5c58-41b9-bb03-b7053018598e,3,2929.705534
2026/02/05/11:10:21,apply-time,rs-003294-gwbl9,87ec0e15-9e48-48d5-979f-7c42a1ed2d95,3,2929.705534
2026/02/05/11:10:21,running-time,rs-003294-gwbl9,87ec0e15-9e48-48d5-979f-7c42a1ed2d95,3,2929.705534
2026/02/05/11:10:24,apply-time,rs-003295-d9q8d,cddbfe8b-2b37-4053-9d46-e09c66aac5c4,1,2933.705534
2026/02/05/11:10:24,running-time,rs-003295-d9q8d,cddbfe8b-2b37-4053-9d46-e09c66aac5c4,1,2933.705534
2026/02/05/11:10:24,apply-time,rs-003296-8b6gl,16420bc9-ba9b-44f7-8cd9-fcae31969355,2,2933.705534
2026/02/05/11:10:24,running-time,rs-003296-8b6gl,16420bc9-ba9b-44f7-8cd9-fcae31969355,2,2933.705534
2026/02/05/11:10:25,apply-time,rs-003297-fbsnh,7f4530e9-c0f2-4ce3-aa01-8f4e6aafd315,3,2933.705534
2026/02/05/11:10:25,running-time,rs-003297-fbsnh,7f4530e9-c0f2-4ce3-aa01-8f4e6aafd315,3,2933.705534
2026/02/05/11:10:25,apply-time,rs-003297-pl4fp,103d8997-a4b2-4a7a-9866-d6acd958208c,3,2933.705534
2026/02/05/11:10:25,running-time,rs-003297-pl4fp,103d8997-a4b2-4a7a-9866-d6acd958208c,3,2933.705534
2026/02/05/11:10:25,apply-time,rs-003298-8wx67,f8fc3c6f-9f73-4481-a91c-0a3bb52d0137,1,2933.705534
2026/02/05/11:10:25,running-time,rs-003298-8wx67,f8fc3c6f-9f73-4481-a91c-0a3bb52d0137,1,2933.705534
2026/02/05/11:10:25,apply-time,rs-003298-9mmqg,3b5cd4c1-dc86-4ebf-b2c3-6cd0e81a551d,1,2933.705534
2026/02/05/11:10:25,running-time,rs-003298-9mmqg,3b5cd4c1-dc86-4ebf-b2c3-6cd0e81a551d,1,2933.705534
2026/02/05/11:10:25,apply-time,rs-003299-jhw68,b3acc518-6fb3-4d58-8adb-df28db046355,2,2934.705534
2026/02/05/11:10:25,running-time,rs-003299-jhw68,b3acc518-6fb3-4d58-8adb-df28db046355,2,2934.705534
2026/02/05/11:10:25,apply-time,rs-003299-q2bmd,89e5a019-b6a2-47af-a092-969364d66b6c,2,2934.705534
2026/02/05/11:10:25,running-time,rs-003299-q2bmd,89e5a019-b6a2-47af-a092-969364d66b6c,2,2934.705534
2026/02/05/11:10:28,apply-time,rs-003300-9925k,1d335f94-1c4c-4704-bec9-59990e686e86,1,2937.705534
2026/02/05/11:10:28,running-time,rs-003300-9925k,1d335f94-1c4c-4704-bec9-59990e686e86,1,2937.705534
2026/02/05/11:10:28,apply-time,rs-003300-jbz2b,7e2ea450-72d9-4566-a5cc-ef1e81bb2574,1,2937.705534
2026/02/05/11:10:28,running-time,rs-003300-jbz2b,7e2ea450-72d9-4566-a5cc-ef1e81bb2574,1,2937.705534
2026/02/05/11:10:28,apply-time,rs-003300-wssmz,5c61c064-311c-4bd3-94bc-d311347a18f3,1,2937.705534
2026/02/05/11:10:28,running-time,rs-003300-wssmz,5c61c064-311c-4bd3-94bc-d311347a18f3,1,2937.705534
2026/02/05/11:10:29,apply-time,rs-003301-c7md4,c58fed2f-d447-4f9f-b9c2-c06a630ed5f1,1,2937.705534
2026/02/05/11:10:29,running-time,rs-003301-c7md4,c58fed2f-d447-4f9f-b9c2-c06a630ed5f1,1,2937.705534
2026/02/05/11:10:29,apply-time,rs-003302-d8dzr,5178dfb5-bbca-4bef-827b-ee7db25f526e,1,2938.705534
2026/02/05/11:10:29,running-time,rs-003302-d8dzr,5178dfb5-bbca-4bef-827b-ee7db25f526e,1,2938.705534
2026/02/05/11:10:29,apply-time,rs-003302-mrm8m,9c651ed5-fdf5-4b86-80f5-acbe353c89b3,1,2938.705534
2026/02/05/11:10:29,running-time,rs-003302-mrm8m,9c651ed5-fdf5-4b86-80f5-acbe353c89b3,1,2938.705534
2026/02/05/11:10:29,apply-time,rs-003303-8bwl4,8f16d099-fad3-45f9-9786-9bf996532605,1,2938.705534
2026/02/05/11:10:29,running-time,rs-003303-8bwl4,8f16d099-fad3-45f9-9786-9bf996532605,1,2938.705534
2026/02/05/11:10:29,apply-time,rs-003304-mmrqk,51594fc4-9ad7-461b-966a-a312b23f3923,1,2938.705534
2026/02/05/11:10:29,apply-time,rs-003304-xm4zj,15a0c604-3ce1-4237-8d35-9584ee6c0cdc,1,2938.705534
2026/02/05/11:10:29,running-time,rs-003304-xm4zj,15a0c604-3ce1-4237-8d35-9584ee6c0cdc,1,2938.705534
2026/02/05/11:10:29,apply-time,rs-003305-fxfg2,7c2c13d0-9a02-4727-89cd-a79e16c4c4b7,1,2938.705534
2026/02/05/11:10:29,running-time,rs-003305-fxfg2,7c2c13d0-9a02-4727-89cd-a79e16c4c4b7,1,2938.705534
2026/02/05/11:10:29,apply-time,rs-003305-h4xx8,dffccdc1-d14b-4988-8436-4b4d6d97552e,1,2938.705534
2026/02/05/11:10:29,running-time,rs-003305-h4xx8,dffccdc1-d14b-4988-8436-4b4d6d97552e,1,2938.705534
2026/02/05/11:10:30,apply-time,rs-003306-2md5d,bab38816-375e-4276-baeb-372b99b855c7,4,2938.705534
2026/02/05/11:10:30,running-time,rs-003306-2md5d,bab38816-375e-4276-baeb-372b99b855c7,4,2938.705534
2026/02/05/11:10:30,apply-time,rs-003306-jg69l,445edadb-4e4c-4bbd-a524-47333a171098,4,2938.705534
2026/02/05/11:10:30,running-time,rs-003306-jg69l,445edadb-4e4c-4bbd-a524-47333a171098,4,2938.705534
2026/02/05/11:10:30,apply-time,rs-003307-lm7hj,1bbd8c79-30ea-44db-8e0d-e053d88ea265,1,2938.705534
2026/02/05/11:10:30,apply-time,rs-003307-mq95c,c2893e4a-f67b-4ad4-ac4d-1df35a59aa9e,1,2939.705534
2026/02/05/11:10:30,apply-time,rs-003308-74fpt,420b38ca-6229-40f0-ad32-0312ffa51b8c,3,2938.705534
2026/02/05/11:10:30,apply-time,rs-003308-7kbbq,3da69b59-e6e7-4204-a77d-d659cfb7862a,3,2939.705534
2026/02/05/11:10:30,apply-time,rs-003308-wh7kb,8d2aba44-2bc0-488b-874f-d92cfedb6124,3,2939.705534
2026/02/05/11:10:30,apply-time,rs-003309-p7s8v,b7599dca-daf3-4e5e-b401-2a1ab76ad258,3,2939.705534
2026/02/05/11:10:30,apply-time,rs-003310-lrjqp,7b4b8df1-67ae-4cfa-8ee0-42a997d5c1e2,2,2939.705534
2026/02/05/11:10:30,apply-time,rs-003311-658nf,95655501-c1b4-4aed-bad3-c55554cb35bc,1,2939.705534
2026/02/05/11:10:30,running-time,rs-003311-658nf,95655501-c1b4-4aed-bad3-c55554cb35bc,1,2939.705534
2026/02/05/11:10:31,running-time,rs-003307-lm7hj,1bbd8c79-30ea-44db-8e0d-e053d88ea265,1,2939.705534
2026/02/05/11:10:31,running-time,rs-003307-mq95c,c2893e4a-f67b-4ad4-ac4d-1df35a59aa9e,1,2939.705534
2026/02/05/11:10:31,running-time,rs-003308-7kbbq,3da69b59-e6e7-4204-a77d-d659cfb7862a,3,2939.705534
2026/02/05/11:10:31,apply-time,rs-003311-68szx,2f39773d-33bc-4ea9-9548-fe10e8a03f8d,1,2939.705534
2026/02/05/11:10:31,running-time,rs-003311-68szx,2f39773d-33bc-4ea9-9548-fe10e8a03f8d,1,2939.705534
2026/02/05/11:10:31,apply-time,rs-003312-bbfl9,b51b5121-187f-4363-94df-dfb12b80b16b,2,2939.705534
2026/02/05/11:10:31,running-time,rs-003312-bbfl9,b51b5121-187f-4363-94df-dfb12b80b16b,2,2939.705534
2026/02/05/11:10:31,apply-time,rs-003312-wt4mw,0c8da802-fb47-4ca7-93b8-478c7abb2778,2,2940.705534
2026/02/05/11:10:31,running-time,rs-003312-wt4mw,0c8da802-fb47-4ca7-93b8-478c7abb2778,2,2940.705534
2026/02/05/11:10:31,apply-time,rs-003313-g897b,8c2c29eb-4890-465c-aa50-7d1f9161ac52,2,2940.705534
2026/02/05/11:10:31,running-time,rs-003313-g897b,8c2c29eb-4890-465c-aa50-7d1f9161ac52,2,2940.705534
2026/02/05/11:10:31,apply-time,rs-003314-8x4sp,d82014d0-db34-4f4d-ab17-5f7325f3f287,1,2940.705534
2026/02/05/11:10:31,running-time,rs-003314-8x4sp,d82014d0-db34-4f4d-ab17-5f7325f3f287,1,2940.705534
2026/02/05/11:10:31,apply-time,rs-003315-84xnz,646fd4c6-820f-47fd-9c15-5b76e3983584,4,2940.705534
2026/02/05/11:10:31,running-time,rs-003315-84xnz,646fd4c6-820f-47fd-9c15-5b76e3983584,4,2940.705534
2026/02/05/11:10:31,apply-time,rs-003315-dvxtd,c386a904-e832-4a60-9a3d-3c324dd7a67c,4,2940.705534
2026/02/05/11:10:31,running-time,rs-003315-dvxtd,c386a904-e832-4a60-9a3d-3c324dd7a67c,4,2940.705534
2026/02/05/11:10:31,apply-time,rs-003315-qfhl4,858add92-accf-4a08-9413-871b65e3cb63,4,2940.705534
2026/02/05/11:10:31,running-time,rs-003315-qfhl4,858add92-accf-4a08-9413-871b65e3cb63,4,2940.705534
2026/02/05/11:10:31,apply-time,rs-003317-7rhfm,9ca4d611-a2df-4847-9118-5b7619f2b147,3,2940.705534
2026/02/05/11:10:32,apply-time,rs-003313-ptkc2,da8d54b7-3d23-4276-be05-e4e31b8c7166,2,2940.705534
2026/02/05/11:10:32,running-time,rs-003313-ptkc2,da8d54b7-3d23-4276-be05-e4e31b8c7166,2,2940.705534
2026/02/05/11:10:32,apply-time,rs-003314-b6nqc,7e7c437b-4d76-4d36-9d75-32612483b6e0,1,2940.705534
2026/02/05/11:10:32,running-time,rs-003314-b6nqc,7e7c437b-4d76-4d36-9d75-32612483b6e0,1,2940.705534
2026/02/05/11:10:32,apply-time,rs-003314-dmb6q,4cf537cc-8266-4c90-8cca-f468e7acc4e7,1,2940.705534
2026/02/05/11:10:32,running-time,rs-003314-dmb6q,4cf537cc-8266-4c90-8cca-f468e7acc4e7,1,2940.705534
2026/02/05/11:10:32,apply-time,rs-003316-cqd6n,617bd2b5-c966-4a7b-bc68-cc8602a85f09,4,2940.705534
2026/02/05/11:10:32,running-time,rs-003316-cqd6n,617bd2b5-c966-4a7b-bc68-cc8602a85f09,4,2940.705534
2026/02/05/11:10:32,apply-time,rs-003317-rjhfb,bf431fd6-1bb3-4182-95c4-9ea4f1672722,3,2940.705534
2026/02/05/11:10:32,apply-time,rs-003317-wznz8,88829b4e-d4c3-4cb4-8a21-7404a3c9bec7,3,2940.705534
2026/02/05/11:10:32,apply-time,rs-003318-nlbhg,a76b6379-1d99-422f-ad5b-ff4c9c656d65,4,2941.705534
2026/02/05/11:10:32,running-time,rs-003318-nlbhg,a76b6379-1d99-422f-ad5b-ff4c9c656d65,4,2941.705534
2026/02/05/11:10:33,running-time,rs-003304-mmrqk,51594fc4-9ad7-461b-966a-a312b23f3923,1,2942.705534
2026/02/05/11:10:33,running-time,rs-003309-p7s8v,b7599dca-daf3-4e5e-b401-2a1ab76ad258,3,2941.705534
2026/02/05/11:10:33,running-time,rs-003310-lrjqp,7b4b8df1-67ae-4cfa-8ee0-42a997d5c1e2,2,2942.705534
2026/02/05/11:10:33,apply-time,rs-003318-hnd67,8dd55622-8883-4b84-b8e6-67303a4b1d71,4,2941.705534
2026/02/05/11:10:33,running-time,rs-003318-hnd67,8dd55622-8883-4b84-b8e6-67303a4b1d71,4,2941.705534
2026/02/05/11:10:42,apply-time,rs-003319-4j2gf,bd5300a7-bcbe-4339-b47f-5a4ab8d8dbf1,4,2950.705534
2026/02/05/11:10:42,running-time,rs-003319-4j2gf,bd5300a7-bcbe-4339-b47f-5a4ab8d8dbf1,4,2950.705534
2026/02/05/11:10:42,apply-time,rs-003319-qtb7r,a1fe2102-724a-460e-a800-e087bdceb3e3,4,2950.705534
2026/02/05/11:10:42,running-time,rs-003319-qtb7r,a1fe2102-724a-460e-a800-e087bdceb3e3,4,2951.705534
2026/02/05/11:10:42,apply-time,rs-003319-rr5w7,cc351ee1-cd05-43f8-be6e-43c8086de46d,4,2950.705534
2026/02/05/11:10:42,running-time,rs-003319-rr5w7,cc351ee1-cd05-43f8-be6e-43c8086de46d,4,2951.705534
2026/02/05/11:10:42,apply-time,rs-003320-9dz8m,a5aca8f8-babd-41a9-9653-bb5c4637199b,1,2950.705534
2026/02/05/11:10:42,running-time,rs-003320-9dz8m,a5aca8f8-babd-41a9-9653-bb5c4637199b,1,2951.705534
2026/02/05/11:10:42,apply-time,rs-003320-bgjsg,b8762df6-9a7b-456a-a1b7-bdc98d64f056,1,2950.705534
2026/02/05/11:10:42,running-time,rs-003320-bgjsg,b8762df6-9a7b-456a-a1b7-bdc98d64f056,1,2951.705534
2026/02/05/11:10:42,apply-time,rs-003321-jssj2,ccf42a87-a664-415c-8c43-ed8f41624c21,1,2950.705534
2026/02/05/11:10:42,running-time,rs-003321-jssj2,ccf42a87-a664-415c-8c43-ed8f41624c21,1,2951.705534
2026/02/05/11:10:42,apply-time,rs-003322-7np44,4a2a1f86-5632-4ca6-bf90-5d6d05187895,1,2950.705534
2026/02/05/11:10:42,running-time,rs-003322-7np44,4a2a1f86-5632-4ca6-bf90-5d6d05187895,1,2951.705534
2026/02/05/11:10:42,apply-time,rs-003322-jn5gg,a40f794d-d9f6-4796-8d6c-c5961da81159,1,2950.705534
2026/02/05/11:10:42,running-time,rs-003322-jn5gg,a40f794d-d9f6-4796-8d6c-c5961da81159,1,2951.705534
2026/02/05/11:10:42,apply-time,rs-003322-zt6x9,164762e1-40eb-438c-9bcb-9242de0c9e61,1,2950.705534
2026/02/05/11:10:42,running-time,rs-003322-zt6x9,164762e1-40eb-438c-9bcb-9242de0c9e61,1,2951.705534
2026/02/05/11:10:42,apply-time,rs-003323-9x8f6,9ff1c9a5-1475-441c-9162-9141bc99174b,3,2951.705534
2026/02/05/11:10:42,running-time,rs-003323-9x8f6,9ff1c9a5-1475-441c-9162-9141bc99174b,3,2951.705534
2026/02/05/11:10:42,apply-time,rs-003323-g4bsf,cb5ae570-9bb3-4c81-8015-f6e7b32b412d,3,2951.705534
2026/02/05/11:10:42,running-time,rs-003323-g4bsf,cb5ae570-9bb3-4c81-8015-f6e7b32b412d,3,2951.705534
2026/02/05/11:10:42,apply-time,rs-003323-mg8rn,4fc4ab92-43b1-4927-83df-f82595355864,3,2951.705534
2026/02/05/11:10:42,running-time,rs-003323-mg8rn,4fc4ab92-43b1-4927-83df-f82595355864,3,2951.705534
2026/02/05/11:10:42,apply-time,rs-003324-w2czb,fb4cceb7-5d34-46dd-9b5a-c433bdcc4583,2,2951.705534
2026/02/05/11:10:42,running-time,rs-003324-w2czb,fb4cceb7-5d34-46dd-9b5a-c433bdcc4583,2,2951.705534
2026/02/05/11:10:42,apply-time,rs-003325-qnk6x,1510b260-6a43-487b-a6a6-6694bc75c5cc,2,2951.705534
2026/02/05/11:10:42,running-time,rs-003325-qnk6x,1510b260-6a43-487b-a6a6-6694bc75c5cc,2,2951.705534
2026/02/05/11:10:43,apply-time,rs-003325-vvg92,bebcbc73-9f09-4bc8-9623-ca69c84367a3,2,2951.705534
2026/02/05/11:10:43,running-time,rs-003325-vvg92,bebcbc73-9f09-4bc8-9623-ca69c84367a3,2,2951.705534
2026/02/05/11:10:45,apply-time,rs-003326-gcskv,b777d428-fa39-46c7-8095-b241e8ec02d8,3,2954.705534
2026/02/05/11:10:45,running-time,rs-003326-gcskv,b777d428-fa39-46c7-8095-b241e8ec02d8,3,2954.705534
2026/02/05/11:10:45,apply-time,rs-003326-r8bjn,5688130d-fc0f-4d7f-9423-7a6a53b36875,3,2954.705534
2026/02/05/11:10:45,running-time,rs-003326-r8bjn,5688130d-fc0f-4d7f-9423-7a6a53b36875,3,2954.705534
2026/02/05/11:10:45,apply-time,rs-003327-knpzw,e0d4d4be-f3de-4adb-9a9f-aa187fdf3bfd,1,2954.705534
2026/02/05/11:10:45,running-time,rs-003327-knpzw,e0d4d4be-f3de-4adb-9a9f-aa187fdf3bfd,1,2954.705534
2026/02/05/11:10:45,apply-time,rs-003327-schw5,b3143e90-4e00-4118-8e0b-d547658781fe,1,2954.705534
2026/02/05/11:10:45,running-time,rs-003327-schw5,b3143e90-4e00-4118-8e0b-d547658781fe,1,2954.705534
2026/02/05/11:10:45,apply-time,rs-003328-fwj84,0483b7c7-0b62-40f5-8989-dd0375de7685,2,2954.705534
2026/02/05/11:10:45,running-time,rs-003328-fwj84,0483b7c7-0b62-40f5-8989-dd0375de7685,2,2954.705534
2026/02/05/11:10:45,apply-time,rs-003328-szzdv,f9a1aa35-b949-4633-a711-6138f8668660,2,2954.705534
2026/02/05/11:10:45,running-time,rs-003328-szzdv,f9a1aa35-b949-4633-a711-6138f8668660,2,2954.705534
2026/02/05/11:10:45,apply-time,rs-003328-vzt48,9acc5e48-2b1b-4f09-9ae3-19a559ec6684,2,2954.705534
2026/02/05/11:10:45,running-time,rs-003328-vzt48,9acc5e48-2b1b-4f09-9ae3-19a559ec6684,2,2954.705534
2026/02/05/11:10:46,apply-time,rs-003329-whpg8,5ec4de26-e8b9-4be9-a27c-6025a176bbce,2,2955.705534
2026/02/05/11:10:46,running-time,rs-003329-whpg8,5ec4de26-e8b9-4be9-a27c-6025a176bbce,2,2955.705534
2026/02/05/11:10:48,apply-time,rs-003330-gmpj8,387f7fc3-42c7-4540-8fca-bbd4c5b54bcd,1,2957.705534
2026/02/05/11:10:48,running-time,rs-003330-gmpj8,387f7fc3-42c7-4540-8fca-bbd4c5b54bcd,1,2957.705534
2026/02/05/11:10:48,apply-time,rs-003330-n2h5l,03ac747a-c28f-4adb-9130-f1f645bd3a81,1,2957.705534
2026/02/05/11:10:48,running-time,rs-003330-n2h5l,03ac747a-c28f-4adb-9130-f1f645bd3a81,1,2957.705534
2026/02/05/11:10:48,apply-time,rs-003331-bkzmc,6cf8a571-f831-44c2-a58f-8ac7869a116c,3,2957.705534
2026/02/05/11:10:48,running-time,rs-003331-bkzmc,6cf8a571-f831-44c2-a58f-8ac7869a116c,3,2957.705534
2026/02/05/11:10:48,apply-time,rs-003332-kl9n5,368eb1e3-e59c-4399-be51-dd8fc7551fdd,3,2957.705534
2026/02/05/11:10:48,running-time,rs-003332-kl9n5,368eb1e3-e59c-4399-be51-dd8fc7551fdd,3,2957.705534
2026/02/05/11:10:48,apply-time,rs-003332-rnl6p,f50b222f-d7e5-4324-81b4-61d3828e00bc,3,2957.705534
2026/02/05/11:10:48,running-time,rs-003332-rnl6p,f50b222f-d7e5-4324-81b4-61d3828e00bc,3,2957.705534
2026/02/05/11:10:48,apply-time,rs-003332-xdkxq,b9b721d1-250b-4399-a8d8-941a00f19652,3,2957.705534
2026/02/05/11:10:48,running-time,rs-003332-xdkxq,b9b721d1-250b-4399-a8d8-941a00f19652,3,2957.705534
2026/02/05/11:10:48,apply-time,rs-003333-t5bc6,03edc07e-fdab-4a75-9a6b-0d92b0f3b6ce,3,2957.705534
2026/02/05/11:10:48,running-time,rs-003333-t5bc6,03edc07e-fdab-4a75-9a6b-0d92b0f3b6ce,3,2957.705534
2026/02/05/11:10:48,apply-time,rs-003333-wtfln,50594773-9c18-4823-a10a-93e64de594d6,3,2957.705534
2026/02/05/11:10:48,running-time,rs-003333-wtfln,50594773-9c18-4823-a10a-93e64de594d6,3,2957.705534
2026/02/05/11:10:48,apply-time,rs-003334-5wrjz,d0903667-7ec0-4b1a-86d8-9c0e021d0f2f,1,2957.705534
2026/02/05/11:10:48,running-time,rs-003334-5wrjz,d0903667-7ec0-4b1a-86d8-9c0e021d0f2f,1,2957.705534
2026/02/05/11:10:48,apply-time,rs-003334-njn7w,7dfb5abd-ea95-465c-819a-8cfbbb57e6a4,1,2957.705534
2026/02/05/11:10:48,running-time,rs-003334-njn7w,7dfb5abd-ea95-465c-819a-8cfbbb57e6a4,1,2957.705534
2026/02/05/11:10:48,apply-time,rs-003335-w9jbm,03476e0e-b597-44aa-a146-962d4b51d8c8,4,2957.705534
2026/02/05/11:10:49,running-time,rs-003335-w9jbm,03476e0e-b597-44aa-a146-962d4b51d8c8,4,2957.705534
2026/02/05/11:10:49,apply-time,rs-003336-fp72p,f33179e6-37e3-4580-bbe1-9360c4bcc42f,1,2957.705534
2026/02/05/11:10:49,running-time,rs-003336-fp72p,f33179e6-37e3-4580-bbe1-9360c4bcc42f,1,2957.705534
2026/02/05/11:10:49,apply-time,rs-003336-hrpvh,526a7fe7-6fe3-479b-a508-0368dd086bc5,1,2958.705534
2026/02/05/11:10:49,running-time,rs-003336-hrpvh,526a7fe7-6fe3-479b-a508-0368dd086bc5,1,2958.705534
2026/02/05/11:10:49,apply-time,rs-003337-7vdn4,91637617-32ae-4fd4-b5dd-910e35cf8b05,1,2958.705534
2026/02/05/11:10:49,running-time,rs-003337-7vdn4,91637617-32ae-4fd4-b5dd-910e35cf8b05,1,2958.705534
2026/02/05/11:10:49,apply-time,rs-003337-jsh2n,36613207-9992-4a74-a1d0-0eb80a4987ea,1,2958.705534
2026/02/05/11:10:49,apply-time,rs-003337-n2vfr,8b401eab-d441-438f-878c-8b8fb14f41ca,1,2958.705534
2026/02/05/11:10:49,running-time,rs-003337-n2vfr,8b401eab-d441-438f-878c-8b8fb14f41ca,1,2958.705534
2026/02/05/11:10:49,apply-time,rs-003338-nfhxw,c0ba058f-974e-4389-9ed1-51c5c061a93d,3,2958.705534
2026/02/05/11:10:49,running-time,rs-003338-nfhxw,c0ba058f-974e-4389-9ed1-51c5c061a93d,3,2958.705534
2026/02/05/11:10:49,apply-time,rs-003340-bpxr6,d1563901-15e2-4d6d-8ebe-9c174276a3ae,1,2958.705534
2026/02/05/11:10:49,running-time,rs-003340-bpxr6,d1563901-15e2-4d6d-8ebe-9c174276a3ae,1,2958.705534
2026/02/05/11:10:50,running-time,rs-003337-jsh2n,36613207-9992-4a74-a1d0-0eb80a4987ea,1,2958.705534
2026/02/05/11:10:50,apply-time,rs-003338-vhsq9,303ce769-24ae-4e03-84d4-906a88d0f6f8,3,2958.705534
2026/02/05/11:10:50,running-time,rs-003338-vhsq9,303ce769-24ae-4e03-84d4-906a88d0f6f8,3,2959.705534
2026/02/05/11:10:50,apply-time,rs-003339-mvjrb,3037deb1-c341-4944-bd4f-7fd74935b2c5,2,2958.705534
2026/02/05/11:10:50,running-time,rs-003339-mvjrb,3037deb1-c341-4944-bd4f-7fd74935b2c5,2,2958.705534
2026/02/05/11:10:50,apply-time,rs-003339-tt4mt,96708e65-fc36-4dbd-89ca-e6730d051d7d,2,2958.705534
2026/02/05/11:10:50,running-time,rs-003339-tt4mt,96708e65-fc36-4dbd-89ca-e6730d051d7d,2,2959.705534
2026/02/05/11:10:50,apply-time,rs-003340-2jjh2,5d609ee0-e307-4aed-92fa-e9b9f05b7080,1,2958.705534
2026/02/05/11:10:50,running-time,rs-003340-2jjh2,5d609ee0-e307-4aed-92fa-e9b9f05b7080,1,2958.705534
2026/02/05/11:10:50,apply-time,rs-003340-f4r82,2ffc88a5-d19b-4e33-bf1e-e11728bca583,1,2958.705534
2026/02/05/11:10:50,running-time,rs-003340-f4r82,2ffc88a5-d19b-4e33-bf1e-e11728bca583,1,2958.705534
2026/02/05/11:10:50,apply-time,rs-003341-cl7z8,f033e6f6-d305-499b-8e03-050a941810d6,3,2959.705534
2026/02/05/11:10:50,running-time,rs-003341-cl7z8,f033e6f6-d305-499b-8e03-050a941810d6,3,2959.705534
2026/02/05/11:10:50,apply-time,rs-003341-rtngq,75c827b9-cba3-4d9f-a21d-f22c865ad04e,3,2959.705534
2026/02/05/11:10:50,running-time,rs-003341-rtngq,75c827b9-cba3-4d9f-a21d-f22c865ad04e,3,2959.705534
2026/02/05/11:10:50,apply-time,rs-003342-lrmtc,f5572f8d-a04b-44ff-bf2d-1a5fc9275c9c,2,2958.705534
2026/02/05/11:10:50,apply-time,rs-003342-p4mbx,e81bacb2-3d38-4348-b17f-f302ede01d8a,2,2959.705534
2026/02/05/11:10:51,running-time,rs-003342-lrmtc,f5572f8d-a04b-44ff-bf2d-1a5fc9275c9c,2,2960.705534
2026/02/05/11:10:52,running-time,rs-003342-p4mbx,e81bacb2-3d38-4348-b17f-f302ede01d8a,2,2961.705534
2026/02/05/11:11:01,apply-time,rs-003343-v577v,c4bc1ff9-846c-47b6-82c4-2255726cdca4,1,2970.705534
2026/02/05/11:11:01,running-time,rs-003343-v577v,c4bc1ff9-846c-47b6-82c4-2255726cdca4,1,2970.705534
2026/02/05/11:11:01,apply-time,rs-003344-776ck,f4e504d7-56a0-4b79-bf53-5d4116eb4ee6,3,2970.705534
2026/02/05/11:11:01,running-time,rs-003344-776ck,f4e504d7-56a0-4b79-bf53-5d4116eb4ee6,3,2970.705534
2026/02/05/11:11:01,apply-time,rs-003345-475rn,f9c9d1a2-1e5a-481d-80f9-6fe6f8e36c3a,2,2970.705534
2026/02/05/11:11:01,running-time,rs-003345-475rn,f9c9d1a2-1e5a-481d-80f9-6fe6f8e36c3a,2,2970.705534
2026/02/05/11:11:01,apply-time,rs-003345-8swvc,bf1289c1-2b52-4ee2-a130-d4360e07f3fe,2,2970.705534
2026/02/05/11:11:01,running-time,rs-003345-8swvc,bf1289c1-2b52-4ee2-a130-d4360e07f3fe,2,2970.705534
2026/02/05/11:11:01,apply-time,rs-003345-ttfnw,8cbf767c-18f0-45f4-b16d-1dcf0f47fd49,2,2970.705534
2026/02/05/11:11:01,running-time,rs-003345-ttfnw,8cbf767c-18f0-45f4-b16d-1dcf0f47fd49,2,2970.705534
2026/02/05/11:11:01,apply-time,rs-003346-5zwzx,2a10a426-e020-43b7-aec1-bee4fe764ccf,3,2970.705534
2026/02/05/11:11:01,running-time,rs-003346-5zwzx,2a10a426-e020-43b7-aec1-bee4fe764ccf,3,2970.705534
2026/02/05/11:11:01,apply-time,rs-003347-7sbqr,23643e44-193d-447c-a8ec-0db0e99566b9,1,2970.705534
2026/02/05/11:11:01,apply-time,rs-003347-mzn6f,37afbbed-7ede-44d7-8c7e-a4068bbf7aaf,1,2970.705534
2026/02/05/11:11:04,apply-time,rs-003348-cbrxs,4f95709a-3c52-4775-9067-7fc906264f1e,3,2973.705534
2026/02/05/11:11:04,running-time,rs-003348-cbrxs,4f95709a-3c52-4775-9067-7fc906264f1e,3,2973.705534
2026/02/05/11:11:04,apply-time,rs-003348-cq48t,8114950f-7099-4392-8771-44905bc3d86f,3,2973.705534
2026/02/05/11:11:04,running-time,rs-003348-cq48t,8114950f-7099-4392-8771-44905bc3d86f,3,2973.705534
2026/02/05/11:11:05,apply-time,rs-003349-2hs7s,3916a12b-0208-485c-aaa9-5549021b10ae,1,2974.705534
2026/02/05/11:11:05,running-time,rs-003349-2hs7s,3916a12b-0208-485c-aaa9-5549021b10ae,1,2974.705534
2026/02/05/11:11:05,apply-time,rs-003349-6qd6b,5c9100eb-4ddf-4f47-be55-592222178c52,1,2974.705534
2026/02/05/11:11:05,running-time,rs-003349-6qd6b,5c9100eb-4ddf-4f47-be55-592222178c52,1,2974.705534
2026/02/05/11:11:05,apply-time,rs-003349-l7zmn,a131f150-1f89-437c-aed6-dba0621b56b5,1,2974.705534
2026/02/05/11:11:05,running-time,rs-003349-l7zmn,a131f150-1f89-437c-aed6-dba0621b56b5,1,2974.705534
2026/02/05/11:11:05,apply-time,rs-003350-lst7p,2e2bd220-f89d-410e-bbd3-dbc378e8b9bf,1,2974.705534
2026/02/05/11:11:05,running-time,rs-003350-lst7p,2e2bd220-f89d-410e-bbd3-dbc378e8b9bf,1,2974.705534
2026/02/05/11:11:05,apply-time,rs-003350-nsl67,20a49ced-2213-4d81-ad73-72dc6b22851e,1,2974.705534
2026/02/05/11:11:05,running-time,rs-003350-nsl67,20a49ced-2213-4d81-ad73-72dc6b22851e,1,2974.705534
2026/02/05/11:11:05,apply-time,rs-003350-vxz9q,15e04f76-0d72-4c1b-b1a8-0053fe19d156,1,2974.705534
2026/02/05/11:11:05,running-time,rs-003350-vxz9q,15e04f76-0d72-4c1b-b1a8-0053fe19d156,1,2974.705534
2026/02/05/11:11:05,apply-time,rs-003351-ll8db,af0209cf-abe7-4b35-9ea4-032cabd1a0fe,1,2974.705534
2026/02/05/11:11:05,running-time,rs-003351-ll8db,af0209cf-abe7-4b35-9ea4-032cabd1a0fe,1,2974.705534
2026/02/05/11:11:05,apply-time,rs-003352-5nvwj,781389f6-2d52-4c86-9801-9e3f00afc033,3,2974.705534
2026/02/05/11:11:05,running-time,rs-003352-5nvwj,781389f6-2d52-4c86-9801-9e3f00afc033,3,2974.705534
2026/02/05/11:11:05,apply-time,rs-003353-w8mzq,a0cd5720-2163-4fd9-a883-0e4f37db0a45,1,2974.705534
2026/02/05/11:11:05,apply-time,rs-003354-n9spq,8304eb9a-3b3a-46e1-b13a-f690ead7bd5d,2,2974.705534
2026/02/05/11:11:05,running-time,rs-003354-n9spq,8304eb9a-3b3a-46e1-b13a-f690ead7bd5d,2,2974.705534
2026/02/05/11:11:06,apply-time,rs-003355-4t4gt,d6a87429-104d-41d6-a3bf-54f925096757,3,2975.705534
2026/02/05/11:11:06,running-time,rs-003355-4t4gt,d6a87429-104d-41d6-a3bf-54f925096757,3,2975.705534
2026/02/05/11:11:06,apply-time,rs-003355-855gp,fb4c5e63-fea2-4ec2-beef-bdef56fb85e9,3,2974.705534
2026/02/05/11:11:06,running-time,rs-003355-855gp,fb4c5e63-fea2-4ec2-beef-bdef56fb85e9,3,2974.705534
2026/02/05/11:11:06,apply-time,rs-003356-4ghgn,d461f7d9-0a20-4901-bc20-5b421c3115e9,2,2975.705534
2026/02/05/11:11:06,apply-time,rs-003357-26cgp,66ccf39d-3308-47e3-9fbb-efe23b92b75c,1,2975.705534
2026/02/05/11:11:06,apply-time,rs-003357-6n9n6,1ead24fe-fa1d-47b1-9634-5c1886658ad2,1,2974.705534
2026/02/05/11:11:08,running-time,rs-003357-6n9n6,1ead24fe-fa1d-47b1-9634-5c1886658ad2,1,2977.705534
2026/02/05/11:11:08,apply-time,rs-003358-7th5h,a080d655-b11f-423d-96c3-b1ff0aa70015,2,2976.705534
2026/02/05/11:11:08,apply-time,rs-003358-lxmpp,c9af4e1f-c547-46a4-9a2a-cf2dae1cbea3,2,2976.705534
2026/02/05/11:11:08,running-time,rs-003358-lxmpp,c9af4e1f-c547-46a4-9a2a-cf2dae1cbea3,2,2976.705534
2026/02/05/11:11:08,apply-time,rs-003358-tjs6k,2e9f3af5-6057-4213-9f1d-93f08d6a57d3,2,2976.705534
2026/02/05/11:11:08,running-time,rs-003358-tjs6k,2e9f3af5-6057-4213-9f1d-93f08d6a57d3,2,2976.705534
2026/02/05/11:11:08,apply-time,rs-003359-j74wv,97b8b272-7168-4f55-87c5-2577112d6d73,1,2977.705534
2026/02/05/11:11:08,apply-time,rs-003359-z7lsn,c9f6808a-1de1-4fac-b2ca-611fca815b39,1,2977.705534
2026/02/05/11:11:08,apply-time,rs-003360-pp8kt,9eeb2dae-ac55-42d0-9987-2583e6151703,2,2977.705534
2026/02/05/11:11:08,running-time,rs-003360-pp8kt,9eeb2dae-ac55-42d0-9987-2583e6151703,2,2977.705534
2026/02/05/11:11:08,apply-time,rs-003361-rq6fk,c948ad4d-4f39-4d47-93da-03bab4c84231,3,2977.705534
2026/02/05/11:11:08,running-time,rs-003361-rq6fk,c948ad4d-4f39-4d47-93da-03bab4c84231,3,2977.705534
2026/02/05/11:11:09,running-time,rs-003353-w8mzq,a0cd5720-2163-4fd9-a883-0e4f37db0a45,1,2977.705534
2026/02/05/11:11:09,running-time,rs-003356-4ghgn,d461f7d9-0a20-4901-bc20-5b421c3115e9,2,2977.705534
2026/02/05/11:11:09,running-time,rs-003357-26cgp,66ccf39d-3308-47e3-9fbb-efe23b92b75c,1,2977.705534
2026/02/05/11:11:09,apply-time,rs-003362-vbb6w,437ced1d-f27a-48c3-b2ff-0b4c284bc78c,3,2977.705534
2026/02/05/11:11:09,running-time,rs-003362-vbb6w,437ced1d-f27a-48c3-b2ff-0b4c284bc78c,3,2977.705534
2026/02/05/11:11:14,running-time,rs-003359-z7lsn,c9f6808a-1de1-4fac-b2ca-611fca815b39,1,2982.705534
2026/02/05/11:11:20,apply-time,rs-003363-lnwbh,d3b384e3-f709-44cd-9c73-bc395456c3d9,2,2989.705534
2026/02/05/11:11:20,running-time,rs-003363-lnwbh,d3b384e3-f709-44cd-9c73-bc395456c3d9,2,2989.705534
2026/02/05/11:11:20,apply-time,rs-003363-nbpcp,fe1f5253-9d50-43b0-adf4-fd72a29efe4a,2,2989.705534
2026/02/05/11:11:20,running-time,rs-003363-nbpcp,fe1f5253-9d50-43b0-adf4-fd72a29efe4a,2,2989.705534
2026/02/05/11:11:20,apply-time,rs-003363-tsbd8,c63d359f-ba5f-4cf5-9f27-fb6160ac30bd,2,2989.705534
2026/02/05/11:11:20,running-time,rs-003363-tsbd8,c63d359f-ba5f-4cf5-9f27-fb6160ac30bd,2,2989.705534
2026/02/05/11:11:20,apply-time,rs-003364-mfdlt,68408d63-08e3-440c-b9f4-186882872953,4,2989.705534
2026/02/05/11:11:20,running-time,rs-003364-mfdlt,68408d63-08e3-440c-b9f4-186882872953,4,2989.705534
2026/02/05/11:11:20,apply-time,rs-003365-stscv,ba555643-b60a-47c2-806a-1a9cc3458819,1,2989.705534
2026/02/05/11:11:20,running-time,rs-003365-stscv,ba555643-b60a-47c2-806a-1a9cc3458819,1,2989.705534
2026/02/05/11:11:20,apply-time,rs-003365-tql97,3688ae2a-66f7-4b79-9b91-18f8ad446f22,1,2989.705534
2026/02/05/11:11:20,running-time,rs-003365-tql97,3688ae2a-66f7-4b79-9b91-18f8ad446f22,1,2989.705534
2026/02/05/11:11:20,apply-time,rs-003366-262sh,4ff1c8cf-04c7-4dee-ab89-89c0516f2f3c,2,2989.705534
2026/02/05/11:11:20,apply-time,rs-003366-qnkxt,5e786ec1-02d7-427d-b44f-a3960c28366b,2,2989.705534
2026/02/05/11:11:20,apply-time,rs-003366-x7mcr,8bef1002-f1c0-494d-843a-ca203336a158,2,2989.705534
2026/02/05/11:11:22,running-time,rs-003366-x7mcr,8bef1002-f1c0-494d-843a-ca203336a158,2,2991.705534
2026/02/05/11:11:24,running-time,rs-003366-262sh,4ff1c8cf-04c7-4dee-ab89-89c0516f2f3c,2,2993.705534
2026/02/05/11:11:24,running-time,rs-003366-qnkxt,5e786ec1-02d7-427d-b44f-a3960c28366b,2,2992.705534
2026/02/05/11:11:25,apply-time,rs-003367-8xwbm,12f9e120-0682-419b-90e1-7246f6fd1816,1,2993.705534
2026/02/05/11:11:25,running-time,rs-003367-8xwbm,12f9e120-0682-419b-90e1-7246f6fd1816,1,2993.705534
2026/02/05/11:11:25,apply-time,rs-003368-bphbz,63b1eb69-91a3-4e8e-b9a3-a28dc4076d46,3,2993.705534
2026/02/05/11:11:25,running-time,rs-003368-bphbz,63b1eb69-91a3-4e8e-b9a3-a28dc4076d46,3,2993.705534
2026/02/05/11:11:29,apply-time,rs-003369-9tlkd,4898873f-bac5-46bc-a250-8d8f5908dca2,1,2998.705534
2026/02/05/11:11:29,apply-time,rs-003369-cdv9g,ddf8991d-b48f-4175-8376-3018a3c4c742,1,2998.705534
2026/02/05/11:11:29,apply-time,rs-003369-x4z4n,41694e2b-84ec-401e-9b8a-a9dbb593e430,1,2998.705534
2026/02/05/11:11:29,apply-time,rs-003370-mwq59,35be8e64-9855-45fb-9212-2e45cd577829,4,2998.705534
2026/02/05/11:11:29,running-time,rs-003370-mwq59,35be8e64-9855-45fb-9212-2e45cd577829,4,2998.705534
2026/02/05/11:11:29,apply-time,rs-003370-vszjp,68d2b07f-fa9c-4da4-b60b-3146c6937807,4,2998.705534
2026/02/05/11:11:29,running-time,rs-003370-vszjp,68d2b07f-fa9c-4da4-b60b-3146c6937807,4,2998.705534
2026/02/05/11:11:29,apply-time,rs-003370-vvdm9,7d4562b3-92ff-44ed-840c-bf34a1823724,4,2998.705534
2026/02/05/11:11:29,running-time,rs-003370-vvdm9,7d4562b3-92ff-44ed-840c-bf34a1823724,4,2998.705534
2026/02/05/11:11:35,running-time,rs-003359-j74wv,97b8b272-7168-4f55-87c5-2577112d6d73,1,3004.705534
2026/02/05/11:11:37,apply-time,rs-003371-c2qlm,68438d9c-9715-4463-87ff-82cb88b56b07,3,3005.705534
2026/02/05/11:11:37,running-time,rs-003371-c2qlm,68438d9c-9715-4463-87ff-82cb88b56b07,3,3005.705534
2026/02/05/11:11:37,apply-time,rs-003371-mhz2j,6e44eb75-0811-433b-873e-a2974ec67875,3,3005.705534
2026/02/05/11:11:37,running-time,rs-003371-mhz2j,6e44eb75-0811-433b-873e-a2974ec67875,3,3005.705534
2026/02/05/11:11:37,apply-time,rs-003372-l7p9r,3ae6d65b-1eb2-4bd1-825f-27c0e1236502,2,3005.705534
2026/02/05/11:11:37,running-time,rs-003372-l7p9r,3ae6d65b-1eb2-4bd1-825f-27c0e1236502,2,3005.705534
2026/02/05/11:11:37,apply-time,rs-003372-pxdjx,c7be82fd-1513-4e8c-913d-ee996628aec9,2,3005.705534
2026/02/05/11:11:37,running-time,rs-003372-pxdjx,c7be82fd-1513-4e8c-913d-ee996628aec9,2,3005.705534
2026/02/05/11:11:37,apply-time,rs-003372-xsjb6,3d791164-ef13-46a5-806a-e0156a3c5c2d,2,3005.705534
2026/02/05/11:11:37,running-time,rs-003372-xsjb6,3d791164-ef13-46a5-806a-e0156a3c5c2d,2,3005.705534
2026/02/05/11:11:38,apply-time,rs-003373-ld4nr,5478f316-59f8-4a6e-ad31-c0d467f5accf,1,3007.705534
2026/02/05/11:11:38,running-time,rs-003373-ld4nr,5478f316-59f8-4a6e-ad31-c0d467f5accf,1,3007.705534
2026/02/05/11:11:38,apply-time,rs-003374-fqltk,b87f08bc-04b5-436f-afc9-bf51202e00b2,2,3007.705534
2026/02/05/11:11:38,running-time,rs-003374-fqltk,b87f08bc-04b5-436f-afc9-bf51202e00b2,2,3007.705534
2026/02/05/11:11:38,apply-time,rs-003374-h5n9v,59061579-aa2c-4189-b6db-b0330610c694,2,3007.705534
2026/02/05/11:11:38,running-time,rs-003374-h5n9v,59061579-aa2c-4189-b6db-b0330610c694,2,3007.705534
2026/02/05/11:11:40,apply-time,rs-003375-cv9jl,3e589b16-5382-478e-9b41-bd5f7e3f64da,1,3008.705534
2026/02/05/11:11:40,running-time,rs-003375-cv9jl,3e589b16-5382-478e-9b41-bd5f7e3f64da,1,3008.705534
2026/02/05/11:11:40,apply-time,rs-003376-9m5tk,22ffe518-fd4d-4d31-b1ad-e74c78b330c5,1,3008.705534
2026/02/05/11:11:40,running-time,rs-003376-9m5tk,22ffe518-fd4d-4d31-b1ad-e74c78b330c5,1,3008.705534
2026/02/05/11:11:40,apply-time,rs-003376-s4zlr,0c3d08ae-efa7-4776-b31a-8d3c25d16697,1,3008.705534
2026/02/05/11:11:40,running-time,rs-003376-s4zlr,0c3d08ae-efa7-4776-b31a-8d3c25d16697,1,3008.705534
2026/02/05/11:11:40,apply-time,rs-003376-xstvf,262d601d-71aa-43d4-bb4f-e7e8a775e630,1,3008.705534
2026/02/05/11:11:40,running-time,rs-003376-xstvf,262d601d-71aa-43d4-bb4f-e7e8a775e630,1,3008.705534
2026/02/05/11:11:40,apply-time,rs-003377-rgsld,659c3251-b159-4ed4-9b86-d412bbbb0e6f,2,3008.705534
2026/02/05/11:11:40,running-time,rs-003377-rgsld,659c3251-b159-4ed4-9b86-d412bbbb0e6f,2,3008.705534
2026/02/05/11:11:40,apply-time,rs-003378-srhzb,4a21734e-4b22-4cac-a02d-6368de1fdeeb,4,3008.705534
2026/02/05/11:11:40,running-time,rs-003378-srhzb,4a21734e-4b22-4cac-a02d-6368de1fdeeb,4,3008.705534
2026/02/05/11:11:40,apply-time,rs-003379-dshth,15b1d171-607d-4fe3-8104-e545cb40762c,4,3008.705534
2026/02/05/11:11:40,running-time,rs-003379-dshth,15b1d171-607d-4fe3-8104-e545cb40762c,4,3008.705534
2026/02/05/11:11:40,apply-time,rs-003379-wd5mf,667685c8-45af-4422-a9f4-cc6a30d29223,4,3008.705534
2026/02/05/11:11:40,running-time,rs-003379-wd5mf,667685c8-45af-4422-a9f4-cc6a30d29223,4,3008.705534
2026/02/05/11:11:40,apply-time,rs-003379-z65wx,fc3feff8-fd0f-4ff9-b2e9-a546ba93a676,4,3008.705534
2026/02/05/11:11:40,running-time,rs-003379-z65wx,fc3feff8-fd0f-4ff9-b2e9-a546ba93a676,4,3008.705534
2026/02/05/11:11:40,apply-time,rs-003380-w8jwj,b3df2f99-7e5f-4127-85ce-556fa260c5cd,1,3009.705534
2026/02/05/11:11:40,running-time,rs-003380-w8jwj,b3df2f99-7e5f-4127-85ce-556fa260c5cd,1,3009.705534
2026/02/05/11:11:40,apply-time,rs-003381-9l6qn,c9758791-dc95-4f11-b223-0836c5205f05,4,3009.705534
2026/02/05/11:11:40,running-time,rs-003381-9l6qn,c9758791-dc95-4f11-b223-0836c5205f05,4,3009.705534
2026/02/05/11:11:40,apply-time,rs-003382-fll96,2f5cc724-c8aa-4c6d-9d9e-f08581d70fef,1,3009.705534
2026/02/05/11:11:40,apply-time,rs-003382-t4m7v,88bc345b-5c99-4300-bd23-e64d7e964cb2,1,3009.705534
2026/02/05/11:11:40,running-time,rs-003382-t4m7v,88bc345b-5c99-4300-bd23-e64d7e964cb2,1,3009.705534
2026/02/05/11:11:40,apply-time,rs-003382-vh5jx,02b2d9e8-2216-41dd-af94-8cd76f1902e3,1,3009.705534
2026/02/05/11:11:40,running-time,rs-003382-vh5jx,02b2d9e8-2216-41dd-af94-8cd76f1902e3,1,3009.705534
2026/02/05/11:11:40,apply-time,rs-003383-zrphf,27a81554-2e59-4ff7-940a-ad7d2958b467,1,3009.705534
2026/02/05/11:11:40,running-time,rs-003383-zrphf,27a81554-2e59-4ff7-940a-ad7d2958b467,1,3009.705534
2026/02/05/11:11:41,apply-time,rs-003383-9fmw9,34744957-9a6e-48cc-8f08-5d4904f58c72,1,3009.705534
2026/02/05/11:11:41,running-time,rs-003383-9fmw9,34744957-9a6e-48cc-8f08-5d4904f58c72,1,3009.705534
2026/02/05/11:11:42,apply-time,rs-003384-z2ljn,39854211-e2e8-4b65-a7c3-02e7fa09abe6,3,3011.705534
2026/02/05/11:11:42,running-time,rs-003384-z2ljn,39854211-e2e8-4b65-a7c3-02e7fa09abe6,3,3011.705534
2026/02/05/11:11:42,apply-time,rs-003385-zmc9x,e9983ec0-8aa1-44e9-b79a-a3e9217d326b,2,3011.705534
2026/02/05/11:11:42,apply-time,rs-003385-zzjxl,703f840b-f64b-4e18-a0bd-8b6e8acd6dac,2,3011.705534
2026/02/05/11:11:42,apply-time,rs-003386-9mr6v,22c56d8f-b494-448a-bd10-8147a77b4fdb,1,3011.705534
2026/02/05/11:11:42,apply-time,rs-003387-8wqh4,23cf8312-6bca-41f6-8193-ff667322708d,3,3011.705534
2026/02/05/11:11:42,apply-time,rs-003387-l5bqt,601b7f06-e2af-47f2-a2aa-a50b80a7a6e3,3,3011.705534
2026/02/05/11:11:42,apply-time,rs-003387-qj97f,0ad29429-53e8-421a-acbe-b732ddd0b87d,3,3011.705534
2026/02/05/11:11:45,running-time,rs-003386-9mr6v,22c56d8f-b494-448a-bd10-8147a77b4fdb,1,3014.705534
2026/02/05/11:11:47,apply-time,rs-003388-gfww6,50c92564-19ad-4878-94fb-0735f202ebb1,1,3016.705534
2026/02/05/11:11:47,running-time,rs-003388-gfww6,50c92564-19ad-4878-94fb-0735f202ebb1,1,3016.705534
2026/02/05/11:11:47,apply-time,rs-003388-nf66p,7779d331-6118-41fa-af9d-25f0ff25e3ea,1,3016.705534
2026/02/05/11:11:47,apply-time,rs-003389-bpzkp,1cc4658b-2d0b-4dca-a942-2bd02ed9ed5f,2,3016.705534
2026/02/05/11:11:47,running-time,rs-003389-bpzkp,1cc4658b-2d0b-4dca-a942-2bd02ed9ed5f,2,3016.705534
2026/02/05/11:11:47,apply-time,rs-003389-d57k6,38cf2df4-115a-4134-9ed9-af4ebf2ddf37,2,3016.705534
2026/02/05/11:11:47,running-time,rs-003389-d57k6,38cf2df4-115a-4134-9ed9-af4ebf2ddf37,2,3016.705534
2026/02/05/11:11:49,running-time,rs-003388-nf66p,7779d331-6118-41fa-af9d-25f0ff25e3ea,1,3018.705534
2026/02/05/11:11:49,apply-time,rs-003390-mcgns,5d718961-9daa-4e22-ae39-5c2eb65b5a6b,1,3017.705534
2026/02/05/11:11:49,apply-time,rs-003390-qtbwr,fd46a1bd-73d3-4668-8990-8de85285bf16,1,3017.705534
2026/02/05/11:11:49,apply-time,rs-003391-tv6rr,08cbdab3-7b16-4172-90d4-9655e094e17c,2,3017.705534
2026/02/05/11:11:49,apply-time,rs-003391-v4wsh,758313d6-96f8-4b04-9f77-9ec71c5d90b2,2,3017.705534
2026/02/05/11:11:49,apply-time,rs-003391-vt9qj,c5f51ad7-d51b-4d4c-8fb1-02bd53e705e2,2,3017.705534
2026/02/05/11:11:49,apply-time,rs-003392-69wbg,a518fd69-8e3e-4c97-a6ad-1202973189e5,3,3017.705534
2026/02/05/11:11:49,running-time,rs-003392-69wbg,a518fd69-8e3e-4c97-a6ad-1202973189e5,3,3017.705534
2026/02/05/11:11:49,apply-time,rs-003393-8xgwj,f88c6305-a692-47bf-b71c-5978083c2e37,3,3017.705534
2026/02/05/11:11:49,apply-time,rs-003393-9fd8x,4c4a76e9-2966-4f0f-aeaa-79987f87763d,3,3017.705534
2026/02/05/11:11:49,apply-time,rs-003393-btvz6,9a010060-8ccf-47db-9059-e74bfdb10f4f,3,3017.705534
2026/02/05/11:11:59,running-time,rs-003347-7sbqr,23643e44-193d-447c-a8ec-0db0e99566b9,1,3028.705534
2026/02/05/11:12:02,apply-time,rs-003394-mwfbr,1da1dc17-64d4-412a-a0a3-d7f19dc36b4f,2,3031.705534
2026/02/05/11:12:02,running-time,rs-003394-mwfbr,1da1dc17-64d4-412a-a0a3-d7f19dc36b4f,2,3031.705534
2026/02/05/11:12:02,apply-time,rs-003394-ncpb2,0cdd1d8a-1a31-4ca6-ad18-7b74b89df15b,2,3031.705534
2026/02/05/11:12:02,running-time,rs-003394-ncpb2,0cdd1d8a-1a31-4ca6-ad18-7b74b89df15b,2,3031.705534
2026/02/05/11:12:02,apply-time,rs-003395-np5sx,b3b399bf-4131-4e92-b349-2d5dca843882,2,3031.705534
2026/02/05/11:12:02,running-time,rs-003395-np5sx,b3b399bf-4131-4e92-b349-2d5dca843882,2,3031.705534
2026/02/05/11:12:02,apply-time,rs-003396-kgc6p,f0c90aff-b809-4306-94d0-9a9b0b3305bb,2,3031.705534
2026/02/05/11:12:02,running-time,rs-003396-kgc6p,f0c90aff-b809-4306-94d0-9a9b0b3305bb,2,3031.705534
2026/02/05/11:12:02,apply-time,rs-003396-kk8vx,47e81b25-cae0-464c-839e-56584aa90828,2,3031.705534
2026/02/05/11:12:02,running-time,rs-003396-kk8vx,47e81b25-cae0-464c-839e-56584aa90828,2,3031.705534
2026/02/05/11:12:02,apply-time,rs-003397-fklm7,7d172d20-7f9e-4871-b1d2-edae3fb34fcd,4,3031.705534
2026/02/05/11:12:02,apply-time,rs-003397-ltpj8,70144130-f98f-41f3-aec3-28d3dba6b3bf,4,3031.705534
2026/02/05/11:12:02,running-time,rs-003397-ltpj8,70144130-f98f-41f3-aec3-28d3dba6b3bf,4,3031.705534
2026/02/05/11:12:02,apply-time,rs-003397-zgzqd,9ce487d8-f3c0-43d9-b4c1-2ef62fe87930,4,3031.705534
2026/02/05/11:12:02,apply-time,rs-003398-b77zd,ca3da409-d2b2-406b-ab01-7205e15271fe,1,3031.705534
2026/02/05/11:12:02,running-time,rs-003398-b77zd,ca3da409-d2b2-406b-ab01-7205e15271fe,1,3031.705534
2026/02/05/11:12:02,apply-time,rs-003398-rfdbh,f5c00a6a-4f66-4cc5-809f-52016071da56,1,3031.705534
2026/02/05/11:12:02,running-time,rs-003398-rfdbh,f5c00a6a-4f66-4cc5-809f-52016071da56,1,3031.705534
2026/02/05/11:12:02,apply-time,rs-003398-vs29d,36fedaa9-31c3-4be5-894d-03cf305d306f,1,3031.705534
2026/02/05/11:12:02,running-time,rs-003398-vs29d,36fedaa9-31c3-4be5-894d-03cf305d306f,1,3031.705534
2026/02/05/11:12:03,apply-time,rs-003399-g5z8r,1913344c-4c39-4186-84ea-13f8fcf777fc,1,3031.705534
2026/02/05/11:12:03,running-time,rs-003399-g5z8r,1913344c-4c39-4186-84ea-13f8fcf777fc,1,3031.705534
2026/02/05/11:12:03,apply-time,rs-003400-ds4xn,fde185ff-1a4d-4eef-b8b2-37a68996de5a,2,3031.705534
2026/02/05/11:12:03,running-time,rs-003400-ds4xn,fde185ff-1a4d-4eef-b8b2-37a68996de5a,2,3031.705534
2026/02/05/11:12:03,apply-time,rs-003400-md5dk,9337015a-e19f-4b67-9b47-8564a5ac3db3,2,3031.705534
2026/02/05/11:12:03,running-time,rs-003400-md5dk,9337015a-e19f-4b67-9b47-8564a5ac3db3,2,3031.705534
2026/02/05/11:12:03,apply-time,rs-003401-5jxzv,b4eaeed4-11ef-4d7a-8645-73f8c128b587,1,3031.705534
2026/02/05/11:12:03,running-time,rs-003401-5jxzv,b4eaeed4-11ef-4d7a-8645-73f8c128b587,1,3031.705534
2026/02/05/11:12:03,apply-time,rs-003401-ld75r,f4cc9cdc-434d-4831-9f06-5e2d6dd1e5a0,1,3032.705534
2026/02/05/11:12:03,apply-time,rs-003401-sbkdl,f3ce0069-98f3-4d33-9613-c277c47941cf,1,3031.705534
2026/02/05/11:12:03,apply-time,rs-003402-jx6dq,dd3c1497-d520-48a9-8cf4-28c53f0fec22,4,3032.705534
2026/02/05/11:12:03,running-time,rs-003402-jx6dq,dd3c1497-d520-48a9-8cf4-28c53f0fec22,4,3032.705534
2026/02/05/11:12:05,running-time,rs-003401-sbkdl,f3ce0069-98f3-4d33-9613-c277c47941cf,1,3033.705534
2026/02/05/11:12:05,apply-time,rs-003403-5c75f,bce8602a-c64a-41ba-91a0-6adda0cfb718,2,3034.705534
2026/02/05/11:12:05,running-time,rs-003403-5c75f,bce8602a-c64a-41ba-91a0-6adda0cfb718,2,3034.705534
2026/02/05/11:12:05,apply-time,rs-003403-flgft,53f5aa2e-152f-4430-851a-420fac54ddfe,2,3034.705534
2026/02/05/11:12:05,running-time,rs-003403-flgft,53f5aa2e-152f-4430-851a-420fac54ddfe,2,3034.705534
2026/02/05/11:12:05,apply-time,rs-003403-s9k6t,a574d2ae-7806-4bfa-aa00-f5ec5ca05001,2,3034.705534
2026/02/05/11:12:05,running-time,rs-003403-s9k6t,a574d2ae-7806-4bfa-aa00-f5ec5ca05001,2,3034.705534
2026/02/05/11:12:05,apply-time,rs-003404-qv7g8,cb9d3fea-7d91-417b-8c0a-001f823ef571,1,3034.705534
2026/02/05/11:12:05,apply-time,rs-003405-5j9m7,a1a26394-10ea-49f6-a000-21416752ed0f,1,3034.705534
2026/02/05/11:12:05,apply-time,rs-003405-flwkc,0dfebae3-9fe5-400f-847a-a2fdfad80331,1,3034.705534
2026/02/05/11:12:05,running-time,rs-003405-flwkc,0dfebae3-9fe5-400f-847a-a2fdfad80331,1,3034.705534
2026/02/05/11:12:05,apply-time,rs-003406-47sxk,294e7f65-760c-4ac5-b307-f2d175f37b72,2,3034.705534
2026/02/05/11:12:05,apply-time,rs-003406-lz7pd,c5d58c77-5d96-447a-ab8d-cca13e951870,2,3034.705534
2026/02/05/11:12:05,apply-time,rs-003407-mgtkv,4f33fd28-839a-4b14-a1b2-6e4c4c887d69,1,3034.705534
2026/02/05/11:12:05,running-time,rs-003407-mgtkv,4f33fd28-839a-4b14-a1b2-6e4c4c887d69,1,3034.705534
2026/02/05/11:12:05,apply-time,rs-003408-47snf,c179b411-47f3-4ddc-8c0c-6bf8d6d7fe47,1,3034.705534
2026/02/05/11:12:05,running-time,rs-003408-47snf,c179b411-47f3-4ddc-8c0c-6bf8d6d7fe47,1,3034.705534
2026/02/05/11:12:05,apply-time,rs-003408-bmzn2,df0d3b31-ce3f-4486-a09d-be6105f27eca,1,3034.705534
2026/02/05/11:12:05,running-time,rs-003408-bmzn2,df0d3b31-ce3f-4486-a09d-be6105f27eca,1,3034.705534
2026/02/05/11:12:06,running-time,rs-003405-5j9m7,a1a26394-10ea-49f6-a000-21416752ed0f,1,3035.705534
2026/02/05/11:12:06,apply-time,rs-003408-dg722,32034caa-f686-4c7f-a5de-8bbac0324b64,1,3034.705534
2026/02/05/11:12:06,running-time,rs-003408-dg722,32034caa-f686-4c7f-a5de-8bbac0324b64,1,3034.705534
2026/02/05/11:12:06,apply-time,rs-003409-ksvt6,f5a0631a-23a4-4dbe-b7be-7f7c59f05d07,1,3035.705534
2026/02/05/11:12:06,running-time,rs-003409-ksvt6,f5a0631a-23a4-4dbe-b7be-7f7c59f05d07,1,3035.705534
2026/02/05/11:12:06,apply-time,rs-003410-9qfxp,aee0ec4f-264c-43a3-97cb-ff09dfac1f83,4,3034.705534
2026/02/05/11:12:06,apply-time,rs-003410-gz8bh,4055b027-f678-497e-a153-474e29728805,4,3035.705534
2026/02/05/11:12:06,running-time,rs-003410-gz8bh,4055b027-f678-497e-a153-474e29728805,4,3035.705534
2026/02/05/11:12:06,apply-time,rs-003410-m6gnn,66e56894-085a-4b2e-8b0f-1f63a09459c3,4,3035.705534
2026/02/05/11:12:06,apply-time,rs-003411-8p6zg,6ec9f9ea-3d3f-4109-b731-7774f41365ac,2,3035.705534
2026/02/05/11:12:06,running-time,rs-003411-8p6zg,6ec9f9ea-3d3f-4109-b731-7774f41365ac,2,3035.705534
2026/02/05/11:12:06,apply-time,rs-003412-rqh7v,cefc7e2d-9458-4088-a4a4-5dbf86a652e8,1,3035.705534
2026/02/05/11:12:06,apply-time,rs-003412-snjxj,74e71fda-75f9-4348-b82b-47563389adae,1,3035.705534
2026/02/05/11:12:06,running-time,rs-003412-snjxj,74e71fda-75f9-4348-b82b-47563389adae,1,3035.705534
2026/02/05/11:12:07,running-time,rs-003412-rqh7v,cefc7e2d-9458-4088-a4a4-5dbf86a652e8,1,3036.705534
2026/02/05/11:12:07,apply-time,rs-003413-5zfcn,4c99b321-62d7-42fb-a556-16b90f523d15,4,3035.705534
2026/02/05/11:12:07,apply-time,rs-003413-njhjj,c7e795ea-8330-4392-bcb9-b6cfe5afccda,4,3036.705534
2026/02/05/11:12:07,running-time,rs-003413-njhjj,c7e795ea-8330-4392-bcb9-b6cfe5afccda,4,3036.705534
2026/02/05/11:12:07,apply-time,rs-003413-w4ghj,40b64cdd-09fd-4105-bdbe-2a79c92743d3,4,3035.705534
2026/02/05/11:12:07,running-time,rs-003413-w4ghj,40b64cdd-09fd-4105-bdbe-2a79c92743d3,4,3036.705534
2026/02/05/11:12:08,apply-time,rs-003414-kj25g,a7f4d5b1-b482-485e-9119-b2e483292b7f,3,3036.705534
2026/02/05/11:12:08,running-time,rs-003414-kj25g,a7f4d5b1-b482-485e-9119-b2e483292b7f,3,3036.705534
2026/02/05/11:12:08,apply-time,rs-003414-ls5hm,8356d81c-59e8-472b-a48c-5c1e796d2067,3,3036.705534
2026/02/05/11:12:08,running-time,rs-003414-ls5hm,8356d81c-59e8-472b-a48c-5c1e796d2067,3,3036.705534
2026/02/05/11:12:08,apply-time,rs-003414-qspkk,b637a5ce-85bc-4f55-b903-cdfaf09b8e9d,3,3036.705534
2026/02/05/11:12:08,running-time,rs-003414-qspkk,b637a5ce-85bc-4f55-b903-cdfaf09b8e9d,3,3036.705534
2026/02/05/11:12:08,apply-time,rs-003415-7tfhr,2756dfb6-c63c-4789-a880-043b365a3704,3,3037.705534
2026/02/05/11:12:08,apply-time,rs-003415-jl85f,ee217200-478c-408e-8334-8171e77b9ebe,3,3037.705534
2026/02/05/11:12:08,apply-time,rs-003415-ntg2b,a84c6908-21a7-4eb1-bbc4-67218debd8eb,3,3037.705534
2026/02/05/11:12:09,running-time,rs-003413-5zfcn,4c99b321-62d7-42fb-a556-16b90f523d15,4,3037.705534
2026/02/05/11:12:10,running-time,rs-003415-7tfhr,2756dfb6-c63c-4789-a880-043b365a3704,3,3039.705534
2026/02/05/11:12:10,running-time,rs-003415-jl85f,ee217200-478c-408e-8334-8171e77b9ebe,3,3039.705534
2026/02/05/11:12:11,running-time,rs-003401-ld75r,f4cc9cdc-434d-4831-9f06-5e2d6dd1e5a0,1,3040.705534
2026/02/05/11:12:11,running-time,rs-003410-m6gnn,66e56894-085a-4b2e-8b0f-1f63a09459c3,4,3040.705534
2026/02/05/11:12:14,apply-time,rs-003416-6hg4r,b365b97b-f917-44f1-82c6-385308274cf7,2,3042.705534
2026/02/05/11:12:14,running-time,rs-003416-6hg4r,b365b97b-f917-44f1-82c6-385308274cf7,2,3042.705534
2026/02/05/11:12:14,apply-time,rs-003416-7xpkc,d5a6c79e-2315-409b-bfd2-15597332b0a6,2,3042.705534
2026/02/05/11:12:14,running-time,rs-003416-7xpkc,d5a6c79e-2315-409b-bfd2-15597332b0a6,2,3042.705534
2026/02/05/11:12:14,apply-time,rs-003416-xv7d8,6948e0c0-f5cd-4310-8fb3-6ced90b15683,2,3042.705534
2026/02/05/11:12:14,apply-time,rs-003417-6d7d6,a61ebeab-78ed-4b1d-bb33-1c43379a653c,2,3043.705534
2026/02/05/11:12:14,running-time,rs-003417-6d7d6,a61ebeab-78ed-4b1d-bb33-1c43379a653c,2,3043.705534
2026/02/05/11:12:14,apply-time,rs-003417-wrzbf,51e821f8-5ded-43d6-9c1d-a075d06803bc,2,3043.705534
2026/02/05/11:12:14,running-time,rs-003417-wrzbf,51e821f8-5ded-43d6-9c1d-a075d06803bc,2,3043.705534
2026/02/05/11:12:14,apply-time,rs-003418-6ttr2,932a0b04-5c29-40e8-a085-04b1c999acb6,3,3043.705534
2026/02/05/11:12:14,running-time,rs-003418-6ttr2,932a0b04-5c29-40e8-a085-04b1c999acb6,3,3043.705534
2026/02/05/11:12:14,apply-time,rs-003418-7sm79,eaba67e6-7fc0-4e57-987e-dda0f96a7c64,3,3043.705534
2026/02/05/11:12:14,running-time,rs-003418-7sm79,eaba67e6-7fc0-4e57-987e-dda0f96a7c64,3,3043.705534
2026/02/05/11:12:14,apply-time,rs-003418-k47hw,7c24a70f-8346-4f5c-83e6-1eec7be5f2e3,3,3043.705534
2026/02/05/11:12:14,running-time,rs-003418-k47hw,7c24a70f-8346-4f5c-83e6-1eec7be5f2e3,3,3043.705534
2026/02/05/11:12:14,apply-time,rs-003419-b6xxm,01afca00-26af-45b5-98e0-4b2fee57f87f,1,3043.705534
2026/02/05/11:12:14,running-time,rs-003419-b6xxm,01afca00-26af-45b5-98e0-4b2fee57f87f,1,3043.705534
2026/02/05/11:12:14,apply-time,rs-003419-q8qpn,ec221921-f63a-4c6b-a71c-b08232b5d677,1,3043.705534
2026/02/05/11:12:14,running-time,rs-003419-q8qpn,ec221921-f63a-4c6b-a71c-b08232b5d677,1,3043.705534
2026/02/05/11:12:14,apply-time,rs-003420-s2wjq,0ec220aa-bc18-42a9-8d94-b76cdb34a5b4,4,3043.705534
2026/02/05/11:12:14,running-time,rs-003420-s2wjq,0ec220aa-bc18-42a9-8d94-b76cdb34a5b4,4,3043.705534
2026/02/05/11:12:14,apply-time,rs-003420-wm2mr,cad4d654-7a7c-4ff4-a19d-55fe90b3cb8d,4,3043.705534
2026/02/05/11:12:14,running-time,rs-003420-wm2mr,cad4d654-7a7c-4ff4-a19d-55fe90b3cb8d,4,3043.705534
2026/02/05/11:12:14,apply-time,rs-003420-z2blv,b5bb751a-99dd-48c3-9f8f-f3d93efa1852,4,3043.705534
2026/02/05/11:12:14,running-time,rs-003420-z2blv,b5bb751a-99dd-48c3-9f8f-f3d93efa1852,4,3043.705534
2026/02/05/11:12:14,apply-time,rs-003421-dsqkh,89bb8177-9f65-4d68-9ade-5b8744b04f09,4,3043.705534
2026/02/05/11:12:15,apply-time,rs-003421-fcrbl,203780fb-8e2e-40de-943e-6048673eb005,4,3043.705534
2026/02/05/11:12:15,apply-time,rs-003422-wk5lz,7270c832-39f9-4247-87f7-635be60099db,2,3043.705534
2026/02/05/11:12:15,apply-time,rs-003422-zpn6b,545378e5-7064-4d13-8584-cff98c91bb45,2,3043.705534
2026/02/05/11:12:15,apply-time,rs-003423-n76dr,f09477e3-08ff-4511-b884-81fd9be3f8fc,2,3043.705534
2026/02/05/11:12:15,apply-time,rs-003424-qw262,8c38e6c6-f679-4ea3-bd86-82d64cfe3b23,3,3044.705534
2026/02/05/11:12:15,apply-time,rs-003424-wh47g,3d732ff3-4e30-4d5a-bd89-2c50af9fadfd,3,3044.705534
2026/02/05/11:12:15,apply-time,rs-003425-whf2w,ad0327ea-067e-4985-9f81-0f30e29fa5e1,4,3044.705534
2026/02/05/11:12:15,apply-time,rs-003426-btvpd,d65f88a6-98ad-4804-9c65-a812b5d4e35d,1,3044.705534
2026/02/05/11:12:15,apply-time,rs-003427-w95jk,2874d111-bb5a-4489-8a40-5e5e03527a75,2,3044.705534
2026/02/05/11:12:16,apply-time,rs-003424-n7sw8,8369983c-0ab3-4ece-ac35-648cbd4fe8ca,3,3044.705534
2026/02/05/11:12:16,apply-time,rs-003425-pw7j4,81f30f5d-7b7e-41c9-ab25-8dda6aee1bd2,4,3044.705534
2026/02/05/11:12:16,apply-time,rs-003427-rthq7,c59adf4f-dcf6-45c0-8318-8a7099f89523,2,3044.705534
2026/02/05/11:12:16,apply-time,rs-003427-tl2n9,8474dde2-7436-4f87-b44d-32dd0fa31aaf,2,3044.705534
2026/02/05/11:12:16,apply-time,rs-003428-r6822,4068a06c-afd5-4343-b1ab-871cd59ee376,2,3044.705534
2026/02/05/11:12:16,apply-time,rs-003428-w6pwc,c9ec803b-395a-4d3b-bc04-5fc217cb43cd,2,3045.705534
2026/02/05/11:12:16,apply-time,rs-003429-t7k2b,873ec38f-28e7-4d5a-8728-3da6d72168c2,1,3045.705534
2026/02/05/11:12:16,apply-time,rs-003430-48phx,863762a8-2b2c-47bc-ad32-fb14404b5cd0,2,3045.705534
2026/02/05/11:12:16,apply-time,rs-003431-ld9zj,1b2f7c64-e78a-4372-ac0d-278432ac0f51,2,3045.705534
2026/02/05/11:12:16,apply-time,rs-003431-rh62j,b3274390-a4a2-4ee4-9a0f-6fb525bfc851,2,3045.705534
2026/02/05/11:12:16,apply-time,rs-003431-z6nxg,4e0cb59a-499d-47b4-b5d1-574a469faf5c,2,3045.705534
2026/02/05/11:12:16,apply-time,rs-003432-hgc2t,b13892f3-4411-4f0b-9c60-213dae8db553,1,3045.705534
2026/02/05/11:12:17,running-time,rs-003423-n76dr,f09477e3-08ff-4511-b884-81fd9be3f8fc,2,3046.705534
2026/02/05/11:12:17,running-time,rs-003425-pw7j4,81f30f5d-7b7e-41c9-ab25-8dda6aee1bd2,4,3046.705534
2026/02/05/11:12:17,running-time,rs-003425-whf2w,ad0327ea-067e-4985-9f81-0f30e29fa5e1,4,3046.705534
2026/02/05/11:12:17,running-time,rs-003429-t7k2b,873ec38f-28e7-4d5a-8728-3da6d72168c2,1,3046.705534
2026/02/05/11:12:17,apply-time,rs-003432-kczrm,d3a3dc88-8a2a-4d19-9766-75a67624fabd,1,3045.705534
2026/02/05/11:12:17,apply-time,rs-003433-6p5vd,3871d3e5-3ed3-428e-bd6e-ac98ca6e4138,2,3046.705534
2026/02/05/11:12:17,apply-time,rs-003433-8dxll,cda6e86a-6f55-4776-9eb6-cb994f979acd,2,3046.705534
2026/02/05/11:12:17,apply-time,rs-003433-l5h4q,00a195ef-83c4-4e49-8b28-6dc1437c8afa,2,3046.705534
2026/02/05/11:12:17,apply-time,rs-003434-rjdq4,936811e7-f358-4954-a1b3-4e505f2dfa04,3,3046.705534
2026/02/05/11:12:17,apply-time,rs-003434-t6vgl,c8d2857b-e006-43af-a963-abde43dd4505,3,3046.705534
2026/02/05/11:12:17,apply-time,rs-003435-67nx6,0d7ad4e2-52a6-43d4-9ef4-5f28c0bc3b04,4,3046.705534
2026/02/05/11:12:18,running-time,rs-003432-hgc2t,b13892f3-4411-4f0b-9c60-213dae8db553,1,3047.705534
2026/02/05/11:12:18,running-time,rs-003435-67nx6,0d7ad4e2-52a6-43d4-9ef4-5f28c0bc3b04,4,3046.705534
2026/02/05/11:12:18,apply-time,rs-003435-q5v82,0901e5b1-25b5-4a58-a181-e7de2e6ad57e,4,3046.705534
2026/02/05/11:12:18,running-time,rs-003435-q5v82,0901e5b1-25b5-4a58-a181-e7de2e6ad57e,4,3047.705534
2026/02/05/11:12:18,apply-time,rs-003437-5gtkm,9e4f6cd0-41f2-4882-b47e-3f46b53049fd,4,3047.705534
2026/02/05/11:12:18,running-time,rs-003437-5gtkm,9e4f6cd0-41f2-4882-b47e-3f46b53049fd,4,3047.705534
2026/02/05/11:12:18,apply-time,rs-003437-mmsfl,07e196e9-a53f-44cf-91d3-be662dbe616a,4,3046.705534
2026/02/05/11:12:18,running-time,rs-003437-mmsfl,07e196e9-a53f-44cf-91d3-be662dbe616a,4,3046.705534
2026/02/05/11:12:18,apply-time,rs-003437-n6q9d,0fec88f0-d691-4ea8-80f6-8620303ea4c2,4,3047.705534
2026/02/05/11:12:18,running-time,rs-003437-n6q9d,0fec88f0-d691-4ea8-80f6-8620303ea4c2,4,3047.705534
2026/02/05/11:12:18,apply-time,rs-003438-s4z65,40b7f0f2-dd50-4ed0-873a-a959c2cc9615,3,3047.705534
2026/02/05/11:12:18,running-time,rs-003438-s4z65,40b7f0f2-dd50-4ed0-873a-a959c2cc9615,3,3047.705534
2026/02/05/11:12:18,apply-time,rs-003439-c97f4,1384b351-9f90-4ac8-878c-10ba25fc9036,2,3047.705534
2026/02/05/11:12:18,running-time,rs-003439-c97f4,1384b351-9f90-4ac8-878c-10ba25fc9036,2,3047.705534
2026/02/05/11:12:18,apply-time,rs-003440-jvmsl,759c6ca5-c201-4ea5-ab6d-7525e93a26c2,1,3047.705534
2026/02/05/11:12:19,running-time,rs-003432-kczrm,d3a3dc88-8a2a-4d19-9766-75a67624fabd,1,3047.705534
2026/02/05/11:12:20,running-time,rs-003397-fklm7,7d172d20-7f9e-4871-b1d2-edae3fb34fcd,4,3049.705534
2026/02/05/11:12:21,running-time,rs-003433-8dxll,cda6e86a-6f55-4776-9eb6-cb994f979acd,2,3050.705534
2026/02/05/11:12:23,running-time,rs-003347-mzn6f,37afbbed-7ede-44d7-8c7e-a4068bbf7aaf,1,3052.705534
2026/02/05/11:12:23,running-time,rs-003426-btvpd,d65f88a6-98ad-4804-9c65-a812b5d4e35d,1,3052.705534
2026/02/05/11:12:28,apply-time,rs-003441-2tz9g,2225442f-5305-4414-af2e-02f13c12b303,1,3057.705534
2026/02/05/11:12:28,running-time,rs-003441-2tz9g,2225442f-5305-4414-af2e-02f13c12b303,1,3057.705534
2026/02/05/11:12:28,apply-time,rs-003441-cvq72,c5c5664b-6c6d-4c0e-a8b6-0b74d666c4e6,1,3057.705534
2026/02/05/11:12:28,running-time,rs-003441-cvq72,c5c5664b-6c6d-4c0e-a8b6-0b74d666c4e6,1,3057.705534
2026/02/05/11:12:29,apply-time,rs-003442-hvt7d,7c6e71d2-1680-425b-931f-cd9b9c1ef860,1,3058.705534
2026/02/05/11:12:30,running-time,rs-003442-hvt7d,7c6e71d2-1680-425b-931f-cd9b9c1ef860,1,3058.705534
2026/02/05/11:12:30,apply-time,rs-003443-swmcj,580b557b-15ab-458a-872e-80137402cc89,1,3058.705534
2026/02/05/11:12:30,running-time,rs-003443-swmcj,580b557b-15ab-458a-872e-80137402cc89,1,3058.705534
2026/02/05/11:12:30,apply-time,rs-003443-wv4m4,3b2575b4-bdc1-4dbd-a9cf-747713c491db,1,3058.705534
2026/02/05/11:12:30,running-time,rs-003443-wv4m4,3b2575b4-bdc1-4dbd-a9cf-747713c491db,1,3058.705534
2026/02/05/11:12:31,apply-time,rs-003444-cmgk7,c7356a53-6336-4c4f-933e-2bfc2fd684f7,1,3060.705534
2026/02/05/11:12:31,running-time,rs-003444-cmgk7,c7356a53-6336-4c4f-933e-2bfc2fd684f7,1,3060.705534
2026/02/05/11:12:35,apply-time,rs-003445-gpgpd,46b30e8f-0bd9-4ffa-b07f-71ff7959a614,1,3064.705534
2026/02/05/11:12:35,running-time,rs-003445-gpgpd,46b30e8f-0bd9-4ffa-b07f-71ff7959a614,1,3064.705534
2026/02/05/11:12:35,apply-time,rs-003446-nlpwb,105ec521-6b4f-4958-bafe-27b373fe9710,2,3064.705534
2026/02/05/11:12:35,running-time,rs-003446-nlpwb,105ec521-6b4f-4958-bafe-27b373fe9710,2,3064.705534
2026/02/05/11:12:35,apply-time,rs-003446-ztgvs,83faaa75-c62f-40b9-9d63-3ebd6b5b322f,2,3064.705534
2026/02/05/11:12:35,running-time,rs-003446-ztgvs,83faaa75-c62f-40b9-9d63-3ebd6b5b322f,2,3064.705534
2026/02/05/11:12:35,apply-time,rs-003447-w9zcj,97b416d9-4cdc-42a1-82ce-53b910af0cfc,2,3064.705534
2026/02/05/11:12:35,running-time,rs-003447-w9zcj,97b416d9-4cdc-42a1-82ce-53b910af0cfc,2,3064.705534
2026/02/05/11:12:35,apply-time,rs-003448-tgcp4,4c0512ee-3cec-4ef5-83fd-a62b58eaf6ed,4,3064.705534
2026/02/05/11:12:35,running-time,rs-003448-tgcp4,4c0512ee-3cec-4ef5-83fd-a62b58eaf6ed,4,3064.705534
2026/02/05/11:12:35,apply-time,rs-003449-9msdh,7a223682-c1a8-4b13-870e-933325a0456a,1,3064.705534
2026/02/05/11:12:35,running-time,rs-003449-9msdh,7a223682-c1a8-4b13-870e-933325a0456a,1,3064.705534
2026/02/05/11:12:35,apply-time,rs-003449-9xvzv,68100e6d-f2f8-4e9e-aa34-5a2e0b729c40,1,3064.705534
2026/02/05/11:12:35,running-time,rs-003449-9xvzv,68100e6d-f2f8-4e9e-aa34-5a2e0b729c40,1,3064.705534
2026/02/05/11:12:35,apply-time,rs-003450-b6s97,06752de6-83cd-493c-b618-b50497e81a13,2,3064.705534
2026/02/05/11:12:35,running-time,rs-003450-b6s97,06752de6-83cd-493c-b618-b50497e81a13,2,3064.705534
2026/02/05/11:12:35,apply-time,rs-003451-b64qg,68bbb109-2580-49cf-a000-7eedff328bc5,2,3064.705534
2026/02/05/11:12:35,running-time,rs-003451-b64qg,68bbb109-2580-49cf-a000-7eedff328bc5,2,3064.705534
2026/02/05/11:12:35,apply-time,rs-003452-mz6s5,7cd18150-a1e9-44cd-84ff-445cdb66ac8d,1,3064.705534
2026/02/05/11:12:36,apply-time,rs-003451-6jdbn,bdb38495-0df2-4146-abb1-ebe495076c08,2,3064.705534
2026/02/05/11:12:36,apply-time,rs-003451-glrcg,50854d93-2e07-4baa-9ba0-c944b6efc800,2,3064.705534
2026/02/05/11:12:36,running-time,rs-003451-glrcg,50854d93-2e07-4baa-9ba0-c944b6efc800,2,3065.705534
2026/02/05/11:12:36,running-time,rs-003452-mz6s5,7cd18150-a1e9-44cd-84ff-445cdb66ac8d,1,3065.705534
2026/02/05/11:12:36,apply-time,rs-003453-v96lz,d0b8adfe-e5c3-4fc6-a749-66f3aa71bc49,1,3065.705534
2026/02/05/11:12:36,apply-time,rs-003454-p5989,80329d78-21e3-431f-81ab-e390c512f5b4,3,3065.705534
2026/02/05/11:12:36,apply-time,rs-003455-pkjkl,2549f7cb-cd88-4c50-bfe0-199637cedbc4,1,3065.705534
2026/02/05/11:12:36,apply-time,rs-003456-f7dbt,9ed9bf27-5d3b-40b2-a3e0-9dd55ad4838b,2,3065.705534
2026/02/05/11:12:36,apply-time,rs-003456-fwj86,b5479377-addf-4994-9dfe-7c4d0b58d98d,2,3065.705534
2026/02/05/11:12:37,running-time,rs-003451-6jdbn,bdb38495-0df2-4146-abb1-ebe495076c08,2,3066.705534
2026/02/05/11:12:37,running-time,rs-003453-v96lz,d0b8adfe-e5c3-4fc6-a749-66f3aa71bc49,1,3066.705534
2026/02/05/11:12:37,running-time,rs-003455-pkjkl,2549f7cb-cd88-4c50-bfe0-199637cedbc4,1,3065.705534
2026/02/05/11:12:37,running-time,rs-003456-f7dbt,9ed9bf27-5d3b-40b2-a3e0-9dd55ad4838b,2,3066.705534
2026/02/05/11:12:37,apply-time,rs-003457-9kgb4,a705e8d6-4ce0-4d26-937a-9359ca876014,1,3065.705534
2026/02/05/11:12:37,running-time,rs-003457-9kgb4,a705e8d6-4ce0-4d26-937a-9359ca876014,1,3066.705534
2026/02/05/11:12:37,apply-time,rs-003457-brsdp,1a74cd33-9e53-41da-8423-374a1fe2a077,1,3066.705534
2026/02/05/11:12:37,running-time,rs-003457-brsdp,1a74cd33-9e53-41da-8423-374a1fe2a077,1,3066.705534
2026/02/05/11:12:39,running-time,rs-003454-p5989,80329d78-21e3-431f-81ab-e390c512f5b4,3,3068.705534
2026/02/05/11:12:40,running-time,rs-003456-fwj86,b5479377-addf-4994-9dfe-7c4d0b58d98d,2,3068.705534
2026/02/05/11:12:43,apply-time,rs-003458-q6w66,34acc105-a935-4704-ba38-6fde241502be,2,3072.705534
2026/02/05/11:12:43,apply-time,rs-003458-rtfcx,5827ba75-8267-4ec9-807f-ff47d8bda804,2,3072.705534
2026/02/05/11:12:43,running-time,rs-003458-rtfcx,5827ba75-8267-4ec9-807f-ff47d8bda804,2,3072.705534
2026/02/05/11:12:43,apply-time,rs-003459-d4qhp,3ea095b3-d211-4429-a79e-d6ce5621f993,3,3072.705534
2026/02/05/11:12:43,running-time,rs-003459-d4qhp,3ea095b3-d211-4429-a79e-d6ce5621f993,3,3072.705534
2026/02/05/11:12:43,apply-time,rs-003459-ff6sf,edc4de0e-1006-4f38-a287-6f647a643b8d,3,3072.705534
2026/02/05/11:12:43,running-time,rs-003459-ff6sf,edc4de0e-1006-4f38-a287-6f647a643b8d,3,3072.705534
2026/02/05/11:12:43,apply-time,rs-003459-snxl2,0fefdc22-1aaf-4d26-958e-52b5b955eb47,3,3072.705534
2026/02/05/11:12:43,running-time,rs-003459-snxl2,0fefdc22-1aaf-4d26-958e-52b5b955eb47,3,3072.705534
2026/02/05/11:12:43,apply-time,rs-003460-5nhnr,0d47bfa4-162b-4365-9adf-f9636cb8a441,3,3072.705534
2026/02/05/11:12:43,apply-time,rs-003461-6zsbt,b5b2802a-015d-4df9-97ae-e243ada9a741,4,3072.705534
2026/02/05/11:12:43,running-time,rs-003461-6zsbt,b5b2802a-015d-4df9-97ae-e243ada9a741,4,3072.705534
2026/02/05/11:12:43,apply-time,rs-003461-bpw86,0e4a38f3-1b56-4864-ac3d-5eec8e13a32d,4,3072.705534
2026/02/05/11:12:43,running-time,rs-003461-bpw86,0e4a38f3-1b56-4864-ac3d-5eec8e13a32d,4,3072.705534
2026/02/05/11:12:43,apply-time,rs-003461-hp452,70dc5108-492f-49fc-bae6-01ab52aacc54,4,3072.705534
2026/02/05/11:12:43,running-time,rs-003461-hp452,70dc5108-492f-49fc-bae6-01ab52aacc54,4,3072.705534
2026/02/05/11:12:43,apply-time,rs-003462-lmbwp,2906b2d6-4c8b-410f-91cd-6346d3af9efb,3,3072.705534
2026/02/05/11:12:43,running-time,rs-003462-lmbwp,2906b2d6-4c8b-410f-91cd-6346d3af9efb,3,3072.705534
2026/02/05/11:12:44,apply-time,rs-003463-5jt6v,d63b2d5e-c30f-4575-abdf-dc858560b2ca,3,3072.705534
2026/02/05/11:12:44,apply-time,rs-003464-4zkgt,3970d02b-cd94-4054-93de-bdd1a7c6dcd0,1,3073.705534
2026/02/05/11:12:44,apply-time,rs-003464-pt9rb,ef658da1-bab9-4964-87a7-d555e2bbb3bb,1,3073.705534
2026/02/05/11:12:44,apply-time,rs-003464-w24fm,10aa5678-9b87-46e3-9772-8d090aa8c15b,1,3073.705534
2026/02/05/11:12:44,apply-time,rs-003465-p9jcs,2895cc40-55a6-4506-9d12-bffefa244516,2,3072.705534
2026/02/05/11:12:44,apply-time,rs-003465-whc7c,272b112a-1aa1-4dfe-85c9-9f83b6f4431a,2,3073.705534
2026/02/05/11:12:44,apply-time,rs-003466-m2jff,45d8007b-2c5f-41ad-b27e-8883e3d24a18,1,3072.705534
2026/02/05/11:12:44,running-time,rs-003466-m2jff,45d8007b-2c5f-41ad-b27e-8883e3d24a18,1,3072.705534
2026/02/05/11:12:44,apply-time,rs-003467-jv84w,18ca43f0-5052-4dd2-a3ad-6ca09e35a3d3,4,3073.705534
2026/02/05/11:12:44,apply-time,rs-003467-tm6dm,435772a6-b173-430c-be2b-80828004751f,4,3073.705534
2026/02/05/11:12:44,running-time,rs-003467-tm6dm,435772a6-b173-430c-be2b-80828004751f,4,3073.705534
2026/02/05/11:12:44,apply-time,rs-003467-xfxrf,c1cfe4a6-7f32-4493-98c4-66e349fcdd9d,4,3073.705534
2026/02/05/11:12:44,apply-time,rs-003468-87mmj,0a969c79-540e-47aa-ae8e-9ebb5c5def27,1,3073.705534
2026/02/05/11:12:44,apply-time,rs-003469-j6mw7,d9fa6151-0cb8-44c9-bc7b-81b9156697df,2,3073.705534
2026/02/05/11:12:45,running-time,rs-003465-p9jcs,2895cc40-55a6-4506-9d12-bffefa244516,2,3074.705534
2026/02/05/11:12:45,apply-time,rs-003468-hr2xl,74b08987-3969-4a8d-8b27-eca172cb914d,1,3073.705534
2026/02/05/11:12:45,running-time,rs-003469-j6mw7,d9fa6151-0cb8-44c9-bc7b-81b9156697df,2,3073.705534
2026/02/05/11:12:45,apply-time,rs-003470-qb2mb,e2b1e080-afb3-480e-ab53-fd502b3e3085,4,3074.705534
2026/02/05/11:12:45,apply-time,rs-003470-xktgn,60140f67-f95b-447f-b9a2-0beef7482025,4,3074.705534
2026/02/05/11:12:45,running-time,rs-003470-xktgn,60140f67-f95b-447f-b9a2-0beef7482025,4,3074.705534
2026/02/05/11:12:45,apply-time,rs-003470-zkg8g,0df81cb8-51b2-4975-bd4f-89b93b3cc15b,4,3073.705534
2026/02/05/11:12:45,running-time,rs-003470-zkg8g,0df81cb8-51b2-4975-bd4f-89b93b3cc15b,4,3073.705534
2026/02/05/11:12:45,apply-time,rs-003471-4v2wf,1a2907be-00b6-4784-b99c-6a63eccb80cc,3,3074.705534
2026/02/05/11:12:45,apply-time,rs-003471-b8nxz,9cd6b02e-e1c9-4ab5-95bc-8731df9b1d9f,3,3074.705534
2026/02/05/11:12:45,apply-time,rs-003471-nwm9t,6b8845f5-59cf-4d3b-9fd2-d5a956c6ab4c,3,3074.705534
2026/02/05/11:12:45,apply-time,rs-003472-h8ds7,66f794fa-33b7-4443-b7de-a72089619a5e,2,3074.705534
2026/02/05/11:12:45,apply-time,rs-003472-qcr5z,a08773d1-d191-4402-b8d4-59e5e04a06b9,2,3074.705534
2026/02/05/11:12:45,running-time,rs-003472-qcr5z,a08773d1-d191-4402-b8d4-59e5e04a06b9,2,3074.705534
2026/02/05/11:12:45,apply-time,rs-003472-tpcml,faa9b3e8-3c0c-4ca8-b9fb-b9b9343dccd1,2,3074.705534
2026/02/05/11:12:45,apply-time,rs-003473-c275c,b7e80c71-cc55-4eb4-82ea-f3b9a2b4c599,3,3074.705534
2026/02/05/11:12:45,running-time,rs-003473-c275c,b7e80c71-cc55-4eb4-82ea-f3b9a2b4c599,3,3074.705534
2026/02/05/11:12:46,running-time,rs-003470-qb2mb,e2b1e080-afb3-480e-ab53-fd502b3e3085,4,3074.705534
2026/02/05/11:12:46,running-time,rs-003471-4v2wf,1a2907be-00b6-4784-b99c-6a63eccb80cc,3,3075.705534
2026/02/05/11:12:46,running-time,rs-003471-b8nxz,9cd6b02e-e1c9-4ab5-95bc-8731df9b1d9f,3,3074.705534
2026/02/05/11:12:46,running-time,rs-003472-h8ds7,66f794fa-33b7-4443-b7de-a72089619a5e,2,3075.705534
2026/02/05/11:12:46,running-time,rs-003472-tpcml,faa9b3e8-3c0c-4ca8-b9fb-b9b9343dccd1,2,3075.705534
2026/02/05/11:12:46,apply-time,rs-003473-fcdj9,801c38bd-b906-4eff-8773-6e02e4359ec2,3,3074.705534
2026/02/05/11:12:46,apply-time,rs-003473-t9c4z,de7316e5-a797-4c9f-9e9f-f1c2e432acba,3,3074.705534
2026/02/05/11:12:46,apply-time,rs-003475-qzk64,be39509f-a57c-4780-9c4f-c298d20f7c2b,3,3075.705534
2026/02/05/11:12:47,running-time,rs-003467-jv84w,18ca43f0-5052-4dd2-a3ad-6ca09e35a3d3,4,3076.705534
2026/02/05/11:12:47,running-time,rs-003467-xfxrf,c1cfe4a6-7f32-4493-98c4-66e349fcdd9d,4,3076.705534
2026/02/05/11:12:49,apply-time,rs-003476-kmd2j,f714f48f-1296-461b-9c84-7654b9b58c88,4,3078.705534
2026/02/05/11:12:49,apply-time,rs-003476-sk9g8,6d1339a8-11e5-43c8-b353-e7a513963634,4,3078.705534
2026/02/05/11:12:49,apply-time,rs-003477-khz8f,d161488c-1d60-42e3-b51a-f4c173161dd6,3,3078.705534
2026/02/05/11:12:49,apply-time,rs-003477-wnzs8,05ec8dae-ef37-4901-9354-8fd628edbeba,3,3078.705534
2026/02/05/11:12:49,apply-time,rs-003478-5lpqz,5a37b443-3257-45ca-bf34-229fe806cfc8,1,3078.705534
2026/02/05/11:12:49,running-time,rs-003478-5lpqz,5a37b443-3257-45ca-bf34-229fe806cfc8,1,3078.705534
2026/02/05/11:12:49,apply-time,rs-003479-67kn5,ed8fe2da-0069-4914-8e16-2364fdcc9c78,1,3078.705534
2026/02/05/11:12:49,apply-time,rs-003479-gcckr,dfb2a95e-c4a7-42b7-a242-4343281f2a10,1,3078.705534
2026/02/05/11:12:49,running-time,rs-003479-gcckr,dfb2a95e-c4a7-42b7-a242-4343281f2a10,1,3078.705534
2026/02/05/11:12:49,apply-time,rs-003479-zqm6x,563710f1-059a-448d-a2eb-dbcfe397895c,1,3078.705534
2026/02/05/11:12:49,running-time,rs-003479-zqm6x,563710f1-059a-448d-a2eb-dbcfe397895c,1,3078.705534
2026/02/05/11:12:49,apply-time,rs-003480-267tj,85a24b53-6e04-4b3d-ad63-425cb6492803,1,3078.705534
2026/02/05/11:12:49,running-time,rs-003480-267tj,85a24b53-6e04-4b3d-ad63-425cb6492803,1,3078.705534
2026/02/05/11:12:49,apply-time,rs-003480-8bn29,0e3d43e3-7b17-4779-93c4-df9adff63e5b,1,3078.705534
2026/02/05/11:12:49,running-time,rs-003480-8bn29,0e3d43e3-7b17-4779-93c4-df9adff63e5b,1,3078.705534
2026/02/05/11:12:49,apply-time,rs-003480-h856p,953038f4-8404-46cc-a707-5b7009484004,1,3078.705534
2026/02/05/11:12:49,running-time,rs-003480-h856p,953038f4-8404-46cc-a707-5b7009484004,1,3078.705534
2026/02/05/11:12:50,running-time,rs-003479-67kn5,ed8fe2da-0069-4914-8e16-2364fdcc9c78,1,3078.705534
2026/02/05/11:12:51,running-time,rs-003476-kmd2j,f714f48f-1296-461b-9c84-7654b9b58c88,4,3079.705534
2026/02/05/11:12:53,running-time,rs-003476-sk9g8,6d1339a8-11e5-43c8-b353-e7a513963634,4,3082.705534
2026/02/05/11:13:03,apply-time,rs-003481-8qwqc,66aa8964-a71c-4430-8e24-43d7ede1404c,2,3092.705534
2026/02/05/11:13:03,running-time,rs-003481-8qwqc,66aa8964-a71c-4430-8e24-43d7ede1404c,2,3092.705534
2026/02/05/11:13:03,apply-time,rs-003482-qgf4q,0559916c-e5ec-4ae9-b81e-009796352258,1,3092.705534
2026/02/05/11:13:03,apply-time,rs-003483-gh4sf,bf50984c-5ccb-4d5e-8d33-2e83bff34f0a,4,3092.705534
2026/02/05/11:13:03,running-time,rs-003483-gh4sf,bf50984c-5ccb-4d5e-8d33-2e83bff34f0a,4,3092.705534
2026/02/05/11:13:03,apply-time,rs-003483-z98pz,1700e9eb-16a7-457d-8b77-92ec20abe4e3,4,3092.705534
2026/02/05/11:13:03,running-time,rs-003483-z98pz,1700e9eb-16a7-457d-8b77-92ec20abe4e3,4,3092.705534
2026/02/05/11:13:03,apply-time,rs-003484-5pr84,b11b1829-f31c-428e-8426-1d7404e399f8,3,3092.705534
2026/02/05/11:13:03,running-time,rs-003484-5pr84,b11b1829-f31c-428e-8426-1d7404e399f8,3,3092.705534
2026/02/05/11:13:06,running-time,rs-003482-qgf4q,0559916c-e5ec-4ae9-b81e-009796352258,1,3095.705534
2026/02/05/11:13:09,apply-time,rs-003485-86ffj,5a35b2bc-f9c5-4fa7-bdf0-c580bc642d91,1,3097.705534
2026/02/05/11:13:09,running-time,rs-003485-86ffj,5a35b2bc-f9c5-4fa7-bdf0-c580bc642d91,1,3097.705534
2026/02/05/11:13:09,apply-time,rs-003485-cbwbl,39beb2c6-0388-4cc7-92c4-50d71ca0838a,1,3097.705534
2026/02/05/11:13:09,running-time,rs-003485-cbwbl,39beb2c6-0388-4cc7-92c4-50d71ca0838a,1,3097.705534
2026/02/05/11:13:09,apply-time,rs-003485-h6n9j,c696a433-2a17-499e-b303-96d4d182a991,1,3097.705534
2026/02/05/11:13:09,running-time,rs-003485-h6n9j,c696a433-2a17-499e-b303-96d4d182a991,1,3097.705534
2026/02/05/11:13:10,apply-time,rs-003486-25282,2d1f1a23-4902-473a-bbee-dc04ca88dda2,2,3098.705534
2026/02/05/11:13:10,apply-time,rs-003486-bx6gh,3d1bac81-ed92-4e98-b317-c41c401c98cf,2,3098.705534
2026/02/05/11:13:10,running-time,rs-003486-bx6gh,3d1bac81-ed92-4e98-b317-c41c401c98cf,2,3098.705534
2026/02/05/11:13:10,apply-time,rs-003486-rdzsm,3fee150a-11c0-4731-a07b-adf6e471f1da,2,3098.705534
2026/02/05/11:13:10,apply-time,rs-003487-hs6fd,649cb2eb-8713-4a9f-8246-b4afb576a8bc,2,3098.705534
2026/02/05/11:13:10,running-time,rs-003487-hs6fd,649cb2eb-8713-4a9f-8246-b4afb576a8bc,2,3098.705534
2026/02/05/11:13:10,apply-time,rs-003488-2x47f,795bcbe9-2d42-4948-84eb-d50cbb596d0d,4,3098.705534
2026/02/05/11:13:10,running-time,rs-003488-2x47f,795bcbe9-2d42-4948-84eb-d50cbb596d0d,4,3098.705534
2026/02/05/11:13:10,apply-time,rs-003488-l95r2,a9b87a85-a01a-413b-a6de-b8c473ae8f7b,4,3098.705534
2026/02/05/11:13:10,running-time,rs-003488-l95r2,a9b87a85-a01a-413b-a6de-b8c473ae8f7b,4,3098.705534
2026/02/05/11:13:10,apply-time,rs-003488-w8tv2,3e7ed4bf-6eed-4fd4-b763-2f93bd052031,4,3098.705534
2026/02/05/11:13:10,running-time,rs-003488-w8tv2,3e7ed4bf-6eed-4fd4-b763-2f93bd052031,4,3098.705534
2026/02/05/11:13:10,apply-time,rs-003489-7k87c,8c002ed3-2e38-44bf-bcfa-c247835709b8,3,3098.705534
2026/02/05/11:13:10,running-time,rs-003489-7k87c,8c002ed3-2e38-44bf-bcfa-c247835709b8,3,3098.705534
2026/02/05/11:13:10,apply-time,rs-003489-ff5tx,c8e90bfa-15c1-48e8-9552-1f81e308f0b1,3,3098.705534
2026/02/05/11:13:10,running-time,rs-003489-ff5tx,c8e90bfa-15c1-48e8-9552-1f81e308f0b1,3,3098.705534
2026/02/05/11:13:10,apply-time,rs-003489-qc5kv,9abb1216-b582-49a2-8941-fd3b7b5d92a5,3,3098.705534
2026/02/05/11:13:10,running-time,rs-003489-qc5kv,9abb1216-b582-49a2-8941-fd3b7b5d92a5,3,3098.705534
2026/02/05/11:13:13,running-time,rs-003486-rdzsm,3fee150a-11c0-4731-a07b-adf6e471f1da,2,3102.705534
2026/02/05/11:13:17,apply-time,rs-003490-fprrw,341dbcd1-48f0-41ec-a811-a6742dbd3570,1,3106.705534
2026/02/05/11:13:17,running-time,rs-003490-fprrw,341dbcd1-48f0-41ec-a811-a6742dbd3570,1,3106.705534
2026/02/05/11:13:17,apply-time,rs-003491-g5rkt,f95198c3-2fa4-434e-a8a6-1c40421d9d3d,3,3106.705534
2026/02/05/11:13:17,running-time,rs-003491-g5rkt,f95198c3-2fa4-434e-a8a6-1c40421d9d3d,3,3106.705534
2026/02/05/11:13:26,apply-time,rs-003492-kz7dp,90b5504d-6d0e-497b-92b5-a1f111bc1b44,2,3115.705534
2026/02/05/11:13:26,running-time,rs-003492-kz7dp,90b5504d-6d0e-497b-92b5-a1f111bc1b44,2,3115.705534
2026/02/05/11:13:26,apply-time,rs-003492-m67rn,fd856a9f-76ce-41b8-b8b1-cb5646edf1bf,2,3115.705534
2026/02/05/11:13:26,running-time,rs-003492-m67rn,fd856a9f-76ce-41b8-b8b1-cb5646edf1bf,2,3115.705534
2026/02/05/11:13:26,apply-time,rs-003492-s7frh,8fca64ac-9a7a-4476-ae4f-ac41109904f8,2,3115.705534
2026/02/05/11:13:26,running-time,rs-003492-s7frh,8fca64ac-9a7a-4476-ae4f-ac41109904f8,2,3115.705534
2026/02/05/11:13:26,apply-time,rs-003493-csjpq,505d42c5-89b2-4097-9307-0ec60861f065,4,3115.705534
2026/02/05/11:13:26,running-time,rs-003493-csjpq,505d42c5-89b2-4097-9307-0ec60861f065,4,3115.705534
2026/02/05/11:13:26,apply-time,rs-003493-hlffw,6db405ad-9184-4688-9467-8ccdcd08f8f6,4,3115.705534
2026/02/05/11:13:26,running-time,rs-003493-hlffw,6db405ad-9184-4688-9467-8ccdcd08f8f6,4,3115.705534
2026/02/05/11:13:26,apply-time,rs-003493-s77hk,b9b4bedf-770f-401f-ab7b-b7685c2477e7,4,3115.705534
2026/02/05/11:13:26,running-time,rs-003493-s77hk,b9b4bedf-770f-401f-ab7b-b7685c2477e7,4,3115.705534
2026/02/05/11:13:26,apply-time,rs-003494-9ljv7,dc62aea8-2fe7-4f83-90f5-2d5a82a90fa4,2,3115.705534
2026/02/05/11:13:26,running-time,rs-003494-9ljv7,dc62aea8-2fe7-4f83-90f5-2d5a82a90fa4,2,3115.705534
2026/02/05/11:13:26,apply-time,rs-003495-dwgc8,3d6a8750-6a41-4afd-882f-859dec214bfb,2,3115.705534
2026/02/05/11:13:26,running-time,rs-003495-dwgc8,3d6a8750-6a41-4afd-882f-859dec214bfb,2,3115.705534
2026/02/05/11:13:26,apply-time,rs-003495-vqnfp,ee7ee6f6-71cb-40c5-be99-3057314b3366,2,3115.705534
2026/02/05/11:13:26,running-time,rs-003495-vqnfp,ee7ee6f6-71cb-40c5-be99-3057314b3366,2,3115.705534
2026/02/05/11:13:27,apply-time,rs-003496-72ffp,33edcd56-9ef4-4415-8212-b3d06f5db521,4,3116.705534
2026/02/05/11:13:27,running-time,rs-003496-72ffp,33edcd56-9ef4-4415-8212-b3d06f5db521,4,3116.705534
2026/02/05/11:13:27,apply-time,rs-003497-lpmsn,3fbb2607-7992-4b6c-a981-7afeea1555af,2,3116.705534
2026/02/05/11:13:27,running-time,rs-003497-lpmsn,3fbb2607-7992-4b6c-a981-7afeea1555af,2,3116.705534
2026/02/05/11:13:27,apply-time,rs-003497-tx27b,4aea602b-fb4a-420b-9e20-ae3b27cb0ff5,2,3116.705534
2026/02/05/11:13:27,running-time,rs-003497-tx27b,4aea602b-fb4a-420b-9e20-ae3b27cb0ff5,2,3116.705534
2026/02/05/11:13:27,apply-time,rs-003497-xw92q,6aa9e703-3c7f-458a-b99d-43d504f1cde9,2,3116.705534
2026/02/05/11:13:27,running-time,rs-003497-xw92q,6aa9e703-3c7f-458a-b99d-43d504f1cde9,2,3116.705534
2026/02/05/11:13:27,apply-time,rs-003498-trbhl,1aac5e94-9067-4c72-9966-9eae24b2752c,1,3116.705534
2026/02/05/11:13:27,running-time,rs-003498-trbhl,1aac5e94-9067-4c72-9966-9eae24b2752c,1,3116.705534
2026/02/05/11:13:34,apply-time,rs-003499-7mz5c,90a5662b-32de-42b4-9d68-7f2856c27c4c,1,3123.705534
2026/02/05/11:13:34,apply-time,rs-003499-mz4c5,f9b5f44d-e53b-40aa-9471-f8fc5c1ac5f9,1,3122.705534
2026/02/05/11:13:34,apply-time,rs-003499-w4lf5,7a3ccb83-b546-4b2b-ba0f-9f1ee51b54c9,1,3123.705534
2026/02/05/11:13:34,apply-time,rs-003500-pglzp,63a3d36f-7711-4348-9183-ee52140975c0,2,3122.705534
2026/02/05/11:13:34,running-time,rs-003500-pglzp,63a3d36f-7711-4348-9183-ee52140975c0,2,3123.705534
2026/02/05/11:13:34,apply-time,rs-003501-6mbgm,ab05d8c6-d068-42a7-9d6c-119ab38fb889,1,3122.705534
2026/02/05/11:13:34,running-time,rs-003501-6mbgm,ab05d8c6-d068-42a7-9d6c-119ab38fb889,1,3123.705534
2026/02/05/11:13:34,apply-time,rs-003501-ss42k,9ef11e65-2678-4bcb-b1eb-d4ef2e376def,1,3122.705534
2026/02/05/11:13:34,running-time,rs-003501-ss42k,9ef11e65-2678-4bcb-b1eb-d4ef2e376def,1,3123.705534
2026/02/05/11:13:34,apply-time,rs-003501-tkgvn,cb71950e-cb60-426b-979e-f7c8331a5f97,1,3122.705534
2026/02/05/11:13:34,running-time,rs-003501-tkgvn,cb71950e-cb60-426b-979e-f7c8331a5f97,1,3123.705534
2026/02/05/11:13:34,apply-time,rs-003502-tl4rm,f2564cba-71a0-48f3-8edd-2d84b5959a3e,3,3123.705534
2026/02/05/11:13:34,running-time,rs-003502-tl4rm,f2564cba-71a0-48f3-8edd-2d84b5959a3e,3,3123.705534
2026/02/05/11:13:34,apply-time,rs-003503-sb8bd,89d7f6ed-ebd9-46c1-a039-02f7dc553b8c,1,3123.705534
2026/02/05/11:13:34,running-time,rs-003503-sb8bd,89d7f6ed-ebd9-46c1-a039-02f7dc553b8c,1,3123.705534
2026/02/05/11:13:34,apply-time,rs-003504-szmcn,f5bf08ab-d39e-4d57-a579-8674c95d2195,3,3123.705534
2026/02/05/11:13:34,running-time,rs-003504-szmcn,f5bf08ab-d39e-4d57-a579-8674c95d2195,3,3123.705534
2026/02/05/11:13:34,apply-time,rs-003505-8mx5q,ac5b1a81-6dc2-43b9-9af9-7d89f0dc06b2,4,3123.705534
2026/02/05/11:13:34,running-time,rs-003505-8mx5q,ac5b1a81-6dc2-43b9-9af9-7d89f0dc06b2,4,3123.705534
2026/02/05/11:13:35,apply-time,rs-003506-mlrcr,d23210f2-cb4a-4fce-8558-f9dca1e88765,2,3123.705534
2026/02/05/11:13:35,running-time,rs-003506-mlrcr,d23210f2-cb4a-4fce-8558-f9dca1e88765,2,3123.705534
2026/02/05/11:13:35,apply-time,rs-003507-8rfjv,d4dc0c2a-05ba-42d9-96df-e5b9d9cf1e6a,3,3123.705534
2026/02/05/11:13:35,running-time,rs-003507-8rfjv,d4dc0c2a-05ba-42d9-96df-e5b9d9cf1e6a,3,3123.705534
2026/02/05/11:13:35,apply-time,rs-003507-b5vgq,c352a03c-6889-4daf-a430-752ebb931701,3,3124.705534
2026/02/05/11:13:35,running-time,rs-003507-b5vgq,c352a03c-6889-4daf-a430-752ebb931701,3,3124.705534
2026/02/05/11:13:35,apply-time,rs-003507-vjcc8,4f97e110-aa56-4235-9777-2c67a9b912b5,3,3124.705534
2026/02/05/11:13:35,running-time,rs-003507-vjcc8,4f97e110-aa56-4235-9777-2c67a9b912b5,3,3124.705534
2026/02/05/11:13:35,apply-time,rs-003508-hl5bf,ac4a435d-e86c-479c-aa47-45b36b060056,4,3124.705534
2026/02/05/11:13:35,apply-time,rs-003509-f7795,d9ba81e1-974b-47d6-ac9c-deb3269b8a10,1,3124.705534
2026/02/05/11:13:35,apply-time,rs-003509-wmfwb,dcb08f4b-5aea-4997-9506-7836cbea0044,1,3124.705534
2026/02/05/11:13:35,apply-time,rs-003510-6dxd5,2d6f3347-165b-4e84-9281-50cb20329fb5,2,3124.705534
2026/02/05/11:13:35,running-time,rs-003510-6dxd5,2d6f3347-165b-4e84-9281-50cb20329fb5,2,3124.705534
2026/02/05/11:13:36,apply-time,rs-003510-bd28f,4551463f-f81e-4ed4-958a-e784cb93a2cb,2,3124.705534
2026/02/05/11:13:36,running-time,rs-003510-bd28f,4551463f-f81e-4ed4-958a-e784cb93a2cb,2,3124.705534
2026/02/05/11:13:36,apply-time,rs-003510-bd949,ed53b8f9-1a20-41c8-93e9-129b802ca6ab,2,3124.705534
2026/02/05/11:13:36,running-time,rs-003510-bd949,ed53b8f9-1a20-41c8-93e9-129b802ca6ab,2,3124.705534
2026/02/05/11:13:36,apply-time,rs-003511-jrzqh,d8f62c6f-728b-411a-884f-7fb77a10696d,1,3125.705534
2026/02/05/11:13:36,apply-time,rs-003511-kmvjb,b3e0cc43-a476-4fdc-9dcc-6756d19f73b5,1,3125.705534
2026/02/05/11:13:36,apply-time,rs-003511-p22ls,93008dcd-0eeb-4678-8559-19b4259d6a38,1,3125.705534
2026/02/05/11:13:36,apply-time,rs-003515-v5mmc,7280abd8-ee4f-4a9e-815b-2b61aae93f09,1,3125.705534
2026/02/05/11:13:37,running-time,rs-003509-wmfwb,dcb08f4b-5aea-4997-9506-7836cbea0044,1,3126.705534
2026/02/05/11:13:37,running-time,rs-003511-jrzqh,d8f62c6f-728b-411a-884f-7fb77a10696d,1,3125.705534
2026/02/05/11:13:37,running-time,rs-003511-kmvjb,b3e0cc43-a476-4fdc-9dcc-6756d19f73b5,1,3125.705534
2026/02/05/11:13:37,running-time,rs-003511-p22ls,93008dcd-0eeb-4678-8559-19b4259d6a38,1,3125.705534
2026/02/05/11:13:37,apply-time,rs-003512-r4hvc,acd66563-58e8-4ff9-8d74-80a6b75e2df5,1,3125.705534
2026/02/05/11:13:37,running-time,rs-003512-r4hvc,acd66563-58e8-4ff9-8d74-80a6b75e2df5,1,3126.705534
2026/02/05/11:13:37,apply-time,rs-003513-2dffr,d7da8d10-1ca5-476d-a86f-44d396272684,4,3126.705534
2026/02/05/11:13:37,running-time,rs-003513-2dffr,d7da8d10-1ca5-476d-a86f-44d396272684,4,3126.705534
2026/02/05/11:13:37,apply-time,rs-003514-gdb7j,ec6da641-a4dc-4bc3-b0d6-620009d6f024,4,3126.705534
2026/02/05/11:13:37,apply-time,rs-003514-w2pfg,4d07217c-60c8-4b3f-8aec-643da0c44212,4,3125.705534
2026/02/05/11:13:37,running-time,rs-003515-v5mmc,7280abd8-ee4f-4a9e-815b-2b61aae93f09,1,3125.705534
2026/02/05/11:13:38,running-time,rs-003509-f7795,d9ba81e1-974b-47d6-ac9c-deb3269b8a10,1,3127.705534
2026/02/05/11:13:40,apply-time,rs-003516-9bp94,793cb81a-49eb-4f5e-bd00-b9869667fa6a,1,3129.705534
2026/02/05/11:13:40,running-time,rs-003516-9bp94,793cb81a-49eb-4f5e-bd00-b9869667fa6a,1,3129.705534
2026/02/05/11:13:40,apply-time,rs-003516-f785v,88d238b9-d36a-4bd7-a67d-2357bc6751ad,1,3129.705534
2026/02/05/11:13:40,running-time,rs-003516-f785v,88d238b9-d36a-4bd7-a67d-2357bc6751ad,1,3129.705534
2026/02/05/11:13:40,apply-time,rs-003516-zwsh9,dd6713ac-16b3-4555-b508-ae015c7c4b1e,1,3129.705534
2026/02/05/11:13:40,running-time,rs-003516-zwsh9,dd6713ac-16b3-4555-b508-ae015c7c4b1e,1,3129.705534
2026/02/05/11:13:40,apply-time,rs-003517-k5rnv,ddcba11f-79f3-4d27-b722-498381202091,1,3129.705534
2026/02/05/11:13:40,running-time,rs-003517-k5rnv,ddcba11f-79f3-4d27-b722-498381202091,1,3129.705534
2026/02/05/11:13:40,apply-time,rs-003518-bxvdm,9fdf38d9-7f37-4ec6-9127-a9964760e7e7,3,3129.705534
2026/02/05/11:13:40,apply-time,rs-003518-c799g,1f0e3b20-224b-4d89-9854-9d77dd888ea8,3,3129.705534
2026/02/05/11:13:40,apply-time,rs-003519-8k9pw,35f542b8-68ad-47cd-a07a-cf213f760653,2,3129.705534
2026/02/05/11:13:40,apply-time,rs-003519-sppb7,06a7e3f4-c774-4d1d-b6a1-73d4114db17c,2,3129.705534
2026/02/05/11:13:40,apply-time,rs-003519-sw9xv,bf04d274-082f-4187-a5ab-4f189c37206b,2,3129.705534
2026/02/05/11:13:40,running-time,rs-003519-sw9xv,bf04d274-082f-4187-a5ab-4f189c37206b,2,3129.705534
2026/02/05/11:13:42,running-time,rs-003518-bxvdm,9fdf38d9-7f37-4ec6-9127-a9964760e7e7,3,3130.705534
2026/02/05/11:13:42,running-time,rs-003519-8k9pw,35f542b8-68ad-47cd-a07a-cf213f760653,2,3130.705534
2026/02/05/11:13:42,running-time,rs-003519-sppb7,06a7e3f4-c774-4d1d-b6a1-73d4114db17c,2,3131.705534
2026/02/05/11:13:43,running-time,rs-003518-c799g,1f0e3b20-224b-4d89-9854-9d77dd888ea8,3,3131.705534
2026/02/05/11:13:51,apply-time,rs-003520-9cwnp,7b8b95ef-3e6e-463a-a533-e826ddbc1f78,1,3139.705534
2026/02/05/11:13:51,apply-time,rs-003520-9jcrc,bcf67c05-32a0-4c7f-b610-85a7bab525ad,1,3139.705534
2026/02/05/11:13:51,running-time,rs-003520-9jcrc,bcf67c05-32a0-4c7f-b610-85a7bab525ad,1,3139.705534
2026/02/05/11:13:51,apply-time,rs-003520-9mhrd,1861a340-428f-41d1-b46d-f310fdea442e,1,3139.705534
2026/02/05/11:13:51,running-time,rs-003520-9mhrd,1861a340-428f-41d1-b46d-f310fdea442e,1,3139.705534
2026/02/05/11:13:51,apply-time,rs-003521-7lt82,3381d49d-105c-490e-801a-72d62dd9f777,4,3140.705534
2026/02/05/11:13:51,running-time,rs-003521-7lt82,3381d49d-105c-490e-801a-72d62dd9f777,4,3140.705534
2026/02/05/11:13:51,apply-time,rs-003521-cjmwx,73f86ebf-9d91-4cde-a12b-b20166ac64b5,4,3140.705534
2026/02/05/11:13:51,apply-time,rs-003521-vh6nm,ccba86dd-52ed-4c68-b3dc-2ce57f210b26,4,3140.705534
2026/02/05/11:13:51,apply-time,rs-003522-gg975,3e7ecfc3-b64e-4cb6-a47f-af003bb31f28,2,3140.705534
2026/02/05/11:13:51,running-time,rs-003522-gg975,3e7ecfc3-b64e-4cb6-a47f-af003bb31f28,2,3140.705534
2026/02/05/11:13:51,apply-time,rs-003523-5n8x2,fd108d49-d30d-4366-aeaf-89c3c48a3ab5,1,3140.705534
2026/02/05/11:13:51,running-time,rs-003523-5n8x2,fd108d49-d30d-4366-aeaf-89c3c48a3ab5,1,3140.705534
2026/02/05/11:13:51,apply-time,rs-003523-6hzg2,922cc5b3-e30b-4001-9d68-e53238f26840,1,3140.705534
2026/02/05/11:13:51,running-time,rs-003523-6hzg2,922cc5b3-e30b-4001-9d68-e53238f26840,1,3140.705534
2026/02/05/11:13:51,apply-time,rs-003524-5x5nw,07d2ba97-7c30-4b97-90e0-01ff40d2f36b,3,3140.705534
2026/02/05/11:13:51,running-time,rs-003524-5x5nw,07d2ba97-7c30-4b97-90e0-01ff40d2f36b,3,3140.705534
2026/02/05/11:13:51,apply-time,rs-003524-6956m,51671085-2fe9-40fd-b25d-e31d2be0505c,3,3140.705534
2026/02/05/11:13:51,running-time,rs-003524-6956m,51671085-2fe9-40fd-b25d-e31d2be0505c,3,3140.705534
2026/02/05/11:13:51,apply-time,rs-003524-tfvbb,032ca5f5-d6a8-4cda-a4c2-d527e13a6009,3,3140.705534
2026/02/05/11:13:51,running-time,rs-003524-tfvbb,032ca5f5-d6a8-4cda-a4c2-d527e13a6009,3,3140.705534
2026/02/05/11:13:51,apply-time,rs-003525-jtmgd,dce8d79f-f331-41d2-8298-056066b0f243,2,3140.705534
2026/02/05/11:13:51,running-time,rs-003525-jtmgd,dce8d79f-f331-41d2-8298-056066b0f243,2,3140.705534
2026/02/05/11:13:51,apply-time,rs-003526-59dqt,f67f0773-1eaa-46c9-a320-06022c5a85c5,1,3140.705534
2026/02/05/11:13:51,running-time,rs-003526-59dqt,f67f0773-1eaa-46c9-a320-06022c5a85c5,1,3140.705534
2026/02/05/11:13:51,apply-time,rs-003527-stq7q,9c3ff2c1-1d4c-45e5-9fca-eccf8237010c,4,3140.705534
2026/02/05/11:13:51,apply-time,rs-003528-t2sch,ae1cafd4-76f7-40ff-817c-2ea2fc80ef12,2,3140.705534
2026/02/05/11:13:52,apply-time,rs-003526-jcmxg,0363fa9e-9666-4e96-8367-63697f0b0ed2,1,3140.705534
2026/02/05/11:13:52,running-time,rs-003526-jcmxg,0363fa9e-9666-4e96-8367-63697f0b0ed2,1,3140.705534
2026/02/05/11:13:52,apply-time,rs-003527-z54bp,d6891675-5d01-4e21-ab85-e716c71d6084,4,3140.705534
2026/02/05/11:13:52,apply-time,rs-003528-krf8r,670d891f-3189-47da-a100-e536b0e6243f,2,3140.705534
2026/02/05/11:13:52,apply-time,rs-003529-ghb2q,8fd7492f-b42b-4523-96a6-a67420e00640,2,3140.705534
2026/02/05/11:13:52,running-time,rs-003529-ghb2q,8fd7492f-b42b-4523-96a6-a67420e00640,2,3140.705534
2026/02/05/11:13:52,apply-time,rs-003529-mv2cd,2d74566f-6660-41c8-bf10-14c2f41ac7b3,2,3141.705534
2026/02/05/11:13:52,running-time,rs-003529-mv2cd,2d74566f-6660-41c8-bf10-14c2f41ac7b3,2,3141.705534
2026/02/05/11:13:52,apply-time,rs-003530-pnt5x,5d538d3f-867a-4d8b-973d-f56e2fd7d608,1,3140.705534
2026/02/05/11:13:52,apply-time,rs-003531-jhr8l,2fc4f83d-2cb0-4923-87a4-7f08723b91df,2,3141.705534
2026/02/05/11:13:52,apply-time,rs-003532-jvbdn,de7f64fe-c85e-46aa-9d14-c2cfcd93f9ad,1,3141.705534
2026/02/05/11:13:52,running-time,rs-003532-jvbdn,de7f64fe-c85e-46aa-9d14-c2cfcd93f9ad,1,3141.705534
2026/02/05/11:13:52,apply-time,rs-003533-68rzc,705ad997-1789-4b9c-aac0-dd97625b8d46,3,3141.705534
2026/02/05/11:13:52,running-time,rs-003533-68rzc,705ad997-1789-4b9c-aac0-dd97625b8d46,3,3141.705534
2026/02/05/11:13:52,apply-time,rs-003534-sctjf,6e19a0e4-a588-4deb-a18d-a160f77b8746,4,3141.705534
2026/02/05/11:13:53,apply-time,rs-003532-66sbj,d9fb6489-f6e1-44c2-bdb6-699367fb9664,1,3141.705534
2026/02/05/11:13:53,running-time,rs-003532-66sbj,d9fb6489-f6e1-44c2-bdb6-699367fb9664,1,3141.705534
2026/02/05/11:13:53,apply-time,rs-003534-kc449,d6ac1105-8694-4133-9e54-a6b729de9976,4,3141.705534
2026/02/05/11:13:53,apply-time,rs-003535-86tg7,8ed2e37e-bc10-42d2-b4f4-f7bc626b3597,3,3142.705534
2026/02/05/11:13:53,running-time,rs-003535-86tg7,8ed2e37e-bc10-42d2-b4f4-f7bc626b3597,3,3142.705534
2026/02/05/11:13:54,running-time,rs-003528-t2sch,ae1cafd4-76f7-40ff-817c-2ea2fc80ef12,2,3143.705534
2026/02/05/11:13:54,running-time,rs-003531-jhr8l,2fc4f83d-2cb0-4923-87a4-7f08723b91df,2,3142.705534
2026/02/05/11:13:54,apply-time,rs-003535-2s9qr,99a5a396-ff3e-4af4-82e0-2e6a9a20eb84,3,3142.705534
2026/02/05/11:13:54,running-time,rs-003535-2s9qr,99a5a396-ff3e-4af4-82e0-2e6a9a20eb84,3,3142.705534
2026/02/05/11:13:54,apply-time,rs-003536-75xxx,2b383046-4e66-4e41-8e33-6e9fe11d0a90,1,3142.705534
2026/02/05/11:13:54,apply-time,rs-003536-tll4n,441720e4-343f-4d9c-9f85-acd9cc92cd92,1,3143.705534
2026/02/05/11:13:54,apply-time,rs-003537-rgf6z,15a1ec06-e0ef-45a1-a5b0-54def62bb4fb,3,3142.705534
2026/02/05/11:13:54,running-time,rs-003537-rgf6z,15a1ec06-e0ef-45a1-a5b0-54def62bb4fb,3,3142.705534
2026/02/05/11:13:54,apply-time,rs-003538-2rfpn,fed50931-2ba2-4372-b666-7101cc49c66e,3,3143.705534
2026/02/05/11:13:54,running-time,rs-003538-2rfpn,fed50931-2ba2-4372-b666-7101cc49c66e,3,3143.705534
2026/02/05/11:13:54,apply-time,rs-003538-nfnx4,234758d2-da4c-4bfb-9a13-d777a01257b1,3,3142.705534
2026/02/05/11:13:54,running-time,rs-003538-nfnx4,234758d2-da4c-4bfb-9a13-d777a01257b1,3,3142.705534
2026/02/05/11:13:54,apply-time,rs-003538-qjm9v,3af7776b-17a9-4498-a593-d3cd8af29d8b,3,3143.705534
2026/02/05/11:13:54,running-time,rs-003538-qjm9v,3af7776b-17a9-4498-a593-d3cd8af29d8b,3,3143.705534
2026/02/05/11:13:54,apply-time,rs-003539-4ls74,6ba5fe6d-86c8-4d98-9289-72cb608583d8,2,3143.705534
2026/02/05/11:13:54,apply-time,rs-003539-wzd8g,0a5fdfc0-1251-40d3-9065-08c26e187129,2,3142.705534
2026/02/05/11:13:54,apply-time,rs-003540-2j8zr,c3965376-86e3-4ecf-ba3b-38298fc5f8c5,4,3143.705534
2026/02/05/11:13:54,running-time,rs-003540-2j8zr,c3965376-86e3-4ecf-ba3b-38298fc5f8c5,4,3143.705534
2026/02/05/11:13:54,apply-time,rs-003540-gwpwt,53d1a88a-081a-4d33-b484-40e9398454e9,4,3143.705534
2026/02/05/11:13:54,apply-time,rs-003541-wbkmb,247d2255-cc68-4899-9156-9bdf26db9c48,3,3143.705534
2026/02/05/11:13:54,running-time,rs-003541-wbkmb,247d2255-cc68-4899-9156-9bdf26db9c48,3,3143.705534
2026/02/05/11:13:55,running-time,rs-003540-gwpwt,53d1a88a-081a-4d33-b484-40e9398454e9,4,3143.705534
2026/02/05/11:13:55,apply-time,rs-003542-q2gnj,e1700978-d3b2-48f8-b4b1-cb9736c53d7b,2,3143.705534
2026/02/05/11:13:56,running-time,rs-003542-q2gnj,e1700978-d3b2-48f8-b4b1-cb9736c53d7b,2,3144.705534
2026/02/05/11:13:57,running-time,rs-003539-4ls74,6ba5fe6d-86c8-4d98-9289-72cb608583d8,2,3146.705534
2026/02/05/11:13:58,apply-time,rs-003543-j7t76,4f22c7d9-6728-4b86-a0f5-318e7ee732a1,2,3146.705534
2026/02/05/11:13:58,running-time,rs-003543-j7t76,4f22c7d9-6728-4b86-a0f5-318e7ee732a1,2,3146.705534
2026/02/05/11:13:58,apply-time,rs-003543-v6jb2,f82e94b7-b784-4887-bf0b-abbe39277280,2,3146.705534
2026/02/05/11:13:58,running-time,rs-003543-v6jb2,f82e94b7-b784-4887-bf0b-abbe39277280,2,3147.705534
2026/02/05/11:13:58,apply-time,rs-003544-kpz2f,51401c06-cd49-42d8-a747-b39c12cdfcc6,3,3146.705534
2026/02/05/11:13:58,running-time,rs-003544-kpz2f,51401c06-cd49-42d8-a747-b39c12cdfcc6,3,3146.705534
2026/02/05/11:13:58,apply-time,rs-003545-w227h,05ef6e65-0f98-4c83-939d-ee922f2d19f9,3,3147.705534
2026/02/05/11:13:58,running-time,rs-003545-w227h,05ef6e65-0f98-4c83-939d-ee922f2d19f9,3,3147.705534
2026/02/05/11:13:58,apply-time,rs-003546-bc529,e2d4828f-0736-42dd-83f7-f0a380b2c092,3,3146.705534
2026/02/05/11:13:58,running-time,rs-003546-bc529,e2d4828f-0736-42dd-83f7-f0a380b2c092,3,3147.705534
2026/02/05/11:13:58,apply-time,rs-003546-ktfv8,9fcf7bd3-254d-4f31-86fb-a3b8390033ba,3,3147.705534
2026/02/05/11:13:58,running-time,rs-003546-ktfv8,9fcf7bd3-254d-4f31-86fb-a3b8390033ba,3,3147.705534
2026/02/05/11:14:00,apply-time,rs-003547-ghsd6,d23f1026-cf9f-4e1f-b14d-bc8b6875bfb0,1,3149.705534
2026/02/05/11:14:00,running-time,rs-003547-ghsd6,d23f1026-cf9f-4e1f-b14d-bc8b6875bfb0,1,3149.705534
2026/02/05/11:14:00,apply-time,rs-003547-qptw4,c8a56686-ffde-4bef-a3f8-c2cd0ded7319,1,3149.705534
2026/02/05/11:14:00,running-time,rs-003547-qptw4,c8a56686-ffde-4bef-a3f8-c2cd0ded7319,1,3149.705534
2026/02/05/11:14:00,apply-time,rs-003548-cqh5k,451b1ff9-5e07-4929-814f-7e21fd47f120,3,3149.705534
2026/02/05/11:14:00,running-time,rs-003548-cqh5k,451b1ff9-5e07-4929-814f-7e21fd47f120,3,3149.705534
2026/02/05/11:14:03,apply-time,rs-003549-fzwsp,21300fb3-f18d-4a32-b612-914c18649a07,4,3152.705534
2026/02/05/11:14:03,running-time,rs-003549-fzwsp,21300fb3-f18d-4a32-b612-914c18649a07,4,3152.705534
2026/02/05/11:14:03,apply-time,rs-003549-rmm52,fa1046ba-9c15-44c8-9384-3d67bb569437,4,3152.705534
2026/02/05/11:14:03,running-time,rs-003549-rmm52,fa1046ba-9c15-44c8-9384-3d67bb569437,4,3152.705534
2026/02/05/11:14:03,apply-time,rs-003549-tmjxq,ad7f7d42-0356-4b1c-b9fe-974578d55da0,4,3152.705534
2026/02/05/11:14:03,running-time,rs-003549-tmjxq,ad7f7d42-0356-4b1c-b9fe-974578d55da0,4,3152.705534
2026/02/05/11:14:03,apply-time,rs-003550-6zdht,3f47a9c5-e3b2-48bc-b3af-797425e56422,1,3152.705534
2026/02/05/11:14:03,running-time,rs-003550-6zdht,3f47a9c5-e3b2-48bc-b3af-797425e56422,1,3152.705534
2026/02/05/11:14:03,apply-time,rs-003551-2lqpg,9015d878-7f29-4e24-8bd7-c67e4cec4aaf,4,3152.705534
2026/02/05/11:14:03,running-time,rs-003551-2lqpg,9015d878-7f29-4e24-8bd7-c67e4cec4aaf,4,3152.705534
2026/02/05/11:14:03,apply-time,rs-003551-69tvg,48b0038f-105a-48f0-85e8-21c895985820,4,3152.705534
2026/02/05/11:14:03,running-time,rs-003551-69tvg,48b0038f-105a-48f0-85e8-21c895985820,4,3152.705534
2026/02/05/11:14:03,apply-time,rs-003551-6f6fv,7c9df80e-6996-4deb-ae78-9c057898b76c,4,3152.705534
2026/02/05/11:14:03,running-time,rs-003551-6f6fv,7c9df80e-6996-4deb-ae78-9c057898b76c,4,3152.705534
2026/02/05/11:14:03,apply-time,rs-003552-2v2fd,629142d3-fedb-4e8f-9013-a20721d8ae44,3,3152.705534
2026/02/05/11:14:03,apply-time,rs-003552-8wpsm,cf7b69be-e5f4-46b6-b0b4-ee9628ae6ff1,3,3152.705534
2026/02/05/11:14:03,running-time,rs-003552-8wpsm,cf7b69be-e5f4-46b6-b0b4-ee9628ae6ff1,3,3152.705534
2026/02/05/11:14:03,apply-time,rs-003553-p25cs,ff92f9d0-5dca-49de-a45a-3416a25903e5,2,3152.705534
2026/02/05/11:14:03,running-time,rs-003553-p25cs,ff92f9d0-5dca-49de-a45a-3416a25903e5,2,3152.705534
2026/02/05/11:14:03,apply-time,rs-003553-wcbjj,3452ed25-af5c-4013-837a-8a4744608b25,2,3152.705534
2026/02/05/11:14:04,apply-time,rs-003554-2psb9,03aa3d9d-dc2a-46be-878a-db1cf9c8d090,2,3153.705534
2026/02/05/11:14:04,running-time,rs-003554-2psb9,03aa3d9d-dc2a-46be-878a-db1cf9c8d090,2,3153.705534
2026/02/05/11:14:04,apply-time,rs-003554-pr7q5,69b21f82-85da-4eed-8cc4-e675ae89df4c,2,3153.705534
2026/02/05/11:14:04,running-time,rs-003554-pr7q5,69b21f82-85da-4eed-8cc4-e675ae89df4c,2,3153.705534
2026/02/05/11:14:04,apply-time,rs-003554-qffx5,a60ed664-3f08-4395-ae98-27de552db46b,2,3152.705534
2026/02/05/11:14:04,running-time,rs-003554-qffx5,a60ed664-3f08-4395-ae98-27de552db46b,2,3152.705534
2026/02/05/11:14:04,apply-time,rs-003555-7ds8c,1773e052-0d8b-46dc-94a5-cd648fcf5f92,2,3152.705534
2026/02/05/11:14:04,running-time,rs-003555-7ds8c,1773e052-0d8b-46dc-94a5-cd648fcf5f92,2,3152.705534
2026/02/05/11:14:04,apply-time,rs-003555-f2vbv,368836a9-4286-4181-ae21-c242cf51a28b,2,3153.705534
2026/02/05/11:14:04,running-time,rs-003555-f2vbv,368836a9-4286-4181-ae21-c242cf51a28b,2,3153.705534
2026/02/05/11:14:04,apply-time,rs-003555-pj8mj,8f48f2f0-43ac-4b6c-921f-9159fbbe1b39,2,3153.705534
2026/02/05/11:14:06,running-time,rs-003553-wcbjj,3452ed25-af5c-4013-837a-8a4744608b25,2,3155.705534
2026/02/05/11:14:06,running-time,rs-003555-pj8mj,8f48f2f0-43ac-4b6c-921f-9159fbbe1b39,2,3155.705534
2026/02/05/11:14:06,apply-time,rs-003556-2dssm,751c7969-b4ca-4f38-b9a2-13be7e92ef60,1,3155.705534
2026/02/05/11:14:06,running-time,rs-003556-2dssm,751c7969-b4ca-4f38-b9a2-13be7e92ef60,1,3155.705534
2026/02/05/11:14:06,apply-time,rs-003556-7lx6b,076607f0-7f10-42a8-8cd3-48e09938d2dd,1,3155.705534
2026/02/05/11:14:06,apply-time,rs-003556-kvbkn,878107a8-f883-4a0d-a6c4-694dbe61d78d,1,3155.705534
2026/02/05/11:14:06,apply-time,rs-003557-87gf5,309c0518-7f7d-417b-9375-7e50d0ac5455,3,3155.705534
2026/02/05/11:14:06,running-time,rs-003557-87gf5,309c0518-7f7d-417b-9375-7e50d0ac5455,3,3155.705534
2026/02/05/11:14:06,apply-time,rs-003557-9lt5w,42d1684e-8b7d-41a8-ab29-9eca3280b916,3,3155.705534
2026/02/05/11:14:06,running-time,rs-003557-9lt5w,42d1684e-8b7d-41a8-ab29-9eca3280b916,3,3155.705534
2026/02/05/11:14:06,apply-time,rs-003558-j8wgz,ea1ba242-19d6-4544-91e5-d87df940aa1a,4,3155.705534
2026/02/05/11:14:06,running-time,rs-003558-j8wgz,ea1ba242-19d6-4544-91e5-d87df940aa1a,4,3155.705534
2026/02/05/11:14:06,apply-time,rs-003559-7lrxv,b7a33cba-22c4-436b-86c9-55c95c3a6de8,4,3155.705534
2026/02/05/11:14:06,apply-time,rs-003559-m4md6,905e69b5-2c2e-4516-b143-5e3162e4089c,4,3155.705534
2026/02/05/11:14:06,running-time,rs-003559-m4md6,905e69b5-2c2e-4516-b143-5e3162e4089c,4,3155.705534
2026/02/05/11:14:06,apply-time,rs-003560-4lnv7,bf860133-772b-4d3b-b30f-e977685c9dc1,3,3155.705534
2026/02/05/11:14:06,apply-time,rs-003560-bm7bm,77ea13f2-cf8a-4b12-800f-e041f686613d,3,3155.705534
2026/02/05/11:14:06,apply-time,rs-003560-cv5bg,b2eccecc-92c6-4f8f-83d2-f6f30bab5540,3,3155.705534
2026/02/05/11:14:08,running-time,rs-003556-7lx6b,076607f0-7f10-42a8-8cd3-48e09938d2dd,1,3157.705534
2026/02/05/11:14:08,running-time,rs-003556-kvbkn,878107a8-f883-4a0d-a6c4-694dbe61d78d,1,3157.705534
2026/02/05/11:14:08,running-time,rs-003559-7lrxv,b7a33cba-22c4-436b-86c9-55c95c3a6de8,4,3157.705534
2026/02/05/11:14:08,running-time,rs-003560-4lnv7,bf860133-772b-4d3b-b30f-e977685c9dc1,3,3157.705534
2026/02/05/11:14:08,running-time,rs-003560-bm7bm,77ea13f2-cf8a-4b12-800f-e041f686613d,3,3157.705534
2026/02/05/11:14:09,running-time,rs-003552-2v2fd,629142d3-fedb-4e8f-9013-a20721d8ae44,3,3158.705534
2026/02/05/11:14:11,running-time,rs-003560-cv5bg,b2eccecc-92c6-4f8f-83d2-f6f30bab5540,3,3160.705534
2026/02/05/11:14:20,apply-time,rs-003561-bgjpw,3d7dda46-74b6-4811-99cb-4aec3f791a41,4,3168.705534
2026/02/05/11:14:20,running-time,rs-003561-bgjpw,3d7dda46-74b6-4811-99cb-4aec3f791a41,4,3168.705534
2026/02/05/11:14:20,apply-time,rs-003561-k2zq2,004dcc1a-c237-4aca-9694-1973648432ef,4,3168.705534
2026/02/05/11:14:20,running-time,rs-003561-k2zq2,004dcc1a-c237-4aca-9694-1973648432ef,4,3168.705534
2026/02/05/11:14:20,apply-time,rs-003561-xd4rz,6a6fb456-556b-488e-ae25-6e79308d1bb7,4,3168.705534
2026/02/05/11:14:20,running-time,rs-003561-xd4rz,6a6fb456-556b-488e-ae25-6e79308d1bb7,4,3168.705534
2026/02/05/11:14:22,apply-time,rs-003562-7sgp4,9370e880-6d19-471a-8268-24da11166c06,4,3170.705534
2026/02/05/11:14:22,running-time,rs-003562-7sgp4,9370e880-6d19-471a-8268-24da11166c06,4,3170.705534
2026/02/05/11:14:22,apply-time,rs-003562-9hsrg,6dea7b54-b6ac-4800-a0f6-87c0bb296640,4,3170.705534
2026/02/05/11:14:22,running-time,rs-003562-9hsrg,6dea7b54-b6ac-4800-a0f6-87c0bb296640,4,3170.705534
2026/02/05/11:14:22,apply-time,rs-003562-hh84x,a08a8509-ca38-4fab-bddb-ee23c6cffc6c,4,3170.705534
2026/02/05/11:14:22,running-time,rs-003562-hh84x,a08a8509-ca38-4fab-bddb-ee23c6cffc6c,4,3170.705534
2026/02/05/11:14:22,apply-time,rs-003563-lksfr,042bc3a8-fe76-4cfc-8526-1eab821da14c,2,3170.705534
2026/02/05/11:14:22,running-time,rs-003563-lksfr,042bc3a8-fe76-4cfc-8526-1eab821da14c,2,3170.705534
2026/02/05/11:14:22,apply-time,rs-003564-hwd72,df66b773-9e5d-4603-9d55-1875cb76d4d2,1,3170.705534
2026/02/05/11:14:22,running-time,rs-003564-hwd72,df66b773-9e5d-4603-9d55-1875cb76d4d2,1,3170.705534
2026/02/05/11:14:22,apply-time,rs-003565-lzkpz,7cd677d8-ef7a-47af-919b-704f9f72ac1d,2,3170.705534
2026/02/05/11:14:22,running-time,rs-003565-lzkpz,7cd677d8-ef7a-47af-919b-704f9f72ac1d,2,3170.705534
2026/02/05/11:14:22,apply-time,rs-003566-wnrnm,2c93f502-984b-46e6-aeff-0d2ded2f0e04,4,3171.705534
2026/02/05/11:14:22,apply-time,rs-003567-dghh5,608ff667-b2dc-4b02-939d-a746722f4e21,3,3171.705534
2026/02/05/11:14:22,running-time,rs-003567-dghh5,608ff667-b2dc-4b02-939d-a746722f4e21,3,3171.705534
2026/02/05/11:14:22,apply-time,rs-003567-nbggj,2e20478e-3e6c-4e7a-a1a6-976a6147f0d3,3,3171.705534
2026/02/05/11:14:22,apply-time,rs-003568-8s6v5,977633b6-b376-431d-80ce-c26ca2406cf1,4,3171.705534
2026/02/05/11:14:22,running-time,rs-003568-8s6v5,977633b6-b376-431d-80ce-c26ca2406cf1,4,3171.705534
2026/02/05/11:14:22,apply-time,rs-003568-nkh7f,feba3377-de94-44dc-be1a-5fc76f208cdf,4,3171.705534
2026/02/05/11:14:22,running-time,rs-003568-nkh7f,feba3377-de94-44dc-be1a-5fc76f208cdf,4,3171.705534
2026/02/05/11:14:22,apply-time,rs-003568-xfdfc,2fd7a0ff-1c3a-4387-9bdd-b108874e7411,4,3171.705534
2026/02/05/11:14:22,running-time,rs-003568-xfdfc,2fd7a0ff-1c3a-4387-9bdd-b108874e7411,4,3171.705534
2026/02/05/11:14:22,apply-time,rs-003569-f54cp,0e04a825-ef2e-4145-ba90-caffd891e7c4,2,3171.705534
2026/02/05/11:14:22,running-time,rs-003569-f54cp,0e04a825-ef2e-4145-ba90-caffd891e7c4,2,3171.705534
2026/02/05/11:14:22,apply-time,rs-003570-klrwg,057073c7-21ee-40f7-a598-2b54071352bb,1,3171.705534
2026/02/05/11:14:22,apply-time,rs-003571-74zr9,bfd5e45c-001a-4b55-b6a5-bb41f74cfdb2,3,3171.705534
2026/02/05/11:14:22,running-time,rs-003571-74zr9,bfd5e45c-001a-4b55-b6a5-bb41f74cfdb2,3,3171.705534
2026/02/05/11:14:23,running-time,rs-003567-nbggj,2e20478e-3e6c-4e7a-a1a6-976a6147f0d3,3,3171.705534
2026/02/05/11:14:23,apply-time,rs-003569-2xbz6,bfd5a60e-7efe-44fb-8487-051fd30f7a1e,2,3171.705534
2026/02/05/11:14:23,running-time,rs-003569-2xbz6,bfd5a60e-7efe-44fb-8487-051fd30f7a1e,2,3171.705534
2026/02/05/11:14:23,apply-time,rs-003569-v24dg,c3da7cf1-e7d4-40ba-b835-96c9df8803f3,2,3171.705534
2026/02/05/11:14:23,running-time,rs-003569-v24dg,c3da7cf1-e7d4-40ba-b835-96c9df8803f3,2,3171.705534
2026/02/05/11:14:23,apply-time,rs-003570-fknqc,90942a92-c6b4-4705-b45e-49987a6537ab,1,3171.705534
2026/02/05/11:14:23,apply-time,rs-003570-hcrtj,1d2d9e6c-ca62-4251-952a-7818503931c5,1,3171.705534
2026/02/05/11:14:23,apply-time,rs-003572-gj94s,3fd2fdd2-3b18-4730-b003-10902b9eb4f5,2,3172.705534
2026/02/05/11:14:23,running-time,rs-003572-gj94s,3fd2fdd2-3b18-4730-b003-10902b9eb4f5,2,3172.705534
2026/02/05/11:14:23,apply-time,rs-003573-2rxjz,8a85b4ab-1a04-4786-9745-b38f0e6dac5f,4,3172.705534
2026/02/05/11:14:23,running-time,rs-003573-2rxjz,8a85b4ab-1a04-4786-9745-b38f0e6dac5f,4,3172.705534
2026/02/05/11:14:23,apply-time,rs-003573-lw7h8,7da13ae4-21cd-477e-9df5-1a9ad6bb8edd,4,3172.705534
2026/02/05/11:14:23,running-time,rs-003573-lw7h8,7da13ae4-21cd-477e-9df5-1a9ad6bb8edd,4,3172.705534
2026/02/05/11:14:23,apply-time,rs-003574-cx8cs,77a50135-9fe6-4d5e-90f4-224f4439be7e,3,3172.705534
2026/02/05/11:14:23,apply-time,rs-003574-xrmx2,b106f7f8-d640-4785-8ec9-11b766465f8c,3,3172.705534
2026/02/05/11:14:23,apply-time,rs-003575-x78hr,d8f8a017-f575-4767-a222-6760d2fadf11,2,3172.705534
2026/02/05/11:14:23,apply-time,rs-003576-jw62p,72731dd6-8047-4c5f-b50b-4be91a06de7b,2,3172.705534
2026/02/05/11:14:23,running-time,rs-003576-jw62p,72731dd6-8047-4c5f-b50b-4be91a06de7b,2,3172.705534
2026/02/05/11:14:24,running-time,rs-003570-fknqc,90942a92-c6b4-4705-b45e-49987a6537ab,1,3172.705534
2026/02/05/11:14:24,running-time,rs-003570-klrwg,057073c7-21ee-40f7-a598-2b54071352bb,1,3173.705534
2026/02/05/11:14:24,running-time,rs-003574-cx8cs,77a50135-9fe6-4d5e-90f4-224f4439be7e,3,3172.705534
2026/02/05/11:14:24,running-time,rs-003574-xrmx2,b106f7f8-d640-4785-8ec9-11b766465f8c,3,3172.705534
2026/02/05/11:14:24,running-time,rs-003575-x78hr,d8f8a017-f575-4767-a222-6760d2fadf11,2,3173.705534
2026/02/05/11:14:24,apply-time,rs-003576-n4hzm,ac74af83-a861-4225-8944-0a09cdccbd99,2,3172.705534
2026/02/05/11:14:24,running-time,rs-003576-n4hzm,ac74af83-a861-4225-8944-0a09cdccbd99,2,3172.705534
2026/02/05/11:14:24,apply-time,rs-003576-tj45t,7ea5290e-989f-4f9f-ab1d-dde5340dbc37,2,3172.705534
2026/02/05/11:14:24,running-time,rs-003576-tj45t,7ea5290e-989f-4f9f-ab1d-dde5340dbc37,2,3172.705534
2026/02/05/11:14:24,apply-time,rs-003577-c2577,188b2c3f-d13e-4dd6-95a8-c3e96d50b1cf,1,3173.705534
2026/02/05/11:14:24,apply-time,rs-003577-dh6xt,847ec5fa-4a4a-4e9d-8454-68dc3e5b3822,1,3173.705534
2026/02/05/11:14:25,apply-time,rs-003577-t82qj,1ed6538b-24eb-4eac-9924-094eaf1870b6,1,3173.705534
2026/02/05/11:14:25,running-time,rs-003577-t82qj,1ed6538b-24eb-4eac-9924-094eaf1870b6,1,3174.705534
2026/02/05/11:14:25,apply-time,rs-003578-kfllt,f5a09cbc-c854-4616-ab56-0cb0a156694a,3,3174.705534
2026/02/05/11:14:25,running-time,rs-003578-kfllt,f5a09cbc-c854-4616-ab56-0cb0a156694a,3,3174.705534
2026/02/05/11:14:25,apply-time,rs-003578-z4fw4,2407be1b-46d4-42bb-a456-7d0efc2daa0d,3,3174.705534
2026/02/05/11:14:25,running-time,rs-003578-z4fw4,2407be1b-46d4-42bb-a456-7d0efc2daa0d,3,3174.705534
2026/02/05/11:14:25,apply-time,rs-003579-96xmh,e78e4758-0ddb-4c04-a232-7213df3324b4,1,3174.705534
2026/02/05/11:14:25,running-time,rs-003579-96xmh,e78e4758-0ddb-4c04-a232-7213df3324b4,1,3174.705534
2026/02/05/11:14:25,apply-time,rs-003580-5wr86,b7f125d1-c590-4cd8-bff6-a2a26bcfd049,1,3174.705534
2026/02/05/11:14:25,running-time,rs-003580-5wr86,b7f125d1-c590-4cd8-bff6-a2a26bcfd049,1,3174.705534
2026/02/05/11:14:25,apply-time,rs-003580-j7bkz,b47e3774-380a-4a45-9abe-1faddb1bb529,1,3174.705534
2026/02/05/11:14:25,running-time,rs-003580-j7bkz,b47e3774-380a-4a45-9abe-1faddb1bb529,1,3174.705534
2026/02/05/11:14:25,apply-time,rs-003580-zjnjs,029b37ae-7aae-4e64-91cf-16e4e2e25826,1,3174.705534
2026/02/05/11:14:25,running-time,rs-003580-zjnjs,029b37ae-7aae-4e64-91cf-16e4e2e25826,1,3174.705534
2026/02/05/11:14:27,running-time,rs-003566-wnrnm,2c93f502-984b-46e6-aeff-0d2ded2f0e04,4,3175.705534
2026/02/05/11:14:34,apply-time,rs-003581-bw7w9,0e9e0830-6e39-49f7-aa83-37b630f382b9,2,3182.705534
2026/02/05/11:14:34,running-time,rs-003581-bw7w9,0e9e0830-6e39-49f7-aa83-37b630f382b9,2,3183.705534
2026/02/05/11:14:34,apply-time,rs-003581-mmbts,1bf7210d-6a22-49d6-b481-29b42dc9f686,2,3183.705534
2026/02/05/11:14:34,running-time,rs-003581-mmbts,1bf7210d-6a22-49d6-b481-29b42dc9f686,2,3183.705534
2026/02/05/11:14:37,apply-time,rs-003582-fc5rm,7b67f9c6-d681-475d-9341-df4fc86c04d0,2,3186.705534
2026/02/05/11:14:38,apply-time,rs-003582-5wtvk,3e049bdf-9e64-4ca9-8572-423e341c51dd,2,3186.705534
2026/02/05/11:14:38,running-time,rs-003582-5wtvk,3e049bdf-9e64-4ca9-8572-423e341c51dd,2,3186.705534
2026/02/05/11:14:38,running-time,rs-003582-fc5rm,7b67f9c6-d681-475d-9341-df4fc86c04d0,2,3186.705534
2026/02/05/11:14:38,apply-time,rs-003583-gbnsr,7eeb6558-facb-4d37-9fd3-f5f769544534,3,3186.705534
2026/02/05/11:14:38,running-time,rs-003583-gbnsr,7eeb6558-facb-4d37-9fd3-f5f769544534,3,3186.705534
2026/02/05/11:14:38,apply-time,rs-003583-mmbzs,1de33af2-55f7-45b0-a645-f76bdae345bb,3,3186.705534
2026/02/05/11:14:38,running-time,rs-003583-mmbzs,1de33af2-55f7-45b0-a645-f76bdae345bb,3,3186.705534
2026/02/05/11:14:38,apply-time,rs-003583-px65j,f6529cc1-ab4d-4bd2-8706-1a6e5c6a1562,3,3186.705534
2026/02/05/11:14:38,running-time,rs-003583-px65j,f6529cc1-ab4d-4bd2-8706-1a6e5c6a1562,3,3186.705534
2026/02/05/11:14:38,apply-time,rs-003584-l2pxq,0094fefb-7459-44a4-9c17-1ebd838bd20e,2,3186.705534
2026/02/05/11:14:38,running-time,rs-003584-l2pxq,0094fefb-7459-44a4-9c17-1ebd838bd20e,2,3187.705534
2026/02/05/11:14:38,apply-time,rs-003585-x94kl,ca52db65-5ada-478f-b6bd-4027651d2e1b,3,3186.705534
2026/02/05/11:14:38,running-time,rs-003585-x94kl,ca52db65-5ada-478f-b6bd-4027651d2e1b,3,3187.705534
2026/02/05/11:14:38,apply-time,rs-003586-rr7hn,59a99672-6fe7-4c5f-bde9-22d3b7ec9c82,4,3186.705534
2026/02/05/11:14:38,running-time,rs-003586-rr7hn,59a99672-6fe7-4c5f-bde9-22d3b7ec9c82,4,3187.705534
2026/02/05/11:14:39,apply-time,rs-003587-p65sg,8cb68c4d-b6e7-4473-ade9-5a9cbc2babeb,3,3188.705534
2026/02/05/11:14:39,running-time,rs-003587-p65sg,8cb68c4d-b6e7-4473-ade9-5a9cbc2babeb,3,3188.705534
2026/02/05/11:14:39,apply-time,rs-003588-hc7wf,edcc01f7-8859-43f3-80c5-0cb38b824ca6,4,3188.705534
2026/02/05/11:14:39,running-time,rs-003588-hc7wf,edcc01f7-8859-43f3-80c5-0cb38b824ca6,4,3188.705534
2026/02/05/11:14:39,apply-time,rs-003589-wgrw9,f7a55a0e-d414-496c-bfc4-caa43117b317,1,3188.705534
2026/02/05/11:14:39,running-time,rs-003589-wgrw9,f7a55a0e-d414-496c-bfc4-caa43117b317,1,3188.705534
2026/02/05/11:14:41,apply-time,rs-003590-sdk7s,377df832-f500-4501-b612-b866ccd9148d,2,3190.705534
2026/02/05/11:14:41,running-time,rs-003590-sdk7s,377df832-f500-4501-b612-b866ccd9148d,2,3190.705534
2026/02/05/11:14:42,apply-time,rs-003591-2lvw8,d2323608-0364-4774-a96a-9d1cd08677b5,1,3190.705534
2026/02/05/11:14:42,apply-time,rs-003591-wp5ff,a3045eea-eb46-4983-9035-591ee50d47fa,1,3190.705534
2026/02/05/11:14:42,apply-time,rs-003592-jrczx,12b10372-56ea-4370-ae3d-3134aec626eb,1,3190.705534
2026/02/05/11:14:42,running-time,rs-003592-jrczx,12b10372-56ea-4370-ae3d-3134aec626eb,1,3190.705534
2026/02/05/11:14:42,apply-time,rs-003593-hdlwm,9423cbc5-712e-46e8-944a-619f26d85cb9,4,3191.705534
2026/02/05/11:14:42,running-time,rs-003593-hdlwm,9423cbc5-712e-46e8-944a-619f26d85cb9,4,3191.705534
2026/02/05/11:14:42,apply-time,rs-003594-6hxjj,15da790f-ed8e-42db-bf3b-78101cf666df,2,3191.705534
2026/02/05/11:14:42,running-time,rs-003594-6hxjj,15da790f-ed8e-42db-bf3b-78101cf666df,2,3191.705534
2026/02/05/11:14:42,apply-time,rs-003594-l2j5w,1fb5d77b-afe6-4d2d-b38b-2ce7b2a08a4d,2,3191.705534
2026/02/05/11:14:42,running-time,rs-003594-l2j5w,1fb5d77b-afe6-4d2d-b38b-2ce7b2a08a4d,2,3191.705534
2026/02/05/11:14:42,apply-time,rs-003595-khq9s,0a4cbe9a-6ad6-4a8f-bd2e-9f7e5748eebc,1,3191.705534
2026/02/05/11:14:42,running-time,rs-003595-khq9s,0a4cbe9a-6ad6-4a8f-bd2e-9f7e5748eebc,1,3191.705534
2026/02/05/11:14:42,apply-time,rs-003595-kxp8v,d2be52c7-605b-4f36-9c7c-4b4b516aea89,1,3191.705534
2026/02/05/11:14:42,running-time,rs-003595-kxp8v,d2be52c7-605b-4f36-9c7c-4b4b516aea89,1,3191.705534
2026/02/05/11:14:42,apply-time,rs-003595-sgvjt,42a251bb-0067-4531-b107-13826f0712f8,1,3191.705534
2026/02/05/11:14:42,apply-time,rs-003596-ks8d8,e17aec7b-ffe0-434c-a606-e3c1ad1c7156,2,3191.705534
2026/02/05/11:14:42,running-time,rs-003596-ks8d8,e17aec7b-ffe0-434c-a606-e3c1ad1c7156,2,3191.705534
2026/02/05/11:14:42,apply-time,rs-003596-wn5h8,105fc708-c669-466f-8577-7fbd52d3cea9,2,3191.705534
2026/02/05/11:14:42,running-time,rs-003596-wn5h8,105fc708-c669-466f-8577-7fbd52d3cea9,2,3191.705534
2026/02/05/11:14:43,running-time,rs-003591-2lvw8,d2323608-0364-4774-a96a-9d1cd08677b5,1,3192.705534
2026/02/05/11:14:47,apply-time,rs-003597-qzxh6,45d4faf7-e44a-49f8-8401-e58d5b87beb3,3,3196.705534
2026/02/05/11:14:47,running-time,rs-003597-qzxh6,45d4faf7-e44a-49f8-8401-e58d5b87beb3,3,3196.705534
2026/02/05/11:14:47,apply-time,rs-003597-zk7hg,67423242-03d4-4d1c-820c-f8eb797f5f8e,3,3196.705534
2026/02/05/11:14:48,apply-time,rs-003598-448gz,731d25b7-2b41-4779-b5c1-d87b3b56e74f,1,3196.705534
2026/02/05/11:14:48,running-time,rs-003598-448gz,731d25b7-2b41-4779-b5c1-d87b3b56e74f,1,3196.705534
2026/02/05/11:14:48,apply-time,rs-003598-j4wvn,9fb00193-a9df-4ac2-8098-78a2de02ed39,1,3196.705534
2026/02/05/11:14:48,running-time,rs-003598-j4wvn,9fb00193-a9df-4ac2-8098-78a2de02ed39,1,3196.705534
2026/02/05/11:14:48,apply-time,rs-003599-46sls,cba301bd-4596-478d-be9f-6a0a0c7f8bac,4,3196.705534
2026/02/05/11:14:48,running-time,rs-003599-46sls,cba301bd-4596-478d-be9f-6a0a0c7f8bac,4,3196.705534
2026/02/05/11:14:48,apply-time,rs-003600-j8bhj,c2b527b2-6b0b-43c6-9c49-a7863896b91f,2,3196.705534
2026/02/05/11:14:48,running-time,rs-003600-j8bhj,c2b527b2-6b0b-43c6-9c49-a7863896b91f,2,3196.705534
2026/02/05/11:14:48,apply-time,rs-003600-lbmj2,8ccfc9c9-ea10-414e-b307-1834d2b694fa,2,3196.705534
2026/02/05/11:14:48,running-time,rs-003600-lbmj2,8ccfc9c9-ea10-414e-b307-1834d2b694fa,2,3196.705534
2026/02/05/11:14:48,apply-time,rs-003600-snxt2,c2f632d9-6c94-4f68-a125-286029448940,2,3196.705534
2026/02/05/11:14:48,running-time,rs-003600-snxt2,c2f632d9-6c94-4f68-a125-286029448940,2,3196.705534
2026/02/05/11:14:48,apply-time,rs-003601-7kgc6,f200ebd3-cf36-4c4d-a959-bb8b37b9057c,2,3196.705534
2026/02/05/11:14:48,running-time,rs-003601-7kgc6,f200ebd3-cf36-4c4d-a959-bb8b37b9057c,2,3196.705534
2026/02/05/11:14:48,apply-time,rs-003602-4xwql,65bd527b-09b4-4a67-9d52-787100a3ae1b,1,3196.705534
2026/02/05/11:14:48,running-time,rs-003602-4xwql,65bd527b-09b4-4a67-9d52-787100a3ae1b,1,3196.705534
2026/02/05/11:14:48,apply-time,rs-003602-k92tr,45298ed3-ee17-464c-9559-48b99dde92d4,1,3196.705534
2026/02/05/11:14:48,running-time,rs-003602-k92tr,45298ed3-ee17-464c-9559-48b99dde92d4,1,3196.705534
2026/02/05/11:14:48,apply-time,rs-003603-c82lw,dbd2c836-2db2-48d0-9e36-9bf644c1e0c4,3,3197.705534
2026/02/05/11:14:48,apply-time,rs-003603-lr82s,4f4990ac-9758-4729-8cb8-efe33acb4a2e,3,3197.705534
2026/02/05/11:14:48,apply-time,rs-003603-x9vvx,011ff21c-6ea4-4593-a8be-c6b7e055bd9e,3,3197.705534
2026/02/05/11:14:48,apply-time,rs-003604-5rz2f,9d6382e7-b525-4518-a605-06c8ff67a52a,2,3197.705534
2026/02/05/11:14:48,running-time,rs-003604-5rz2f,9d6382e7-b525-4518-a605-06c8ff67a52a,2,3197.705534
2026/02/05/11:14:48,apply-time,rs-003604-rflp7,4913586a-1ac8-4944-8eb9-d81d4f474d89,2,3197.705534
2026/02/05/11:14:48,running-time,rs-003604-rflp7,4913586a-1ac8-4944-8eb9-d81d4f474d89,2,3197.705534
2026/02/05/11:14:48,apply-time,rs-003604-wd8g4,f81af5c3-a8ec-4713-bedd-41bf4f016762,2,3197.705534
2026/02/05/11:14:48,running-time,rs-003604-wd8g4,f81af5c3-a8ec-4713-bedd-41bf4f016762,2,3197.705534
2026/02/05/11:14:48,apply-time,rs-003605-kx76n,83193a3b-4520-4558-a2ac-f9ef1e2d640a,2,3197.705534
2026/02/05/11:14:48,running-time,rs-003605-kx76n,83193a3b-4520-4558-a2ac-f9ef1e2d640a,2,3197.705534
2026/02/05/11:14:48,apply-time,rs-003606-kw5jx,b17781e8-bd5b-4e72-bf7d-59799bb05928,1,3197.705534
2026/02/05/11:14:49,running-time,rs-003603-lr82s,4f4990ac-9758-4729-8cb8-efe33acb4a2e,3,3198.705534
2026/02/05/11:14:49,running-time,rs-003603-x9vvx,011ff21c-6ea4-4593-a8be-c6b7e055bd9e,3,3198.705534
2026/02/05/11:14:49,apply-time,rs-003605-7ktvc,c3bb3e66-85c6-4cbf-8545-87eddcdd0db4,2,3197.705534
2026/02/05/11:14:49,running-time,rs-003605-7ktvc,c3bb3e66-85c6-4cbf-8545-87eddcdd0db4,2,3197.705534
2026/02/05/11:14:49,apply-time,rs-003605-p5t45,9cf58b01-5105-482f-8742-fa0dc521ab50,2,3197.705534
2026/02/05/11:14:49,running-time,rs-003605-p5t45,9cf58b01-5105-482f-8742-fa0dc521ab50,2,3198.705534
2026/02/05/11:14:49,apply-time,rs-003606-nbzzm,967c1be8-e463-44a9-bf92-3615c7a3c2eb,1,3198.705534
2026/02/05/11:14:49,apply-time,rs-003606-xbv6t,34a8c268-5b92-47b1-a3c3-eb30bbada7e1,1,3198.705534
2026/02/05/11:14:49,apply-time,rs-003607-d5xgj,31928c78-5f78-4a44-894e-65d7c5f5892c,2,3198.705534
2026/02/05/11:14:49,apply-time,rs-003607-j9phv,89aa8cd1-2950-41ee-8fe4-8b3d8ace6898,2,3198.705534
2026/02/05/11:14:49,running-time,rs-003607-j9phv,89aa8cd1-2950-41ee-8fe4-8b3d8ace6898,2,3198.705534
2026/02/05/11:14:49,apply-time,rs-003607-pbgv5,6090d2f8-1e35-480b-af6d-be7d23bd4542,2,3198.705534
2026/02/05/11:14:50,running-time,rs-003607-d5xgj,31928c78-5f78-4a44-894e-65d7c5f5892c,2,3199.705534
2026/02/05/11:14:50,running-time,rs-003607-pbgv5,6090d2f8-1e35-480b-af6d-be7d23bd4542,2,3199.705534
2026/02/05/11:14:54,running-time,rs-003603-c82lw,dbd2c836-2db2-48d0-9e36-9bf644c1e0c4,3,3203.705534
2026/02/05/11:14:56,apply-time,rs-003608-48bmz,349b2a28-6a9f-4ae4-bde2-14adc8d51f9a,2,3204.705534
2026/02/05/11:14:56,running-time,rs-003608-48bmz,349b2a28-6a9f-4ae4-bde2-14adc8d51f9a,2,3204.705534
2026/02/05/11:14:56,apply-time,rs-003608-7vs2p,d71067af-017e-4eed-a46e-8105d5f589f9,2,3204.705534
2026/02/05/11:14:56,running-time,rs-003608-7vs2p,d71067af-017e-4eed-a46e-8105d5f589f9,2,3204.705534
2026/02/05/11:14:56,apply-time,rs-003608-lq77q,bce5a073-3fc0-443a-ab02-4b675924e472,2,3204.705534
2026/02/05/11:14:56,running-time,rs-003608-lq77q,bce5a073-3fc0-443a-ab02-4b675924e472,2,3204.705534
2026/02/05/11:14:56,apply-time,rs-003609-484vh,a4f47655-ead9-4964-9146-534c58601527,4,3205.705534
2026/02/05/11:14:56,running-time,rs-003609-484vh,a4f47655-ead9-4964-9146-534c58601527,4,3205.705534
2026/02/05/11:14:56,apply-time,rs-003609-86xb6,bab8484c-2f53-4dda-9d72-d47332963626,4,3205.705534
2026/02/05/11:14:56,running-time,rs-003609-86xb6,bab8484c-2f53-4dda-9d72-d47332963626,4,3205.705534
2026/02/05/11:14:56,apply-time,rs-003609-dbnk8,0119d3bf-ce89-414c-8795-329bf26d29f2,4,3205.705534
2026/02/05/11:14:56,running-time,rs-003609-dbnk8,0119d3bf-ce89-414c-8795-329bf26d29f2,4,3205.705534
2026/02/05/11:15:00,apply-time,rs-003610-gm58r,9f0a25ad-279a-4720-a136-585948ca272b,2,3208.705534
2026/02/05/11:15:00,running-time,rs-003610-gm58r,9f0a25ad-279a-4720-a136-585948ca272b,2,3209.705534
2026/02/05/11:15:00,apply-time,rs-003610-xlbqc,5c6326e3-89bb-42dc-a464-2f0d63c10053,2,3208.705534
2026/02/05/11:15:00,running-time,rs-003610-xlbqc,5c6326e3-89bb-42dc-a464-2f0d63c10053,2,3209.705534
2026/02/05/11:15:01,apply-time,rs-003611-9kl7m,cdc8174a-50d3-4b8e-88af-300cb53a0287,3,3210.705534
2026/02/05/11:15:01,running-time,rs-003611-9kl7m,cdc8174a-50d3-4b8e-88af-300cb53a0287,3,3210.705534
2026/02/05/11:15:01,apply-time,rs-003611-k2g7t,8f4678e0-86ab-4884-8f44-8506b598558c,3,3210.705534
2026/02/05/11:15:01,running-time,rs-003611-k2g7t,8f4678e0-86ab-4884-8f44-8506b598558c,3,3210.705534
2026/02/05/11:15:01,apply-time,rs-003611-nnbmv,515633d7-5e09-4ac4-8138-9599b514ee93,3,3210.705534
2026/02/05/11:15:01,running-time,rs-003611-nnbmv,515633d7-5e09-4ac4-8138-9599b514ee93,3,3210.705534
2026/02/05/11:15:01,apply-time,rs-003612-ln89q,22159e1d-e9ec-48ac-9508-1cd93b9c2d6d,4,3210.705534
2026/02/05/11:15:01,running-time,rs-003612-ln89q,22159e1d-e9ec-48ac-9508-1cd93b9c2d6d,4,3210.705534
2026/02/05/11:15:08,apply-time,rs-003613-28bxv,bd5af316-64e3-42e6-ad9d-ea25105f9658,1,3217.705534
2026/02/05/11:15:08,running-time,rs-003613-28bxv,bd5af316-64e3-42e6-ad9d-ea25105f9658,1,3217.705534
2026/02/05/11:15:08,apply-time,rs-003613-zhg5x,5757b06b-dc0d-4829-84c4-dc3c49b87841,1,3217.705534
2026/02/05/11:15:08,running-time,rs-003613-zhg5x,5757b06b-dc0d-4829-84c4-dc3c49b87841,1,3217.705534
2026/02/05/11:15:08,apply-time,rs-003614-2b29s,c3e30efe-7808-4df3-b4a0-750c714f1a98,1,3217.705534
2026/02/05/11:15:08,running-time,rs-003614-2b29s,c3e30efe-7808-4df3-b4a0-750c714f1a98,1,3217.705534
2026/02/05/11:15:10,apply-time,rs-003615-njwrv,9d4f7cab-1eb7-4b6b-badd-67ba546420d4,4,3219.705534
2026/02/05/11:15:10,running-time,rs-003615-njwrv,9d4f7cab-1eb7-4b6b-badd-67ba546420d4,4,3219.705534
2026/02/05/11:15:11,apply-time,rs-003616-rj92c,40532725-a33d-42c7-bf05-0c94ac40766f,1,3220.705534
2026/02/05/11:15:11,running-time,rs-003616-rj92c,40532725-a33d-42c7-bf05-0c94ac40766f,1,3220.705534
2026/02/05/11:15:11,apply-time,rs-003616-tnz5n,8c0d045c-a065-4e18-9118-678855c4a546,1,3220.705534
2026/02/05/11:15:11,running-time,rs-003616-tnz5n,8c0d045c-a065-4e18-9118-678855c4a546,1,3220.705534
2026/02/05/11:15:11,apply-time,rs-003616-vr76n,ff862e78-9ef3-49e3-b3df-2dfb0b625616,1,3220.705534
2026/02/05/11:15:11,running-time,rs-003616-vr76n,ff862e78-9ef3-49e3-b3df-2dfb0b625616,1,3220.705534
2026/02/05/11:15:11,apply-time,rs-003617-cwbrr,b63961cf-40b0-4597-8095-12a02299a675,1,3220.705534
2026/02/05/11:15:11,running-time,rs-003617-cwbrr,b63961cf-40b0-4597-8095-12a02299a675,1,3220.705534
2026/02/05/11:15:11,apply-time,rs-003617-mjlhs,7eb30aef-11e3-4eab-a2ed-88dd95d9aff5,1,3220.705534
2026/02/05/11:15:11,running-time,rs-003617-mjlhs,7eb30aef-11e3-4eab-a2ed-88dd95d9aff5,1,3220.705534
2026/02/05/11:15:11,apply-time,rs-003617-r6tkv,2122b154-b560-4502-8097-08f89b49e13f,1,3220.705534
2026/02/05/11:15:11,running-time,rs-003617-r6tkv,2122b154-b560-4502-8097-08f89b49e13f,1,3220.705534
2026/02/05/11:15:11,apply-time,rs-003618-hpxvw,1894b3c6-d46c-44e1-9e38-e6be4a5ff598,1,3220.705534
2026/02/05/11:15:11,running-time,rs-003618-hpxvw,1894b3c6-d46c-44e1-9e38-e6be4a5ff598,1,3220.705534
2026/02/05/11:15:11,apply-time,rs-003618-qzf5g,39756c44-2b39-4cd2-83b6-68e3ad435287,1,3220.705534
2026/02/05/11:15:11,running-time,rs-003618-qzf5g,39756c44-2b39-4cd2-83b6-68e3ad435287,1,3220.705534
2026/02/05/11:15:11,apply-time,rs-003618-xh4sr,795feaf4-f7f9-44d6-b38a-8c58f91a1a76,1,3220.705534
2026/02/05/11:15:11,running-time,rs-003618-xh4sr,795feaf4-f7f9-44d6-b38a-8c58f91a1a76,1,3220.705534
2026/02/05/11:15:11,apply-time,rs-003619-5n8k8,f789d65d-0ea5-41c0-a05e-19eb3e94b96b,2,3220.705534
2026/02/05/11:15:11,running-time,rs-003619-5n8k8,f789d65d-0ea5-41c0-a05e-19eb3e94b96b,2,3220.705534
2026/02/05/11:15:11,apply-time,rs-003619-pjt9c,34723cf8-e85f-435a-8c07-ef4f89b6eb66,2,3220.705534
2026/02/05/11:15:11,running-time,rs-003619-pjt9c,34723cf8-e85f-435a-8c07-ef4f89b6eb66,2,3220.705534
2026/02/05/11:15:11,apply-time,rs-003619-wlq8m,c34c434a-1f55-4cb2-a407-21e599967177,2,3220.705534
2026/02/05/11:15:11,running-time,rs-003619-wlq8m,c34c434a-1f55-4cb2-a407-21e599967177,2,3220.705534
2026/02/05/11:15:12,apply-time,rs-003620-d9dmv,ec943ba4-ec52-4a6f-84f9-3b7a85e13607,1,3221.705534
2026/02/05/11:15:12,running-time,rs-003620-d9dmv,ec943ba4-ec52-4a6f-84f9-3b7a85e13607,1,3221.705534
2026/02/05/11:15:12,apply-time,rs-003620-kjp9t,3db745e8-3ab0-4f7a-af44-a980eec81583,1,3221.705534
2026/02/05/11:15:12,running-time,rs-003620-kjp9t,3db745e8-3ab0-4f7a-af44-a980eec81583,1,3221.705534
2026/02/05/11:15:12,apply-time,rs-003620-vxpmp,17c7452d-feb4-48f0-bb90-1886caa90eb8,1,3220.705534
2026/02/05/11:15:12,running-time,rs-003620-vxpmp,17c7452d-feb4-48f0-bb90-1886caa90eb8,1,3220.705534
2026/02/05/11:15:12,apply-time,rs-003621-994w7,65cc73cb-f5db-4de8-b068-3fada03abf1a,1,3221.705534
2026/02/05/11:15:12,running-time,rs-003621-994w7,65cc73cb-f5db-4de8-b068-3fada03abf1a,1,3221.705534
2026/02/05/11:15:12,apply-time,rs-003621-ljcbm,0b61bf68-f155-4466-828d-247462d2b3a1,1,3220.705534
2026/02/05/11:15:12,running-time,rs-003621-ljcbm,0b61bf68-f155-4466-828d-247462d2b3a1,1,3220.705534
2026/02/05/11:15:12,apply-time,rs-003622-2xfnh,88f5315a-546a-48ef-a3a9-86d8ab5771fc,1,3221.705534
2026/02/05/11:15:12,apply-time,rs-003623-pnn44,c3d38ad3-91c6-4bec-841e-b5577b525186,1,3221.705534
2026/02/05/11:15:13,running-time,rs-003622-2xfnh,88f5315a-546a-48ef-a3a9-86d8ab5771fc,1,3222.705534
2026/02/05/11:15:22,apply-time,rs-003624-jtd9p,66a89d69-41d3-4afb-9aa2-e6fb5a119b87,3,3231.705534
2026/02/05/11:15:22,running-time,rs-003624-jtd9p,66a89d69-41d3-4afb-9aa2-e6fb5a119b87,3,3231.705534
2026/02/05/11:15:22,apply-time,rs-003624-q69c5,994da64b-f230-4d61-90f4-2737d7653dc9,3,3231.705534
2026/02/05/11:15:22,running-time,rs-003624-q69c5,994da64b-f230-4d61-90f4-2737d7653dc9,3,3231.705534
2026/02/05/11:15:23,apply-time,rs-003625-sqlhv,eacb49fc-8615-4a4a-a071-4200154590d5,2,3232.705534
2026/02/05/11:15:23,running-time,rs-003625-sqlhv,eacb49fc-8615-4a4a-a071-4200154590d5,2,3232.705534
2026/02/05/11:15:23,apply-time,rs-003626-8qmm5,48aaee14-5656-4711-8d52-c84cc33e65ef,2,3232.705534
2026/02/05/11:15:23,running-time,rs-003626-8qmm5,48aaee14-5656-4711-8d52-c84cc33e65ef,2,3232.705534
2026/02/05/11:15:23,apply-time,rs-003626-jmfbx,ac79f80d-8f4a-4e25-8aca-3a890ff3abff,2,3232.705534
2026/02/05/11:15:23,running-time,rs-003626-jmfbx,ac79f80d-8f4a-4e25-8aca-3a890ff3abff,2,3232.705534
2026/02/05/11:15:23,apply-time,rs-003626-lqjvl,2a0998d4-e29c-4ecd-b140-569f494d7057,2,3232.705534
2026/02/05/11:15:23,running-time,rs-003626-lqjvl,2a0998d4-e29c-4ecd-b140-569f494d7057,2,3232.705534
2026/02/05/11:15:27,apply-time,rs-003627-smc2c,0374be97-5a6a-4878-98ae-6dd675a6a225,1,3236.705534
2026/02/05/11:15:27,running-time,rs-003627-smc2c,0374be97-5a6a-4878-98ae-6dd675a6a225,1,3236.705534
2026/02/05/11:15:27,apply-time,rs-003628-gr4k6,5cfae18a-9e57-408f-ad2a-29f37341cb8b,1,3236.705534
2026/02/05/11:15:27,apply-time,rs-003628-jzk4s,c45fd377-d953-47e2-b2d5-2b32171317d1,1,3236.705534
2026/02/05/11:15:27,apply-time,rs-003628-st8cn,ea797695-6b86-4a2f-aa82-f0b60d81ca4a,1,3236.705534
2026/02/05/11:15:27,apply-time,rs-003629-lt6qq,9588b1c4-557e-4aa0-8bcf-fb9bb13222f9,4,3236.705534
2026/02/05/11:15:27,running-time,rs-003629-lt6qq,9588b1c4-557e-4aa0-8bcf-fb9bb13222f9,4,3236.705534
2026/02/05/11:15:27,apply-time,rs-003630-b9vn2,bda3106a-7eda-41f2-905f-a51ba39abc49,2,3236.705534
2026/02/05/11:15:27,running-time,rs-003630-b9vn2,bda3106a-7eda-41f2-905f-a51ba39abc49,2,3236.705534
2026/02/05/11:15:27,apply-time,rs-003631-fx8dd,0eef616a-df19-42a1-900d-83e79d1964a6,3,3236.705534
2026/02/05/11:15:27,running-time,rs-003631-fx8dd,0eef616a-df19-42a1-900d-83e79d1964a6,3,3236.705534
2026/02/05/11:15:27,apply-time,rs-003631-xw9hn,9d5886ef-aa78-47ff-a484-faf2b07a0230,3,3236.705534
2026/02/05/11:15:27,running-time,rs-003631-xw9hn,9d5886ef-aa78-47ff-a484-faf2b07a0230,3,3236.705534
2026/02/05/11:15:27,apply-time,rs-003632-h2csm,f3170fe0-18fa-4d8e-8fe4-a03b778ba90d,1,3236.705534
2026/02/05/11:15:27,running-time,rs-003632-h2csm,f3170fe0-18fa-4d8e-8fe4-a03b778ba90d,1,3236.705534
2026/02/05/11:15:33,apply-time,rs-003633-tvb2k,c2e65376-4ffe-43d4-a8ee-b6d675a6fb0e,2,3242.705534
2026/02/05/11:15:33,running-time,rs-003633-tvb2k,c2e65376-4ffe-43d4-a8ee-b6d675a6fb0e,2,3242.705534
2026/02/05/11:15:42,apply-time,rs-003634-jhlxr,f0694d96-54f6-405d-ad3a-92c9eaacc249,3,3251.705534
2026/02/05/11:15:42,running-time,rs-003634-jhlxr,f0694d96-54f6-405d-ad3a-92c9eaacc249,3,3251.705534
2026/02/05/11:15:42,apply-time,rs-003634-rfzmm,c241bd63-a968-4057-b925-c7bb43c90b53,3,3251.705534
2026/02/05/11:15:42,running-time,rs-003634-rfzmm,c241bd63-a968-4057-b925-c7bb43c90b53,3,3251.705534
2026/02/05/11:15:42,apply-time,rs-003635-f7frw,d78536ac-8f8e-491a-b846-d73a187e2906,2,3251.705534
2026/02/05/11:15:42,running-time,rs-003635-f7frw,d78536ac-8f8e-491a-b846-d73a187e2906,2,3251.705534
2026/02/05/11:15:42,apply-time,rs-003635-n4qmr,eef95539-9c14-4a4a-b1ea-843efe5c0a53,2,3251.705534
2026/02/05/11:15:42,running-time,rs-003635-n4qmr,eef95539-9c14-4a4a-b1ea-843efe5c0a53,2,3251.705534
2026/02/05/11:15:42,apply-time,rs-003635-td28x,f760f144-ee4b-4877-b54b-3338b7e8771b,2,3251.705534
2026/02/05/11:15:42,running-time,rs-003635-td28x,f760f144-ee4b-4877-b54b-3338b7e8771b,2,3251.705534
2026/02/05/11:15:42,apply-time,rs-003636-kfdl2,6cf761e8-3e35-4766-a33c-fb807e61c6c9,4,3251.705534
2026/02/05/11:15:42,running-time,rs-003636-kfdl2,6cf761e8-3e35-4766-a33c-fb807e61c6c9,4,3251.705534
2026/02/05/11:15:42,apply-time,rs-003637-8vss8,39f7c755-b925-49cd-b7e7-da581b619d01,2,3251.705534
2026/02/05/11:15:42,running-time,rs-003637-8vss8,39f7c755-b925-49cd-b7e7-da581b619d01,2,3251.705534
2026/02/05/11:15:42,apply-time,rs-003637-l6h4c,2ffe4cd6-62f6-47cd-ac75-f0e788228c9e,2,3251.705534
2026/02/05/11:15:42,running-time,rs-003637-l6h4c,2ffe4cd6-62f6-47cd-ac75-f0e788228c9e,2,3251.705534
2026/02/05/11:15:42,apply-time,rs-003638-55ppl,497e9f93-779b-4352-baf2-358daaabfa23,2,3251.705534
2026/02/05/11:15:42,running-time,rs-003638-55ppl,497e9f93-779b-4352-baf2-358daaabfa23,2,3251.705534
2026/02/05/11:15:56,apply-time,rs-003639-dfh72,cb2eb961-c98c-423e-8750-419e13cf913c,2,3264.705534
2026/02/05/11:15:56,running-time,rs-003639-dfh72,cb2eb961-c98c-423e-8750-419e13cf913c,2,3264.705534
2026/02/05/11:15:56,apply-time,rs-003639-j5wr9,e86ceb86-987a-4892-8515-c1354da23c1a,2,3264.705534
2026/02/05/11:15:56,running-time,rs-003639-j5wr9,e86ceb86-987a-4892-8515-c1354da23c1a,2,3265.705534
2026/02/05/11:15:56,apply-time,rs-003640-bf8jz,a34dcc55-5c7f-4d72-accc-295dfc33e3eb,1,3264.705534
2026/02/05/11:15:56,running-time,rs-003640-bf8jz,a34dcc55-5c7f-4d72-accc-295dfc33e3eb,1,3265.705534
2026/02/05/11:15:56,apply-time,rs-003640-hdz99,a0342fe0-e5ed-496d-8559-eb99e5950d36,1,3264.705534
2026/02/05/11:15:56,running-time,rs-003640-hdz99,a0342fe0-e5ed-496d-8559-eb99e5950d36,1,3264.705534
2026/02/05/11:15:56,apply-time,rs-003641-n8jvt,dfcc0cf6-2762-436f-9614-a9f5e9b77c43,3,3264.705534
2026/02/05/11:15:56,running-time,rs-003641-n8jvt,dfcc0cf6-2762-436f-9614-a9f5e9b77c43,3,3265.705534
2026/02/05/11:15:56,apply-time,rs-003641-qpz2w,64d055b7-640b-4bc3-ab59-ec00e56dbe72,3,3264.705534
2026/02/05/11:15:56,running-time,rs-003641-qpz2w,64d055b7-640b-4bc3-ab59-ec00e56dbe72,3,3265.705534
2026/02/05/11:15:56,apply-time,rs-003641-z7g2m,5341874b-b13a-488e-bd31-3609d7a4c8ed,3,3264.705534
2026/02/05/11:15:56,running-time,rs-003641-z7g2m,5341874b-b13a-488e-bd31-3609d7a4c8ed,3,3265.705534
2026/02/05/11:15:56,apply-time,rs-003642-7t5ft,4b9508c4-8fb4-48a9-820f-689f5eb9add9,3,3265.705534
2026/02/05/11:15:56,running-time,rs-003642-7t5ft,4b9508c4-8fb4-48a9-820f-689f5eb9add9,3,3265.705534
2026/02/05/11:15:56,apply-time,rs-003642-jhqnx,1be6838e-df5e-4d82-ab7a-b83cdf95dd29,3,3265.705534
2026/02/05/11:15:56,running-time,rs-003642-jhqnx,1be6838e-df5e-4d82-ab7a-b83cdf95dd29,3,3265.705534
2026/02/05/11:15:56,apply-time,rs-003643-g9lbs,10e656b8-d65a-4ec5-acc3-45a716ef1cb7,1,3265.705534
2026/02/05/11:15:56,apply-time,rs-003643-mmrb5,15e91a54-c54e-4299-9223-2e67a68de061,1,3265.705534
2026/02/05/11:15:56,apply-time,rs-003643-vrklg,e41df0dd-9beb-4d4a-9f68-8cf12ed5b9cd,1,3265.705534
2026/02/05/11:15:56,apply-time,rs-003644-p85xm,c09958ba-250b-4397-9fb2-b7e129472516,2,3265.705534
2026/02/05/11:15:56,running-time,rs-003644-p85xm,c09958ba-250b-4397-9fb2-b7e129472516,2,3265.705534
2026/02/05/11:15:56,apply-time,rs-003645-582nl,de2d194c-57f0-409e-a0cf-73cd49e24b00,4,3265.705534
2026/02/05/11:15:56,running-time,rs-003645-582nl,de2d194c-57f0-409e-a0cf-73cd49e24b00,4,3265.705534
2026/02/05/11:15:56,apply-time,rs-003645-98jkk,c8234564-1a41-41ab-9f36-3b206218b227,4,3265.705534
2026/02/05/11:15:56,running-time,rs-003645-98jkk,c8234564-1a41-41ab-9f36-3b206218b227,4,3265.705534
2026/02/05/11:15:56,apply-time,rs-003645-wmb6v,0d068223-294a-4e65-8049-5e2db7cc0e8a,4,3265.705534
2026/02/05/11:15:56,running-time,rs-003645-wmb6v,0d068223-294a-4e65-8049-5e2db7cc0e8a,4,3265.705534
2026/02/05/11:15:57,running-time,rs-003643-g9lbs,10e656b8-d65a-4ec5-acc3-45a716ef1cb7,1,3266.705534
2026/02/05/11:15:59,running-time,rs-003643-mmrb5,15e91a54-c54e-4299-9223-2e67a68de061,1,3268.705534
2026/02/05/11:16:09,apply-time,rs-003646-5q29l,51ce7067-4df5-4e17-8be4-fb2cfa3e62b4,3,3278.705534
2026/02/05/11:16:09,apply-time,rs-003647-5m7zq,af81050d-80c8-4989-bbf0-9d5d4f18a3d0,2,3278.705534
2026/02/05/11:16:09,apply-time,rs-003647-lqk9d,502444c6-655c-4b06-b736-f4b81832e7e9,2,3278.705534
2026/02/05/11:16:09,apply-time,rs-003648-rhgv8,c88ec54e-06b8-4609-9c72-19f71aa00836,3,3278.705534
2026/02/05/11:16:09,apply-time,rs-003648-xnqs8,9191a489-1433-4b6a-b0e8-fe2ac6e091c3,3,3278.705534
2026/02/05/11:16:10,running-time,rs-003647-5m7zq,af81050d-80c8-4989-bbf0-9d5d4f18a3d0,2,3278.705534
2026/02/05/11:16:10,running-time,rs-003647-lqk9d,502444c6-655c-4b06-b736-f4b81832e7e9,2,3278.705534
2026/02/05/11:16:10,running-time,rs-003648-rhgv8,c88ec54e-06b8-4609-9c72-19f71aa00836,3,3278.705534
2026/02/05/11:16:10,running-time,rs-003648-xnqs8,9191a489-1433-4b6a-b0e8-fe2ac6e091c3,3,3278.705534
2026/02/05/11:16:15,apply-time,rs-003649-595dz,689c988a-a87f-459a-bfd3-893d8e536a81,1,3284.705534
2026/02/05/11:16:15,running-time,rs-003649-595dz,689c988a-a87f-459a-bfd3-893d8e536a81,1,3284.705534
2026/02/05/11:16:15,apply-time,rs-003649-jv6ks,cfa0ab97-e19d-42fc-b5c0-694a4c89b1d0,1,3284.705534
2026/02/05/11:16:15,running-time,rs-003649-jv6ks,cfa0ab97-e19d-42fc-b5c0-694a4c89b1d0,1,3284.705534
2026/02/05/11:16:16,apply-time,rs-003650-mvsdp,065479a3-65b2-4730-b4a1-dd8aab9e8328,4,3285.705534
2026/02/05/11:16:16,running-time,rs-003650-mvsdp,065479a3-65b2-4730-b4a1-dd8aab9e8328,4,3285.705534
2026/02/05/11:16:16,apply-time,rs-003650-rqxhr,ae88f269-2575-42a0-b940-30fbd2db4cea,4,3285.705534
2026/02/05/11:16:16,running-time,rs-003650-rqxhr,ae88f269-2575-42a0-b940-30fbd2db4cea,4,3285.705534
2026/02/05/11:16:16,apply-time,rs-003650-tggjt,5c343923-604e-4997-9632-5e817e38495a,4,3285.705534
2026/02/05/11:16:16,running-time,rs-003650-tggjt,5c343923-604e-4997-9632-5e817e38495a,4,3285.705534
2026/02/05/11:16:18,apply-time,rs-003651-fckn7,ac7d7ab9-662e-4f95-b99a-fdb29c6a5a33,2,3286.705534
2026/02/05/11:16:18,running-time,rs-003651-fckn7,ac7d7ab9-662e-4f95-b99a-fdb29c6a5a33,2,3286.705534
2026/02/05/11:16:18,apply-time,rs-003652-gk9xp,11a27010-259e-4e2f-ad26-526221c9bfae,1,3286.705534
2026/02/05/11:16:18,running-time,rs-003652-gk9xp,11a27010-259e-4e2f-ad26-526221c9bfae,1,3286.705534
2026/02/05/11:16:24,apply-time,rs-003653-d5dsz,e1d78a35-6aea-475c-988f-8333d459d6fc,2,3292.705534
2026/02/05/11:16:24,running-time,rs-003653-d5dsz,e1d78a35-6aea-475c-988f-8333d459d6fc,2,3292.705534
2026/02/05/11:16:24,apply-time,rs-003653-n6svj,6b6a828e-e912-41a2-a3cf-b1d096b18be7,2,3292.705534
2026/02/05/11:16:24,running-time,rs-003653-n6svj,6b6a828e-e912-41a2-a3cf-b1d096b18be7,2,3292.705534
2026/02/05/11:16:24,apply-time,rs-003653-s6p9x,ae874765-16ac-42a0-bbdf-3b285004ae3a,2,3292.705534
2026/02/05/11:16:24,running-time,rs-003653-s6p9x,ae874765-16ac-42a0-bbdf-3b285004ae3a,2,3292.705534
2026/02/05/11:16:24,apply-time,rs-003654-jkqnh,b466a551-2d4b-476d-816d-2d2c3e8f87be,2,3292.705534
2026/02/05/11:16:24,running-time,rs-003654-jkqnh,b466a551-2d4b-476d-816d-2d2c3e8f87be,2,3292.705534
2026/02/05/11:16:24,apply-time,rs-003655-slcsj,940eba51-b892-4f55-92a7-30ffae36f1d7,1,3292.705534
2026/02/05/11:16:24,running-time,rs-003655-slcsj,940eba51-b892-4f55-92a7-30ffae36f1d7,1,3292.705534
2026/02/05/11:16:24,apply-time,rs-003656-fgrmg,220e3462-54c1-473f-ac46-193b47b73e0b,1,3292.705534
2026/02/05/11:16:24,running-time,rs-003656-fgrmg,220e3462-54c1-473f-ac46-193b47b73e0b,1,3293.705534
2026/02/05/11:16:24,apply-time,rs-003656-zgzms,7b5cf494-fced-46fe-ad66-c1e9426727b4,1,3292.705534
2026/02/05/11:16:24,running-time,rs-003656-zgzms,7b5cf494-fced-46fe-ad66-c1e9426727b4,1,3293.705534
2026/02/05/11:16:24,apply-time,rs-003657-8rrpr,14ecdc22-851b-4378-8fd1-21de80a3c64e,3,3292.705534
2026/02/05/11:16:24,running-time,rs-003657-8rrpr,14ecdc22-851b-4378-8fd1-21de80a3c64e,3,3292.705534
2026/02/05/11:16:24,apply-time,rs-003657-zmcxh,265ab6d3-0e09-4fce-aec7-6b664919a486,3,3292.705534
2026/02/05/11:16:24,running-time,rs-003657-zmcxh,265ab6d3-0e09-4fce-aec7-6b664919a486,3,3293.705534
2026/02/05/11:16:24,apply-time,rs-003658-kq5nr,540f5200-88d2-4356-b3b4-a445e64184f3,2,3293.705534
2026/02/05/11:16:24,running-time,rs-003658-kq5nr,540f5200-88d2-4356-b3b4-a445e64184f3,2,3293.705534
2026/02/05/11:16:24,apply-time,rs-003658-mtg2z,938ab804-b019-4bb3-80d1-4f36f2454fec,2,3293.705534
2026/02/05/11:16:24,running-time,rs-003658-mtg2z,938ab804-b019-4bb3-80d1-4f36f2454fec,2,3293.705534
2026/02/05/11:16:24,apply-time,rs-003659-dv4lc,6eac936d-051f-431e-90c5-682d49984fd0,4,3293.705534
2026/02/05/11:16:24,running-time,rs-003659-dv4lc,6eac936d-051f-431e-90c5-682d49984fd0,4,3293.705534
2026/02/05/11:16:24,apply-time,rs-003660-lgnqw,b1f71336-6e38-4c66-aae5-dce8c6ba5cec,4,3293.705534
2026/02/05/11:16:24,running-time,rs-003660-lgnqw,b1f71336-6e38-4c66-aae5-dce8c6ba5cec,4,3293.705534
2026/02/05/11:16:25,apply-time,rs-003661-cklt2,f96e277e-881b-4262-8e5e-8e50f14d45e1,4,3293.705534
2026/02/05/11:16:25,running-time,rs-003661-cklt2,f96e277e-881b-4262-8e5e-8e50f14d45e1,4,3293.705534
2026/02/05/11:16:25,apply-time,rs-003661-rvv2k,f9cdf83b-7fd6-4f7f-8dde-6e678eb271fc,4,3294.705534
2026/02/05/11:16:25,running-time,rs-003661-rvv2k,f9cdf83b-7fd6-4f7f-8dde-6e678eb271fc,4,3294.705534
2026/02/05/11:16:25,apply-time,rs-003661-wzkwx,41afd508-1ca1-4277-b0e3-42f43dbc477f,4,3294.705534
2026/02/05/11:16:25,running-time,rs-003661-wzkwx,41afd508-1ca1-4277-b0e3-42f43dbc477f,4,3294.705534
2026/02/05/11:16:25,apply-time,rs-003662-lz9gd,244f1596-3b3d-47fa-bc48-09aa8af4540a,1,3294.705534
2026/02/05/11:16:25,running-time,rs-003662-lz9gd,244f1596-3b3d-47fa-bc48-09aa8af4540a,1,3294.705534
2026/02/05/11:16:25,apply-time,rs-003662-x6jqn,d3449c0c-1162-4d98-bfd2-0e328ca13299,1,3294.705534
2026/02/05/11:16:25,running-time,rs-003662-x6jqn,d3449c0c-1162-4d98-bfd2-0e328ca13299,1,3294.705534
2026/02/05/11:16:36,apply-time,rs-003663-6z85w,f303ebc7-fe4a-46fe-a103-053567f4c7b6,3,3305.705534
2026/02/05/11:16:36,apply-time,rs-003663-brcpw,7696fe86-ab4c-43d4-be42-43c6e4f36508,3,3305.705534
2026/02/05/11:16:36,running-time,rs-003663-brcpw,7696fe86-ab4c-43d4-be42-43c6e4f36508,3,3305.705534
2026/02/05/11:16:36,apply-time,rs-003664-n9ccl,20024c33-e2b3-4751-ab9d-702411b63a24,2,3305.705534
2026/02/05/11:16:36,running-time,rs-003664-n9ccl,20024c33-e2b3-4751-ab9d-702411b63a24,2,3305.705534
2026/02/05/11:16:36,apply-time,rs-003664-vx7fc,08813e6f-4120-428c-a54d-3d724269f05b,2,3305.705534
2026/02/05/11:16:36,running-time,rs-003664-vx7fc,08813e6f-4120-428c-a54d-3d724269f05b,2,3305.705534
2026/02/05/11:16:36,apply-time,rs-003664-zxd5h,eb5645ee-7df1-495b-a64f-b97cb1dc9bdf,2,3305.705534
2026/02/05/11:16:36,running-time,rs-003664-zxd5h,eb5645ee-7df1-495b-a64f-b97cb1dc9bdf,2,3305.705534
2026/02/05/11:16:47,apply-time,rs-003665-29v7w,93a6cedd-52bd-4fa4-b412-caeabfe0ef37,4,3316.705534
2026/02/05/11:16:47,running-time,rs-003665-29v7w,93a6cedd-52bd-4fa4-b412-caeabfe0ef37,4,3316.705534
2026/02/05/11:16:47,apply-time,rs-003665-k44gr,edcf1f24-eaa3-47e5-9fec-92a4a5516ab8,4,3316.705534
2026/02/05/11:16:47,running-time,rs-003665-k44gr,edcf1f24-eaa3-47e5-9fec-92a4a5516ab8,4,3316.705534
2026/02/05/11:17:00,apply-time,rs-003666-f65fn,f2069680-d136-40ed-aa93-4130a9b61fb1,1,3329.705534
2026/02/05/11:17:00,running-time,rs-003666-f65fn,f2069680-d136-40ed-aa93-4130a9b61fb1,1,3329.705534
2026/02/05/11:17:00,apply-time,rs-003666-h4mkt,78a2fe37-ef17-48e4-b4c2-150337ad04c9,1,3328.705534
2026/02/05/11:17:00,running-time,rs-003666-h4mkt,78a2fe37-ef17-48e4-b4c2-150337ad04c9,1,3329.705534
2026/02/05/11:17:01,apply-time,rs-003667-8wvjp,2225268b-7918-4464-b5c4-c02601975892,2,3330.705534
2026/02/05/11:17:01,running-time,rs-003667-8wvjp,2225268b-7918-4464-b5c4-c02601975892,2,3330.705534
2026/02/05/11:17:01,apply-time,rs-003667-wv8rn,1916de8e-99dc-4b6e-9137-8727f9280228,2,3330.705534
2026/02/05/11:17:01,running-time,rs-003667-wv8rn,1916de8e-99dc-4b6e-9137-8727f9280228,2,3330.705534
2026/02/05/11:17:01,apply-time,rs-003668-d4rqc,6547c850-52fb-4765-92dd-d8474ab50aef,2,3330.705534
2026/02/05/11:17:01,running-time,rs-003668-d4rqc,6547c850-52fb-4765-92dd-d8474ab50aef,2,3330.705534
2026/02/05/11:17:01,apply-time,rs-003668-psgfh,cfeb7ccc-3c32-4248-9e3b-cd344ef45d46,2,3330.705534
2026/02/05/11:17:01,running-time,rs-003668-psgfh,cfeb7ccc-3c32-4248-9e3b-cd344ef45d46,2,3330.705534
2026/02/05/11:17:01,apply-time,rs-003668-wbz25,68bbd531-3b98-4fbb-b4b3-be0120239bb1,2,3330.705534
2026/02/05/11:17:01,running-time,rs-003668-wbz25,68bbd531-3b98-4fbb-b4b3-be0120239bb1,2,3330.705534
2026/02/05/11:17:10,apply-time,rs-003669-9v4fv,8b45b2d2-9565-49db-bcad-b56542a5e3a4,4,3339.705534
2026/02/05/11:17:10,running-time,rs-003669-9v4fv,8b45b2d2-9565-49db-bcad-b56542a5e3a4,4,3339.705534
2026/02/05/11:17:18,apply-time,rs-003670-5pr46,c9f2e10e-c958-4a15-9e25-8d545309afab,4,3347.705534
2026/02/05/11:17:18,running-time,rs-003670-5pr46,c9f2e10e-c958-4a15-9e25-8d545309afab,4,3347.705534
2026/02/05/11:17:18,apply-time,rs-003670-mvwjz,d023f6e8-0d7b-4f62-8ba1-d5ade52f7890,4,3347.705534
2026/02/05/11:17:18,running-time,rs-003670-mvwjz,d023f6e8-0d7b-4f62-8ba1-d5ade52f7890,4,3347.705534
2026/02/05/11:17:26,apply-time,rs-003671-7txmx,21ec0fc8-f779-456b-a7d7-45af919ca03e,2,3355.705534
2026/02/05/11:17:26,running-time,rs-003671-7txmx,21ec0fc8-f779-456b-a7d7-45af919ca03e,2,3355.705534
2026/02/05/11:17:26,apply-time,rs-003671-dfk6d,fc377d1e-b293-4d29-a5f3-6c6434b12c72,2,3355.705534
2026/02/05/11:17:26,running-time,rs-003671-dfk6d,fc377d1e-b293-4d29-a5f3-6c6434b12c72,2,3355.705534
2026/02/05/11:17:26,apply-time,rs-003671-t84bp,52ddfb7c-d2af-43c8-bc8a-f5d5d3e7dd1e,2,3355.705534
2026/02/05/11:17:26,running-time,rs-003671-t84bp,52ddfb7c-d2af-43c8-bc8a-f5d5d3e7dd1e,2,3355.705534
2026/02/05/11:17:26,apply-time,rs-003672-8nvbm,ce780467-95d7-497d-82d5-5b0e477a7db0,2,3355.705534
2026/02/05/11:17:26,running-time,rs-003672-8nvbm,ce780467-95d7-497d-82d5-5b0e477a7db0,2,3355.705534
2026/02/05/11:17:26,apply-time,rs-003672-q8wwz,ab399520-e718-4d6b-9cc7-4fb4aed18113,2,3355.705534
2026/02/05/11:17:26,running-time,rs-003672-q8wwz,ab399520-e718-4d6b-9cc7-4fb4aed18113,2,3355.705534
2026/02/05/11:17:26,apply-time,rs-003672-x8m7s,67b95d6c-80b6-43dd-8ef1-f2c192f8aca7,2,3355.705534
2026/02/05/11:17:26,running-time,rs-003672-x8m7s,67b95d6c-80b6-43dd-8ef1-f2c192f8aca7,2,3355.705534
2026/02/05/11:17:26,apply-time,rs-003673-snhxb,f7a00f52-0450-41c7-9b5a-eddca6d4ca64,2,3355.705534
2026/02/05/11:17:26,running-time,rs-003673-snhxb,f7a00f52-0450-41c7-9b5a-eddca6d4ca64,2,3355.705534
2026/02/05/11:17:26,apply-time,rs-003674-mhcvm,c3013d00-7b8a-4053-b438-94062eb74dd0,4,3355.705534
2026/02/05/11:17:26,running-time,rs-003674-mhcvm,c3013d00-7b8a-4053-b438-94062eb74dd0,4,3355.705534
2026/02/05/11:17:26,apply-time,rs-003674-x4z8p,0d9e9040-a461-4079-a772-f22a025386b9,4,3355.705534
2026/02/05/11:17:26,running-time,rs-003674-x4z8p,0d9e9040-a461-4079-a772-f22a025386b9,4,3355.705534
2026/02/05/11:17:36,apply-time,rs-003675-7j9zb,38047cac-5f98-443c-96e9-4f6f5398f08c,2,3365.705534
2026/02/05/11:17:36,running-time,rs-003675-7j9zb,38047cac-5f98-443c-96e9-4f6f5398f08c,2,3365.705534
2026/02/05/11:17:36,apply-time,rs-003675-bcmzw,3134bfb3-9e01-41b3-94df-59fa12e3dc83,2,3365.705534
2026/02/05/11:17:36,running-time,rs-003675-bcmzw,3134bfb3-9e01-41b3-94df-59fa12e3dc83,2,3365.705534
2026/02/05/11:17:36,apply-time,rs-003675-bj8lv,22de7d36-3015-472e-b42b-be10586aa727,2,3365.705534
2026/02/05/11:17:36,running-time,rs-003675-bj8lv,22de7d36-3015-472e-b42b-be10586aa727,2,3365.705534
2026/02/05/11:17:37,apply-time,rs-003676-9qxdt,de05d219-e306-44c7-9bc1-ed7cce478e45,1,3366.705534
2026/02/05/11:17:37,running-time,rs-003676-9qxdt,de05d219-e306-44c7-9bc1-ed7cce478e45,1,3366.705534
2026/02/05/11:17:37,apply-time,rs-003676-r8bxd,e508211b-a8c1-499f-9d18-aa1923cbc924,1,3366.705534
2026/02/05/11:17:37,running-time,rs-003676-r8bxd,e508211b-a8c1-499f-9d18-aa1923cbc924,1,3366.705534
2026/02/05/11:17:37,apply-time,rs-003676-xlw7j,fd2d1e34-4fce-4fd9-89e1-d104cbff28e3,1,3366.705534
2026/02/05/11:17:37,running-time,rs-003676-xlw7j,fd2d1e34-4fce-4fd9-89e1-d104cbff28e3,1,3366.705534
2026/02/05/11:17:37,apply-time,rs-003677-csh2x,f9eadbd7-3931-4fa4-9963-23058a8e33db,1,3366.705534
2026/02/05/11:17:37,running-time,rs-003677-csh2x,f9eadbd7-3931-4fa4-9963-23058a8e33db,1,3366.705534
2026/02/05/11:17:37,apply-time,rs-003678-lgqj9,1f28aef7-1dcd-4a15-a84e-4993af31a49b,1,3366.705534
2026/02/05/11:17:37,running-time,rs-003678-lgqj9,1f28aef7-1dcd-4a15-a84e-4993af31a49b,1,3366.705534
2026/02/05/11:17:37,apply-time,rs-003679-mf6fp,36d5c7a6-2f15-4e81-8b91-da7e38d8f71e,2,3366.705534
2026/02/05/11:17:37,running-time,rs-003679-mf6fp,36d5c7a6-2f15-4e81-8b91-da7e38d8f71e,2,3366.705534
2026/02/05/11:17:37,apply-time,rs-003679-ts554,ac638c91-db2a-476b-a749-8c73a9826f83,2,3366.705534
2026/02/05/11:17:37,running-time,rs-003679-ts554,ac638c91-db2a-476b-a749-8c73a9826f83,2,3366.705534
2026/02/05/11:17:37,apply-time,rs-003680-fsfjb,667073f8-9f52-488e-a14d-4deccbb1b644,4,3366.705534
2026/02/05/11:17:37,running-time,rs-003680-fsfjb,667073f8-9f52-488e-a14d-4deccbb1b644,4,3366.705534
2026/02/05/11:17:37,apply-time,rs-003680-q28b8,095be623-d390-46b6-ae9c-70a56451693a,4,3366.705534
2026/02/05/11:17:37,running-time,rs-003680-q28b8,095be623-d390-46b6-ae9c-70a56451693a,4,3366.705534
2026/02/05/11:17:37,apply-time,rs-003680-zxmbl,1a28e7bb-5553-4a4a-801b-65a8d98717a4,4,3366.705534
2026/02/05/11:17:37,running-time,rs-003680-zxmbl,1a28e7bb-5553-4a4a-801b-65a8d98717a4,4,3366.705534
2026/02/05/11:17:50,apply-time,rs-003681-nchl4,fa0a9307-387b-4a03-a332-09d2d05b527d,3,3379.705534
2026/02/05/11:17:50,running-time,rs-003681-nchl4,fa0a9307-387b-4a03-a332-09d2d05b527d,3,3379.705534
2026/02/05/11:17:50,apply-time,rs-003682-bzs62,5401dd24-ec19-494c-befa-c142aabb0640,4,3379.705534
2026/02/05/11:17:50,running-time,rs-003682-bzs62,5401dd24-ec19-494c-befa-c142aabb0640,4,3379.705534
2026/02/05/11:17:50,apply-time,rs-003682-wpwdw,d503bdab-16b8-4aef-b77f-f9d92eb4f7c5,4,3379.705534
2026/02/05/11:17:50,running-time,rs-003682-wpwdw,d503bdab-16b8-4aef-b77f-f9d92eb4f7c5,4,3379.705534
2026/02/05/11:17:50,apply-time,rs-003682-zn2pw,d03b29aa-5f7c-4899-bd87-8a432cd656df,4,3379.705534
2026/02/05/11:17:50,running-time,rs-003682-zn2pw,d03b29aa-5f7c-4899-bd87-8a432cd656df,4,3379.705534
2026/02/05/11:17:50,apply-time,rs-003683-26wm7,2756fa20-542a-497f-93ad-a35db5dda446,1,3379.705534
2026/02/05/11:17:50,running-time,rs-003683-26wm7,2756fa20-542a-497f-93ad-a35db5dda446,1,3379.705534
2026/02/05/11:17:50,apply-time,rs-003684-cmtp2,678ef09e-f09d-44cc-b72c-e4f098dca719,4,3379.705534
2026/02/05/11:17:50,apply-time,rs-003684-hcs4w,d63493cd-47dd-4c61-ae2a-89c95530015b,4,3379.705534
2026/02/05/11:17:50,apply-time,rs-003684-ts5v6,82190aca-793a-4ac7-b1c4-31b2d1116588,4,3379.705534
2026/02/05/11:17:50,running-time,rs-003684-ts5v6,82190aca-793a-4ac7-b1c4-31b2d1116588,4,3379.705534
2026/02/05/11:17:50,apply-time,rs-003685-87254,7fd2fdc3-cfcb-4990-98b3-38e11a8e65d2,3,3379.705534
2026/02/05/11:17:51,running-time,rs-003684-cmtp2,678ef09e-f09d-44cc-b72c-e4f098dca719,4,3379.705534
2026/02/05/11:17:51,running-time,rs-003684-hcs4w,d63493cd-47dd-4c61-ae2a-89c95530015b,4,3379.705534
2026/02/05/11:17:51,running-time,rs-003685-87254,7fd2fdc3-cfcb-4990-98b3-38e11a8e65d2,3,3379.705534
2026/02/05/11:17:51,apply-time,rs-003685-lcbxs,916f916e-5b23-4cf4-99be-c2be596f024b,3,3379.705534
2026/02/05/11:17:51,running-time,rs-003685-lcbxs,916f916e-5b23-4cf4-99be-c2be596f024b,3,3379.705534
2026/02/05/11:17:51,apply-time,rs-003685-v76st,fb576922-858b-4322-b7ca-89926b7c9b16,3,3379.705534
2026/02/05/11:17:51,running-time,rs-003685-v76st,fb576922-858b-4322-b7ca-89926b7c9b16,3,3379.705534
2026/02/05/11:17:53,apply-time,rs-003686-x268f,8894d51d-7236-4548-979d-a692f7b1dac1,2,3382.705534
2026/02/05/11:17:53,running-time,rs-003686-x268f,8894d51d-7236-4548-979d-a692f7b1dac1,2,3382.705534
2026/02/05/11:17:53,apply-time,rs-003687-qhwxw,a30d1ba4-142a-40cc-9377-55faae0ab322,1,3382.705534
2026/02/05/11:17:53,running-time,rs-003687-qhwxw,a30d1ba4-142a-40cc-9377-55faae0ab322,1,3382.705534
2026/02/05/11:17:53,apply-time,rs-003688-zpn4w,e77cd3ca-5278-40d9-9893-010ce38f046d,2,3382.705534
2026/02/05/11:17:53,running-time,rs-003688-zpn4w,e77cd3ca-5278-40d9-9893-010ce38f046d,2,3382.705534
2026/02/05/11:17:53,apply-time,rs-003689-gfq77,edabcb1e-c55e-4efb-b621-dba17cb1ec13,2,3382.705534
2026/02/05/11:17:53,running-time,rs-003689-gfq77,edabcb1e-c55e-4efb-b621-dba17cb1ec13,2,3382.705534
2026/02/05/11:17:53,apply-time,rs-003690-6k284,66a2735f-7c89-4955-bc66-2552825eb002,1,3382.705534
2026/02/05/11:17:53,running-time,rs-003690-6k284,66a2735f-7c89-4955-bc66-2552825eb002,1,3382.705534
2026/02/05/11:17:53,apply-time,rs-003690-6rmb2,522b5b32-b4eb-4952-88d4-2f728b67280c,1,3382.705534
2026/02/05/11:17:53,running-time,rs-003690-6rmb2,522b5b32-b4eb-4952-88d4-2f728b67280c,1,3382.705534
2026/02/05/11:17:53,apply-time,rs-003691-4gf4n,be899388-9222-4ae5-9ac1-92444d391567,2,3382.705534
2026/02/05/11:17:53,running-time,rs-003691-4gf4n,be899388-9222-4ae5-9ac1-92444d391567,2,3382.705534
2026/02/05/11:17:53,apply-time,rs-003691-kmxtx,d8f29e03-efa4-48a0-bd67-883c1142dd12,2,3382.705534
2026/02/05/11:17:53,running-time,rs-003691-kmxtx,d8f29e03-efa4-48a0-bd67-883c1142dd12,2,3382.705534
2026/02/05/11:17:53,apply-time,rs-003692-pd2kp,5957122f-8ea3-4286-ac7b-ff029a9cc624,1,3382.705534
2026/02/05/11:17:53,running-time,rs-003692-pd2kp,5957122f-8ea3-4286-ac7b-ff029a9cc624,1,3382.705534
2026/02/05/11:17:53,apply-time,rs-003693-b454c,87abcc4f-1d51-4592-898c-59240bac4daa,1,3382.705534
2026/02/05/11:17:53,running-time,rs-003693-b454c,87abcc4f-1d51-4592-898c-59240bac4daa,1,3382.705534
2026/02/05/11:18:01,apply-time,rs-003694-9qzhg,1d9d9da4-139b-4c94-9102-0b2a23be7fb9,1,3390.705534
2026/02/05/11:18:01,running-time,rs-003694-9qzhg,1d9d9da4-139b-4c94-9102-0b2a23be7fb9,1,3390.705534
2026/02/05/11:18:01,apply-time,rs-003694-vc542,7f08fe19-4f4b-4e45-95dc-0357bd73d20e,1,3390.705534
2026/02/05/11:18:01,running-time,rs-003694-vc542,7f08fe19-4f4b-4e45-95dc-0357bd73d20e,1,3390.705534
2026/02/05/11:18:01,apply-time,rs-003695-mznmn,34c618a0-f3ba-4af3-ac3e-0917917bfb1c,4,3390.705534
2026/02/05/11:18:01,running-time,rs-003695-mznmn,34c618a0-f3ba-4af3-ac3e-0917917bfb1c,4,3390.705534
2026/02/05/11:18:01,apply-time,rs-003696-cjzxz,edec5dea-34f9-4171-88d5-766700f1287c,4,3390.705534
2026/02/05/11:18:01,running-time,rs-003696-cjzxz,edec5dea-34f9-4171-88d5-766700f1287c,4,3390.705534
2026/02/05/11:18:01,apply-time,rs-003696-kbnzj,fee6cc70-da04-4db1-bfcd-acf736dc7fdd,4,3390.705534
2026/02/05/11:18:01,running-time,rs-003696-kbnzj,fee6cc70-da04-4db1-bfcd-acf736dc7fdd,4,3390.705534
2026/02/05/11:18:01,apply-time,rs-003697-gd92r,7c7d2242-29dd-4429-a2f9-2e2e09d604f8,4,3390.705534
2026/02/05/11:18:01,running-time,rs-003697-gd92r,7c7d2242-29dd-4429-a2f9-2e2e09d604f8,4,3390.705534
2026/02/05/11:18:01,apply-time,rs-003698-rmmmb,9f68d592-e713-42e0-aa12-0cc2eea627ea,4,3390.705534
2026/02/05/11:18:01,running-time,rs-003698-rmmmb,9f68d592-e713-42e0-aa12-0cc2eea627ea,4,3390.705534
2026/02/05/11:18:02,apply-time,rs-003699-ds688,85da4b47-d9c4-472b-8597-6577fbafb206,4,3391.705534
2026/02/05/11:18:02,running-time,rs-003699-ds688,85da4b47-d9c4-472b-8597-6577fbafb206,4,3391.705534
2026/02/05/11:18:02,apply-time,rs-003699-fwrw5,0ef81a53-6520-4a3d-92d3-12777ab4a404,4,3391.705534
2026/02/05/11:18:02,running-time,rs-003699-fwrw5,0ef81a53-6520-4a3d-92d3-12777ab4a404,4,3391.705534
2026/02/05/11:18:02,apply-time,rs-003699-qcz7m,b1b882dc-0cce-41ff-848a-13921747b09a,4,3391.705534
2026/02/05/11:18:02,running-time,rs-003699-qcz7m,b1b882dc-0cce-41ff-848a-13921747b09a,4,3391.705534
2026/02/05/11:18:02,apply-time,rs-003700-kqhn6,b396888d-dd1e-42ee-9f06-ead1f29f121a,1,3391.705534
2026/02/05/11:18:02,running-time,rs-003700-kqhn6,b396888d-dd1e-42ee-9f06-ead1f29f121a,1,3391.705534
2026/02/05/11:18:02,apply-time,rs-003700-mm67r,0a5ff943-8338-4042-baa1-3c8423234869,1,3391.705534
2026/02/05/11:18:02,running-time,rs-003700-mm67r,0a5ff943-8338-4042-baa1-3c8423234869,1,3391.705534
2026/02/05/11:18:03,apply-time,rs-003701-25vzq,beb158ac-2161-4e7e-ae13-246920c68d25,3,3392.705534
2026/02/05/11:18:03,apply-time,rs-003702-4pzm9,300ff641-fee2-48bd-9a31-ceafa40a47c0,3,3392.705534
2026/02/05/11:18:03,running-time,rs-003702-4pzm9,300ff641-fee2-48bd-9a31-ceafa40a47c0,3,3392.705534
2026/02/05/11:18:03,apply-time,rs-003702-jmsfz,2b3aaa90-d08b-4911-ac01-61390eb92a32,3,3392.705534
2026/02/05/11:18:03,running-time,rs-003702-jmsfz,2b3aaa90-d08b-4911-ac01-61390eb92a32,3,3392.705534
2026/02/05/11:18:03,apply-time,rs-003703-8znbm,e5e6d00e-2cb2-4f58-b001-01f0f41a2103,1,3392.705534
2026/02/05/11:18:03,running-time,rs-003703-8znbm,e5e6d00e-2cb2-4f58-b001-01f0f41a2103,1,3392.705534
2026/02/05/11:18:03,apply-time,rs-003704-64vl6,61479e35-4055-4b16-80ab-3616066ffedd,2,3392.705534
2026/02/05/11:18:03,running-time,rs-003704-64vl6,61479e35-4055-4b16-80ab-3616066ffedd,2,3392.705534
2026/02/05/11:18:03,apply-time,rs-003704-68sv2,994ec73d-f542-47ab-9709-0b74e37d65f4,2,3392.705534
2026/02/05/11:18:03,running-time,rs-003704-68sv2,994ec73d-f542-47ab-9709-0b74e37d65f4,2,3392.705534
2026/02/05/11:18:04,apply-time,rs-003705-495s9,37f29a51-855f-4271-b930-e5c6d47710a0,1,3393.705534
2026/02/05/11:18:04,apply-time,rs-003706-559cc,e50c2d2b-3ebd-44b8-aea1-23d05ca93839,3,3393.705534
2026/02/05/11:18:04,running-time,rs-003706-559cc,e50c2d2b-3ebd-44b8-aea1-23d05ca93839,3,3393.705534
2026/02/05/11:18:04,apply-time,rs-003706-sq9sq,f1a50f27-31ba-4c69-9ea9-07ca30a6a173,3,3393.705534
2026/02/05/11:18:04,running-time,rs-003706-sq9sq,f1a50f27-31ba-4c69-9ea9-07ca30a6a173,3,3393.705534
2026/02/05/11:18:04,apply-time,rs-003706-txs8n,5c356735-03df-4efc-b7d0-ef40e4b38b15,3,3393.705534
2026/02/05/11:18:04,running-time,rs-003706-txs8n,5c356735-03df-4efc-b7d0-ef40e4b38b15,3,3393.705534
2026/02/05/11:18:04,apply-time,rs-003707-7zkqs,39357a43-410e-402b-9cd1-9ce915a45390,4,3393.705534
2026/02/05/11:18:04,running-time,rs-003707-7zkqs,39357a43-410e-402b-9cd1-9ce915a45390,4,3393.705534
2026/02/05/11:18:04,apply-time,rs-003707-lg2f4,2b6e0ffe-858d-40af-b668-8e3bdbcd0c74,4,3393.705534
2026/02/05/11:18:04,running-time,rs-003707-lg2f4,2b6e0ffe-858d-40af-b668-8e3bdbcd0c74,4,3393.705534
2026/02/05/11:18:04,apply-time,rs-003708-cr2nk,ff8340a0-aabf-47cc-83d0-25245129ca83,2,3393.705534
2026/02/05/11:18:04,running-time,rs-003708-cr2nk,ff8340a0-aabf-47cc-83d0-25245129ca83,2,3393.705534
2026/02/05/11:18:04,apply-time,rs-003708-flbf5,864c20aa-0124-497c-b584-7917d51e5b2c,2,3393.705534
2026/02/05/11:18:04,running-time,rs-003708-flbf5,864c20aa-0124-497c-b584-7917d51e5b2c,2,3393.705534
2026/02/05/11:18:04,apply-time,rs-003708-njxm5,dc507cc5-bef4-4715-89ce-f05711b61964,2,3393.705534
2026/02/05/11:18:04,running-time,rs-003708-njxm5,dc507cc5-bef4-4715-89ce-f05711b61964,2,3393.705534
2026/02/05/11:18:06,running-time,rs-003705-495s9,37f29a51-855f-4271-b930-e5c6d47710a0,1,3395.705534
2026/02/05/11:18:10,running-time,rs-003701-25vzq,beb158ac-2161-4e7e-ae13-246920c68d25,3,3399.705534
2026/02/05/11:18:10,apply-time,rs-003709-gmdm8,a8d7b987-b284-489d-a58b-db246a8043a1,1,3399.705534
2026/02/05/11:18:10,running-time,rs-003709-gmdm8,a8d7b987-b284-489d-a58b-db246a8043a1,1,3399.705534
2026/02/05/11:18:10,apply-time,rs-003710-nf8r7,fe7e90f6-ed2a-46e1-9808-92bd14e29db5,1,3399.705534
2026/02/05/11:18:10,running-time,rs-003710-nf8r7,fe7e90f6-ed2a-46e1-9808-92bd14e29db5,1,3399.705534
2026/02/05/11:18:10,apply-time,rs-003711-25b22,4e0d0135-be16-4344-8166-fb153726921a,4,3399.705534
2026/02/05/11:18:10,running-time,rs-003711-25b22,4e0d0135-be16-4344-8166-fb153726921a,4,3399.705534
2026/02/05/11:18:10,apply-time,rs-003712-7tjxb,29388d5c-906b-4a49-8bb2-75459072bec2,4,3399.705534
2026/02/05/11:18:10,running-time,rs-003712-7tjxb,29388d5c-906b-4a49-8bb2-75459072bec2,4,3399.705534
2026/02/05/11:18:10,apply-time,rs-003712-qm5q8,03c474c0-4715-4370-8bb3-a2bda3afe866,4,3399.705534
2026/02/05/11:18:10,running-time,rs-003712-qm5q8,03c474c0-4715-4370-8bb3-a2bda3afe866,4,3399.705534
2026/02/05/11:18:10,apply-time,rs-003713-8x58k,e502c8be-9395-4769-9577-05406545c97d,4,3399.705534
2026/02/05/11:18:10,running-time,rs-003713-8x58k,e502c8be-9395-4769-9577-05406545c97d,4,3399.705534
2026/02/05/11:18:10,apply-time,rs-003713-gmdtg,4d4f1b9f-adfb-4a2c-877b-37f6898e9a34,4,3399.705534
2026/02/05/11:18:10,running-time,rs-003713-gmdtg,4d4f1b9f-adfb-4a2c-877b-37f6898e9a34,4,3399.705534
2026/02/05/11:18:10,apply-time,rs-003714-clr4m,69bf36fe-0a2f-4e7e-b61b-df73a976a1eb,3,3399.705534
2026/02/05/11:18:10,running-time,rs-003714-clr4m,69bf36fe-0a2f-4e7e-b61b-df73a976a1eb,3,3399.705534
2026/02/05/11:18:10,apply-time,rs-003715-tdw4k,ba52eaf0-2919-432e-88bd-86e0c58f99c7,2,3399.705534
2026/02/05/11:18:10,running-time,rs-003715-tdw4k,ba52eaf0-2919-432e-88bd-86e0c58f99c7,2,3399.705534
2026/02/05/11:18:10,apply-time,rs-003716-7ndh4,11faca66-42c8-43f5-8692-886e37b83729,3,3399.705534
2026/02/05/11:18:10,running-time,rs-003716-7ndh4,11faca66-42c8-43f5-8692-886e37b83729,3,3399.705534
2026/02/05/11:18:11,apply-time,rs-003714-558nc,fa0778e6-21e4-4ca4-9a35-5e8e9a878da1,3,3399.705534
2026/02/05/11:18:11,running-time,rs-003714-558nc,fa0778e6-21e4-4ca4-9a35-5e8e9a878da1,3,3400.705534
2026/02/05/11:18:11,apply-time,rs-003714-fp59f,b48ab0d0-3501-4db2-8a72-05bf4840332f,3,3400.705534
2026/02/05/11:18:11,running-time,rs-003714-fp59f,b48ab0d0-3501-4db2-8a72-05bf4840332f,3,3400.705534
2026/02/05/11:18:11,apply-time,rs-003715-4jvv4,3b08628f-b949-4415-9f49-a52e2d198975,2,3400.705534
2026/02/05/11:18:11,running-time,rs-003715-4jvv4,3b08628f-b949-4415-9f49-a52e2d198975,2,3400.705534
2026/02/05/11:18:11,apply-time,rs-003715-74wbx,28b1b00d-874a-4d4e-ad5f-545682991d6d,2,3400.705534
2026/02/05/11:18:11,running-time,rs-003715-74wbx,28b1b00d-874a-4d4e-ad5f-545682991d6d,2,3400.705534
2026/02/05/11:18:11,apply-time,rs-003717-bpj85,3361ae31-003a-4aeb-b8e7-8cd0f56910f7,1,3400.705534
2026/02/05/11:18:11,running-time,rs-003717-bpj85,3361ae31-003a-4aeb-b8e7-8cd0f56910f7,1,3400.705534
2026/02/05/11:18:11,apply-time,rs-003717-k4g8v,816adb40-0684-428b-af27-c065d150ee00,1,3400.705534
2026/02/05/11:18:11,running-time,rs-003717-k4g8v,816adb40-0684-428b-af27-c065d150ee00,1,3400.705534
2026/02/05/11:18:11,apply-time,rs-003718-2ckgg,5b16313f-d30a-41e3-bd07-a96ba1cc357d,2,3400.705534
2026/02/05/11:18:11,running-time,rs-003718-2ckgg,5b16313f-d30a-41e3-bd07-a96ba1cc357d,2,3400.705534
2026/02/05/11:18:11,apply-time,rs-003718-gh4s8,31b0f368-3e8a-4a03-bc94-86b882271c05,2,3400.705534
2026/02/05/11:18:11,apply-time,rs-003719-r2w9h,b18f8ead-1dc5-422c-9d04-81803fcd9a93,3,3400.705534
2026/02/05/11:18:11,running-time,rs-003719-r2w9h,b18f8ead-1dc5-422c-9d04-81803fcd9a93,3,3400.705534
2026/02/05/11:18:12,running-time,rs-003718-gh4s8,31b0f368-3e8a-4a03-bc94-86b882271c05,2,3400.705534
2026/02/05/11:18:12,apply-time,rs-003718-z9vvp,5dc80841-616d-4ded-8260-6939402f7694,2,3400.705534
2026/02/05/11:18:12,running-time,rs-003718-z9vvp,5dc80841-616d-4ded-8260-6939402f7694,2,3401.705534
2026/02/05/11:18:12,apply-time,rs-003719-qvp2h,cffd3ce3-5c8c-47d5-874f-568d062a48b2,3,3401.705534
2026/02/05/11:18:12,running-time,rs-003719-qvp2h,cffd3ce3-5c8c-47d5-874f-568d062a48b2,3,3401.705534
2026/02/05/11:18:12,apply-time,rs-003720-7tpl8,14becbff-6263-4fc9-a949-1f4e4b9f6bf6,4,3401.705534
2026/02/05/11:18:12,running-time,rs-003720-7tpl8,14becbff-6263-4fc9-a949-1f4e4b9f6bf6,4,3401.705534
2026/02/05/11:18:12,apply-time,rs-003720-knp2h,382b68cc-1b71-4cb9-931c-ae4748a5404a,4,3401.705534
2026/02/05/11:18:12,running-time,rs-003720-knp2h,382b68cc-1b71-4cb9-931c-ae4748a5404a,4,3401.705534
2026/02/05/11:18:12,apply-time,rs-003721-2pcrs,24ceea25-ffbd-434c-bbdb-ef6600e5c955,2,3401.705534
2026/02/05/11:18:12,apply-time,rs-003721-htfnx,2b56d2b5-3a46-4b78-bf69-0eb28e8f37d8,2,3401.705534
2026/02/05/11:18:12,running-time,rs-003721-htfnx,2b56d2b5-3a46-4b78-bf69-0eb28e8f37d8,2,3401.705534
2026/02/05/11:18:12,apply-time,rs-003722-9sgm6,192ca0f5-da8f-4c5a-8d44-6f19dfaf0c7f,3,3401.705534
2026/02/05/11:18:12,running-time,rs-003722-9sgm6,192ca0f5-da8f-4c5a-8d44-6f19dfaf0c7f,3,3401.705534
2026/02/05/11:18:12,apply-time,rs-003723-hqj5r,f66bfe3d-f843-46ad-80b3-c6d999a35977,2,3401.705534
2026/02/05/11:18:12,running-time,rs-003723-hqj5r,f66bfe3d-f843-46ad-80b3-c6d999a35977,2,3401.705534
2026/02/05/11:18:13,running-time,rs-003721-2pcrs,24ceea25-ffbd-434c-bbdb-ef6600e5c955,2,3401.705534
2026/02/05/11:18:13,apply-time,rs-003724-kgnwr,66dc4b74-22cd-4550-876a-701df61651ff,2,3402.705534
2026/02/05/11:18:13,running-time,rs-003724-kgnwr,66dc4b74-22cd-4550-876a-701df61651ff,2,3402.705534
2026/02/05/11:18:13,apply-time,rs-003724-wrhd7,e5a95588-f47e-4efe-aa12-38569830dfbf,2,3402.705534
2026/02/05/11:18:13,running-time,rs-003724-wrhd7,e5a95588-f47e-4efe-aa12-38569830dfbf,2,3402.705534
2026/02/05/11:18:13,apply-time,rs-003725-sqgpx,c054d13a-7375-4cd1-99a8-e0171acf03b5,2,3402.705534
2026/02/05/11:18:13,running-time,rs-003725-sqgpx,c054d13a-7375-4cd1-99a8-e0171acf03b5,2,3402.705534
2026/02/05/11:18:13,apply-time,rs-003726-hrjhd,693b2b58-3611-4e20-abfa-1263f7b215fc,4,3402.705534
2026/02/05/11:18:13,running-time,rs-003726-hrjhd,693b2b58-3611-4e20-abfa-1263f7b215fc,4,3402.705534
2026/02/05/11:18:13,apply-time,rs-003726-k282k,71f6f18c-99af-447f-a35b-4078c15f24f1,4,3402.705534
2026/02/05/11:18:13,running-time,rs-003726-k282k,71f6f18c-99af-447f-a35b-4078c15f24f1,4,3402.705534
2026/02/05/11:18:13,apply-time,rs-003726-p7c45,ad1537fb-2519-4e1b-a250-56c0bf58957b,4,3402.705534
2026/02/05/11:18:13,running-time,rs-003726-p7c45,ad1537fb-2519-4e1b-a250-56c0bf58957b,4,3402.705534
2026/02/05/11:18:13,apply-time,rs-003727-dwhcd,fddfdf07-78a6-459b-9879-bf5b71520244,3,3402.705534
2026/02/05/11:18:13,running-time,rs-003727-dwhcd,fddfdf07-78a6-459b-9879-bf5b71520244,3,3402.705534
2026/02/05/11:18:13,apply-time,rs-003727-plwjn,f00242fd-844a-4ec9-b313-fe6e0087665f,3,3402.705534
2026/02/05/11:18:13,running-time,rs-003727-plwjn,f00242fd-844a-4ec9-b313-fe6e0087665f,3,3402.705534
2026/02/05/11:18:13,apply-time,rs-003727-zw4z5,6cec808b-51c1-4981-8476-936a5686a9ff,3,3402.705534
2026/02/05/11:18:13,running-time,rs-003727-zw4z5,6cec808b-51c1-4981-8476-936a5686a9ff,3,3402.705534
2026/02/05/11:18:13,apply-time,rs-003728-qg478,2d7b89c4-d66d-4747-b4a2-d0322f3f6337,3,3402.705534
2026/02/05/11:18:13,running-time,rs-003728-qg478,2d7b89c4-d66d-4747-b4a2-d0322f3f6337,3,3402.705534
2026/02/05/11:18:14,apply-time,rs-003728-8f6r9,63c2dc89-a59c-4341-abe7-5ab9d0729dd2,3,3402.705534
2026/02/05/11:18:14,running-time,rs-003728-8f6r9,63c2dc89-a59c-4341-abe7-5ab9d0729dd2,3,3403.705534
2026/02/05/11:18:14,apply-time,rs-003728-plrsq,8d5093a8-0dee-4711-a013-6e4ec21db848,3,3402.705534
2026/02/05/11:18:14,running-time,rs-003728-plrsq,8d5093a8-0dee-4711-a013-6e4ec21db848,3,3402.705534
2026/02/05/11:18:14,apply-time,rs-003729-fkfzp,398043ee-a57d-46ac-936a-a798952fc34b,1,3403.705534
2026/02/05/11:18:14,running-time,rs-003729-fkfzp,398043ee-a57d-46ac-936a-a798952fc34b,1,3403.705534
2026/02/05/11:18:14,apply-time,rs-003729-nbw8d,562422d4-1931-4f20-81b3-a1a2386ac790,1,3403.705534
2026/02/05/11:18:14,running-time,rs-003729-nbw8d,562422d4-1931-4f20-81b3-a1a2386ac790,1,3403.705534
2026/02/05/11:18:14,apply-time,rs-003730-5hddw,a7dd5114-a37f-4cfb-a9e2-adb4b77d04b9,1,3403.705534
2026/02/05/11:18:14,running-time,rs-003730-5hddw,a7dd5114-a37f-4cfb-a9e2-adb4b77d04b9,1,3403.705534
2026/02/05/11:18:14,apply-time,rs-003730-5rngz,d13a033a-65a4-4672-88f3-594fdd4408d2,1,3403.705534
2026/02/05/11:18:14,running-time,rs-003730-5rngz,d13a033a-65a4-4672-88f3-594fdd4408d2,1,3403.705534
2026/02/05/11:18:14,apply-time,rs-003730-8b7gb,5bbe6b90-20a3-4176-814c-77f036ea1fe0,1,3403.705534
2026/02/05/11:18:14,running-time,rs-003730-8b7gb,5bbe6b90-20a3-4176-814c-77f036ea1fe0,1,3403.705534
2026/02/05/11:18:14,apply-time,rs-003731-65jgj,11f403dc-5aff-4d81-a07c-5468a9b40a90,1,3403.705534
2026/02/05/11:18:14,running-time,rs-003731-65jgj,11f403dc-5aff-4d81-a07c-5468a9b40a90,1,3403.705534
2026/02/05/11:18:14,apply-time,rs-003732-8t957,4f5a7774-491a-41aa-a00d-14a1d822772a,2,3403.705534
2026/02/05/11:18:14,apply-time,rs-003733-sgcgq,df88aadb-c8e9-486b-a938-e754db8dfaf8,1,3403.705534
2026/02/05/11:18:15,apply-time,rs-003731-4sjm4,bca3aff4-e0fe-448e-b557-dee527988cb5,1,3404.705534
2026/02/05/11:18:15,running-time,rs-003731-4sjm4,bca3aff4-e0fe-448e-b557-dee527988cb5,1,3404.705534
2026/02/05/11:18:15,apply-time,rs-003731-svzvx,2c28948a-5f77-4007-99ed-d364cfec2f82,1,3404.705534
2026/02/05/11:18:15,running-time,rs-003731-svzvx,2c28948a-5f77-4007-99ed-d364cfec2f82,1,3404.705534
2026/02/05/11:18:15,apply-time,rs-003732-6n9mb,3dcc2869-ceeb-4521-94e9-54b9c056844d,2,3404.705534
2026/02/05/11:18:15,apply-time,rs-003732-sqnqh,0de15f73-6e0f-42f6-b67f-87d333ea088a,2,3404.705534
2026/02/05/11:18:15,apply-time,rs-003733-75dfl,7467d556-b746-4106-b916-d475cd26935a,1,3404.705534
2026/02/05/11:18:15,running-time,rs-003733-75dfl,7467d556-b746-4106-b916-d475cd26935a,1,3404.705534
2026/02/05/11:18:15,running-time,rs-003733-sgcgq,df88aadb-c8e9-486b-a938-e754db8dfaf8,1,3404.705534
2026/02/05/11:18:15,apply-time,rs-003733-v4wjc,4b620b97-8e8e-4ca0-ac5b-5fc41c491fbd,1,3404.705534
2026/02/05/11:18:15,running-time,rs-003733-v4wjc,4b620b97-8e8e-4ca0-ac5b-5fc41c491fbd,1,3404.705534
2026/02/05/11:18:15,apply-time,rs-003734-88b8b,a309d506-7770-4e0e-9fdf-e03c2fde953a,2,3404.705534
2026/02/05/11:18:15,running-time,rs-003734-88b8b,a309d506-7770-4e0e-9fdf-e03c2fde953a,2,3404.705534
2026/02/05/11:18:15,apply-time,rs-003734-lkklg,04788f96-9bb0-4da6-9da8-c2113b060675,2,3404.705534
2026/02/05/11:18:15,running-time,rs-003734-lkklg,04788f96-9bb0-4da6-9da8-c2113b060675,2,3404.705534
2026/02/05/11:18:15,apply-time,rs-003734-zs6cj,a4aec372-f934-4e63-98fa-1acb7390bd4b,2,3404.705534
2026/02/05/11:18:15,running-time,rs-003734-zs6cj,a4aec372-f934-4e63-98fa-1acb7390bd4b,2,3404.705534
2026/02/05/11:18:15,apply-time,rs-003736-5tj8j,4731e220-8298-4889-aa4a-b49b428f444a,1,3404.705534
2026/02/05/11:18:15,running-time,rs-003736-5tj8j,4731e220-8298-4889-aa4a-b49b428f444a,1,3404.705534
2026/02/05/11:18:16,apply-time,rs-003735-8lmfp,b95e945c-521c-4511-bee9-132766e55462,2,3405.705534
2026/02/05/11:18:16,apply-time,rs-003735-qwxjx,78118718-0b42-4f7a-8ba2-4a52987bde20,2,3405.705534
2026/02/05/11:18:16,running-time,rs-003735-qwxjx,78118718-0b42-4f7a-8ba2-4a52987bde20,2,3405.705534
2026/02/05/11:18:16,apply-time,rs-003736-z6kls,f13497bb-6515-4687-9e0c-84b8aa4eb012,1,3405.705534
2026/02/05/11:18:16,apply-time,rs-003737-x2b26,df2c406c-814b-4103-919d-5b470cf1fa91,3,3405.705534
2026/02/05/11:18:16,running-time,rs-003737-x2b26,df2c406c-814b-4103-919d-5b470cf1fa91,3,3405.705534
2026/02/05/11:18:16,apply-time,rs-003738-7f556,f903b13c-7128-4af9-8cf4-98384cb01b7f,3,3405.705534
2026/02/05/11:18:16,running-time,rs-003738-7f556,f903b13c-7128-4af9-8cf4-98384cb01b7f,3,3405.705534
2026/02/05/11:18:16,apply-time,rs-003738-fdwz6,400812a0-7891-4ce6-a9e6-add865c29c1c,3,3405.705534
2026/02/05/11:18:16,running-time,rs-003738-fdwz6,400812a0-7891-4ce6-a9e6-add865c29c1c,3,3405.705534
2026/02/05/11:18:16,apply-time,rs-003739-4g7n4,470b3843-2222-48a4-8001-16b820b5d920,3,3405.705534
2026/02/05/11:18:16,running-time,rs-003739-4g7n4,470b3843-2222-48a4-8001-16b820b5d920,3,3405.705534
2026/02/05/11:18:16,apply-time,rs-003740-9kklf,437ef068-c593-460b-b267-89d0f419264c,1,3405.705534
2026/02/05/11:18:16,running-time,rs-003740-9kklf,437ef068-c593-460b-b267-89d0f419264c,1,3405.705534
2026/02/05/11:18:17,apply-time,rs-003740-l9p2r,4bfa4c27-bd83-4e7e-900e-9ca4ad57d729,1,3406.705534
2026/02/05/11:18:17,running-time,rs-003740-l9p2r,4bfa4c27-bd83-4e7e-900e-9ca4ad57d729,1,3406.705534
2026/02/05/11:18:17,apply-time,rs-003740-pdmjf,38de4085-559f-4955-8251-4624aac47b3a,1,3406.705534
2026/02/05/11:18:17,running-time,rs-003740-pdmjf,38de4085-559f-4955-8251-4624aac47b3a,1,3406.705534
2026/02/05/11:18:18,running-time,rs-003732-8t957,4f5a7774-491a-41aa-a00d-14a1d822772a,2,3407.705534
2026/02/05/11:18:19,apply-time,rs-003741-bm7sj,c55d13b2-8e5f-45c5-aca8-dfb3f60b238f,3,3408.705534
2026/02/05/11:18:19,running-time,rs-003741-bm7sj,c55d13b2-8e5f-45c5-aca8-dfb3f60b238f,3,3408.705534
2026/02/05/11:18:19,apply-time,rs-003741-gf2b8,a70d2357-5104-4f76-a7fc-fa13288716c8,3,3408.705534
2026/02/05/11:18:19,running-time,rs-003741-gf2b8,a70d2357-5104-4f76-a7fc-fa13288716c8,3,3408.705534
2026/02/05/11:18:19,apply-time,rs-003742-h6xwm,72e74930-c93a-4dfa-b08d-64b93034b188,2,3408.705534
2026/02/05/11:18:19,running-time,rs-003742-h6xwm,72e74930-c93a-4dfa-b08d-64b93034b188,2,3408.705534
2026/02/05/11:18:19,apply-time,rs-003743-244pl,5f0c1faf-485a-4202-95b0-bc679969a421,2,3408.705534
2026/02/05/11:18:19,apply-time,rs-003744-4skwr,12766232-df75-4c06-8c37-e9cf952630e4,2,3408.705534
2026/02/05/11:18:19,running-time,rs-003744-4skwr,12766232-df75-4c06-8c37-e9cf952630e4,2,3408.705534
2026/02/05/11:18:19,apply-time,rs-003745-4v4tc,2682548d-8188-4eee-80ac-62114200ca63,1,3408.705534
2026/02/05/11:18:19,running-time,rs-003745-4v4tc,2682548d-8188-4eee-80ac-62114200ca63,1,3408.705534
2026/02/05/11:18:20,apply-time,rs-003742-cmflb,19c3ef61-73d7-4d94-b59e-3c689827bc0c,2,3409.705534
2026/02/05/11:18:20,running-time,rs-003742-cmflb,19c3ef61-73d7-4d94-b59e-3c689827bc0c,2,3409.705534
2026/02/05/11:18:20,apply-time,rs-003743-5j45c,6bbd5826-8567-4a6a-ac46-3d0c29fecd5d,2,3409.705534
2026/02/05/11:18:20,apply-time,rs-003745-p2js6,0088bf9d-0702-44ec-96d4-10bf3ea7876a,1,3408.705534
2026/02/05/11:18:20,running-time,rs-003745-p2js6,0088bf9d-0702-44ec-96d4-10bf3ea7876a,1,3409.705534
2026/02/05/11:18:20,apply-time,rs-003746-2wnvb,c3dc268d-ff15-453d-948d-dcbb34875352,1,3409.705534
2026/02/05/11:18:20,apply-time,rs-003746-6s4hw,7698e1ce-accf-4993-aa8a-e7325fdb5d44,1,3409.705534
2026/02/05/11:18:20,running-time,rs-003746-6s4hw,7698e1ce-accf-4993-aa8a-e7325fdb5d44,1,3409.705534
2026/02/05/11:18:20,apply-time,rs-003746-z72g8,1ca932b8-562f-4e8c-b369-220e4af84e63,1,3409.705534
2026/02/05/11:18:20,apply-time,rs-003747-mbjvq,fd31c424-b279-44b4-b65b-28b724d09542,3,3409.705534
2026/02/05/11:18:20,running-time,rs-003747-mbjvq,fd31c424-b279-44b4-b65b-28b724d09542,3,3409.705534
2026/02/05/11:18:24,apply-time,rs-003748-bhdwm,78532a01-f065-4604-b92d-dc1518f2c320,3,3413.705534
2026/02/05/11:18:24,running-time,rs-003748-bhdwm,78532a01-f065-4604-b92d-dc1518f2c320,3,3413.705534
2026/02/05/11:18:24,apply-time,rs-003748-mm6dp,d5c49477-e1e1-4708-8fad-ddf77a43890a,3,3413.705534
2026/02/05/11:18:24,running-time,rs-003748-mm6dp,d5c49477-e1e1-4708-8fad-ddf77a43890a,3,3413.705534
2026/02/05/11:18:29,apply-time,rs-003749-wgt54,05c95562-27b2-4e62-916e-9b1cfe342af0,2,3418.705534
2026/02/05/11:18:29,running-time,rs-003749-wgt54,05c95562-27b2-4e62-916e-9b1cfe342af0,2,3418.705534
2026/02/05/11:18:29,apply-time,rs-003750-bm8sh,d28ae27e-ef5e-409c-b09d-bd07628ff6bd,2,3418.705534
2026/02/05/11:18:29,running-time,rs-003750-bm8sh,d28ae27e-ef5e-409c-b09d-bd07628ff6bd,2,3418.705534
2026/02/05/11:18:29,apply-time,rs-003750-sr2xb,e293a8b6-7fa5-4935-9401-615b33acb58d,2,3418.705534
2026/02/05/11:18:29,running-time,rs-003750-sr2xb,e293a8b6-7fa5-4935-9401-615b33acb58d,2,3418.705534
2026/02/05/11:18:29,apply-time,rs-003751-msfq2,0b7c375e-485a-42ae-8fbb-365883542dee,2,3418.705534
2026/02/05/11:18:29,apply-time,rs-003751-p2q9c,8eab41b5-d5ae-4ccc-8a6d-df5fc7454b43,2,3418.705534
2026/02/05/11:18:29,running-time,rs-003751-p2q9c,8eab41b5-d5ae-4ccc-8a6d-df5fc7454b43,2,3418.705534
2026/02/05/11:18:29,apply-time,rs-003751-xmpqn,bbadd9e2-39c8-43e6-bfe1-d01fe800e033,2,3418.705534
2026/02/05/11:18:29,apply-time,rs-003752-bzntg,bb721e80-c2df-4d14-9fcb-e3aa618eda88,1,3418.705534
2026/02/05/11:18:29,apply-time,rs-003752-xsxc9,818b2951-d76e-41ac-b866-782a48eb8872,1,3418.705534
2026/02/05/11:18:29,running-time,rs-003752-xsxc9,818b2951-d76e-41ac-b866-782a48eb8872,1,3418.705534
2026/02/05/11:18:29,apply-time,rs-003752-zv7qw,d9d91acc-6ebf-41a7-aff1-605677391cc9,1,3418.705534
2026/02/05/11:18:29,running-time,rs-003752-zv7qw,d9d91acc-6ebf-41a7-aff1-605677391cc9,1,3418.705534
2026/02/05/11:18:37,running-time,rs-003751-xmpqn,bbadd9e2-39c8-43e6-bfe1-d01fe800e033,2,3426.705534
2026/02/05/11:18:39,running-time,rs-003751-msfq2,0b7c375e-485a-42ae-8fbb-365883542dee,2,3428.705534
2026/02/05/11:18:43,apply-time,rs-003753-s57r7,44b65952-d5d4-4802-8b43-0869cb84dcb9,4,3432.705534
2026/02/05/11:18:44,running-time,rs-003753-s57r7,44b65952-d5d4-4802-8b43-0869cb84dcb9,4,3432.705534
2026/02/05/11:18:44,apply-time,rs-003754-9cvnb,3dbb544d-c4fd-4624-bc98-13bb0758881f,4,3433.705534
2026/02/05/11:18:44,running-time,rs-003754-9cvnb,3dbb544d-c4fd-4624-bc98-13bb0758881f,4,3433.705534
2026/02/05/11:18:44,apply-time,rs-003755-bl9zl,0ade90d0-ac55-401f-8c02-9b1204fbcc3e,1,3433.705534
2026/02/05/11:18:44,running-time,rs-003755-bl9zl,0ade90d0-ac55-401f-8c02-9b1204fbcc3e,1,3433.705534
2026/02/05/11:18:44,apply-time,rs-003755-k9696,b9007ef3-654d-47f3-a44d-850d6aac2a0d,1,3433.705534
2026/02/05/11:18:44,running-time,rs-003755-k9696,b9007ef3-654d-47f3-a44d-850d6aac2a0d,1,3433.705534
2026/02/05/11:18:44,apply-time,rs-003756-gcjwk,f78a7fba-290e-4bdc-8d80-a70770e2c1ce,1,3433.705534
2026/02/05/11:18:44,running-time,rs-003756-gcjwk,f78a7fba-290e-4bdc-8d80-a70770e2c1ce,1,3433.705534
2026/02/05/11:18:44,apply-time,rs-003757-4wgv5,d381f114-0363-4f1c-9c6e-e42960cc09d3,1,3433.705534
2026/02/05/11:18:44,running-time,rs-003757-4wgv5,d381f114-0363-4f1c-9c6e-e42960cc09d3,1,3433.705534
2026/02/05/11:18:44,apply-time,rs-003757-glxkt,4aab1335-5ed2-47a7-910a-3ab1727c64de,1,3433.705534
2026/02/05/11:18:44,running-time,rs-003757-glxkt,4aab1335-5ed2-47a7-910a-3ab1727c64de,1,3433.705534
2026/02/05/11:18:44,apply-time,rs-003758-dq5d2,337c89d9-5c03-43e9-baad-dbdd7506818c,1,3433.705534
2026/02/05/11:18:44,apply-time,rs-003759-g5db8,4ad7dde2-3fa9-46fa-abe4-cc6696d5d2eb,2,3433.705534
2026/02/05/11:18:44,running-time,rs-003759-g5db8,4ad7dde2-3fa9-46fa-abe4-cc6696d5d2eb,2,3433.705534
2026/02/05/11:18:44,apply-time,rs-003760-sdxrn,2a36c923-a0ad-4048-9861-ad173978268b,2,3433.705534
2026/02/05/11:18:45,running-time,rs-003760-sdxrn,2a36c923-a0ad-4048-9861-ad173978268b,2,3433.705534
2026/02/05/11:18:45,apply-time,rs-003761-n6skv,f127ebb6-7934-4bd8-a2a7-fdfc7ecbd124,3,3434.705534
2026/02/05/11:18:45,running-time,rs-003761-n6skv,f127ebb6-7934-4bd8-a2a7-fdfc7ecbd124,3,3434.705534
2026/02/05/11:18:45,apply-time,rs-003762-2q9br,f394bf58-a12e-4eb2-8b82-459b1ef3cc4e,1,3434.705534
2026/02/05/11:18:45,running-time,rs-003762-2q9br,f394bf58-a12e-4eb2-8b82-459b1ef3cc4e,1,3434.705534
2026/02/05/11:18:45,apply-time,rs-003762-5kfxt,d2e2a2e1-af8a-42be-81bc-1b277b30aef8,1,3434.705534
2026/02/05/11:18:45,running-time,rs-003762-5kfxt,d2e2a2e1-af8a-42be-81bc-1b277b30aef8,1,3434.705534
2026/02/05/11:18:45,apply-time,rs-003762-h9gdr,5579f3ec-3955-48ef-b89b-5c91fa19cde8,1,3434.705534
2026/02/05/11:18:45,running-time,rs-003762-h9gdr,5579f3ec-3955-48ef-b89b-5c91fa19cde8,1,3434.705534
2026/02/05/11:18:47,running-time,rs-003758-dq5d2,337c89d9-5c03-43e9-baad-dbdd7506818c,1,3436.705534
2026/02/05/11:18:50,apply-time,rs-003763-k5nk6,240aa76b-44a8-4ec2-8329-92fb704aa815,2,3439.705534
2026/02/05/11:18:50,apply-time,rs-003764-jz782,7a1e10a1-3a86-41eb-b202-fbcb24db912b,2,3439.705534
2026/02/05/11:18:50,running-time,rs-003764-jz782,7a1e10a1-3a86-41eb-b202-fbcb24db912b,2,3439.705534
2026/02/05/11:18:51,apply-time,rs-003765-74vmp,17ed59c9-c162-4e37-88fc-654389ce358d,2,3440.705534
2026/02/05/11:18:51,running-time,rs-003765-74vmp,17ed59c9-c162-4e37-88fc-654389ce358d,2,3440.705534
2026/02/05/11:18:51,apply-time,rs-003765-cwq2k,6c20ed75-5915-459a-b235-0cbb75558ffb,2,3440.705534
2026/02/05/11:18:51,running-time,rs-003765-cwq2k,6c20ed75-5915-459a-b235-0cbb75558ffb,2,3440.705534
2026/02/05/11:18:51,apply-time,rs-003765-pmgkt,fa15f2b6-48ab-41b2-82ac-a22c9f28dcab,2,3440.705534
2026/02/05/11:18:51,running-time,rs-003765-pmgkt,fa15f2b6-48ab-41b2-82ac-a22c9f28dcab,2,3440.705534
2026/02/05/11:18:51,apply-time,rs-003766-9g8cx,fdf80013-31fa-4ee4-beb9-a4a49775d200,1,3440.705534
2026/02/05/11:18:51,running-time,rs-003766-9g8cx,fdf80013-31fa-4ee4-beb9-a4a49775d200,1,3440.705534
2026/02/05/11:18:51,apply-time,rs-003767-wv6vl,f1120ad2-5a5d-41f2-a8dc-8e006cd13844,3,3440.705534
2026/02/05/11:18:51,running-time,rs-003767-wv6vl,f1120ad2-5a5d-41f2-a8dc-8e006cd13844,3,3440.705534
2026/02/05/11:18:51,apply-time,rs-003768-v4nh9,e7cb0834-ee58-43a1-a053-799c8c8c8d01,2,3440.705534
2026/02/05/11:18:51,running-time,rs-003768-v4nh9,e7cb0834-ee58-43a1-a053-799c8c8c8d01,2,3440.705534
2026/02/05/11:18:51,apply-time,rs-003769-b52mh,4aaf0ab6-ccb3-4049-b347-0d511742e755,1,3440.705534
2026/02/05/11:18:51,running-time,rs-003769-b52mh,4aaf0ab6-ccb3-4049-b347-0d511742e755,1,3440.705534
2026/02/05/11:18:51,apply-time,rs-003769-xvw99,e4f6a2c2-b189-445d-894a-cbbb7784d3a7,1,3440.705534
2026/02/05/11:18:51,running-time,rs-003769-xvw99,e4f6a2c2-b189-445d-894a-cbbb7784d3a7,1,3440.705534
2026/02/05/11:18:52,apply-time,rs-003770-xgdh5,66317615-1378-40a0-a4c2-104cc0b1fcf7,4,3441.705534
2026/02/05/11:18:52,running-time,rs-003770-xgdh5,66317615-1378-40a0-a4c2-104cc0b1fcf7,4,3441.705534
2026/02/05/11:18:54,running-time,rs-003763-k5nk6,240aa76b-44a8-4ec2-8329-92fb704aa815,2,3443.705534
2026/02/05/11:18:55,apply-time,rs-003771-w6lr4,c5ceb0cc-21ca-4536-bfa8-0d71b8424877,1,3444.705534
2026/02/05/11:18:55,running-time,rs-003771-w6lr4,c5ceb0cc-21ca-4536-bfa8-0d71b8424877,1,3444.705534
2026/02/05/11:18:55,apply-time,rs-003772-5tmdv,0223827a-9be0-4a1d-a6dd-3da1d92e3815,1,3444.705534
2026/02/05/11:18:55,running-time,rs-003772-5tmdv,0223827a-9be0-4a1d-a6dd-3da1d92e3815,1,3444.705534
2026/02/05/11:18:55,apply-time,rs-003773-q5jzx,e150f591-306b-4828-a675-51aa1926c9a6,1,3444.705534
2026/02/05/11:18:55,running-time,rs-003773-q5jzx,e150f591-306b-4828-a675-51aa1926c9a6,1,3444.705534
2026/02/05/11:18:55,apply-time,rs-003774-lbz24,163a5990-3f04-4c0b-b7a5-be7a1ed8bde9,3,3444.705534
2026/02/05/11:18:55,running-time,rs-003774-lbz24,163a5990-3f04-4c0b-b7a5-be7a1ed8bde9,3,3444.705534
2026/02/05/11:18:55,apply-time,rs-003774-mn24m,a912d5b0-3b7e-42d6-aea2-f2f455c5b2d7,3,3444.705534
2026/02/05/11:18:55,running-time,rs-003774-mn24m,a912d5b0-3b7e-42d6-aea2-f2f455c5b2d7,3,3444.705534
2026/02/05/11:18:55,apply-time,rs-003774-zkwdl,1577c037-1b8f-4466-8231-df90afbfdada,3,3444.705534
2026/02/05/11:18:55,running-time,rs-003774-zkwdl,1577c037-1b8f-4466-8231-df90afbfdada,3,3444.705534
2026/02/05/11:18:55,apply-time,rs-003775-ctwk2,c7f4e301-7044-4778-99c2-6de0c0f8f28d,3,3444.705534
2026/02/05/11:18:55,running-time,rs-003775-ctwk2,c7f4e301-7044-4778-99c2-6de0c0f8f28d,3,3444.705534
2026/02/05/11:18:55,apply-time,rs-003776-sf9xx,3b19978b-c02f-4406-8963-0e8581eb3bee,1,3444.705534
2026/02/05/11:18:56,running-time,rs-003776-sf9xx,3b19978b-c02f-4406-8963-0e8581eb3bee,1,3445.705534
2026/02/05/11:18:56,apply-time,rs-003777-b2rv9,2d5cecb5-789c-4b2f-9ede-b3dcbdbd37d0,3,3445.705534
2026/02/05/11:18:56,apply-time,rs-003777-sb65z,77328715-0b25-4e41-8f4a-59d4933cff5e,3,3445.705534
2026/02/05/11:18:56,running-time,rs-003777-sb65z,77328715-0b25-4e41-8f4a-59d4933cff5e,3,3445.705534
2026/02/05/11:18:56,apply-time,rs-003778-n5xzc,c67b6244-771f-473a-8e03-e948113abe85,1,3445.705534
2026/02/05/11:18:56,running-time,rs-003778-n5xzc,c67b6244-771f-473a-8e03-e948113abe85,1,3445.705534
2026/02/05/11:18:56,apply-time,rs-003779-jq6nl,c99e4b25-fa80-498a-87a4-1b5e9277c4aa,4,3445.705534
2026/02/05/11:18:56,running-time,rs-003779-jq6nl,c99e4b25-fa80-498a-87a4-1b5e9277c4aa,4,3445.705534
2026/02/05/11:18:57,apply-time,rs-003780-9wh9v,90e63f61-283e-4f41-b669-8b1eae945339,3,3446.705534
2026/02/05/11:18:57,apply-time,rs-003781-7cj84,e6ebbd12-2147-4204-ba42-85f8fdd743ff,3,3446.705534
2026/02/05/11:18:57,running-time,rs-003781-7cj84,e6ebbd12-2147-4204-ba42-85f8fdd743ff,3,3446.705534
2026/02/05/11:18:57,apply-time,rs-003781-lfqlv,5a5d01e6-a1bf-460e-9221-b0dfaaa57614,3,3446.705534
2026/02/05/11:18:57,running-time,rs-003781-lfqlv,5a5d01e6-a1bf-460e-9221-b0dfaaa57614,3,3446.705534
2026/02/05/11:18:57,apply-time,rs-003781-r2h9k,afa7bd47-374f-4be7-a59e-5d2f92bf153f,3,3446.705534
2026/02/05/11:18:57,running-time,rs-003781-r2h9k,afa7bd47-374f-4be7-a59e-5d2f92bf153f,3,3446.705534
2026/02/05/11:18:58,running-time,rs-003777-b2rv9,2d5cecb5-789c-4b2f-9ede-b3dcbdbd37d0,3,3447.705534
2026/02/05/11:19:00,running-time,rs-003780-9wh9v,90e63f61-283e-4f41-b669-8b1eae945339,3,3449.705534
2026/02/05/11:19:05,apply-time,rs-003782-cwp6l,3fb4104e-f43f-479b-b4f4-cfd705a75597,1,3454.705534
2026/02/05/11:19:05,running-time,rs-003782-cwp6l,3fb4104e-f43f-479b-b4f4-cfd705a75597,1,3454.705534
2026/02/05/11:19:05,apply-time,rs-003782-gztn7,da00ae27-0ceb-4ef2-9281-b5868034c942,1,3454.705534
2026/02/05/11:19:05,running-time,rs-003782-gztn7,da00ae27-0ceb-4ef2-9281-b5868034c942,1,3454.705534
2026/02/05/11:19:05,apply-time,rs-003783-dsn6c,bebe8ea4-4379-4e27-83e2-fc290c95f8a3,1,3454.705534
2026/02/05/11:19:05,running-time,rs-003783-dsn6c,bebe8ea4-4379-4e27-83e2-fc290c95f8a3,1,3454.705534
2026/02/05/11:19:05,apply-time,rs-003783-v76m9,5cfb4555-2df5-40cb-bec3-5e78dd8d3ce7,1,3454.705534
2026/02/05/11:19:05,running-time,rs-003783-v76m9,5cfb4555-2df5-40cb-bec3-5e78dd8d3ce7,1,3454.705534
2026/02/05/11:19:05,apply-time,rs-003784-4sr74,00a01323-f5ee-415a-9d09-ff25c169d291,3,3455.705534
2026/02/05/11:19:05,running-time,rs-003784-4sr74,00a01323-f5ee-415a-9d09-ff25c169d291,3,3455.705534
2026/02/05/11:19:05,apply-time,rs-003784-5xxmv,9e796c05-fe6d-4eaf-99aa-8ffcaa65e53c,3,3454.705534
2026/02/05/11:19:05,running-time,rs-003784-5xxmv,9e796c05-fe6d-4eaf-99aa-8ffcaa65e53c,3,3455.705534
2026/02/05/11:19:05,apply-time,rs-003785-btwl8,309f0e93-4494-4135-8ed5-a46816ecded6,1,3455.705534
2026/02/05/11:19:05,apply-time,rs-003785-dqzln,e34e5cca-726a-457a-97f5-61b576abd226,1,3455.705534
2026/02/05/11:19:05,running-time,rs-003785-dqzln,e34e5cca-726a-457a-97f5-61b576abd226,1,3455.705534
2026/02/05/11:19:05,apply-time,rs-003786-ldxjs,9967422e-92e0-44cf-96e4-70ff013779a5,1,3455.705534
2026/02/05/11:19:05,apply-time,rs-003786-lkj2q,eea0da9f-cc77-455a-974c-e01c7987a5b5,1,3455.705534
2026/02/05/11:19:05,apply-time,rs-003786-nx8tw,ded3dafa-9c84-4912-a46e-0ed9c6512b92,1,3455.705534
2026/02/05/11:19:06,running-time,rs-003785-btwl8,309f0e93-4494-4135-8ed5-a46816ecded6,1,3455.705534
2026/02/05/11:19:06,running-time,rs-003786-ldxjs,9967422e-92e0-44cf-96e4-70ff013779a5,1,3455.705534
2026/02/05/11:19:06,apply-time,rs-003787-h66hw,a43252d4-4154-47c3-b8d7-4ff33c35ecd6,2,3455.705534
2026/02/05/11:19:06,running-time,rs-003787-h66hw,a43252d4-4154-47c3-b8d7-4ff33c35ecd6,2,3455.705534
2026/02/05/11:19:06,apply-time,rs-003787-l9cdg,fa5eed56-17c4-4847-806d-9f37acb7b5af,2,3455.705534
2026/02/05/11:19:06,apply-time,rs-003788-gkxfp,b5e08012-0e5b-498c-a053-5ca2f7827b0c,3,3455.705534
2026/02/05/11:19:06,running-time,rs-003788-gkxfp,b5e08012-0e5b-498c-a053-5ca2f7827b0c,3,3455.705534
2026/02/05/11:19:06,apply-time,rs-003789-tfgsd,0aaabe08-df71-4f14-bc31-9800e0222fa1,4,3455.705534
2026/02/05/11:19:06,running-time,rs-003789-tfgsd,0aaabe08-df71-4f14-bc31-9800e0222fa1,4,3455.705534
2026/02/05/11:19:07,running-time,rs-003787-l9cdg,fa5eed56-17c4-4847-806d-9f37acb7b5af,2,3456.705534
2026/02/05/11:19:07,apply-time,rs-003791-lpz55,4638b0cc-f52b-418b-b612-52d22d4de8ec,4,3456.705534
2026/02/05/11:19:07,running-time,rs-003791-lpz55,4638b0cc-f52b-418b-b612-52d22d4de8ec,4,3456.705534
2026/02/05/11:19:07,apply-time,rs-003792-5pkcq,11c3e8ed-504b-404c-8d56-9c3be1d07aab,1,3456.705534
2026/02/05/11:19:07,running-time,rs-003792-5pkcq,11c3e8ed-504b-404c-8d56-9c3be1d07aab,1,3456.705534
2026/02/05/11:19:07,apply-time,rs-003792-blqvk,eb3f8025-700e-437d-b879-14eba8b4ffed,1,3456.705534
2026/02/05/11:19:07,running-time,rs-003792-blqvk,eb3f8025-700e-437d-b879-14eba8b4ffed,1,3456.705534
2026/02/05/11:19:07,apply-time,rs-003792-gfpg6,c99fa093-3d7e-49ca-b36a-72b3d8b2764c,1,3456.705534
2026/02/05/11:19:07,running-time,rs-003792-gfpg6,c99fa093-3d7e-49ca-b36a-72b3d8b2764c,1,3456.705534
2026/02/05/11:19:07,apply-time,rs-003793-lxj6v,01994676-5fd1-4777-bc09-0a4722724503,1,3456.705534
2026/02/05/11:19:07,running-time,rs-003793-lxj6v,01994676-5fd1-4777-bc09-0a4722724503,1,3456.705534
2026/02/05/11:19:08,apply-time,rs-003790-8jkbf,95305824-1e77-48ba-9f7c-67202e5e04fc,4,3457.705534
2026/02/05/11:19:08,running-time,rs-003790-8jkbf,95305824-1e77-48ba-9f7c-67202e5e04fc,4,3457.705534
2026/02/05/11:19:08,apply-time,rs-003790-kphqv,6ed26273-1daf-4f77-8957-b9523aaffe07,4,3457.705534
2026/02/05/11:19:08,running-time,rs-003790-kphqv,6ed26273-1daf-4f77-8957-b9523aaffe07,4,3457.705534
2026/02/05/11:19:08,apply-time,rs-003790-vc5dr,0e612734-3fa6-48de-bd6d-0d245d61d619,4,3457.705534
2026/02/05/11:19:08,running-time,rs-003790-vc5dr,0e612734-3fa6-48de-bd6d-0d245d61d619,4,3457.705534
2026/02/05/11:19:08,apply-time,rs-003794-s2fd5,be0f1677-633c-499f-9e5f-b5f40ee8da2f,2,3457.705534
2026/02/05/11:19:08,apply-time,rs-003794-tzdv4,ca09f801-53a1-45a4-a4c3-2e0fd44ba02e,2,3457.705534
2026/02/05/11:19:08,apply-time,rs-003794-z5zvb,cd386cb2-291a-41e8-b3af-51a8e438bf11,2,3457.705534
2026/02/05/11:19:08,running-time,rs-003794-z5zvb,cd386cb2-291a-41e8-b3af-51a8e438bf11,2,3457.705534
2026/02/05/11:19:08,apply-time,rs-003795-cck97,3a769c21-9c4f-4c8d-9722-aa48506252c0,4,3457.705534
2026/02/05/11:19:08,apply-time,rs-003795-vb697,ee69370c-2461-4bff-bb6f-f56fe20c2793,4,3457.705534
2026/02/05/11:19:08,running-time,rs-003795-vb697,ee69370c-2461-4bff-bb6f-f56fe20c2793,4,3457.705534
2026/02/05/11:19:08,apply-time,rs-003796-kzczt,a4fbbaaf-aff0-457f-8a78-40ca95116546,3,3457.705534
2026/02/05/11:19:08,running-time,rs-003796-kzczt,a4fbbaaf-aff0-457f-8a78-40ca95116546,3,3457.705534
2026/02/05/11:19:08,apply-time,rs-003797-5xc42,81828baf-de61-4f01-8814-a182dc32763a,2,3457.705534
2026/02/05/11:19:08,running-time,rs-003797-5xc42,81828baf-de61-4f01-8814-a182dc32763a,2,3457.705534
2026/02/05/11:19:09,running-time,rs-003795-cck97,3a769c21-9c4f-4c8d-9722-aa48506252c0,4,3458.705534
2026/02/05/11:19:09,apply-time,rs-003795-mmnkt,e9d5af00-d964-4fd1-bdda-cd582b3e346d,4,3457.705534
2026/02/05/11:19:09,running-time,rs-003795-mmnkt,e9d5af00-d964-4fd1-bdda-cd582b3e346d,4,3458.705534
2026/02/05/11:19:09,apply-time,rs-003796-5v7zc,44331fa3-5adf-4bc4-9bed-853ca7a00e69,3,3458.705534
2026/02/05/11:19:09,running-time,rs-003796-5v7zc,44331fa3-5adf-4bc4-9bed-853ca7a00e69,3,3458.705534
2026/02/05/11:19:09,apply-time,rs-003797-pvxz2,48c69962-1056-42bf-8512-4bc38c4ad4ba,2,3458.705534
2026/02/05/11:19:09,running-time,rs-003797-pvxz2,48c69962-1056-42bf-8512-4bc38c4ad4ba,2,3458.705534
2026/02/05/11:19:09,apply-time,rs-003798-7n75s,e83a705e-9e5b-4af0-823a-ccd959b0b3a0,1,3458.705534
2026/02/05/11:19:09,running-time,rs-003798-7n75s,e83a705e-9e5b-4af0-823a-ccd959b0b3a0,1,3458.705534
2026/02/05/11:19:09,apply-time,rs-003799-scsvq,0684ecbb-9660-4feb-a137-04c8894626f3,1,3458.705534
2026/02/05/11:19:09,running-time,rs-003799-scsvq,0684ecbb-9660-4feb-a137-04c8894626f3,1,3458.705534
2026/02/05/11:19:09,apply-time,rs-003800-qgdfv,666de7f0-78ad-4a96-a4de-9ab54e417468,3,3458.705534
2026/02/05/11:19:10,running-time,rs-003800-qgdfv,666de7f0-78ad-4a96-a4de-9ab54e417468,3,3459.705534
2026/02/05/11:19:14,running-time,rs-003786-nx8tw,ded3dafa-9c84-4912-a46e-0ed9c6512b92,1,3463.705534
2026/02/05/11:19:17,apply-time,rs-003801-bfwng,98817467-1821-4287-9021-8d7eb26af5ea,2,3466.705534
2026/02/05/11:19:17,running-time,rs-003801-bfwng,98817467-1821-4287-9021-8d7eb26af5ea,2,3466.705534
2026/02/05/11:19:17,apply-time,rs-003801-bpvlc,b8db9443-6e68-406c-b3e5-97da10fbd107,2,3466.705534
2026/02/05/11:19:17,running-time,rs-003801-bpvlc,b8db9443-6e68-406c-b3e5-97da10fbd107,2,3466.705534
2026/02/05/11:19:26,apply-time,rs-003802-44l8k,96d7a5f0-a41b-4bfa-9076-366ea3651ab1,3,3475.705534
2026/02/05/11:19:26,running-time,rs-003802-44l8k,96d7a5f0-a41b-4bfa-9076-366ea3651ab1,3,3475.705534
2026/02/05/11:19:26,apply-time,rs-003802-69vw2,96e3e20f-a4e1-437b-b159-47b27918dfa9,3,3475.705534
2026/02/05/11:19:26,running-time,rs-003802-69vw2,96e3e20f-a4e1-437b-b159-47b27918dfa9,3,3475.705534
2026/02/05/11:19:26,apply-time,rs-003802-br2nh,fc1dd081-2047-48fd-a86c-9e241ae4df15,3,3475.705534
2026/02/05/11:19:26,running-time,rs-003802-br2nh,fc1dd081-2047-48fd-a86c-9e241ae4df15,3,3475.705534
2026/02/05/11:19:26,apply-time,rs-003803-6ltrn,6286b036-7345-4518-83bf-a3fad558ec19,2,3475.705534
2026/02/05/11:19:26,running-time,rs-003803-6ltrn,6286b036-7345-4518-83bf-a3fad558ec19,2,3475.705534
2026/02/05/11:19:26,apply-time,rs-003803-tf4q4,f17bc945-cac3-4c78-ae35-847f1cf89f23,2,3475.705534
2026/02/05/11:19:26,running-time,rs-003803-tf4q4,f17bc945-cac3-4c78-ae35-847f1cf89f23,2,3475.705534
2026/02/05/11:19:26,apply-time,rs-003804-ks289,3b2a65f6-922e-4d11-92d7-fcead1167767,1,3475.705534
2026/02/05/11:19:26,running-time,rs-003804-ks289,3b2a65f6-922e-4d11-92d7-fcead1167767,1,3475.705534
2026/02/05/11:19:26,apply-time,rs-003805-4blgd,31eb63ae-7f68-4078-8a57-ff70963d5e27,1,3475.705534
2026/02/05/11:19:26,running-time,rs-003805-4blgd,31eb63ae-7f68-4078-8a57-ff70963d5e27,1,3475.705534
2026/02/05/11:19:26,apply-time,rs-003805-cqwss,2fbf77b7-38fd-468d-a9aa-5e4acb42fa02,1,3475.705534
2026/02/05/11:19:26,running-time,rs-003805-cqwss,2fbf77b7-38fd-468d-a9aa-5e4acb42fa02,1,3475.705534
2026/02/05/11:19:26,apply-time,rs-003805-gcx66,0cee89b3-0368-4a32-a2b5-5489e99634a5,1,3475.705534
2026/02/05/11:19:26,running-time,rs-003805-gcx66,0cee89b3-0368-4a32-a2b5-5489e99634a5,1,3475.705534
2026/02/05/11:19:26,apply-time,rs-003806-f4bhn,058f79a9-be9f-4747-b50d-1edbc7548fac,2,3475.705534
2026/02/05/11:19:26,running-time,rs-003806-f4bhn,058f79a9-be9f-4747-b50d-1edbc7548fac,2,3475.705534
2026/02/05/11:19:26,apply-time,rs-003806-jkq76,dd2bca0b-3d0b-4481-add5-f8a55a58ba01,2,3475.705534
2026/02/05/11:19:26,running-time,rs-003806-jkq76,dd2bca0b-3d0b-4481-add5-f8a55a58ba01,2,3475.705534
2026/02/05/11:19:26,apply-time,rs-003806-rxfss,8bde2361-9b38-4abc-b3a9-89b07fc0718d,2,3475.705534
2026/02/05/11:19:26,running-time,rs-003806-rxfss,8bde2361-9b38-4abc-b3a9-89b07fc0718d,2,3475.705534
2026/02/05/11:19:36,apply-time,rs-003807-7v294,16cf7e6d-f427-4cd4-9032-9686853a1d4f,1,3485.705534
2026/02/05/11:19:36,running-time,rs-003807-7v294,16cf7e6d-f427-4cd4-9032-9686853a1d4f,1,3486.705534
2026/02/05/11:19:36,apply-time,rs-003807-hfgmf,e69dfba4-7c31-488b-b39d-31277fdf5af8,1,3485.705534
2026/02/05/11:19:36,running-time,rs-003807-hfgmf,e69dfba4-7c31-488b-b39d-31277fdf5af8,1,3486.705534
2026/02/05/11:19:36,apply-time,rs-003807-vtp44,204cd136-b0ce-4764-b945-c13cd3f01dd4,1,3485.705534
2026/02/05/11:19:36,running-time,rs-003807-vtp44,204cd136-b0ce-4764-b945-c13cd3f01dd4,1,3485.705534
2026/02/05/11:19:39,apply-time,rs-003808-bpfpz,1b3e4453-b367-42c5-8180-91945a34641b,1,3488.705534
2026/02/05/11:19:39,running-time,rs-003808-bpfpz,1b3e4453-b367-42c5-8180-91945a34641b,1,3488.705534
2026/02/05/11:19:39,apply-time,rs-003808-g8l6s,8e24f327-c3b6-4aed-8e0a-d3541eecea85,1,3488.705534
2026/02/05/11:19:39,running-time,rs-003808-g8l6s,8e24f327-c3b6-4aed-8e0a-d3541eecea85,1,3488.705534
2026/02/05/11:19:39,apply-time,rs-003808-nb6dm,0221f317-8dcb-4b3c-ac4c-33d6670af5de,1,3488.705534
2026/02/05/11:19:39,running-time,rs-003808-nb6dm,0221f317-8dcb-4b3c-ac4c-33d6670af5de,1,3488.705534
2026/02/05/11:19:39,apply-time,rs-003809-8llw5,0712af01-2561-4954-9784-cf2a0c59947b,3,3488.705534
2026/02/05/11:19:39,running-time,rs-003809-8llw5,0712af01-2561-4954-9784-cf2a0c59947b,3,3488.705534
2026/02/05/11:19:39,apply-time,rs-003809-lvdcf,ec0db0e9-c850-4d9c-88ca-2f39cb295275,3,3488.705534
2026/02/05/11:19:39,running-time,rs-003809-lvdcf,ec0db0e9-c850-4d9c-88ca-2f39cb295275,3,3488.705534
2026/02/05/11:19:39,apply-time,rs-003810-9q7tj,48aa2e19-0052-4843-87fd-363577698818,1,3488.705534
2026/02/05/11:19:39,running-time,rs-003810-9q7tj,48aa2e19-0052-4843-87fd-363577698818,1,3488.705534
2026/02/05/11:19:39,apply-time,rs-003810-wv4f2,c79dfd34-370e-417b-a767-51baee1c722f,1,3488.705534
2026/02/05/11:19:39,running-time,rs-003810-wv4f2,c79dfd34-370e-417b-a767-51baee1c722f,1,3488.705534
2026/02/05/11:19:39,apply-time,rs-003811-ktssf,537f6bd1-7f22-4599-a858-394482fe350e,3,3488.705534
2026/02/05/11:19:39,apply-time,rs-003811-tf55t,0c92ebc2-05cd-438f-94b4-643fd5aa32d2,3,3488.705534
2026/02/05/11:19:39,apply-time,rs-003812-sfm9w,cd185feb-174e-413c-bd83-381dde78e36a,1,3488.705534
2026/02/05/11:19:39,running-time,rs-003812-sfm9w,cd185feb-174e-413c-bd83-381dde78e36a,1,3488.705534
2026/02/05/11:19:39,apply-time,rs-003813-5ccmv,a0cf8af0-b646-496e-b5fb-4d0d8968ff9a,2,3488.705534
2026/02/05/11:19:39,apply-time,rs-003813-7h2rh,68897156-5e00-4dd4-a453-88cd8b6d1839,2,3488.705534
2026/02/05/11:19:39,apply-time,rs-003813-8ldt6,261e9c57-3090-482a-876d-0df3d6cb61f4,2,3488.705534
2026/02/05/11:19:39,apply-time,rs-003814-g4b5g,b316d780-1fbf-48d9-ae01-5eb0ca0b51b2,2,3488.705534
2026/02/05/11:19:39,apply-time,rs-003814-kxc42,7509c817-2f0c-48c8-ae78-32e9090b87c6,2,3488.705534
2026/02/05/11:19:39,apply-time,rs-003815-6bkc8,08f31f2e-cd24-4618-9b3a-b2f25249cc00,1,3488.705534
2026/02/05/11:19:40,running-time,rs-003811-ktssf,537f6bd1-7f22-4599-a858-394482fe350e,3,3489.705534
2026/02/05/11:19:40,running-time,rs-003811-tf55t,0c92ebc2-05cd-438f-94b4-643fd5aa32d2,3,3489.705534
2026/02/05/11:19:40,running-time,rs-003813-5ccmv,a0cf8af0-b646-496e-b5fb-4d0d8968ff9a,2,3489.705534
2026/02/05/11:19:40,running-time,rs-003813-7h2rh,68897156-5e00-4dd4-a453-88cd8b6d1839,2,3489.705534
2026/02/05/11:19:40,running-time,rs-003813-8ldt6,261e9c57-3090-482a-876d-0df3d6cb61f4,2,3489.705534
2026/02/05/11:19:40,running-time,rs-003814-g4b5g,b316d780-1fbf-48d9-ae01-5eb0ca0b51b2,2,3489.705534
2026/02/05/11:19:40,running-time,rs-003814-kxc42,7509c817-2f0c-48c8-ae78-32e9090b87c6,2,3489.705534
2026/02/05/11:19:40,running-time,rs-003815-6bkc8,08f31f2e-cd24-4618-9b3a-b2f25249cc00,1,3489.705534
2026/02/05/11:19:40,apply-time,rs-003815-bjjw2,101260f9-2cdc-4551-ac92-f4c9304fb0db,1,3489.705534
2026/02/05/11:19:40,running-time,rs-003815-bjjw2,101260f9-2cdc-4551-ac92-f4c9304fb0db,1,3489.705534
2026/02/05/11:19:40,apply-time,rs-003815-gbv9v,c2f2a725-1ee5-4946-a0c9-bb77d3200b36,1,3489.705534
2026/02/05/11:19:40,running-time,rs-003815-gbv9v,c2f2a725-1ee5-4946-a0c9-bb77d3200b36,1,3489.705534
2026/02/05/11:19:40,apply-time,rs-003816-9r8xm,c5da1ec3-dbc1-4687-94a2-2ef6d7897dca,3,3489.705534
2026/02/05/11:19:40,running-time,rs-003816-9r8xm,c5da1ec3-dbc1-4687-94a2-2ef6d7897dca,3,3489.705534
2026/02/05/11:19:40,apply-time,rs-003817-8zk8k,8f1d308d-bb36-4126-9eb3-ea306c853bec,1,3489.705534
2026/02/05/11:19:40,running-time,rs-003817-8zk8k,8f1d308d-bb36-4126-9eb3-ea306c853bec,1,3489.705534
2026/02/05/11:19:40,apply-time,rs-003818-r4xgr,81594896-9fff-4d6f-b3a9-30d70bca61a3,3,3489.705534
2026/02/05/11:19:40,apply-time,rs-003818-vttm9,0b295d53-b28d-4459-912d-839c5558d9a5,3,3489.705534
2026/02/05/11:19:40,running-time,rs-003818-vttm9,0b295d53-b28d-4459-912d-839c5558d9a5,3,3489.705534
2026/02/05/11:19:40,apply-time,rs-003819-wfdp4,989fef5a-97cf-42a7-88be-cfbf4e80599f,1,3489.705534
2026/02/05/11:19:40,running-time,rs-003819-wfdp4,989fef5a-97cf-42a7-88be-cfbf4e80599f,1,3489.705534
2026/02/05/11:19:40,apply-time,rs-003820-r5m89,a89ef5bb-6ac3-4060-8cb8-833b87588a4b,2,3489.705534
2026/02/05/11:19:40,running-time,rs-003820-r5m89,a89ef5bb-6ac3-4060-8cb8-833b87588a4b,2,3489.705534
2026/02/05/11:19:41,apply-time,rs-003816-w6ngn,ead4f64a-f737-441f-a4a2-9458bb24e34c,3,3490.705534
2026/02/05/11:19:41,running-time,rs-003816-w6ngn,ead4f64a-f737-441f-a4a2-9458bb24e34c,3,3490.705534
2026/02/05/11:19:41,running-time,rs-003818-r4xgr,81594896-9fff-4d6f-b3a9-30d70bca61a3,3,3490.705534
2026/02/05/11:19:41,apply-time,rs-003821-bfcl4,1143d6f3-11f7-466e-9679-4f2b52f7c264,2,3490.705534
2026/02/05/11:19:41,running-time,rs-003821-bfcl4,1143d6f3-11f7-466e-9679-4f2b52f7c264,2,3490.705534
2026/02/05/11:19:41,apply-time,rs-003821-gt68s,cf24be4e-74c4-4bc2-b97e-a6f67d18303d,2,3490.705534
2026/02/05/11:19:41,running-time,rs-003821-gt68s,cf24be4e-74c4-4bc2-b97e-a6f67d18303d,2,3490.705534
2026/02/05/11:19:41,apply-time,rs-003822-g6hlj,6c334544-e61c-42d9-b7cc-eaa06cc8acc8,3,3490.705534
2026/02/05/11:19:41,running-time,rs-003822-g6hlj,6c334544-e61c-42d9-b7cc-eaa06cc8acc8,3,3490.705534
2026/02/05/11:19:41,apply-time,rs-003822-hgr8k,1e024734-15e2-433c-a9fd-3250d98b3bcb,3,3490.705534
2026/02/05/11:19:41,running-time,rs-003822-hgr8k,1e024734-15e2-433c-a9fd-3250d98b3bcb,3,3490.705534
2026/02/05/11:19:41,apply-time,rs-003822-z287g,1ced54c8-fa98-4a40-bf3e-eac71300e984,3,3490.705534
2026/02/05/11:19:41,running-time,rs-003822-z287g,1ced54c8-fa98-4a40-bf3e-eac71300e984,3,3490.705534
2026/02/05/11:19:41,apply-time,rs-003823-4j96h,dc21bb00-6dcd-4e4c-bb4d-876fef11140b,1,3490.705534
2026/02/05/11:19:41,running-time,rs-003823-4j96h,dc21bb00-6dcd-4e4c-bb4d-876fef11140b,1,3490.705534
2026/02/05/11:19:52,apply-time,rs-003824-5n27d,ecb2c730-b78f-4a5b-879f-6ec5ab11c946,1,3502.705534
2026/02/05/11:19:53,running-time,rs-003824-5n27d,ecb2c730-b78f-4a5b-879f-6ec5ab11c946,1,3502.705534
2026/02/05/11:19:53,apply-time,rs-003825-j6vvf,cad41818-c028-472f-9218-6b3ace667d20,4,3502.705534
2026/02/05/11:19:53,running-time,rs-003825-j6vvf,cad41818-c028-472f-9218-6b3ace667d20,4,3502.705534
2026/02/05/11:19:53,apply-time,rs-003825-n75gq,35030433-924c-4f6b-8dd9-1b076df0a327,4,3502.705534
2026/02/05/11:19:53,running-time,rs-003825-n75gq,35030433-924c-4f6b-8dd9-1b076df0a327,4,3502.705534
2026/02/05/11:19:53,apply-time,rs-003825-x75km,97597e40-3924-41c1-a827-76a59c1933ca,4,3502.705534
2026/02/05/11:19:53,running-time,rs-003825-x75km,97597e40-3924-41c1-a827-76a59c1933ca,4,3502.705534
2026/02/05/11:19:58,apply-time,rs-003826-bgzcl,4698c917-6e02-4e10-9505-9c1b46c00bd5,1,3507.705534
2026/02/05/11:19:58,running-time,rs-003826-bgzcl,4698c917-6e02-4e10-9505-9c1b46c00bd5,1,3507.705534
2026/02/05/11:19:58,apply-time,rs-003827-25w7t,c7797496-24ee-4b2a-b5bc-af50363c2434,2,3507.705534
2026/02/05/11:19:58,running-time,rs-003827-25w7t,c7797496-24ee-4b2a-b5bc-af50363c2434,2,3507.705534
2026/02/05/11:19:58,apply-time,rs-003827-cnpjd,c229f4bf-aabd-4435-a89e-2ff62c05afae,2,3507.705534
2026/02/05/11:19:58,running-time,rs-003827-cnpjd,c229f4bf-aabd-4435-a89e-2ff62c05afae,2,3507.705534
2026/02/05/11:19:58,apply-time,rs-003827-vrnvv,720d1644-db1d-4e40-98b9-e78eeff02058,2,3507.705534
2026/02/05/11:19:58,running-time,rs-003827-vrnvv,720d1644-db1d-4e40-98b9-e78eeff02058,2,3507.705534
2026/02/05/11:19:58,apply-time,rs-003828-2lhsn,fc36b101-c7d1-425b-b695-7322effc787a,4,3507.705534
2026/02/05/11:19:58,running-time,rs-003828-2lhsn,fc36b101-c7d1-425b-b695-7322effc787a,4,3507.705534
2026/02/05/11:19:58,apply-time,rs-003828-tctnb,3ee7badc-aa39-4de1-91a3-a811abd45ac9,4,3507.705534
2026/02/05/11:19:58,running-time,rs-003828-tctnb,3ee7badc-aa39-4de1-91a3-a811abd45ac9,4,3507.705534
2026/02/05/11:19:58,apply-time,rs-003829-smxqn,6eed7770-157d-49fc-8b98-4b4c4144b30b,1,3507.705534
2026/02/05/11:19:59,running-time,rs-003829-smxqn,6eed7770-157d-49fc-8b98-4b4c4144b30b,1,3508.705534
2026/02/05/11:19:59,apply-time,rs-003830-gwsbl,d5f21e9d-34f3-4a28-a9ae-b3abf61973c9,2,3508.705534
2026/02/05/11:19:59,running-time,rs-003830-gwsbl,d5f21e9d-34f3-4a28-a9ae-b3abf61973c9,2,3508.705534
2026/02/05/11:19:59,apply-time,rs-003830-rhglz,bb77b345-3402-4572-bf2b-1c97648c065a,2,3508.705534
2026/02/05/11:19:59,running-time,rs-003830-rhglz,bb77b345-3402-4572-bf2b-1c97648c065a,2,3508.705534
2026/02/05/11:19:59,apply-time,rs-003831-d788v,22918d0e-6a3b-43f0-8c92-bf3206a3bb14,2,3508.705534
2026/02/05/11:19:59,running-time,rs-003831-d788v,22918d0e-6a3b-43f0-8c92-bf3206a3bb14,2,3508.705534
2026/02/05/11:19:59,apply-time,rs-003832-2shm5,5212b578-3eef-400f-a08b-6c2a02a8cbbf,1,3508.705534
2026/02/05/11:19:59,running-time,rs-003832-2shm5,5212b578-3eef-400f-a08b-6c2a02a8cbbf,1,3508.705534
2026/02/05/11:19:59,apply-time,rs-003832-gzg6q,c367d9d8-32fc-490b-ab2b-31090b12a35a,1,3508.705534
2026/02/05/11:19:59,running-time,rs-003832-gzg6q,c367d9d8-32fc-490b-ab2b-31090b12a35a,1,3508.705534
2026/02/05/11:19:59,apply-time,rs-003832-ptvl2,0448eadf-7a47-4a8d-b305-b1c98ea34453,1,3508.705534
2026/02/05/11:19:59,running-time,rs-003832-ptvl2,0448eadf-7a47-4a8d-b305-b1c98ea34453,1,3508.705534
2026/02/05/11:19:59,apply-time,rs-003833-tbctm,a297dca6-171b-456f-b070-697924d59859,2,3508.705534
2026/02/05/11:19:59,running-time,rs-003833-tbctm,a297dca6-171b-456f-b070-697924d59859,2,3508.705534
2026/02/05/11:19:59,apply-time,rs-003834-rjbkg,f0f66022-2d33-437e-99cb-fbb87d227e4f,1,3508.705534
2026/02/05/11:19:59,running-time,rs-003834-rjbkg,f0f66022-2d33-437e-99cb-fbb87d227e4f,1,3508.705534
2026/02/05/11:20:00,apply-time,rs-003834-ssk7c,ef3e2d79-fac3-484c-8b23-ac891cba10fe,1,3509.705534
2026/02/05/11:20:00,running-time,rs-003834-ssk7c,ef3e2d79-fac3-484c-8b23-ac891cba10fe,1,3509.705534
2026/02/05/11:20:00,apply-time,rs-003834-vw5xc,5ca90a3d-dc28-482f-b59e-9eaa8b342dd5,1,3509.705534
2026/02/05/11:20:00,running-time,rs-003834-vw5xc,5ca90a3d-dc28-482f-b59e-9eaa8b342dd5,1,3509.705534
2026/02/05/11:20:00,apply-time,rs-003835-7hbgr,2d613d37-32d0-4153-96a7-6b1a128e7238,4,3509.705534
2026/02/05/11:20:00,running-time,rs-003835-7hbgr,2d613d37-32d0-4153-96a7-6b1a128e7238,4,3509.705534
2026/02/05/11:20:01,apply-time,rs-003836-wqc5m,6629e709-a797-4805-9be3-ed223ec1235c,1,3510.705534
2026/02/05/11:20:01,running-time,rs-003836-wqc5m,6629e709-a797-4805-9be3-ed223ec1235c,1,3510.705534
2026/02/05/11:20:01,apply-time,rs-003837-vnfqw,c0cd0e81-18c1-44da-9a4c-14aebcac6bd5,1,3510.705534
2026/02/05/11:20:01,running-time,rs-003837-vnfqw,c0cd0e81-18c1-44da-9a4c-14aebcac6bd5,1,3510.705534
2026/02/05/11:20:01,apply-time,rs-003838-m4f6k,056b4f45-89a5-4e9a-af1d-90aadf191efb,1,3510.705534
2026/02/05/11:20:01,running-time,rs-003838-m4f6k,056b4f45-89a5-4e9a-af1d-90aadf191efb,1,3510.705534
2026/02/05/11:20:01,apply-time,rs-003838-zp2bg,4b52d102-9f44-4afd-b5ba-3a6480164af5,1,3510.705534
2026/02/05/11:20:01,running-time,rs-003838-zp2bg,4b52d102-9f44-4afd-b5ba-3a6480164af5,1,3510.705534
2026/02/05/11:20:01,apply-time,rs-003839-ww4l4,6ef09621-2496-4e46-91bc-7a7653bfb6c5,2,3510.705534
2026/02/05/11:20:01,running-time,rs-003839-ww4l4,6ef09621-2496-4e46-91bc-7a7653bfb6c5,2,3510.705534
2026/02/05/11:20:01,apply-time,rs-003840-zxkc8,1e2ff106-3698-4a36-a6b2-8176e73c05e9,3,3510.705534
2026/02/05/11:20:01,running-time,rs-003840-zxkc8,1e2ff106-3698-4a36-a6b2-8176e73c05e9,3,3510.705534
2026/02/05/11:20:08,apply-time,rs-003841-7sd8m,0e4b7195-7a69-4477-a942-8cbb7f83ed14,1,3517.705534
2026/02/05/11:20:08,running-time,rs-003841-7sd8m,0e4b7195-7a69-4477-a942-8cbb7f83ed14,1,3517.705534
2026/02/05/11:20:08,apply-time,rs-003842-t2tzd,ab6f0d61-3ec5-44e0-95c1-5464605f30c2,1,3517.705534
2026/02/05/11:20:08,running-time,rs-003842-t2tzd,ab6f0d61-3ec5-44e0-95c1-5464605f30c2,1,3517.705534
2026/02/05/11:20:08,apply-time,rs-003843-jvtp9,906d9b6c-c164-4567-bce6-49baae0bae72,3,3517.705534
2026/02/05/11:20:08,running-time,rs-003843-jvtp9,906d9b6c-c164-4567-bce6-49baae0bae72,3,3517.705534
2026/02/05/11:20:08,apply-time,rs-003843-qhmqs,edee3d63-26e5-48fb-ba2d-dfe6a1a8166a,3,3517.705534
2026/02/05/11:20:08,running-time,rs-003843-qhmqs,edee3d63-26e5-48fb-ba2d-dfe6a1a8166a,3,3517.705534
2026/02/05/11:20:08,apply-time,rs-003844-mk7tp,362ee7a8-47ee-42af-aba8-68c0a91bb038,3,3517.705534
2026/02/05/11:20:08,running-time,rs-003844-mk7tp,362ee7a8-47ee-42af-aba8-68c0a91bb038,3,3517.705534
2026/02/05/11:20:08,apply-time,rs-003845-g8ssz,4fc790a0-23fe-4dfc-a72f-4e8a535f1ac0,2,3517.705534
2026/02/05/11:20:08,running-time,rs-003845-g8ssz,4fc790a0-23fe-4dfc-a72f-4e8a535f1ac0,2,3517.705534
2026/02/05/11:20:08,apply-time,rs-003845-hsdgs,5062ab34-abf7-4528-a2b7-f164f7bab163,2,3517.705534
2026/02/05/11:20:08,running-time,rs-003845-hsdgs,5062ab34-abf7-4528-a2b7-f164f7bab163,2,3517.705534
2026/02/05/11:20:08,apply-time,rs-003846-7gn4b,a966a6aa-5fd5-4cc9-a7a2-264f921c71bd,1,3517.705534
2026/02/05/11:20:08,running-time,rs-003846-7gn4b,a966a6aa-5fd5-4cc9-a7a2-264f921c71bd,1,3517.705534
2026/02/05/11:20:08,apply-time,rs-003847-cpq76,50f794d5-2888-407f-b99d-76ab469b066a,1,3517.705534
2026/02/05/11:20:08,running-time,rs-003847-cpq76,50f794d5-2888-407f-b99d-76ab469b066a,1,3517.705534
2026/02/05/11:20:08,apply-time,rs-003848-wms97,115f0d40-8411-4c28-9cbe-b2d5f0e9d80e,1,3517.705534
2026/02/05/11:20:08,running-time,rs-003848-wms97,115f0d40-8411-4c28-9cbe-b2d5f0e9d80e,1,3517.705534
2026/02/05/11:20:08,apply-time,rs-003849-xxdtg,f491e183-3f63-4aa1-926d-e658b584ed74,1,3518.705534
2026/02/05/11:20:09,apply-time,rs-003846-p8cf8,6da6f13e-ded0-4fe7-ae10-8d338bb046af,1,3518.705534
2026/02/05/11:20:09,running-time,rs-003846-p8cf8,6da6f13e-ded0-4fe7-ae10-8d338bb046af,1,3518.705534
2026/02/05/11:20:09,apply-time,rs-003846-wsqlx,24aa118b-09a4-49b0-868d-873a81964b4e,1,3518.705534
2026/02/05/11:20:09,running-time,rs-003846-wsqlx,24aa118b-09a4-49b0-868d-873a81964b4e,1,3518.705534
2026/02/05/11:20:09,apply-time,rs-003849-dx7mk,7f06407b-d641-41bd-bed9-0c642d15d71f,1,3518.705534
2026/02/05/11:20:09,running-time,rs-003849-dx7mk,7f06407b-d641-41bd-bed9-0c642d15d71f,1,3518.705534
2026/02/05/11:20:09,running-time,rs-003849-xxdtg,f491e183-3f63-4aa1-926d-e658b584ed74,1,3518.705534
2026/02/05/11:20:23,apply-time,rs-003850-8gjm2,99733d9e-785b-46db-95dd-2b2f858a5e5b,1,3532.705534
2026/02/05/11:20:23,running-time,rs-003850-8gjm2,99733d9e-785b-46db-95dd-2b2f858a5e5b,1,3532.705534
2026/02/05/11:20:23,apply-time,rs-003850-cxtvd,efc924a4-c000-467f-aa7c-e5210463ebcc,1,3532.705534
2026/02/05/11:20:23,running-time,rs-003850-cxtvd,efc924a4-c000-467f-aa7c-e5210463ebcc,1,3532.705534
2026/02/05/11:20:36,apply-time,rs-003851-lftkr,76ea37e6-7531-4f41-8b5f-83a61596c85e,2,3545.705534
2026/02/05/11:20:36,running-time,rs-003851-lftkr,76ea37e6-7531-4f41-8b5f-83a61596c85e,2,3545.705534
2026/02/05/11:20:36,apply-time,rs-003851-pwcpc,0460d9d0-37b1-4bcd-b4de-377bce6c3124,2,3545.705534
2026/02/05/11:20:36,running-time,rs-003851-pwcpc,0460d9d0-37b1-4bcd-b4de-377bce6c3124,2,3545.705534
2026/02/05/11:20:36,apply-time,rs-003852-h6vch,fa97471a-c117-49cb-9240-0d15ef34f38e,1,3545.705534
2026/02/05/11:20:36,running-time,rs-003852-h6vch,fa97471a-c117-49cb-9240-0d15ef34f38e,1,3545.705534
2026/02/05/11:20:36,apply-time,rs-003852-rjhws,87c3e3c8-4da8-4f98-9ed0-5e74c70fade0,1,3545.705534
2026/02/05/11:20:36,running-time,rs-003852-rjhws,87c3e3c8-4da8-4f98-9ed0-5e74c70fade0,1,3545.705534
2026/02/05/11:20:36,apply-time,rs-003852-x9wc7,c550a17d-c971-4b09-8137-7c83115d80bf,1,3545.705534
2026/02/05/11:20:36,running-time,rs-003852-x9wc7,c550a17d-c971-4b09-8137-7c83115d80bf,1,3545.705534
2026/02/05/11:20:36,apply-time,rs-003853-87fmw,c0835783-e72b-4516-aa79-05b9f5e0230f,2,3545.705534
2026/02/05/11:20:36,running-time,rs-003853-87fmw,c0835783-e72b-4516-aa79-05b9f5e0230f,2,3545.705534
2026/02/05/11:20:36,apply-time,rs-003853-gcqnl,dcd95b65-7b6a-4940-b896-9706b6c135cb,2,3545.705534
2026/02/05/11:20:36,running-time,rs-003853-gcqnl,dcd95b65-7b6a-4940-b896-9706b6c135cb,2,3545.705534
2026/02/05/11:20:36,apply-time,rs-003854-k4j55,208d0814-2dc5-40cc-bc35-8d681cb32817,1,3545.705534
2026/02/05/11:20:36,running-time,rs-003854-k4j55,208d0814-2dc5-40cc-bc35-8d681cb32817,1,3545.705534
2026/02/05/11:20:36,apply-time,rs-003854-wjr6v,1e672de7-9aaf-466b-8ac6-5a127c2192ea,1,3545.705534
2026/02/05/11:20:36,running-time,rs-003854-wjr6v,1e672de7-9aaf-466b-8ac6-5a127c2192ea,1,3545.705534
2026/02/05/11:20:36,apply-time,rs-003855-bvvl2,22a51bef-a588-4db7-99ae-6494d78aacf4,2,3545.705534
2026/02/05/11:20:36,running-time,rs-003855-bvvl2,22a51bef-a588-4db7-99ae-6494d78aacf4,2,3545.705534
2026/02/05/11:20:37,apply-time,rs-003856-q4nct,c9ce237a-dab7-4571-933f-830550876f65,3,3546.705534
2026/02/05/11:20:37,running-time,rs-003856-q4nct,c9ce237a-dab7-4571-933f-830550876f65,3,3546.705534
2026/02/05/11:20:37,apply-time,rs-003857-glnr2,c97e632d-f3af-44a1-b693-bdf2d8e1b480,2,3546.705534
2026/02/05/11:20:37,running-time,rs-003857-glnr2,c97e632d-f3af-44a1-b693-bdf2d8e1b480,2,3546.705534
2026/02/05/11:20:37,apply-time,rs-003858-2w9ls,58ea0d0c-c8ab-403c-b30b-159f84fbba91,2,3546.705534
2026/02/05/11:20:37,running-time,rs-003858-2w9ls,58ea0d0c-c8ab-403c-b30b-159f84fbba91,2,3546.705534
2026/02/05/11:20:37,apply-time,rs-003858-4tv5r,a009beac-4aa5-4db0-8dd4-752ecafb5ab5,2,3546.705534
2026/02/05/11:20:37,running-time,rs-003858-4tv5r,a009beac-4aa5-4db0-8dd4-752ecafb5ab5,2,3546.705534
2026/02/05/11:20:37,apply-time,rs-003859-rn2d7,937ab0d2-3610-40ab-8d51-f68812ba4c07,1,3546.705534
2026/02/05/11:20:37,running-time,rs-003859-rn2d7,937ab0d2-3610-40ab-8d51-f68812ba4c07,1,3546.705534
2026/02/05/11:20:37,apply-time,rs-003860-mlbcq,3d0bc14c-bcbe-4c60-a940-ef86caa68b78,4,3546.705534
2026/02/05/11:20:37,running-time,rs-003860-mlbcq,3d0bc14c-bcbe-4c60-a940-ef86caa68b78,4,3546.705534
2026/02/05/11:20:37,apply-time,rs-003861-m9frt,ff2926bf-171c-4b98-b1ff-41c45adacfc9,1,3546.705534
2026/02/05/11:20:37,running-time,rs-003861-m9frt,ff2926bf-171c-4b98-b1ff-41c45adacfc9,1,3546.705534
2026/02/05/11:20:38,apply-time,rs-003862-2kn4h,e2fdad18-e18c-4969-9c16-b767befede59,3,3547.705534
2026/02/05/11:20:38,running-time,rs-003862-2kn4h,e2fdad18-e18c-4969-9c16-b767befede59,3,3547.705534
2026/02/05/11:20:38,apply-time,rs-003862-7cmsv,ae930c10-012d-44d3-85b2-5a7b566a1c23,3,3547.705534
2026/02/05/11:20:38,running-time,rs-003862-7cmsv,ae930c10-012d-44d3-85b2-5a7b566a1c23,3,3547.705534
2026/02/05/11:20:38,apply-time,rs-003862-npjg4,c55db3a0-8e8a-4a3a-ade4-5a2a3b25b3d1,3,3547.705534
2026/02/05/11:20:38,running-time,rs-003862-npjg4,c55db3a0-8e8a-4a3a-ade4-5a2a3b25b3d1,3,3547.705534
2026/02/05/11:20:38,apply-time,rs-003863-7r7sz,44d04ee1-d9d6-46c8-83d0-1b7cf9be91a8,1,3547.705534
2026/02/05/11:20:38,running-time,rs-003863-7r7sz,44d04ee1-d9d6-46c8-83d0-1b7cf9be91a8,1,3547.705534
2026/02/05/11:20:38,apply-time,rs-003863-842tn,ac086ee0-a2ee-48d8-8d3a-f8efd06b9c37,1,3547.705534
2026/02/05/11:20:38,running-time,rs-003863-842tn,ac086ee0-a2ee-48d8-8d3a-f8efd06b9c37,1,3547.705534
2026/02/05/11:20:38,apply-time,rs-003863-lhc4j,e594c8d2-b257-4b59-9431-7d3ea7b0538a,1,3547.705534
2026/02/05/11:20:38,running-time,rs-003863-lhc4j,e594c8d2-b257-4b59-9431-7d3ea7b0538a,1,3547.705534
2026/02/05/11:20:38,apply-time,rs-003864-cxhhx,9444be2d-f531-4776-8cac-ba3a314e2b5c,4,3547.705534
2026/02/05/11:20:38,running-time,rs-003864-cxhhx,9444be2d-f531-4776-8cac-ba3a314e2b5c,4,3547.705534
2026/02/05/11:20:38,apply-time,rs-003865-k97tt,7206b73d-ec67-49c3-94b3-2f98e34984ef,4,3547.705534
2026/02/05/11:20:38,running-time,rs-003865-k97tt,7206b73d-ec67-49c3-94b3-2f98e34984ef,4,3547.705534
2026/02/05/11:20:38,apply-time,rs-003865-lcnb9,3c990109-c3c6-4b63-842a-d8e97ef381c0,4,3547.705534
2026/02/05/11:20:38,running-time,rs-003865-lcnb9,3c990109-c3c6-4b63-842a-d8e97ef381c0,4,3548.705534
2026/02/05/11:20:38,apply-time,rs-003865-zhhz5,9190644d-ef23-4745-8a52-0bb64aabef5e,4,3547.705534
2026/02/05/11:20:38,running-time,rs-003865-zhhz5,9190644d-ef23-4745-8a52-0bb64aabef5e,4,3547.705534
2026/02/05/11:20:41,apply-time,rs-003866-6chrs,0cb53d94-e324-4092-9dcf-1ba5a9131d09,1,3550.705534
2026/02/05/11:20:41,running-time,rs-003866-6chrs,0cb53d94-e324-4092-9dcf-1ba5a9131d09,1,3550.705534
2026/02/05/11:20:41,apply-time,rs-003866-kmr4q,d07adbf8-fad6-4f80-a325-21481f81bde1,1,3550.705534
2026/02/05/11:20:41,running-time,rs-003866-kmr4q,d07adbf8-fad6-4f80-a325-21481f81bde1,1,3550.705534
2026/02/05/11:20:41,apply-time,rs-003866-r76zt,18ec0937-2230-4085-8201-f47b2651a5b9,1,3550.705534
2026/02/05/11:20:41,running-time,rs-003866-r76zt,18ec0937-2230-4085-8201-f47b2651a5b9,1,3550.705534
2026/02/05/11:20:41,apply-time,rs-003867-m5dts,191463c3-648e-4a2c-a7ce-906decdcea59,2,3550.705534
2026/02/05/11:20:41,running-time,rs-003867-m5dts,191463c3-648e-4a2c-a7ce-906decdcea59,2,3550.705534
2026/02/05/11:20:41,apply-time,rs-003867-nkr26,b3bdea02-5b85-48aa-bc8f-536a801f1b1d,2,3550.705534
2026/02/05/11:20:41,running-time,rs-003867-nkr26,b3bdea02-5b85-48aa-bc8f-536a801f1b1d,2,3550.705534
2026/02/05/11:20:43,apply-time,rs-003868-qvfgm,534f4f05-900d-4a61-860d-726b2362b97e,3,3552.705534
2026/02/05/11:20:43,running-time,rs-003868-qvfgm,534f4f05-900d-4a61-860d-726b2362b97e,3,3552.705534
2026/02/05/11:20:43,apply-time,rs-003869-lsfn6,be908737-93b3-41e2-b2a9-130a9a1ac9d6,1,3552.705534
2026/02/05/11:20:43,running-time,rs-003869-lsfn6,be908737-93b3-41e2-b2a9-130a9a1ac9d6,1,3552.705534
2026/02/05/11:20:43,apply-time,rs-003869-sdl7c,c8836423-944f-433a-9b0e-c53fc6d06ed3,1,3552.705534
2026/02/05/11:20:43,running-time,rs-003869-sdl7c,c8836423-944f-433a-9b0e-c53fc6d06ed3,1,3552.705534
2026/02/05/11:20:43,apply-time,rs-003870-dqrxn,56613be6-5e2a-4c39-a50f-46ed1c07b2c1,2,3552.705534
2026/02/05/11:20:43,running-time,rs-003870-dqrxn,56613be6-5e2a-4c39-a50f-46ed1c07b2c1,2,3552.705534
2026/02/05/11:20:43,apply-time,rs-003871-88r46,70ee557e-50b8-47cc-8e23-e10d1eb39bcb,3,3552.705534
2026/02/05/11:20:43,running-time,rs-003871-88r46,70ee557e-50b8-47cc-8e23-e10d1eb39bcb,3,3552.705534
2026/02/05/11:20:48,apply-time,rs-003872-fgq9v,2f662fd1-7e58-4989-97b5-92a4f344bc5c,1,3557.705534
2026/02/05/11:20:48,running-time,rs-003872-fgq9v,2f662fd1-7e58-4989-97b5-92a4f344bc5c,1,3557.705534
2026/02/05/11:20:48,apply-time,rs-003872-h2cvz,2bdb3989-76d0-4fe1-aae8-a3a2858af743,1,3557.705534
2026/02/05/11:20:48,running-time,rs-003872-h2cvz,2bdb3989-76d0-4fe1-aae8-a3a2858af743,1,3557.705534
2026/02/05/11:20:48,apply-time,rs-003872-xmwgt,e5972be1-e3cf-4eb4-8f49-5c274d40ea4c,1,3557.705534
2026/02/05/11:20:48,running-time,rs-003872-xmwgt,e5972be1-e3cf-4eb4-8f49-5c274d40ea4c,1,3557.705534
2026/02/05/11:20:51,apply-time,rs-003873-5vqj2,343b735e-cc4a-471d-8721-2dfd294ea3c8,3,3560.705534
2026/02/05/11:20:51,running-time,rs-003873-5vqj2,343b735e-cc4a-471d-8721-2dfd294ea3c8,3,3560.705534
2026/02/05/11:20:51,apply-time,rs-003873-8mdtm,201833fe-a510-4649-851d-7722ee12073b,3,3560.705534
2026/02/05/11:20:51,running-time,rs-003873-8mdtm,201833fe-a510-4649-851d-7722ee12073b,3,3560.705534
2026/02/05/11:20:51,apply-time,rs-003874-8t57t,c6d84bb6-95f9-41c0-830a-548eb52adc41,1,3560.705534
2026/02/05/11:20:51,running-time,rs-003874-8t57t,c6d84bb6-95f9-41c0-830a-548eb52adc41,1,3560.705534
2026/02/05/11:20:51,apply-time,rs-003874-kk5vk,61afe25a-634b-4d7b-80c3-ffa4170443ac,1,3560.705534
2026/02/05/11:20:51,running-time,rs-003874-kk5vk,61afe25a-634b-4d7b-80c3-ffa4170443ac,1,3560.705534
2026/02/05/11:20:51,apply-time,rs-003875-mphlf,704f6d5f-2b8f-4a85-8c35-fcf9a3c61566,2,3560.705534
2026/02/05/11:20:51,running-time,rs-003875-mphlf,704f6d5f-2b8f-4a85-8c35-fcf9a3c61566,2,3560.705534
2026/02/05/11:20:51,apply-time,rs-003875-p5rkk,fb6b5b73-9325-4bf0-b168-a96c1c3ce7c3,2,3560.705534
2026/02/05/11:20:51,running-time,rs-003875-p5rkk,fb6b5b73-9325-4bf0-b168-a96c1c3ce7c3,2,3560.705534
2026/02/05/11:20:51,apply-time,rs-003876-fxjqj,21ee9bc7-500c-4ed8-af44-4ff05943e00b,1,3560.705534
2026/02/05/11:20:51,running-time,rs-003876-fxjqj,21ee9bc7-500c-4ed8-af44-4ff05943e00b,1,3560.705534
2026/02/05/11:20:51,apply-time,rs-003876-zjrbr,8cd16b14-f844-47f6-8d21-5401938a6a56,1,3560.705534
2026/02/05/11:20:51,running-time,rs-003876-zjrbr,8cd16b14-f844-47f6-8d21-5401938a6a56,1,3560.705534
2026/02/05/11:20:51,apply-time,rs-003877-5wc78,a360d4dd-8d92-4f68-8e69-2d2292f4b53f,4,3560.705534
2026/02/05/11:20:51,running-time,rs-003877-5wc78,a360d4dd-8d92-4f68-8e69-2d2292f4b53f,4,3560.705534
2026/02/05/11:20:51,apply-time,rs-003877-srhqs,1226631b-6738-43aa-a20a-e4f2f4073ef4,4,3560.705534
2026/02/05/11:20:51,running-time,rs-003877-srhqs,1226631b-6738-43aa-a20a-e4f2f4073ef4,4,3560.705534
2026/02/05/11:20:51,apply-time,rs-003878-9lcn2,ada2a127-9b7e-41cb-917a-513510dee354,2,3560.705534
2026/02/05/11:20:51,apply-time,rs-003879-7dghc,04189624-8ae4-490b-aec3-5a65edde217e,1,3560.705534
2026/02/05/11:20:51,running-time,rs-003879-7dghc,04189624-8ae4-490b-aec3-5a65edde217e,1,3561.705534
2026/02/05/11:20:52,apply-time,rs-003879-4jqkv,4f74b09d-7a8a-4212-9fc3-bb4cfd621a15,1,3561.705534
2026/02/05/11:20:52,apply-time,rs-003879-5kk8h,fa5b8e62-a5f6-493f-bb4d-6d3ef12f9d52,1,3561.705534
2026/02/05/11:20:52,running-time,rs-003879-5kk8h,fa5b8e62-a5f6-493f-bb4d-6d3ef12f9d52,1,3561.705534
2026/02/05/11:20:52,apply-time,rs-003880-vrjlm,fbba8858-9651-446a-a3f2-d38f58b252d2,3,3561.705534
2026/02/05/11:20:52,running-time,rs-003880-vrjlm,fbba8858-9651-446a-a3f2-d38f58b252d2,3,3561.705534
2026/02/05/11:20:52,apply-time,rs-003880-xtls2,0075dfd1-9106-4d45-bf4a-dbafd747da93,3,3561.705534
2026/02/05/11:20:52,running-time,rs-003880-xtls2,0075dfd1-9106-4d45-bf4a-dbafd747da93,3,3561.705534
2026/02/05/11:20:52,apply-time,rs-003881-5qlsc,075082d5-05c3-4e40-99f9-a2d28a7be4cc,2,3561.705534
2026/02/05/11:20:52,running-time,rs-003881-5qlsc,075082d5-05c3-4e40-99f9-a2d28a7be4cc,2,3561.705534
2026/02/05/11:20:52,apply-time,rs-003882-sb6vt,41185eaa-ffe2-4ae7-98bc-b3ef9accf8e1,4,3561.705534
2026/02/05/11:20:52,running-time,rs-003882-sb6vt,41185eaa-ffe2-4ae7-98bc-b3ef9accf8e1,4,3561.705534
2026/02/05/11:20:52,apply-time,rs-003883-76wdt,43ad0862-b12d-4b8f-b239-bfbbbf1aacc8,2,3561.705534
2026/02/05/11:20:52,running-time,rs-003883-76wdt,43ad0862-b12d-4b8f-b239-bfbbbf1aacc8,2,3561.705534
2026/02/05/11:20:52,apply-time,rs-003884-7z2bk,c9fc9289-93d7-4c6a-b260-c0beb9b503c8,1,3561.705534
2026/02/05/11:20:52,running-time,rs-003884-7z2bk,c9fc9289-93d7-4c6a-b260-c0beb9b503c8,1,3561.705534
2026/02/05/11:20:52,apply-time,rs-003885-58pt9,c4823b46-c662-4009-8fab-af00ec1dcb63,2,3562.705534
2026/02/05/11:20:53,running-time,rs-003879-4jqkv,4f74b09d-7a8a-4212-9fc3-bb4cfd621a15,1,3562.705534
2026/02/05/11:20:53,running-time,rs-003885-58pt9,c4823b46-c662-4009-8fab-af00ec1dcb63,2,3562.705534
2026/02/05/11:20:53,apply-time,rs-003886-j4d9x,b5d54673-03a0-4c88-a317-2059d02fcc77,2,3562.705534
2026/02/05/11:20:53,running-time,rs-003886-j4d9x,b5d54673-03a0-4c88-a317-2059d02fcc77,2,3562.705534
2026/02/05/11:20:53,apply-time,rs-003886-v6r9s,d164bd09-00ec-4e9c-9c53-8a2f1b85f7ee,2,3562.705534
2026/02/05/11:20:53,running-time,rs-003886-v6r9s,d164bd09-00ec-4e9c-9c53-8a2f1b85f7ee,2,3562.705534
2026/02/05/11:20:53,apply-time,rs-003886-whnr6,593d4da1-95b0-458f-ae01-8d4e421846db,2,3562.705534
2026/02/05/11:20:53,running-time,rs-003886-whnr6,593d4da1-95b0-458f-ae01-8d4e421846db,2,3562.705534
2026/02/05/11:20:53,apply-time,rs-003887-bkblh,413a465b-87ac-46cc-af61-4710d0e53ec4,3,3562.705534
2026/02/05/11:20:53,running-time,rs-003887-bkblh,413a465b-87ac-46cc-af61-4710d0e53ec4,3,3562.705534
2026/02/05/11:20:53,apply-time,rs-003887-ngtd7,b5e93181-601f-42e1-bbb5-176dae783f66,3,3562.705534
2026/02/05/11:20:53,running-time,rs-003887-ngtd7,b5e93181-601f-42e1-bbb5-176dae783f66,3,3562.705534
2026/02/05/11:20:53,apply-time,rs-003887-v725n,06929cd8-21dd-47e4-b3a3-076f94951b74,3,3562.705534
2026/02/05/11:20:53,running-time,rs-003887-v725n,06929cd8-21dd-47e4-b3a3-076f94951b74,3,3562.705534
2026/02/05/11:20:53,apply-time,rs-003888-qllzh,59dc2ef8-3820-4aed-9ad3-c00c2a6d0a9e,1,3562.705534
2026/02/05/11:20:53,running-time,rs-003888-qllzh,59dc2ef8-3820-4aed-9ad3-c00c2a6d0a9e,1,3562.705534
2026/02/05/11:20:53,apply-time,rs-003889-db85c,4652288e-5a3b-4ee7-9c04-12ef2f31a8fa,3,3562.705534
2026/02/05/11:20:53,running-time,rs-003889-db85c,4652288e-5a3b-4ee7-9c04-12ef2f31a8fa,3,3562.705534
2026/02/05/11:20:53,apply-time,rs-003889-f6qpz,e5d57781-5664-48f1-9b8f-5821c61d6d70,3,3563.705534
2026/02/05/11:20:54,apply-time,rs-003890-4t59b,fe5e0d37-645a-49d1-bd4b-5ab9660fee32,1,3563.705534
2026/02/05/11:20:54,running-time,rs-003890-4t59b,fe5e0d37-645a-49d1-bd4b-5ab9660fee32,1,3563.705534
2026/02/05/11:20:54,apply-time,rs-003891-h2x5d,9b76e991-8443-4fe2-9b78-ec3ec317cb90,1,3563.705534
2026/02/05/11:20:54,running-time,rs-003891-h2x5d,9b76e991-8443-4fe2-9b78-ec3ec317cb90,1,3563.705534
2026/02/05/11:20:54,apply-time,rs-003895-9c4wm,5ef42b42-ef13-43f2-95f7-7026c09e56e0,3,3564.705534
2026/02/05/11:20:55,apply-time,rs-003892-fds7b,ef96cddd-0400-49b1-9938-4979dd31d1a2,4,3564.705534
2026/02/05/11:20:55,running-time,rs-003892-fds7b,ef96cddd-0400-49b1-9938-4979dd31d1a2,4,3564.705534
2026/02/05/11:20:55,apply-time,rs-003892-lsm2p,4debea34-2387-42d5-907d-b5b62e149a27,4,3564.705534
2026/02/05/11:20:55,running-time,rs-003892-lsm2p,4debea34-2387-42d5-907d-b5b62e149a27,4,3564.705534
2026/02/05/11:20:55,apply-time,rs-003892-tl2bd,9efc9710-f810-46d9-aa13-95c5e17474e5,4,3564.705534
2026/02/05/11:20:55,running-time,rs-003892-tl2bd,9efc9710-f810-46d9-aa13-95c5e17474e5,4,3564.705534
2026/02/05/11:20:55,apply-time,rs-003893-6b455,3f60a6f5-3efa-4e8f-b1f8-84b4f87ac1a0,3,3564.705534
2026/02/05/11:20:55,running-time,rs-003893-6b455,3f60a6f5-3efa-4e8f-b1f8-84b4f87ac1a0,3,3564.705534
2026/02/05/11:20:55,apply-time,rs-003894-c8sz6,62a10027-d3e2-40ca-8d60-ba693e440480,4,3564.705534
2026/02/05/11:20:55,running-time,rs-003894-c8sz6,62a10027-d3e2-40ca-8d60-ba693e440480,4,3564.705534
2026/02/05/11:20:55,apply-time,rs-003896-68jc2,9738f9b2-afa3-4959-94b1-63f43f964cd3,2,3564.705534
2026/02/05/11:20:55,running-time,rs-003896-68jc2,9738f9b2-afa3-4959-94b1-63f43f964cd3,2,3564.705534
2026/02/05/11:20:55,apply-time,rs-003896-s2dvr,9892d2c0-d0d2-4a5b-ba88-a904e58bb1fb,2,3564.705534
2026/02/05/11:20:55,running-time,rs-003896-s2dvr,9892d2c0-d0d2-4a5b-ba88-a904e58bb1fb,2,3564.705534
2026/02/05/11:20:56,apply-time,rs-003897-46n8k,415134dc-dd83-48f9-955c-01d25a461263,4,3565.705534
2026/02/05/11:20:56,apply-time,rs-003897-slh5s,2e3e2aa2-f55b-4c28-a2cc-a9ae19606ee1,4,3565.705534
2026/02/05/11:20:56,apply-time,rs-003898-97dpr,125bfc9a-a15c-45ca-8801-e5d6af95522c,1,3565.705534
2026/02/05/11:20:56,running-time,rs-003898-97dpr,125bfc9a-a15c-45ca-8801-e5d6af95522c,1,3565.705534
2026/02/05/11:20:56,apply-time,rs-003898-k6svg,6b23e0bd-94ae-4781-9f07-ca47b0aaa00a,1,3565.705534
2026/02/05/11:20:56,running-time,rs-003898-k6svg,6b23e0bd-94ae-4781-9f07-ca47b0aaa00a,1,3565.705534
2026/02/05/11:20:59,apply-time,rs-003899-9l8t8,7091db3b-355f-4bbc-973e-65079a5d64e6,3,3568.705534
2026/02/05/11:20:59,running-time,rs-003899-9l8t8,7091db3b-355f-4bbc-973e-65079a5d64e6,3,3568.705534
2026/02/05/11:20:59,apply-time,rs-003899-hqm7p,42b4b43d-822c-4a4a-a2b4-e779903735c4,3,3568.705534
2026/02/05/11:20:59,running-time,rs-003899-hqm7p,42b4b43d-822c-4a4a-a2b4-e779903735c4,3,3568.705534
2026/02/05/11:20:59,apply-time,rs-003899-mhg4r,0dff43f0-6c57-4efa-9db0-795d84b6b009,3,3568.705534
2026/02/05/11:20:59,running-time,rs-003899-mhg4r,0dff43f0-6c57-4efa-9db0-795d84b6b009,3,3568.705534
2026/02/05/11:20:59,apply-time,rs-003900-cqgs2,b35b2257-d40c-488f-8ccb-77629cda6700,2,3568.705534
2026/02/05/11:20:59,running-time,rs-003900-cqgs2,b35b2257-d40c-488f-8ccb-77629cda6700,2,3568.705534
2026/02/05/11:20:59,apply-time,rs-003901-c8n46,8b15ce9f-c6f0-4d6e-aad3-f46302573c4a,3,3568.705534
2026/02/05/11:20:59,running-time,rs-003901-c8n46,8b15ce9f-c6f0-4d6e-aad3-f46302573c4a,3,3568.705534
2026/02/05/11:20:59,apply-time,rs-003902-62zkz,2b334e22-5cd9-40e8-8c35-53f5c99079a3,2,3568.705534
2026/02/05/11:20:59,running-time,rs-003902-62zkz,2b334e22-5cd9-40e8-8c35-53f5c99079a3,2,3568.705534
2026/02/05/11:20:59,apply-time,rs-003902-r2jqs,a557d095-9b21-4a0f-82ec-89a3207f64cf,2,3568.705534
2026/02/05/11:20:59,running-time,rs-003902-r2jqs,a557d095-9b21-4a0f-82ec-89a3207f64cf,2,3568.705534
2026/02/05/11:21:01,apply-time,rs-003903-5wlq7,6b56c9fc-47fb-4419-9a0f-d4c33c413b68,1,3570.705534
2026/02/05/11:21:01,running-time,rs-003903-5wlq7,6b56c9fc-47fb-4419-9a0f-d4c33c413b68,1,3570.705534
2026/02/05/11:21:01,apply-time,rs-003904-2fw86,a268af1f-5000-4f0c-9f0e-39616e0c6138,4,3570.705534
2026/02/05/11:21:01,running-time,rs-003904-2fw86,a268af1f-5000-4f0c-9f0e-39616e0c6138,4,3570.705534
2026/02/05/11:21:01,apply-time,rs-003904-77jpc,168cff76-6630-43de-a276-1b0de0cc7b35,4,3570.705534
2026/02/05/11:21:01,running-time,rs-003904-77jpc,168cff76-6630-43de-a276-1b0de0cc7b35,4,3570.705534
2026/02/05/11:21:01,apply-time,rs-003904-vwqw6,0d76f36e-4dad-4507-afc3-8016ce6229d4,4,3570.705534
2026/02/05/11:21:01,running-time,rs-003904-vwqw6,0d76f36e-4dad-4507-afc3-8016ce6229d4,4,3570.705534
2026/02/05/11:21:01,apply-time,rs-003905-jrhwv,6e159f3f-a1f9-44cd-a750-857da49ef262,3,3570.705534
2026/02/05/11:21:01,running-time,rs-003905-jrhwv,6e159f3f-a1f9-44cd-a750-857da49ef262,3,3570.705534
2026/02/05/11:21:03,apply-time,rs-003906-9twdb,0c19ca58-69d1-438d-a659-b7cd653a4e3d,4,3572.705534
2026/02/05/11:21:03,running-time,rs-003906-9twdb,0c19ca58-69d1-438d-a659-b7cd653a4e3d,4,3572.705534
2026/02/05/11:21:03,apply-time,rs-003906-nj7wt,6e26613e-8228-42c4-abeb-d6c9eb6b0e87,4,3572.705534
2026/02/05/11:21:03,running-time,rs-003906-nj7wt,6e26613e-8228-42c4-abeb-d6c9eb6b0e87,4,3572.705534
2026/02/05/11:21:03,apply-time,rs-003906-z5458,21379164-ed40-4840-a110-3891393dab38,4,3572.705534
2026/02/05/11:21:03,running-time,rs-003906-z5458,21379164-ed40-4840-a110-3891393dab38,4,3572.705534
2026/02/05/11:21:03,apply-time,rs-003907-6c8m7,6a9c63f1-c112-42a0-997e-65375aa08b34,1,3572.705534
2026/02/05/11:21:03,running-time,rs-003907-6c8m7,6a9c63f1-c112-42a0-997e-65375aa08b34,1,3572.705534
2026/02/05/11:21:03,apply-time,rs-003908-5z6nd,53c2a032-c82a-4582-88ac-6294bcb9bc13,2,3572.705534
2026/02/05/11:21:03,running-time,rs-003908-5z6nd,53c2a032-c82a-4582-88ac-6294bcb9bc13,2,3572.705534
2026/02/05/11:21:03,apply-time,rs-003908-w9v4z,6e2a30d8-1c91-497e-9eab-5eb5e027857f,2,3572.705534
2026/02/05/11:21:03,running-time,rs-003908-w9v4z,6e2a30d8-1c91-497e-9eab-5eb5e027857f,2,3572.705534
2026/02/05/11:21:03,apply-time,rs-003909-rnzw6,fee102dc-9fc6-4d50-ac38-93a337162d74,4,3572.705534
2026/02/05/11:21:03,running-time,rs-003909-rnzw6,fee102dc-9fc6-4d50-ac38-93a337162d74,4,3572.705534
2026/02/05/11:21:03,apply-time,rs-003910-zlkqt,4487a8a9-4638-498e-b2fc-5b4bf8c424e1,2,3572.705534
2026/02/05/11:21:03,running-time,rs-003910-zlkqt,4487a8a9-4638-498e-b2fc-5b4bf8c424e1,2,3572.705534
2026/02/05/11:21:03,apply-time,rs-003911-mf9m5,e9438adc-ab37-4fe5-82b9-b6a59be8d51e,1,3572.705534
2026/02/05/11:21:03,running-time,rs-003911-mf9m5,e9438adc-ab37-4fe5-82b9-b6a59be8d51e,1,3572.705534
2026/02/05/11:21:03,apply-time,rs-003912-drdgt,0a65a9f3-5790-4395-958d-f86adc6f2c43,2,3572.705534
2026/02/05/11:21:03,running-time,rs-003912-drdgt,0a65a9f3-5790-4395-958d-f86adc6f2c43,2,3572.705534
2026/02/05/11:21:04,apply-time,rs-003912-vwjqp,79e94496-7984-453e-8ba0-a36592141f47,2,3573.705534
2026/02/05/11:21:04,running-time,rs-003912-vwjqp,79e94496-7984-453e-8ba0-a36592141f47,2,3573.705534
2026/02/05/11:21:04,apply-time,rs-003913-45j8j,5c5afa1f-da74-4d69-96ba-4a8bb3ef8537,4,3573.705534
2026/02/05/11:21:04,running-time,rs-003913-45j8j,5c5afa1f-da74-4d69-96ba-4a8bb3ef8537,4,3573.705534
2026/02/05/11:21:04,apply-time,rs-003914-qzqhd,1f82dd42-4899-407a-bc0f-206cba3a710e,1,3573.705534
2026/02/05/11:21:04,running-time,rs-003914-qzqhd,1f82dd42-4899-407a-bc0f-206cba3a710e,1,3573.705534
2026/02/05/11:21:04,apply-time,rs-003915-k7g79,cf89a4de-4533-4536-a64d-1dc23daf94f1,4,3573.705534
2026/02/05/11:21:04,running-time,rs-003915-k7g79,cf89a4de-4533-4536-a64d-1dc23daf94f1,4,3573.705534
2026/02/05/11:21:04,apply-time,rs-003916-hkwpp,5d4ecb34-fd35-4fcd-9a92-851ea55fbd1c,1,3573.705534
2026/02/05/11:21:04,apply-time,rs-003916-l45mp,b83d2922-ba18-4b1c-907e-4b60ec2337b6,1,3573.705534
2026/02/05/11:21:04,running-time,rs-003916-l45mp,b83d2922-ba18-4b1c-907e-4b60ec2337b6,1,3573.705534
2026/02/05/11:21:04,apply-time,rs-003916-z5sqz,823fc25c-77f5-4777-afda-68a9ad2f0eeb,1,3573.705534
2026/02/05/11:21:04,running-time,rs-003916-z5sqz,823fc25c-77f5-4777-afda-68a9ad2f0eeb,1,3573.705534
2026/02/05/11:21:04,apply-time,rs-003917-9lvgr,fac4fd9f-7ede-4db9-8b48-495ad1b1ac82,1,3573.705534
2026/02/05/11:21:04,running-time,rs-003917-9lvgr,fac4fd9f-7ede-4db9-8b48-495ad1b1ac82,1,3573.705534
2026/02/05/11:21:04,apply-time,rs-003917-ccgp5,41120242-ea63-4057-927d-2a2f10efc135,1,3574.705534
2026/02/05/11:21:05,running-time,rs-003916-hkwpp,5d4ecb34-fd35-4fcd-9a92-851ea55fbd1c,1,3574.705534
2026/02/05/11:21:05,running-time,rs-003917-ccgp5,41120242-ea63-4057-927d-2a2f10efc135,1,3574.705534
2026/02/05/11:21:05,apply-time,rs-003917-ffhpn,9cd95730-f082-4bf9-bc06-10aa29f7ed94,1,3574.705534
2026/02/05/11:21:05,running-time,rs-003917-ffhpn,9cd95730-f082-4bf9-bc06-10aa29f7ed94,1,3574.705534
2026/02/05/11:21:10,apply-time,rs-003918-94xnq,b25b1f40-5e77-456b-8f5f-20b6669c9840,4,3579.705534
2026/02/05/11:21:10,running-time,rs-003918-94xnq,b25b1f40-5e77-456b-8f5f-20b6669c9840,4,3579.705534
2026/02/05/11:21:10,apply-time,rs-003919-9srd7,3872aaa2-d683-44f2-94f2-69cfe03299ee,2,3579.705534
2026/02/05/11:21:10,running-time,rs-003919-9srd7,3872aaa2-d683-44f2-94f2-69cfe03299ee,2,3579.705534
2026/02/05/11:21:10,apply-time,rs-003919-lntz8,ae62a3ff-59bd-474b-b052-7d4f597a0861,2,3579.705534
2026/02/05/11:21:10,running-time,rs-003919-lntz8,ae62a3ff-59bd-474b-b052-7d4f597a0861,2,3579.705534
2026/02/05/11:21:10,apply-time,rs-003920-65c49,759d5584-e08e-4e6f-a4ff-0d4906bf71a1,1,3580.705534
2026/02/05/11:21:10,running-time,rs-003920-65c49,759d5584-e08e-4e6f-a4ff-0d4906bf71a1,1,3580.705534
2026/02/05/11:21:10,apply-time,rs-003920-6wbxn,dde54c29-2758-4b3c-9c92-0a565b497263,1,3580.705534
2026/02/05/11:21:11,running-time,rs-003920-6wbxn,dde54c29-2758-4b3c-9c92-0a565b497263,1,3580.705534
2026/02/05/11:21:20,apply-time,rs-003921-f62nx,fb87fb25-a001-4aec-8b76-9c8cd03606a0,1,3589.705534
2026/02/05/11:21:20,running-time,rs-003921-f62nx,fb87fb25-a001-4aec-8b76-9c8cd03606a0,1,3589.705534
2026/02/05/11:21:20,apply-time,rs-003922-vp7mw,74070111-6b2c-4632-8b80-197f408233b5,2,3589.705534
2026/02/05/11:21:20,running-time,rs-003922-vp7mw,74070111-6b2c-4632-8b80-197f408233b5,2,3589.705534
2026/02/05/11:21:20,apply-time,rs-003923-qtlvr,292263e8-d465-46a1-a275-d771685a91a5,4,3589.705534
2026/02/05/11:21:20,running-time,rs-003923-qtlvr,292263e8-d465-46a1-a275-d771685a91a5,4,3589.705534
2026/02/05/11:21:32,apply-time,rs-003924-w56xh,cf15c20d-4d6b-489c-881e-0c556fe06c0c,3,3601.705534
2026/02/05/11:21:32,running-time,rs-003924-w56xh,cf15c20d-4d6b-489c-881e-0c556fe06c0c,3,3601.705534
2026/02/05/11:21:32,apply-time,rs-003925-kwnmz,7a30b843-1f4b-4db4-9af0-bcc8bf3b612e,1,3601.705534
2026/02/05/11:21:32,running-time,rs-003925-kwnmz,7a30b843-1f4b-4db4-9af0-bcc8bf3b612e,1,3601.705534
2026/02/05/11:21:32,apply-time,rs-003926-kqh8w,aa119c99-cf0a-4a5b-aaf3-ee276c43e093,1,3601.705534
2026/02/05/11:21:32,running-time,rs-003926-kqh8w,aa119c99-cf0a-4a5b-aaf3-ee276c43e093,1,3601.705534
2026/02/05/11:21:32,apply-time,rs-003927-q7x8f,9c1d0c95-ebb7-4c4a-afc3-6731090105e9,4,3601.705534
2026/02/05/11:21:32,running-time,rs-003927-q7x8f,9c1d0c95-ebb7-4c4a-afc3-6731090105e9,4,3601.705534
2026/02/05/11:21:32,apply-time,rs-003927-s9s2x,7edf6f97-1575-4f12-b3ce-ac3d568a77df,4,3601.705534
2026/02/05/11:21:32,running-time,rs-003927-s9s2x,7edf6f97-1575-4f12-b3ce-ac3d568a77df,4,3601.705534
2026/02/05/11:21:32,apply-time,rs-003927-th898,3aacd70a-0f93-4f3f-a973-f7acb1b9296b,4,3601.705534
2026/02/05/11:21:32,running-time,rs-003927-th898,3aacd70a-0f93-4f3f-a973-f7acb1b9296b,4,3601.705534
2026/02/05/11:21:32,apply-time,rs-003928-2rsn9,20c1141e-fba4-44fa-8f21-c2f2be6786d0,1,3601.705534
2026/02/05/11:21:32,running-time,rs-003928-2rsn9,20c1141e-fba4-44fa-8f21-c2f2be6786d0,1,3601.705534
2026/02/05/11:21:32,apply-time,rs-003928-wwwdp,66976639-58cf-4688-a2d3-90ec1d7920dc,1,3601.705534
2026/02/05/11:21:32,running-time,rs-003928-wwwdp,66976639-58cf-4688-a2d3-90ec1d7920dc,1,3601.705534
2026/02/05/11:21:32,apply-time,rs-003929-dltmx,2667d873-1b19-42b3-8253-cac3bdd5727c,1,3601.705534
2026/02/05/11:21:32,running-time,rs-003929-dltmx,2667d873-1b19-42b3-8253-cac3bdd5727c,1,3601.705534
2026/02/05/11:21:32,apply-time,rs-003930-lrslj,2d70109b-e7fc-4a7e-8f38-12ac5729c0f7,1,3601.705534
2026/02/05/11:21:32,running-time,rs-003930-lrslj,2d70109b-e7fc-4a7e-8f38-12ac5729c0f7,1,3601.705534
2026/02/05/11:21:35,apply-time,rs-003931-ls86p,f492d4d6-e3bf-4d4a-9e26-fc6f8204e99c,4,3605.705534
2026/02/05/11:21:35,running-time,rs-003931-ls86p,f492d4d6-e3bf-4d4a-9e26-fc6f8204e99c,4,3605.705534
2026/02/05/11:21:35,apply-time,rs-003932-8ffgc,101dd405-6e29-4421-8131-3d78c1c1be7e,4,3605.705534
2026/02/05/11:21:35,apply-time,rs-003932-pm52c,0b1cf9d0-1688-4583-ae0f-04d63e49039b,4,3605.705534
2026/02/05/11:21:35,apply-time,rs-003932-zp4jh,9e2d3186-4d8e-4618-bf9c-1c379faf1da7,4,3605.705534
2026/02/05/11:21:35,running-time,rs-003932-zp4jh,9e2d3186-4d8e-4618-bf9c-1c379faf1da7,4,3605.705534
2026/02/05/11:21:35,apply-time,rs-003933-jhtx5,2cf5a7f1-8f45-434f-87a5-910a4b8eeec9,4,3605.705534
2026/02/05/11:21:35,running-time,rs-003933-jhtx5,2cf5a7f1-8f45-434f-87a5-910a4b8eeec9,4,3605.705534
2026/02/05/11:21:35,apply-time,rs-003933-m5lxm,9b3a6e57-21ab-4276-8d0a-86bbd1f89440,4,3605.705534
2026/02/05/11:21:35,running-time,rs-003933-m5lxm,9b3a6e57-21ab-4276-8d0a-86bbd1f89440,4,3605.705534
2026/02/05/11:21:36,running-time,rs-003932-8ffgc,101dd405-6e29-4421-8131-3d78c1c1be7e,4,3605.705534
2026/02/05/11:21:36,running-time,rs-003932-pm52c,0b1cf9d0-1688-4583-ae0f-04d63e49039b,4,3605.705534
2026/02/05/11:21:36,apply-time,rs-003934-b2d85,1d1421de-5f99-48ef-bd5b-89a860d58512,2,3605.705534
2026/02/05/11:21:36,running-time,rs-003934-b2d85,1d1421de-5f99-48ef-bd5b-89a860d58512,2,3605.705534
2026/02/05/11:21:36,apply-time,rs-003935-m22g9,ef440aa7-ddd4-4b28-9764-ca8b498007ed,3,3605.705534
2026/02/05/11:21:36,running-time,rs-003935-m22g9,ef440aa7-ddd4-4b28-9764-ca8b498007ed,3,3605.705534
2026/02/05/11:21:36,apply-time,rs-003936-d2lsv,7b7b9fd8-636f-4472-8143-3f640248be11,2,3605.705534
2026/02/05/11:21:36,running-time,rs-003936-d2lsv,7b7b9fd8-636f-4472-8143-3f640248be11,2,3605.705534
2026/02/05/11:21:36,apply-time,rs-003936-g4hs2,dd47a189-ce7f-4c11-b5a0-0b93f4bb8da8,2,3605.705534
2026/02/05/11:21:36,running-time,rs-003936-g4hs2,dd47a189-ce7f-4c11-b5a0-0b93f4bb8da8,2,3605.705534
2026/02/05/11:21:36,apply-time,rs-003937-6fx6z,bb94f7cf-495b-4ad2-be43-706a67dc516f,2,3605.705534
2026/02/05/11:21:36,running-time,rs-003937-6fx6z,bb94f7cf-495b-4ad2-be43-706a67dc516f,2,3605.705534
2026/02/05/11:21:36,apply-time,rs-003938-6wwxd,8a4f2511-36a7-4f5c-8b1c-5f4d1d02e145,1,3605.705534
2026/02/05/11:21:36,running-time,rs-003938-6wwxd,8a4f2511-36a7-4f5c-8b1c-5f4d1d02e145,1,3605.705534
2026/02/05/11:21:36,apply-time,rs-003939-lpx5q,c80ebfdb-e674-4a78-a091-5b68099be644,4,3606.705534
2026/02/05/11:21:36,running-time,rs-003939-lpx5q,c80ebfdb-e674-4a78-a091-5b68099be644,4,3606.705534
2026/02/05/11:21:37,apply-time,rs-003939-g9l7w,7597aa19-2dbf-40b7-bd20-60a84df6d99c,4,3606.705534
2026/02/05/11:21:37,running-time,rs-003939-g9l7w,7597aa19-2dbf-40b7-bd20-60a84df6d99c,4,3606.705534
2026/02/05/11:21:37,apply-time,rs-003940-r8n4z,362bd6ae-f4f5-49ba-9ee1-a7ae8bceb604,4,3606.705534
2026/02/05/11:21:37,running-time,rs-003940-r8n4z,362bd6ae-f4f5-49ba-9ee1-a7ae8bceb604,4,3606.705534
2026/02/05/11:21:37,apply-time,rs-003941-4wzvn,970141c5-9101-4650-98af-480d091728b6,2,3606.705534
2026/02/05/11:21:37,running-time,rs-003941-4wzvn,970141c5-9101-4650-98af-480d091728b6,2,3606.705534
2026/02/05/11:21:37,apply-time,rs-003941-5qg4c,d23fe90f-6791-455e-8c98-887a88fbc450,2,3606.705534
2026/02/05/11:21:37,running-time,rs-003941-5qg4c,d23fe90f-6791-455e-8c98-887a88fbc450,2,3606.705534
2026/02/05/11:21:37,apply-time,rs-003941-rtjbk,538ccbb7-451a-40dc-b629-34b7313107f5,2,3606.705534
2026/02/05/11:21:37,running-time,rs-003941-rtjbk,538ccbb7-451a-40dc-b629-34b7313107f5,2,3606.705534
2026/02/05/11:21:37,apply-time,rs-003942-9p45n,3d081deb-3fc5-40f5-9396-01d5191d926a,4,3606.705534
2026/02/05/11:21:37,running-time,rs-003942-9p45n,3d081deb-3fc5-40f5-9396-01d5191d926a,4,3606.705534
2026/02/05/11:21:37,apply-time,rs-003943-fhtmk,da4fe309-b3c8-4e0b-a254-e695b4828a12,1,3606.705534
2026/02/05/11:21:37,running-time,rs-003943-fhtmk,da4fe309-b3c8-4e0b-a254-e695b4828a12,1,3606.705534
2026/02/05/11:21:37,apply-time,rs-003944-tb8q4,8dd8cfcd-f1a0-436f-ad26-3bb193974076,1,3607.705534
2026/02/05/11:21:37,running-time,rs-003944-tb8q4,8dd8cfcd-f1a0-436f-ad26-3bb193974076,1,3607.705534
2026/02/05/11:21:37,apply-time,rs-003946-npsrc,7c58e4d7-41b9-4738-b03a-5690dfa77a2a,1,3607.705534
2026/02/05/11:21:37,running-time,rs-003946-npsrc,7c58e4d7-41b9-4738-b03a-5690dfa77a2a,1,3607.705534
2026/02/05/11:21:38,apply-time,rs-003943-tj82k,03f73806-c03b-4ce5-ab37-039a34021a56,1,3607.705534
2026/02/05/11:21:38,running-time,rs-003943-tj82k,03f73806-c03b-4ce5-ab37-039a34021a56,1,3607.705534
2026/02/05/11:21:38,apply-time,rs-003943-z4pmh,57bb5d92-aec9-4d83-822b-59b9ce01300a,1,3607.705534
2026/02/05/11:21:38,running-time,rs-003943-z4pmh,57bb5d92-aec9-4d83-822b-59b9ce01300a,1,3607.705534
2026/02/05/11:21:38,apply-time,rs-003945-47ml8,aad6841f-039f-49b2-9394-8d31d710e5a8,4,3607.705534
2026/02/05/11:21:38,running-time,rs-003945-47ml8,aad6841f-039f-49b2-9394-8d31d710e5a8,4,3607.705534
2026/02/05/11:21:38,apply-time,rs-003945-dmsdp,5a1e5af0-3c38-4c42-a558-6ea6e8d1e27c,4,3607.705534
2026/02/05/11:21:38,running-time,rs-003945-dmsdp,5a1e5af0-3c38-4c42-a558-6ea6e8d1e27c,4,3607.705534
2026/02/05/11:21:38,apply-time,rs-003945-qfsqw,09373fbb-aad2-432d-aa11-ac9365916b5a,4,3607.705534
2026/02/05/11:21:38,running-time,rs-003945-qfsqw,09373fbb-aad2-432d-aa11-ac9365916b5a,4,3607.705534
2026/02/05/11:21:38,apply-time,rs-003946-79m4n,0aac24e0-61e4-469c-9dd7-6c3227ad6aa9,1,3607.705534
2026/02/05/11:21:38,running-time,rs-003946-79m4n,0aac24e0-61e4-469c-9dd7-6c3227ad6aa9,1,3607.705534
2026/02/05/11:21:38,apply-time,rs-003947-57jrq,50a179ad-7f82-45bb-badb-455e299ec37d,4,3607.705534
2026/02/05/11:21:38,running-time,rs-003947-57jrq,50a179ad-7f82-45bb-badb-455e299ec37d,4,3607.705534
2026/02/05/11:21:38,apply-time,rs-003947-x4lr7,aa942025-dc7e-41d2-9fec-96876ddb3a06,4,3607.705534
2026/02/05/11:21:38,running-time,rs-003947-x4lr7,aa942025-dc7e-41d2-9fec-96876ddb3a06,4,3607.705534
2026/02/05/11:21:38,apply-time,rs-003948-4r86v,f07c7fd7-3a0b-4b7f-a981-83bc9b05496a,3,3607.705534
2026/02/05/11:21:38,running-time,rs-003948-4r86v,f07c7fd7-3a0b-4b7f-a981-83bc9b05496a,3,3607.705534
2026/02/05/11:21:38,apply-time,rs-003949-l2mrp,449f2edf-5682-4940-bfbf-75ce57845238,1,3608.705534
2026/02/05/11:21:38,running-time,rs-003949-l2mrp,449f2edf-5682-4940-bfbf-75ce57845238,1,3608.705534
2026/02/05/11:21:40,apply-time,rs-003950-2w4qx,b2d8a5f8-91e3-47a6-8704-90d3520c8921,4,3609.705534
2026/02/05/11:21:40,running-time,rs-003950-2w4qx,b2d8a5f8-91e3-47a6-8704-90d3520c8921,4,3609.705534
2026/02/05/11:21:40,apply-time,rs-003950-5dq4t,8b4224cc-fcac-46d4-8811-e87d3222d85d,4,3609.705534
2026/02/05/11:21:40,running-time,rs-003950-5dq4t,8b4224cc-fcac-46d4-8811-e87d3222d85d,4,3609.705534
2026/02/05/11:21:40,apply-time,rs-003950-xs2hp,2934b3b9-2641-401c-988a-5c93806a0387,4,3609.705534
2026/02/05/11:21:40,running-time,rs-003950-xs2hp,2934b3b9-2641-401c-988a-5c93806a0387,4,3609.705534
2026/02/05/11:21:43,apply-time,rs-003951-q96qq,55ef0cc4-9b5d-4b27-aefc-e9147b5b861a,4,3612.705534
2026/02/05/11:21:43,running-time,rs-003951-q96qq,55ef0cc4-9b5d-4b27-aefc-e9147b5b861a,4,3612.705534
2026/02/05/11:21:43,apply-time,rs-003952-v2hgg,bdaf058c-71d2-45eb-bd32-a32ab05d6719,1,3612.705534
2026/02/05/11:21:43,running-time,rs-003952-v2hgg,bdaf058c-71d2-45eb-bd32-a32ab05d6719,1,3612.705534
2026/02/05/11:21:43,apply-time,rs-003953-89mr8,01b0d1a7-e837-45d2-9f1e-033aa1434e88,2,3612.705534
2026/02/05/11:21:43,running-time,rs-003953-89mr8,01b0d1a7-e837-45d2-9f1e-033aa1434e88,2,3612.705534
2026/02/05/11:21:43,apply-time,rs-003953-95khw,91392854-59b5-4f70-8204-71030fd59384,2,3612.705534
2026/02/05/11:21:43,running-time,rs-003953-95khw,91392854-59b5-4f70-8204-71030fd59384,2,3612.705534
2026/02/05/11:21:43,apply-time,rs-003953-s8nnz,730c641e-6aa7-4a28-a1c1-e4c84bdfd2bd,2,3612.705534
2026/02/05/11:21:43,running-time,rs-003953-s8nnz,730c641e-6aa7-4a28-a1c1-e4c84bdfd2bd,2,3612.705534
2026/02/05/11:21:43,apply-time,rs-003954-w68t9,9f8dba38-9d64-437d-a6f1-7f9b8f88c1d1,4,3612.705534
2026/02/05/11:21:43,running-time,rs-003954-w68t9,9f8dba38-9d64-437d-a6f1-7f9b8f88c1d1,4,3612.705534
2026/02/05/11:21:43,apply-time,rs-003955-68rbg,ea49702a-c2d8-4f27-9d53-27c4ecf22bb8,4,3612.705534
2026/02/05/11:21:43,running-time,rs-003955-68rbg,ea49702a-c2d8-4f27-9d53-27c4ecf22bb8,4,3612.705534
2026/02/05/11:21:43,apply-time,rs-003955-swqbq,a78ea37e-9b20-4f85-81b1-cbf9346b7024,4,3612.705534
2026/02/05/11:21:43,running-time,rs-003955-swqbq,a78ea37e-9b20-4f85-81b1-cbf9346b7024,4,3612.705534
2026/02/05/11:21:43,apply-time,rs-003956-hq8rw,8f59c124-fc0d-45a1-a401-eddd09816b7b,2,3612.705534
2026/02/05/11:21:43,apply-time,rs-003957-cbnh6,a10abe2a-0c9d-4ad7-890f-54a5eac1b6e4,3,3613.705534
2026/02/05/11:21:43,apply-time,rs-003957-sdgm8,3a6322ca-55c7-4e6b-81de-f0096793e537,3,3612.705534
2026/02/05/11:21:44,running-time,rs-003956-hq8rw,8f59c124-fc0d-45a1-a401-eddd09816b7b,2,3614.705534
2026/02/05/11:21:44,apply-time,rs-003958-b4mpr,135a6d2b-b222-4d71-a799-6eeab54302ea,2,3613.705534
2026/02/05/11:21:44,running-time,rs-003958-b4mpr,135a6d2b-b222-4d71-a799-6eeab54302ea,2,3613.705534
2026/02/05/11:21:44,apply-time,rs-003958-zvm46,f72abd47-e91b-47ff-bb23-ae36cbdd7fa6,2,3613.705534
2026/02/05/11:21:44,running-time,rs-003958-zvm46,f72abd47-e91b-47ff-bb23-ae36cbdd7fa6,2,3613.705534
2026/02/05/11:21:44,apply-time,rs-003959-8sv65,2a7a0209-f0a3-4690-8f51-3f8438e21ae6,3,3613.705534
2026/02/05/11:21:44,running-time,rs-003959-8sv65,2a7a0209-f0a3-4690-8f51-3f8438e21ae6,3,3613.705534
2026/02/05/11:21:44,apply-time,rs-003959-bjd7j,247f3fef-cd95-4735-92fe-e3a2200efaa9,3,3613.705534
2026/02/05/11:21:44,running-time,rs-003959-bjd7j,247f3fef-cd95-4735-92fe-e3a2200efaa9,3,3613.705534
2026/02/05/11:21:44,apply-time,rs-003960-cv2nb,3da0c83e-8844-4297-afdb-addc0a6407c5,1,3613.705534
2026/02/05/11:21:44,running-time,rs-003960-cv2nb,3da0c83e-8844-4297-afdb-addc0a6407c5,1,3613.705534
2026/02/05/11:21:44,apply-time,rs-003960-vdgkk,06775f0d-639e-4a89-9ac1-0aff1b273531,1,3613.705534
2026/02/05/11:21:44,running-time,rs-003960-vdgkk,06775f0d-639e-4a89-9ac1-0aff1b273531,1,3613.705534
2026/02/05/11:21:44,apply-time,rs-003960-zwx2t,2dcd235f-4c3a-4f97-bda2-bfe631b28739,1,3613.705534
2026/02/05/11:21:44,running-time,rs-003960-zwx2t,2dcd235f-4c3a-4f97-bda2-bfe631b28739,1,3613.705534
2026/02/05/11:21:44,apply-time,rs-003961-rszjh,2c7a6f14-ac49-4899-82bd-0f23c30e27ed,2,3613.705534
2026/02/05/11:21:44,running-time,rs-003961-rszjh,2c7a6f14-ac49-4899-82bd-0f23c30e27ed,2,3613.705534
2026/02/05/11:21:45,apply-time,rs-003962-vwknm,8e7498a0-b3d5-461c-9a5b-865d9543afdd,3,3614.705534
2026/02/05/11:21:45,running-time,rs-003962-vwknm,8e7498a0-b3d5-461c-9a5b-865d9543afdd,3,3614.705534
2026/02/05/11:21:45,apply-time,rs-003963-6f7wh,8e5b8981-a934-4e6c-a2e0-71414c894ad8,1,3614.705534
2026/02/05/11:21:45,running-time,rs-003963-6f7wh,8e5b8981-a934-4e6c-a2e0-71414c894ad8,1,3614.705534
2026/02/05/11:21:45,apply-time,rs-003963-hw7cb,49ef6d9f-6953-4123-a60a-1bd61b04b765,1,3614.705534
2026/02/05/11:21:45,running-time,rs-003963-hw7cb,49ef6d9f-6953-4123-a60a-1bd61b04b765,1,3614.705534
2026/02/05/11:21:45,apply-time,rs-003964-895rx,8576af27-397d-47b0-b8bc-bf755c59bfd6,3,3614.705534
2026/02/05/11:21:45,running-time,rs-003964-895rx,8576af27-397d-47b0-b8bc-bf755c59bfd6,3,3614.705534
2026/02/05/11:21:45,apply-time,rs-003965-hnd64,a633d158-9c9a-4496-956e-d3014f170ed3,2,3614.705534
2026/02/05/11:21:45,running-time,rs-003965-hnd64,a633d158-9c9a-4496-956e-d3014f170ed3,2,3614.705534
2026/02/05/11:21:45,apply-time,rs-003965-qfwdm,bc3869f4-90b5-44e3-b88e-96824ca75859,2,3614.705534
2026/02/05/11:21:45,running-time,rs-003965-qfwdm,bc3869f4-90b5-44e3-b88e-96824ca75859,2,3614.705534
2026/02/05/11:21:45,apply-time,rs-003966-mldpd,f75f2a2d-686d-4e23-ad66-8325018b4878,4,3614.705534
2026/02/05/11:21:45,running-time,rs-003966-mldpd,f75f2a2d-686d-4e23-ad66-8325018b4878,4,3614.705534
2026/02/05/11:21:45,apply-time,rs-003967-2jhnz,d6a5f509-1e01-4d53-a980-236cfac598dd,2,3614.705534
2026/02/05/11:21:45,running-time,rs-003967-2jhnz,d6a5f509-1e01-4d53-a980-236cfac598dd,2,3614.705534
2026/02/05/11:21:45,apply-time,rs-003967-2zfkx,27716724-a472-4d69-92c3-2df27a9a36b1,2,3614.705534
2026/02/05/11:21:45,running-time,rs-003967-2zfkx,27716724-a472-4d69-92c3-2df27a9a36b1,2,3614.705534
2026/02/05/11:21:45,apply-time,rs-003967-jqkwr,2a51b310-d788-4cc6-9987-b35015fb04fc,2,3614.705534
2026/02/05/11:21:45,running-time,rs-003967-jqkwr,2a51b310-d788-4cc6-9987-b35015fb04fc,2,3614.705534
2026/02/05/11:21:45,apply-time,rs-003968-fcfwb,ba6d8c72-5f6b-4e57-88e5-47faa07429c5,1,3614.705534
2026/02/05/11:21:45,running-time,rs-003968-fcfwb,ba6d8c72-5f6b-4e57-88e5-47faa07429c5,1,3614.705534
2026/02/05/11:21:46,apply-time,rs-003966-92h7s,63b6f691-6d89-43f8-925c-f86db116cc96,4,3615.705534
2026/02/05/11:21:46,running-time,rs-003966-92h7s,63b6f691-6d89-43f8-925c-f86db116cc96,4,3615.705534
2026/02/05/11:21:46,apply-time,rs-003966-jxgsd,26e44ddd-e333-4632-b02d-ec9dd62f03db,4,3615.705534
2026/02/05/11:21:46,running-time,rs-003966-jxgsd,26e44ddd-e333-4632-b02d-ec9dd62f03db,4,3615.705534
2026/02/05/11:21:46,apply-time,rs-003969-l4wzg,9fe88a64-6621-46fd-8c24-1fecd33dc784,2,3615.705534
2026/02/05/11:21:46,running-time,rs-003969-l4wzg,9fe88a64-6621-46fd-8c24-1fecd33dc784,2,3615.705534
2026/02/05/11:21:46,apply-time,rs-003969-rh2nk,4c80564b-aab5-4167-b5e8-7f1c9df0fd94,2,3615.705534
2026/02/05/11:21:46,running-time,rs-003969-rh2nk,4c80564b-aab5-4167-b5e8-7f1c9df0fd94,2,3615.705534
2026/02/05/11:21:46,apply-time,rs-003970-7f97x,064eff35-49a8-4937-864f-13dcc02f2979,2,3615.705534
2026/02/05/11:21:46,apply-time,rs-003970-852vl,1e923314-5254-4c33-a14e-e41d5d179104,2,3615.705534
2026/02/05/11:21:46,apply-time,rs-003970-lrfw8,adad5fa4-a304-4c79-b40a-b7906fc4be98,2,3615.705534
2026/02/05/11:21:46,apply-time,rs-003971-rl5bx,8df29691-5c81-419e-a8e3-bcfa94a2b627,3,3615.705534
2026/02/05/11:21:46,running-time,rs-003971-rl5bx,8df29691-5c81-419e-a8e3-bcfa94a2b627,3,3615.705534
2026/02/05/11:21:46,apply-time,rs-003972-78qkf,de15ac27-3109-4a4a-bd83-53c6f69930ad,1,3616.705534
2026/02/05/11:21:47,running-time,rs-003972-78qkf,de15ac27-3109-4a4a-bd83-53c6f69930ad,1,3616.705534
2026/02/05/11:21:47,apply-time,rs-003973-bft2q,336cfd8f-5a76-424c-b631-a66c4364ebfd,2,3616.705534
2026/02/05/11:21:47,apply-time,rs-003973-mpj9h,c7f8f4e0-2943-4782-be5a-ae583bbcc05e,2,3616.705534
2026/02/05/11:21:47,apply-time,rs-003974-td9pn,13afab86-1d9e-4b09-83f1-14debe648a5b,1,3616.705534
2026/02/05/11:21:47,running-time,rs-003974-td9pn,13afab86-1d9e-4b09-83f1-14debe648a5b,1,3616.705534
2026/02/05/11:21:47,apply-time,rs-003975-4w25d,21280aed-ddbd-4453-8896-82801db9250c,2,3616.705534
2026/02/05/11:21:47,running-time,rs-003975-4w25d,21280aed-ddbd-4453-8896-82801db9250c,2,3616.705534
2026/02/05/11:21:47,apply-time,rs-003975-zl22h,dc0236ef-7760-46e9-93a4-ea713e3c8303,2,3616.705534
2026/02/05/11:21:47,running-time,rs-003975-zl22h,dc0236ef-7760-46e9-93a4-ea713e3c8303,2,3616.705534
2026/02/05/11:21:48,running-time,rs-003973-bft2q,336cfd8f-5a76-424c-b631-a66c4364ebfd,2,3618.705534
2026/02/05/11:21:52,apply-time,rs-003976-4xjb8,08a13a17-b581-41eb-b261-fe8505f888a2,1,3621.705534
2026/02/05/11:21:52,running-time,rs-003976-4xjb8,08a13a17-b581-41eb-b261-fe8505f888a2,1,3621.705534
2026/02/05/11:21:52,apply-time,rs-003976-5qnhh,3fffef11-5cc6-4289-bb62-344ac7d6f825,1,3621.705534
2026/02/05/11:21:52,running-time,rs-003976-5qnhh,3fffef11-5cc6-4289-bb62-344ac7d6f825,1,3621.705534
2026/02/05/11:21:53,apply-time,rs-003977-86md4,a8748c27-3f8d-4d0f-ae4a-e060ec8dd22f,1,3622.705534
2026/02/05/11:21:53,running-time,rs-003977-86md4,a8748c27-3f8d-4d0f-ae4a-e060ec8dd22f,1,3622.705534
2026/02/05/11:21:53,apply-time,rs-003977-kzvzj,502d1486-6742-4b88-ac0e-21dda29cb585,1,3622.705534
2026/02/05/11:21:53,running-time,rs-003977-kzvzj,502d1486-6742-4b88-ac0e-21dda29cb585,1,3622.705534
2026/02/05/11:21:53,apply-time,rs-003977-rfqfb,00704d76-4699-44e0-9da7-921e1caabd05,1,3622.705534
2026/02/05/11:21:53,running-time,rs-003977-rfqfb,00704d76-4699-44e0-9da7-921e1caabd05,1,3622.705534
2026/02/05/11:21:53,apply-time,rs-003978-9bbxw,c6468d11-5faa-4d45-ae15-225ae8c518ef,4,3622.705534
2026/02/05/11:21:53,running-time,rs-003978-9bbxw,c6468d11-5faa-4d45-ae15-225ae8c518ef,4,3622.705534
2026/02/05/11:21:53,apply-time,rs-003978-qz6fm,17516962-b8d8-4f54-8629-bda382744e88,4,3622.705534
2026/02/05/11:21:53,running-time,rs-003978-qz6fm,17516962-b8d8-4f54-8629-bda382744e88,4,3622.705534
2026/02/05/11:21:53,apply-time,rs-003979-vts2c,8ee10af0-87d2-4ab4-a188-9d45803d40a4,1,3622.705534
2026/02/05/11:21:53,apply-time,rs-003979-zjkz9,1b5c3ff1-3719-4a88-b9b0-d7cd9bc953f4,1,3622.705534
2026/02/05/11:21:54,apply-time,rs-003980-bh78s,619857ba-c241-4baa-96b2-ed84700ff565,1,3623.705534
2026/02/05/11:21:54,running-time,rs-003980-bh78s,619857ba-c241-4baa-96b2-ed84700ff565,1,3623.705534
2026/02/05/11:21:54,apply-time,rs-003981-78h6s,cdd438e3-5835-4f60-8324-59a2a2db367d,2,3623.705534
2026/02/05/11:21:54,running-time,rs-003981-78h6s,cdd438e3-5835-4f60-8324-59a2a2db367d,2,3623.705534
2026/02/05/11:21:54,apply-time,rs-003981-qwpmm,8c716c80-47d5-4bb5-bd66-2b781143f958,2,3623.705534
2026/02/05/11:21:54,running-time,rs-003981-qwpmm,8c716c80-47d5-4bb5-bd66-2b781143f958,2,3623.705534
2026/02/05/11:21:54,apply-time,rs-003981-scltv,1d27f28a-a92d-42a6-9787-04e3548e2ca0,2,3623.705534
2026/02/05/11:21:54,running-time,rs-003981-scltv,1d27f28a-a92d-42a6-9787-04e3548e2ca0,2,3623.705534
2026/02/05/11:21:54,apply-time,rs-003982-vrh87,a19ebd55-5f2e-4370-972f-4a4eaf8c35a9,2,3623.705534
2026/02/05/11:21:54,running-time,rs-003982-vrh87,a19ebd55-5f2e-4370-972f-4a4eaf8c35a9,2,3623.705534
2026/02/05/11:21:54,apply-time,rs-003983-h4lqw,e79ae4d5-0fca-4526-9bb1-d8c5435b2735,2,3623.705534
2026/02/05/11:21:54,running-time,rs-003983-h4lqw,e79ae4d5-0fca-4526-9bb1-d8c5435b2735,2,3623.705534
2026/02/05/11:21:54,apply-time,rs-003983-w468v,3359ee51-6daa-4c03-b912-591bfbd6c324,2,3623.705534
2026/02/05/11:21:54,running-time,rs-003983-w468v,3359ee51-6daa-4c03-b912-591bfbd6c324,2,3623.705534
2026/02/05/11:21:54,apply-time,rs-003985-8gcwv,61725be2-1e3d-488a-a6bd-2b85f1518e36,2,3624.705534
2026/02/05/11:21:54,running-time,rs-003985-8gcwv,61725be2-1e3d-488a-a6bd-2b85f1518e36,2,3624.705534
2026/02/05/11:21:54,apply-time,rs-003985-mrnzp,fa980b61-3399-4f61-8e59-682a30d00575,2,3623.705534
2026/02/05/11:21:54,running-time,rs-003985-mrnzp,fa980b61-3399-4f61-8e59-682a30d00575,2,3623.705534
2026/02/05/11:21:54,apply-time,rs-003985-r5cl9,2626d08a-bb25-44e2-a4b9-b7ab6f498042,2,3623.705534
2026/02/05/11:21:54,running-time,rs-003985-r5cl9,2626d08a-bb25-44e2-a4b9-b7ab6f498042,2,3624.705534
2026/02/05/11:21:54,apply-time,rs-003986-s5ghr,a5639989-4e90-4577-ae10-4a695693e744,4,3624.705534
2026/02/05/11:21:56,apply-time,rs-003984-n985x,c06cd31c-58dd-4f57-ae8a-a32d315d49c0,3,3624.705534
2026/02/05/11:21:56,running-time,rs-003984-n985x,c06cd31c-58dd-4f57-ae8a-a32d315d49c0,3,3624.705534
2026/02/05/11:21:56,apply-time,rs-003986-5v4rd,902f75a8-6d18-479f-add8-5552bfa394e8,4,3624.705534
2026/02/05/11:21:56,running-time,rs-003986-5v4rd,902f75a8-6d18-479f-add8-5552bfa394e8,4,3624.705534
2026/02/05/11:21:56,apply-time,rs-003986-qhdz9,c7eae3b2-9903-44b9-930a-167520e66786,4,3624.705534
2026/02/05/11:21:56,running-time,rs-003986-qhdz9,c7eae3b2-9903-44b9-930a-167520e66786,4,3624.705534
2026/02/05/11:21:56,running-time,rs-003986-s5ghr,a5639989-4e90-4577-ae10-4a695693e744,4,3624.705534
2026/02/05/11:22:00,apply-time,rs-003987-9mrsj,c07f2076-ca93-4a35-86df-151478b9c782,1,3628.705534
2026/02/05/11:22:00,running-time,rs-003987-9mrsj,c07f2076-ca93-4a35-86df-151478b9c782,1,3628.705534
2026/02/05/11:22:00,apply-time,rs-003987-kqnp7,2a61227d-acf0-425b-8b25-7153fc487e6a,1,3628.705534
2026/02/05/11:22:00,running-time,rs-003987-kqnp7,2a61227d-acf0-425b-8b25-7153fc487e6a,1,3628.705534
2026/02/05/11:22:00,apply-time,rs-003987-whdnl,4896026b-4a33-47f0-b302-7e60507c2e23,1,3628.705534
2026/02/05/11:22:00,running-time,rs-003987-whdnl,4896026b-4a33-47f0-b302-7e60507c2e23,1,3628.705534
2026/02/05/11:22:00,apply-time,rs-003988-6fhcb,7687bfcc-5eda-4d7f-a179-e0406f25beb0,2,3628.705534
2026/02/05/11:22:00,running-time,rs-003988-6fhcb,7687bfcc-5eda-4d7f-a179-e0406f25beb0,2,3628.705534
2026/02/05/11:22:00,apply-time,rs-003988-fvc44,7d44568c-0134-4f3c-87c3-aed8c12a16d2,2,3628.705534
2026/02/05/11:22:00,running-time,rs-003988-fvc44,7d44568c-0134-4f3c-87c3-aed8c12a16d2,2,3628.705534
2026/02/05/11:22:00,apply-time,rs-003988-lcvbg,c2430767-3e8b-4a3c-bef2-b3a7c811c76d,2,3628.705534
2026/02/05/11:22:00,running-time,rs-003988-lcvbg,c2430767-3e8b-4a3c-bef2-b3a7c811c76d,2,3628.705534
2026/02/05/11:22:00,apply-time,rs-003989-7gjhn,70a9a294-cc47-49bd-a651-a31ed0c00e75,1,3628.705534
2026/02/05/11:22:00,running-time,rs-003989-7gjhn,70a9a294-cc47-49bd-a651-a31ed0c00e75,1,3629.705534
2026/02/05/11:22:00,apply-time,rs-003989-ggg8n,3b72d5dc-64be-4e9c-b9e1-e2b00cf0203c,1,3628.705534
2026/02/05/11:22:00,running-time,rs-003989-ggg8n,3b72d5dc-64be-4e9c-b9e1-e2b00cf0203c,1,3629.705534
2026/02/05/11:22:00,apply-time,rs-003989-w6cxf,4e0fe4af-25de-4706-891b-9d19c1c536a3,1,3628.705534
2026/02/05/11:22:00,running-time,rs-003989-w6cxf,4e0fe4af-25de-4706-891b-9d19c1c536a3,1,3628.705534
2026/02/05/11:22:00,apply-time,rs-003990-b5jvm,e0729e37-38cd-4d6c-a27e-7133379fcdb3,2,3628.705534
2026/02/05/11:22:00,running-time,rs-003990-b5jvm,e0729e37-38cd-4d6c-a27e-7133379fcdb3,2,3629.705534
2026/02/05/11:22:00,apply-time,rs-003990-fp44c,bf4ecd1e-a517-4c13-900a-0633054786c8,2,3628.705534
2026/02/05/11:22:00,running-time,rs-003990-fp44c,bf4ecd1e-a517-4c13-900a-0633054786c8,2,3628.705534
2026/02/05/11:22:00,apply-time,rs-003990-t29qp,972eca2c-a61c-45e1-b8d5-2fa725761f74,2,3628.705534
2026/02/05/11:22:00,running-time,rs-003990-t29qp,972eca2c-a61c-45e1-b8d5-2fa725761f74,2,3629.705534
2026/02/05/11:22:01,apply-time,rs-003991-d9ltl,1be0c75f-d549-4c22-965a-2b1acf912fa7,3,3629.705534
2026/02/05/11:22:01,running-time,rs-003991-d9ltl,1be0c75f-d549-4c22-965a-2b1acf912fa7,3,3629.705534
2026/02/05/11:22:01,apply-time,rs-003991-ghkdk,f6dea2bd-d639-4dd4-81cc-93506af48b9c,3,3629.705534
2026/02/05/11:22:01,running-time,rs-003991-ghkdk,f6dea2bd-d639-4dd4-81cc-93506af48b9c,3,3629.705534
2026/02/05/11:22:01,apply-time,rs-003991-vjrhn,19c1caf9-c4a0-4a9e-93fa-7e82d4bf3d4b,3,3629.705534
2026/02/05/11:22:01,apply-time,rs-003992-6slk4,b09535d3-e1c3-46bb-a0e9-b7ce55c6774a,1,3629.705534
2026/02/05/11:22:01,running-time,rs-003992-6slk4,b09535d3-e1c3-46bb-a0e9-b7ce55c6774a,1,3629.705534
2026/02/05/11:22:01,apply-time,rs-003992-j9kk5,4f8f74ea-45ff-4e7f-84d3-2c4c58c65384,1,3629.705534
2026/02/05/11:22:01,running-time,rs-003992-j9kk5,4f8f74ea-45ff-4e7f-84d3-2c4c58c65384,1,3629.705534
2026/02/05/11:22:01,apply-time,rs-003993-fk872,8b2e263c-aa4f-4e22-ac56-84ce235fb430,2,3629.705534
2026/02/05/11:22:01,running-time,rs-003993-fk872,8b2e263c-aa4f-4e22-ac56-84ce235fb430,2,3629.705534
2026/02/05/11:22:01,apply-time,rs-003994-hmk5s,f563b22b-c834-40d8-8953-7bdbd9e2b65c,4,3629.705534
2026/02/05/11:22:01,running-time,rs-003994-hmk5s,f563b22b-c834-40d8-8953-7bdbd9e2b65c,4,3629.705534
2026/02/05/11:22:02,running-time,rs-003991-vjrhn,19c1caf9-c4a0-4a9e-93fa-7e82d4bf3d4b,3,3630.705534
2026/02/05/11:22:04,apply-time,rs-003995-bqm7g,af89425d-5287-47a0-9c12-15c69ac027de,2,3632.705534
2026/02/05/11:22:04,running-time,rs-003995-bqm7g,af89425d-5287-47a0-9c12-15c69ac027de,2,3632.705534
2026/02/05/11:22:04,apply-time,rs-003995-wpch6,2e881ac4-95ae-4173-8cad-de7c628acfdd,2,3632.705534
2026/02/05/11:22:04,running-time,rs-003995-wpch6,2e881ac4-95ae-4173-8cad-de7c628acfdd,2,3632.705534
2026/02/05/11:22:04,apply-time,rs-003996-hcqcp,cfbe5dad-ffe4-4199-a52e-546488b79186,2,3632.705534
2026/02/05/11:22:04,running-time,rs-003996-hcqcp,cfbe5dad-ffe4-4199-a52e-546488b79186,2,3632.705534
2026/02/05/11:22:05,apply-time,rs-003997-kp45q,0054d438-d96a-4bcf-bf12-9389fb5ac8b9,1,3633.705534
2026/02/05/11:22:05,running-time,rs-003997-kp45q,0054d438-d96a-4bcf-bf12-9389fb5ac8b9,1,3633.705534
2026/02/05/11:22:05,apply-time,rs-003998-6mdt9,ca736d3e-b2d1-4737-9c34-63c5b03f74fc,1,3633.705534
2026/02/05/11:22:05,running-time,rs-003998-6mdt9,ca736d3e-b2d1-4737-9c34-63c5b03f74fc,1,3633.705534
2026/02/05/11:22:05,apply-time,rs-003999-5qk7l,75702c38-0def-46b0-8332-428208e2dafb,3,3633.705534
2026/02/05/11:22:05,running-time,rs-003999-5qk7l,75702c38-0def-46b0-8332-428208e2dafb,3,3633.705534
2026/02/05/11:22:05,apply-time,rs-004000-gmvlp,fe61078d-c68f-4cf1-a1eb-28b45b63f037,3,3633.705534
2026/02/05/11:22:05,apply-time,rs-004000-lwl72,0baacfde-0cc3-45eb-b5b9-c757cf00849b,3,3633.705534
2026/02/05/11:22:05,apply-time,rs-004001-cpv5r,a1fd909d-a758-43b0-a9e3-6a76d14d075f,2,3633.705534
2026/02/05/11:22:05,running-time,rs-004001-cpv5r,a1fd909d-a758-43b0-a9e3-6a76d14d075f,2,3633.705534
2026/02/05/11:22:05,apply-time,rs-004002-5vbrw,301d1622-df3a-4ec8-ac32-370739ebcddb,1,3633.705534
2026/02/05/11:22:05,apply-time,rs-004002-hlf9h,462b62d8-d569-462b-819d-c6fc57d21376,1,3633.705534
2026/02/05/11:22:05,apply-time,rs-004003-dpqnl,53a34480-3eaa-4fe3-9a7f-d161164fb292,2,3633.705534
2026/02/05/11:22:05,running-time,rs-004003-dpqnl,53a34480-3eaa-4fe3-9a7f-d161164fb292,2,3634.705534
2026/02/05/11:22:05,apply-time,rs-004003-pxmx4,d3810417-dbab-4c52-ad61-1019ae349f24,2,3633.705534
2026/02/05/11:22:05,running-time,rs-004003-pxmx4,d3810417-dbab-4c52-ad61-1019ae349f24,2,3634.705534
2026/02/05/11:22:05,apply-time,rs-004003-s9k4z,0e90cf82-802a-475f-a71d-3fc31da9ffbb,2,3633.705534
2026/02/05/11:22:05,running-time,rs-004003-s9k4z,0e90cf82-802a-475f-a71d-3fc31da9ffbb,2,3633.705534
2026/02/05/11:22:05,apply-time,rs-004004-s8ggc,0e23a062-84c5-4aef-a4a8-231331b24d74,1,3633.705534
2026/02/05/11:22:05,running-time,rs-004004-s8ggc,0e23a062-84c5-4aef-a4a8-231331b24d74,1,3633.705534
2026/02/05/11:22:05,apply-time,rs-004004-wktnc,71b355d4-c4ec-4b7c-a1c1-a999029e868d,1,3634.705534
2026/02/05/11:22:05,running-time,rs-004004-wktnc,71b355d4-c4ec-4b7c-a1c1-a999029e868d,1,3634.705534
2026/02/05/11:22:06,running-time,rs-004000-gmvlp,fe61078d-c68f-4cf1-a1eb-28b45b63f037,3,3634.705534
2026/02/05/11:22:06,running-time,rs-004000-lwl72,0baacfde-0cc3-45eb-b5b9-c757cf00849b,3,3634.705534
2026/02/05/11:22:06,running-time,rs-004002-5vbrw,301d1622-df3a-4ec8-ac32-370739ebcddb,1,3634.705534
2026/02/05/11:22:06,apply-time,rs-004005-7pdcs,67f86558-6358-45a1-94b9-cb47ab592a4a,1,3634.705534
2026/02/05/11:22:06,running-time,rs-004005-7pdcs,67f86558-6358-45a1-94b9-cb47ab592a4a,1,3634.705534
2026/02/05/11:22:06,apply-time,rs-004005-8k2hk,8dd4b580-1a64-4f56-b6d1-d6d90219b9c6,1,3634.705534
2026/02/05/11:22:06,running-time,rs-004005-8k2hk,8dd4b580-1a64-4f56-b6d1-d6d90219b9c6,1,3634.705534
2026/02/05/11:22:06,apply-time,rs-004005-qjvcv,e2d993c1-7b74-442b-91c1-7087ad75239d,1,3634.705534
2026/02/05/11:22:06,running-time,rs-004005-qjvcv,e2d993c1-7b74-442b-91c1-7087ad75239d,1,3634.705534
2026/02/05/11:22:06,apply-time,rs-004006-tjwcc,fa8e8f67-0466-4763-8a5c-0735c51c8652,1,3635.705534
2026/02/05/11:22:06,running-time,rs-004006-tjwcc,fa8e8f67-0466-4763-8a5c-0735c51c8652,1,3635.705534
2026/02/05/11:22:07,running-time,rs-004002-hlf9h,462b62d8-d569-462b-819d-c6fc57d21376,1,3635.705534
2026/02/05/11:22:18,apply-time,rs-004007-z68sb,27729ecf-a93a-419d-a41a-300e0e85fbdf,1,3646.705534
2026/02/05/11:22:18,running-time,rs-004007-z68sb,27729ecf-a93a-419d-a41a-300e0e85fbdf,1,3646.705534
2026/02/05/11:22:18,apply-time,rs-004008-7kmg7,69816e33-5100-4a1e-8fe2-65eb834f5847,4,3646.705534
2026/02/05/11:22:18,running-time,rs-004008-7kmg7,69816e33-5100-4a1e-8fe2-65eb834f5847,4,3646.705534
2026/02/05/11:22:18,apply-time,rs-004008-sd5km,9893164a-b3c2-4fb0-949d-58f9233ce1ee,4,3646.705534
2026/02/05/11:22:18,running-time,rs-004008-sd5km,9893164a-b3c2-4fb0-949d-58f9233ce1ee,4,3646.705534
2026/02/05/11:22:18,apply-time,rs-004008-t6w5c,7cee829d-c0b0-4f5f-b925-b6e401c44046,4,3646.705534
2026/02/05/11:22:18,running-time,rs-004008-t6w5c,7cee829d-c0b0-4f5f-b925-b6e401c44046,4,3646.705534
2026/02/05/11:22:18,apply-time,rs-004009-j6hbz,4c0f6772-b8ac-49b3-94cd-c8efe192ec92,4,3646.705534
2026/02/05/11:22:18,running-time,rs-004009-j6hbz,4c0f6772-b8ac-49b3-94cd-c8efe192ec92,4,3646.705534
2026/02/05/11:22:26,apply-time,rs-004010-74d94,85a85794-7646-4d32-b542-1ae7cfe48194,1,3654.705534
2026/02/05/11:22:26,running-time,rs-004010-74d94,85a85794-7646-4d32-b542-1ae7cfe48194,1,3654.705534
2026/02/05/11:22:26,apply-time,rs-004010-c862v,6ae57bb5-fe01-45aa-b151-8fd96010a2eb,1,3654.705534
2026/02/05/11:22:26,running-time,rs-004010-c862v,6ae57bb5-fe01-45aa-b151-8fd96010a2eb,1,3654.705534
2026/02/05/11:22:26,apply-time,rs-004010-lhntz,ab8a5cde-35e6-429c-8028-a64206d88b79,1,3654.705534
2026/02/05/11:22:26,running-time,rs-004010-lhntz,ab8a5cde-35e6-429c-8028-a64206d88b79,1,3654.705534
2026/02/05/11:22:26,apply-time,rs-004011-6t9v6,cb1e53da-763a-4a04-860b-8f3712697361,2,3654.705534
2026/02/05/11:22:26,running-time,rs-004011-6t9v6,cb1e53da-763a-4a04-860b-8f3712697361,2,3655.705534
2026/02/05/11:22:26,apply-time,rs-004012-bp5kv,e18cc651-396c-42cd-b987-506bf89675b6,2,3654.705534
2026/02/05/11:22:26,running-time,rs-004012-bp5kv,e18cc651-396c-42cd-b987-506bf89675b6,2,3655.705534
2026/02/05/11:22:26,apply-time,rs-004013-6dzlm,47e45d23-16a5-464b-9897-a54cfe2b4f9f,1,3654.705534
2026/02/05/11:22:26,running-time,rs-004013-6dzlm,47e45d23-16a5-464b-9897-a54cfe2b4f9f,1,3655.705534
2026/02/05/11:22:27,apply-time,rs-004014-fgp2l,839a97dd-d06c-47f4-82f2-1466495e1c41,2,3655.705534
2026/02/05/11:22:27,running-time,rs-004014-fgp2l,839a97dd-d06c-47f4-82f2-1466495e1c41,2,3655.705534
2026/02/05/11:22:37,apply-time,rs-004015-d9dgj,83e7ae93-d5d0-4535-acf3-649eab0485e8,3,3665.705534
2026/02/05/11:22:37,running-time,rs-004015-d9dgj,83e7ae93-d5d0-4535-acf3-649eab0485e8,3,3665.705534
2026/02/05/11:22:37,apply-time,rs-004015-tzmw2,9d7bd780-2998-4e22-a74a-27778c4c3e91,3,3665.705534
2026/02/05/11:22:37,running-time,rs-004015-tzmw2,9d7bd780-2998-4e22-a74a-27778c4c3e91,3,3666.705534
2026/02/05/11:22:38,apply-time,rs-004016-t2p8c,251f9cfe-f9dd-4321-9322-77debbdd6cea,3,3666.705534
2026/02/05/11:22:38,running-time,rs-004016-t2p8c,251f9cfe-f9dd-4321-9322-77debbdd6cea,3,3666.705534
2026/02/05/11:22:38,apply-time,rs-004016-tmrkc,5b27060f-9d5e-44c5-b9e2-d8b617368a62,3,3666.705534
2026/02/05/11:22:38,running-time,rs-004016-tmrkc,5b27060f-9d5e-44c5-b9e2-d8b617368a62,3,3666.705534
2026/02/05/11:22:38,apply-time,rs-004017-tccd2,fa53d7aa-4715-4a64-861a-a614aab64fe7,2,3666.705534
2026/02/05/11:22:38,running-time,rs-004017-tccd2,fa53d7aa-4715-4a64-861a-a614aab64fe7,2,3666.705534
2026/02/05/11:22:38,apply-time,rs-004018-5h5fx,d1f1e998-1b8f-44f5-a954-fe5eda7ce8dd,1,3667.705534
2026/02/05/11:22:38,running-time,rs-004018-5h5fx,d1f1e998-1b8f-44f5-a954-fe5eda7ce8dd,1,3667.705534
2026/02/05/11:22:38,apply-time,rs-004018-fdtzk,51037ecc-a5b1-4fec-be3f-534d87fc0413,1,3667.705534
2026/02/05/11:22:38,running-time,rs-004018-fdtzk,51037ecc-a5b1-4fec-be3f-534d87fc0413,1,3667.705534
2026/02/05/11:22:38,apply-time,rs-004019-4kxhp,7bd8a9a7-7349-4703-8f70-0d30f906e887,1,3667.705534
2026/02/05/11:22:38,running-time,rs-004019-4kxhp,7bd8a9a7-7349-4703-8f70-0d30f906e887,1,3667.705534
2026/02/05/11:22:38,apply-time,rs-004019-7v7kz,7396926d-595f-4ba6-96dd-a5c4fce54fd1,1,3667.705534
2026/02/05/11:22:38,running-time,rs-004019-7v7kz,7396926d-595f-4ba6-96dd-a5c4fce54fd1,1,3667.705534
2026/02/05/11:22:38,apply-time,rs-004019-g4phr,da48d342-a756-4a94-8086-3929cec61983,1,3667.705534
2026/02/05/11:22:38,running-time,rs-004019-g4phr,da48d342-a756-4a94-8086-3929cec61983,1,3667.705534
2026/02/05/11:22:38,apply-time,rs-004020-gdjwx,3897352e-86a4-4fd3-9afe-f00e7430751e,4,3667.705534
2026/02/05/11:22:38,running-time,rs-004020-gdjwx,3897352e-86a4-4fd3-9afe-f00e7430751e,4,3667.705534
2026/02/05/11:22:38,apply-time,rs-004020-gglv8,a316bee5-d761-4ec4-a87d-7ea76876f041,4,3667.705534
2026/02/05/11:22:38,running-time,rs-004020-gglv8,a316bee5-d761-4ec4-a87d-7ea76876f041,4,3667.705534
2026/02/05/11:22:38,apply-time,rs-004021-8xpgj,8e3f5c78-ccee-472b-9f34-35922b76429e,1,3667.705534
2026/02/05/11:22:38,running-time,rs-004021-8xpgj,8e3f5c78-ccee-472b-9f34-35922b76429e,1,3667.705534
2026/02/05/11:22:38,apply-time,rs-004021-rswwv,7f916c12-ce5c-42b4-aae9-c4204b9ae5be,1,3667.705534
2026/02/05/11:22:38,running-time,rs-004021-rswwv,7f916c12-ce5c-42b4-aae9-c4204b9ae5be,1,3667.705534
2026/02/05/11:22:38,apply-time,rs-004021-tgfp7,d6c97e43-015f-42c5-9e84-a622fe09bd5a,1,3667.705534
2026/02/05/11:22:38,running-time,rs-004021-tgfp7,d6c97e43-015f-42c5-9e84-a622fe09bd5a,1,3667.705534
2026/02/05/11:22:40,apply-time,rs-004022-2hc9c,346e9b13-a28e-481d-949b-87fc5a7b6ff1,1,3668.705534
2026/02/05/11:22:40,running-time,rs-004022-2hc9c,346e9b13-a28e-481d-949b-87fc5a7b6ff1,1,3668.705534
2026/02/05/11:22:55,apply-time,rs-004023-hsfcx,f7664c44-3892-4a1c-8e5e-95bdcd20b615,2,3683.705534
2026/02/05/11:22:55,running-time,rs-004023-hsfcx,f7664c44-3892-4a1c-8e5e-95bdcd20b615,2,3683.705534
2026/02/05/11:22:55,apply-time,rs-004024-6cpk6,82ff4dfe-1e60-48c3-b74a-6aa479cab1fc,2,3683.705534
2026/02/05/11:22:55,running-time,rs-004024-6cpk6,82ff4dfe-1e60-48c3-b74a-6aa479cab1fc,2,3683.705534
2026/02/05/11:22:55,apply-time,rs-004024-q4xdq,7c3d5a93-0d46-4c1f-8c00-8eccfd96ff71,2,3683.705534
2026/02/05/11:22:55,running-time,rs-004024-q4xdq,7c3d5a93-0d46-4c1f-8c00-8eccfd96ff71,2,3683.705534
2026/02/05/11:22:55,apply-time,rs-004024-tkmd7,89e18dce-589d-468f-bbd2-522044708f4b,2,3683.705534
2026/02/05/11:22:55,running-time,rs-004024-tkmd7,89e18dce-589d-468f-bbd2-522044708f4b,2,3683.705534
2026/02/05/11:22:55,apply-time,rs-004025-vwv7b,031eaaea-df4e-4489-85d1-a374c780c252,4,3683.705534
2026/02/05/11:22:55,running-time,rs-004025-vwv7b,031eaaea-df4e-4489-85d1-a374c780c252,4,3683.705534
2026/02/05/11:22:55,apply-time,rs-004025-wcgtb,acf6c6a2-32f4-428e-853c-8f9d442567de,4,3683.705534
2026/02/05/11:22:55,running-time,rs-004025-wcgtb,acf6c6a2-32f4-428e-853c-8f9d442567de,4,3683.705534
2026/02/05/11:22:55,apply-time,rs-004025-xzrkz,4b0263ee-1863-4433-827a-6b9b9783993b,4,3683.705534
2026/02/05/11:22:55,running-time,rs-004025-xzrkz,4b0263ee-1863-4433-827a-6b9b9783993b,4,3683.705534
2026/02/05/11:22:55,apply-time,rs-004026-44gck,70b5f06f-9372-4c56-9a8f-542737614f1d,1,3683.705534
2026/02/05/11:22:55,running-time,rs-004026-44gck,70b5f06f-9372-4c56-9a8f-542737614f1d,1,3683.705534
2026/02/05/11:22:55,apply-time,rs-004026-kc77z,4919cd09-77b3-4a11-9537-676bcd8b4f7b,1,3683.705534
2026/02/05/11:22:55,running-time,rs-004026-kc77z,4919cd09-77b3-4a11-9537-676bcd8b4f7b,1,3683.705534
2026/02/05/11:22:55,apply-time,rs-004026-rghwh,509b7581-6a1f-4482-8112-6db5bfcb03c7,1,3683.705534
2026/02/05/11:22:55,running-time,rs-004026-rghwh,509b7581-6a1f-4482-8112-6db5bfcb03c7,1,3683.705534
2026/02/05/11:22:55,apply-time,rs-004027-5qpbs,fd6a9259-aa81-4d33-951a-f0f44988dcfa,4,3683.705534
2026/02/05/11:22:55,running-time,rs-004027-5qpbs,fd6a9259-aa81-4d33-951a-f0f44988dcfa,4,3683.705534
2026/02/05/11:22:57,apply-time,rs-004028-56smr,aaa2159d-1934-4c50-bdd9-06efe2af785a,4,3685.705534
2026/02/05/11:22:57,running-time,rs-004028-56smr,aaa2159d-1934-4c50-bdd9-06efe2af785a,4,3685.705534
2026/02/05/11:22:57,apply-time,rs-004028-brzz8,de46f007-5824-49ea-b719-6566cb8aa73f,4,3685.705534
2026/02/05/11:22:57,running-time,rs-004028-brzz8,de46f007-5824-49ea-b719-6566cb8aa73f,4,3685.705534
2026/02/05/11:22:57,apply-time,rs-004028-t45wf,acb121c7-d5db-4673-a24d-35e8d0c33449,4,3685.705534
2026/02/05/11:22:57,running-time,rs-004028-t45wf,acb121c7-d5db-4673-a24d-35e8d0c33449,4,3685.705534
2026/02/05/11:22:57,apply-time,rs-004029-hw4md,0fb1ebf1-3e51-4164-80dc-1a0afafdc83b,1,3685.705534
2026/02/05/11:22:57,running-time,rs-004029-hw4md,0fb1ebf1-3e51-4164-80dc-1a0afafdc83b,1,3685.705534
2026/02/05/11:22:57,apply-time,rs-004029-tg5qq,07f5d498-f5f8-4d1a-b445-3621ae337994,1,3685.705534
2026/02/05/11:22:57,running-time,rs-004029-tg5qq,07f5d498-f5f8-4d1a-b445-3621ae337994,1,3685.705534
2026/02/05/11:22:57,apply-time,rs-004029-xlvwd,d76259c2-4339-4bf8-a63f-78aabff9fb3b,1,3685.705534
2026/02/05/11:22:57,running-time,rs-004029-xlvwd,d76259c2-4339-4bf8-a63f-78aabff9fb3b,1,3685.705534
2026/02/05/11:22:58,apply-time,rs-004030-g89fj,747d25a5-307f-4bb3-ab86-78cddc2d53e7,3,3686.705534
2026/02/05/11:22:58,running-time,rs-004030-g89fj,747d25a5-307f-4bb3-ab86-78cddc2d53e7,3,3686.705534
2026/02/05/11:22:58,apply-time,rs-004030-hh27m,8679fb60-5877-43cd-a589-96680485f625,3,3686.705534
2026/02/05/11:22:58,running-time,rs-004030-hh27m,8679fb60-5877-43cd-a589-96680485f625,3,3686.705534
2026/02/05/11:22:58,apply-time,rs-004030-n7t7k,ad1a8c74-5201-4c74-9a64-c575762c0dcc,3,3686.705534
2026/02/05/11:22:58,running-time,rs-004030-n7t7k,ad1a8c74-5201-4c74-9a64-c575762c0dcc,3,3686.705534
2026/02/05/11:22:58,apply-time,rs-004031-l825s,b23a343b-1399-4c3e-a8c0-254a44f01c74,4,3686.705534
2026/02/05/11:22:58,running-time,rs-004031-l825s,b23a343b-1399-4c3e-a8c0-254a44f01c74,4,3686.705534
2026/02/05/11:22:58,apply-time,rs-004031-rmlwt,4737d8ee-7ce6-4171-bdac-31be2016ffed,4,3686.705534
2026/02/05/11:23:00,running-time,rs-004031-rmlwt,4737d8ee-7ce6-4171-bdac-31be2016ffed,4,3688.705534
2026/02/05/11:23:07,apply-time,rs-004032-zd445,db276f78-2559-4bc4-b384-db9c49861e7b,2,3695.705534
2026/02/05/11:23:07,running-time,rs-004032-zd445,db276f78-2559-4bc4-b384-db9c49861e7b,2,3695.705534
2026/02/05/11:23:07,apply-time,rs-004033-n2svp,c96dc176-6c32-4313-9af6-d6864198b32c,1,3695.705534
2026/02/05/11:23:07,running-time,rs-004033-n2svp,c96dc176-6c32-4313-9af6-d6864198b32c,1,3695.705534
2026/02/05/11:23:07,apply-time,rs-004034-4pcpn,930376ee-5614-47ce-8346-36126f99e1bb,1,3695.705534
2026/02/05/11:23:07,running-time,rs-004034-4pcpn,930376ee-5614-47ce-8346-36126f99e1bb,1,3696.705534
2026/02/05/11:23:07,apply-time,rs-004034-xxwgw,837a1fbc-1e1d-4366-93ce-b48fe761e0ec,1,3695.705534
2026/02/05/11:23:07,running-time,rs-004034-xxwgw,837a1fbc-1e1d-4366-93ce-b48fe761e0ec,1,3696.705534
2026/02/05/11:23:14,apply-time,rs-004035-d8tw7,b1724c0b-bce1-4ccf-b38b-834853fcf74f,3,3703.705534
2026/02/05/11:23:14,apply-time,rs-004035-k89k5,c60d789f-ee93-403d-99db-4f01ea029077,3,3703.705534
2026/02/05/11:23:15,running-time,rs-004035-d8tw7,b1724c0b-bce1-4ccf-b38b-834853fcf74f,3,3703.705534
2026/02/05/11:23:15,running-time,rs-004035-k89k5,c60d789f-ee93-403d-99db-4f01ea029077,3,3703.705534
2026/02/05/11:23:16,apply-time,rs-004036-hzbhq,969e25a3-b239-43a9-b894-27a5f2c2adbf,1,3704.705534
2026/02/05/11:23:16,running-time,rs-004036-hzbhq,969e25a3-b239-43a9-b894-27a5f2c2adbf,1,3704.705534
2026/02/05/11:23:16,apply-time,rs-004036-mh4h2,0fadd608-7824-4f30-9021-a69168824baa,1,3704.705534
2026/02/05/11:23:16,running-time,rs-004036-mh4h2,0fadd608-7824-4f30-9021-a69168824baa,1,3704.705534
2026/02/05/11:23:16,apply-time,rs-004036-q4ln8,a99fbd64-2efe-4c09-866a-cdecd987cba5,1,3704.705534
2026/02/05/11:23:16,running-time,rs-004036-q4ln8,a99fbd64-2efe-4c09-866a-cdecd987cba5,1,3704.705534
2026/02/05/11:23:17,apply-time,rs-004037-kwfmn,4953828c-db55-4568-a4d1-e0a52991858f,1,3705.705534
2026/02/05/11:23:17,running-time,rs-004037-kwfmn,4953828c-db55-4568-a4d1-e0a52991858f,1,3705.705534
2026/02/05/11:23:17,apply-time,rs-004037-nsgql,83fc13e1-a6d7-4e43-8b07-60d44fbf6760,1,3705.705534
2026/02/05/11:23:17,running-time,rs-004037-nsgql,83fc13e1-a6d7-4e43-8b07-60d44fbf6760,1,3705.705534
2026/02/05/11:23:17,apply-time,rs-004037-xv8fn,a9f73597-3942-4e8d-9705-77ae502a0902,1,3705.705534
2026/02/05/11:23:17,running-time,rs-004037-xv8fn,a9f73597-3942-4e8d-9705-77ae502a0902,1,3705.705534
2026/02/05/11:23:17,apply-time,rs-004038-9r7pv,8324f474-dd73-4d23-bc12-86dbcc785f47,1,3705.705534
2026/02/05/11:23:17,apply-time,rs-004039-4gbtj,b3124203-918b-4f0a-b50c-7f6ac4e0ff06,2,3705.705534
2026/02/05/11:23:17,running-time,rs-004039-4gbtj,b3124203-918b-4f0a-b50c-7f6ac4e0ff06,2,3705.705534
2026/02/05/11:23:17,apply-time,rs-004039-qcqfg,51cb802d-e4c2-4207-8791-1abeaee8f498,2,3705.705534
2026/02/05/11:23:17,running-time,rs-004039-qcqfg,51cb802d-e4c2-4207-8791-1abeaee8f498,2,3705.705534
2026/02/05/11:23:17,apply-time,rs-004040-6klsm,97694be3-2c3e-45f0-8cb1-bf6228ca647f,3,3705.705534
2026/02/05/11:23:17,running-time,rs-004040-6klsm,97694be3-2c3e-45f0-8cb1-bf6228ca647f,3,3705.705534
2026/02/05/11:23:17,apply-time,rs-004040-w2mzp,e99642ef-4894-4388-acc8-268119ee55e0,3,3705.705534
2026/02/05/11:23:17,running-time,rs-004040-w2mzp,e99642ef-4894-4388-acc8-268119ee55e0,3,3705.705534
2026/02/05/11:23:17,apply-time,rs-004041-jx7tw,c8e57928-8b4e-428d-a08a-517ebcce64dd,1,3705.705534
2026/02/05/11:23:17,running-time,rs-004041-jx7tw,c8e57928-8b4e-428d-a08a-517ebcce64dd,1,3705.705534
2026/02/05/11:23:17,apply-time,rs-004041-x5qt7,f9f7bef6-9910-437b-859b-98a566f68033,1,3705.705534
2026/02/05/11:23:17,running-time,rs-004041-x5qt7,f9f7bef6-9910-437b-859b-98a566f68033,1,3705.705534
2026/02/05/11:23:17,apply-time,rs-004042-p75h9,d18051d5-0c94-4f06-ab46-cbda439afb66,1,3705.705534
2026/02/05/11:23:17,running-time,rs-004042-p75h9,d18051d5-0c94-4f06-ab46-cbda439afb66,1,3705.705534
2026/02/05/11:23:17,apply-time,rs-004042-zn7f5,ab295825-6f93-47d2-90d5-c6d18cd2cd04,1,3705.705534
2026/02/05/11:23:17,running-time,rs-004042-zn7f5,ab295825-6f93-47d2-90d5-c6d18cd2cd04,1,3705.705534
2026/02/05/11:23:18,apply-time,rs-004043-46zd7,6e9d37a6-d84a-4117-a6a7-f7e071b0af26,1,3706.705534
2026/02/05/11:23:18,running-time,rs-004043-46zd7,6e9d37a6-d84a-4117-a6a7-f7e071b0af26,1,3706.705534
2026/02/05/11:23:18,apply-time,rs-004043-6hwmj,f4132a60-19bf-48e7-9164-33ceffaab633,1,3706.705534
2026/02/05/11:23:18,running-time,rs-004043-6hwmj,f4132a60-19bf-48e7-9164-33ceffaab633,1,3706.705534
2026/02/05/11:23:18,apply-time,rs-004043-l5p58,a6101da7-dd0b-4167-aa3e-e320fa420854,1,3706.705534
2026/02/05/11:23:18,running-time,rs-004043-l5p58,a6101da7-dd0b-4167-aa3e-e320fa420854,1,3706.705534
2026/02/05/11:23:18,apply-time,rs-004044-7f6b5,f2db325d-8e17-4e5e-9e93-899126c1b140,2,3706.705534
2026/02/05/11:23:18,running-time,rs-004044-7f6b5,f2db325d-8e17-4e5e-9e93-899126c1b140,2,3706.705534
2026/02/05/11:23:18,apply-time,rs-004045-2wlb6,f24d5ce5-83f8-460d-abfb-f157b77a3931,4,3706.705534
2026/02/05/11:23:18,running-time,rs-004045-2wlb6,f24d5ce5-83f8-460d-abfb-f157b77a3931,4,3706.705534
2026/02/05/11:23:18,apply-time,rs-004045-mz6sg,eee28046-52c7-463b-aba7-4b25a733ee70,4,3706.705534
2026/02/05/11:23:18,running-time,rs-004045-mz6sg,eee28046-52c7-463b-aba7-4b25a733ee70,4,3706.705534
2026/02/05/11:23:18,apply-time,rs-004045-v75p9,f1c66959-73db-42e2-8c18-b291a4509bd3,4,3706.705534
2026/02/05/11:23:18,running-time,rs-004045-v75p9,f1c66959-73db-42e2-8c18-b291a4509bd3,4,3706.705534
2026/02/05/11:23:19,apply-time,rs-004046-lzjzv,672ed1ff-b23d-4fb3-a1d9-25fcd089917b,1,3707.705534
2026/02/05/11:23:19,apply-time,rs-004046-vhzjd,38e19be2-d044-4c11-bfb6-91339ee64ab1,1,3707.705534
2026/02/05/11:23:19,apply-time,rs-004047-xqx9z,1310226d-509c-4098-be12-486e8c91261a,3,3707.705534
2026/02/05/11:23:19,running-time,rs-004047-xqx9z,1310226d-509c-4098-be12-486e8c91261a,3,3707.705534
2026/02/05/11:23:19,apply-time,rs-004048-hk8p5,7a49e51c-f3b4-425b-888a-2ae001b80cfa,3,3707.705534
2026/02/05/11:23:19,running-time,rs-004048-hk8p5,7a49e51c-f3b4-425b-888a-2ae001b80cfa,3,3707.705534
2026/02/05/11:23:19,apply-time,rs-004048-x5xxb,2d2e3135-5b72-473f-bbfc-67d8538db202,3,3707.705534
2026/02/05/11:23:19,running-time,rs-004048-x5xxb,2d2e3135-5b72-473f-bbfc-67d8538db202,3,3707.705534
2026/02/05/11:23:20,running-time,rs-004046-lzjzv,672ed1ff-b23d-4fb3-a1d9-25fcd089917b,1,3708.705534
2026/02/05/11:23:20,running-time,rs-004046-vhzjd,38e19be2-d044-4c11-bfb6-91339ee64ab1,1,3709.705534
2026/02/05/11:23:23,running-time,rs-004038-9r7pv,8324f474-dd73-4d23-bc12-86dbcc785f47,1,3711.705534
2026/02/05/11:23:32,apply-time,rs-004049-27gzl,0192bca1-93cb-4f4b-ab95-d162a4997f02,2,3720.705534
2026/02/05/11:23:32,running-time,rs-004049-27gzl,0192bca1-93cb-4f4b-ab95-d162a4997f02,2,3720.705534
2026/02/05/11:23:32,apply-time,rs-004050-wxgp5,e54c5a17-065b-4251-8609-79141661974d,3,3720.705534
2026/02/05/11:23:32,running-time,rs-004050-wxgp5,e54c5a17-065b-4251-8609-79141661974d,3,3720.705534
2026/02/05/11:23:38,apply-time,rs-004051-c4fds,9a10f111-10f5-407a-a5ba-071655863a01,4,3726.705534
2026/02/05/11:23:38,running-time,rs-004051-c4fds,9a10f111-10f5-407a-a5ba-071655863a01,4,3726.705534
2026/02/05/11:23:38,apply-time,rs-004051-q5zdn,e6cdff5d-1f1f-47dd-8720-2b805236945a,4,3726.705534
2026/02/05/11:23:38,running-time,rs-004051-q5zdn,e6cdff5d-1f1f-47dd-8720-2b805236945a,4,3726.705534
2026/02/05/11:23:43,apply-time,rs-004052-574jg,abc86b40-38ac-408e-bd2c-27a8e24135de,1,3732.705534
2026/02/05/11:23:43,running-time,rs-004052-574jg,abc86b40-38ac-408e-bd2c-27a8e24135de,1,3732.705534
2026/02/05/11:23:43,apply-time,rs-004052-v59hj,08c794be-9248-42b3-aa10-4c3e31fc6432,1,3732.705534
2026/02/05/11:23:43,running-time,rs-004052-v59hj,08c794be-9248-42b3-aa10-4c3e31fc6432,1,3732.705534
2026/02/05/11:23:43,apply-time,rs-004053-7hn4x,94f889dd-a608-4e6a-955b-a200919d4c26,2,3732.705534
2026/02/05/11:23:43,running-time,rs-004053-7hn4x,94f889dd-a608-4e6a-955b-a200919d4c26,2,3732.705534
2026/02/05/11:23:43,apply-time,rs-004053-bkpgt,778085e9-718d-4561-a17f-80babc0aaf8a,2,3732.705534
2026/02/05/11:23:43,running-time,rs-004053-bkpgt,778085e9-718d-4561-a17f-80babc0aaf8a,2,3732.705534
2026/02/05/11:23:43,apply-time,rs-004054-nbg9s,526255f9-b6af-448f-abb5-1ce762dac20f,4,3732.705534
2026/02/05/11:23:43,running-time,rs-004054-nbg9s,526255f9-b6af-448f-abb5-1ce762dac20f,4,3732.705534
2026/02/05/11:23:43,apply-time,rs-004055-548h2,e351357a-bfa3-4d82-8db6-841c396ea2fc,3,3732.705534
2026/02/05/11:23:43,running-time,rs-004055-548h2,e351357a-bfa3-4d82-8db6-841c396ea2fc,3,3732.705534
2026/02/05/11:23:43,apply-time,rs-004055-79pc5,e48e3ab4-c3a1-4ce5-9d67-767dbc109f3a,3,3732.705534
2026/02/05/11:23:43,running-time,rs-004055-79pc5,e48e3ab4-c3a1-4ce5-9d67-767dbc109f3a,3,3732.705534
2026/02/05/11:23:43,apply-time,rs-004055-848tr,13691309-d589-47dd-9568-ef5e32503646,3,3732.705534
2026/02/05/11:23:43,running-time,rs-004055-848tr,13691309-d589-47dd-9568-ef5e32503646,3,3732.705534
2026/02/05/11:23:43,apply-time,rs-004056-5rlxp,78508cba-7707-4408-a1ee-1348a6525bb5,2,3732.705534
2026/02/05/11:23:43,running-time,rs-004056-5rlxp,78508cba-7707-4408-a1ee-1348a6525bb5,2,3732.705534
2026/02/05/11:23:43,apply-time,rs-004056-q5v6z,f8cddfd0-5d4e-4e78-8d68-5ac749856da8,2,3732.705534
2026/02/05/11:23:43,running-time,rs-004056-q5v6z,f8cddfd0-5d4e-4e78-8d68-5ac749856da8,2,3732.705534
2026/02/05/11:23:44,apply-time,rs-004057-czb6x,7265aac7-37f0-443f-865c-c941f4b6a3f2,1,3732.705534
2026/02/05/11:23:44,running-time,rs-004057-czb6x,7265aac7-37f0-443f-865c-c941f4b6a3f2,1,3732.705534
2026/02/05/11:23:44,apply-time,rs-004058-hp8n9,543a341e-8253-4297-ac46-524f3d7b046a,2,3732.705534
2026/02/05/11:23:44,running-time,rs-004058-hp8n9,543a341e-8253-4297-ac46-524f3d7b046a,2,3732.705534
2026/02/05/11:23:44,apply-time,rs-004058-m7t9t,2dec330b-44ab-43e2-80d5-91cb950d70a5,2,3733.705534
2026/02/05/11:23:44,apply-time,rs-004058-qnpjz,acd4e2c7-9954-4af8-8daf-66360cec36b4,2,3732.705534
2026/02/05/11:23:44,running-time,rs-004058-qnpjz,acd4e2c7-9954-4af8-8daf-66360cec36b4,2,3732.705534
2026/02/05/11:23:44,apply-time,rs-004059-tzr6s,ee620b9d-6fb4-4b03-bd59-8928e5a99f95,1,3732.705534
2026/02/05/11:23:44,running-time,rs-004059-tzr6s,ee620b9d-6fb4-4b03-bd59-8928e5a99f95,1,3732.705534
2026/02/05/11:23:44,apply-time,rs-004060-n978z,5b2ec8ec-9bd2-4be7-baf8-d5953b7acb25,1,3733.705534
2026/02/05/11:23:44,running-time,rs-004060-n978z,5b2ec8ec-9bd2-4be7-baf8-d5953b7acb25,1,3733.705534
2026/02/05/11:23:44,apply-time,rs-004061-j4kng,73a0845f-b5ff-4b03-a55c-28374a8c6d0e,1,3733.705534
2026/02/05/11:23:45,apply-time,rs-004057-5q9gd,71692503-db28-49ad-a24e-712815aec8e8,1,3733.705534
2026/02/05/11:23:45,running-time,rs-004057-5q9gd,71692503-db28-49ad-a24e-712815aec8e8,1,3733.705534
2026/02/05/11:23:45,running-time,rs-004058-m7t9t,2dec330b-44ab-43e2-80d5-91cb950d70a5,2,3733.705534
2026/02/05/11:23:45,apply-time,rs-004060-5hkdb,663280a6-570c-4f6c-af48-1711dd6df5f9,1,3733.705534
2026/02/05/11:23:45,running-time,rs-004060-5hkdb,663280a6-570c-4f6c-af48-1711dd6df5f9,1,3733.705534
2026/02/05/11:23:45,apply-time,rs-004061-bh9m8,1f153a40-672a-4936-87ed-40752bceb200,1,3733.705534
2026/02/05/11:23:45,apply-time,rs-004062-c7qsf,c4eb6b3c-2b09-46ca-91a0-05a3d7ecb349,3,3733.705534
2026/02/05/11:23:45,running-time,rs-004062-c7qsf,c4eb6b3c-2b09-46ca-91a0-05a3d7ecb349,3,3733.705534
2026/02/05/11:23:45,apply-time,rs-004062-chhd6,c498d336-c2a0-48d2-9243-f2abb138c436,3,3733.705534
2026/02/05/11:23:45,running-time,rs-004062-chhd6,c498d336-c2a0-48d2-9243-f2abb138c436,3,3733.705534
2026/02/05/11:23:45,apply-time,rs-004062-kp2pm,518e1a27-80d7-4852-938c-2487786ac171,3,3733.705534
2026/02/05/11:23:45,running-time,rs-004062-kp2pm,518e1a27-80d7-4852-938c-2487786ac171,3,3733.705534
2026/02/05/11:23:45,apply-time,rs-004063-przdq,6e97b8cb-a768-4361-ab8d-713150b8e2d4,4,3733.705534
2026/02/05/11:23:45,running-time,rs-004063-przdq,6e97b8cb-a768-4361-ab8d-713150b8e2d4,4,3733.705534
2026/02/05/11:23:46,running-time,rs-004061-bh9m8,1f153a40-672a-4936-87ed-40752bceb200,1,3734.705534
2026/02/05/11:23:46,running-time,rs-004061-j4kng,73a0845f-b5ff-4b03-a55c-28374a8c6d0e,1,3734.705534
2026/02/05/11:23:48,apply-time,rs-004064-52gn6,01d222cc-cbfc-49b2-82b9-a06b0b6e1d35,2,3736.705534
2026/02/05/11:23:48,running-time,rs-004064-52gn6,01d222cc-cbfc-49b2-82b9-a06b0b6e1d35,2,3736.705534
2026/02/05/11:23:48,apply-time,rs-004064-8pffz,00d80a63-4832-471a-8895-247689959d79,2,3736.705534
2026/02/05/11:23:48,running-time,rs-004064-8pffz,00d80a63-4832-471a-8895-247689959d79,2,3736.705534
2026/02/05/11:23:48,apply-time,rs-004064-lphm7,d4ac74aa-c2b0-473e-8b96-8daf9bc5fb0f,2,3736.705534
2026/02/05/11:23:48,running-time,rs-004064-lphm7,d4ac74aa-c2b0-473e-8b96-8daf9bc5fb0f,2,3736.705534
2026/02/05/11:23:48,apply-time,rs-004065-d9xms,c20be152-6141-482d-a0fa-4dae4184a1f8,3,3736.705534
2026/02/05/11:23:48,running-time,rs-004065-d9xms,c20be152-6141-482d-a0fa-4dae4184a1f8,3,3736.705534
2026/02/05/11:23:48,apply-time,rs-004065-kr7fz,2f414bb9-c084-4428-8d57-b0087ab6c84a,3,3736.705534
2026/02/05/11:23:48,running-time,rs-004065-kr7fz,2f414bb9-c084-4428-8d57-b0087ab6c84a,3,3736.705534
2026/02/05/11:23:48,apply-time,rs-004066-mglv7,e6e3f1c9-a715-40c3-9e7d-4ab1bbae5c9d,4,3736.705534
2026/02/05/11:23:48,running-time,rs-004066-mglv7,e6e3f1c9-a715-40c3-9e7d-4ab1bbae5c9d,4,3736.705534
2026/02/05/11:23:48,apply-time,rs-004066-td8h5,c336604a-7c1f-4813-93cb-357b3b9bdbe0,4,3736.705534
2026/02/05/11:23:48,running-time,rs-004066-td8h5,c336604a-7c1f-4813-93cb-357b3b9bdbe0,4,3736.705534
2026/02/05/11:23:48,apply-time,rs-004066-ttppw,de2c3853-0699-49f0-8602-b42370ce8ab7,4,3736.705534
2026/02/05/11:23:48,running-time,rs-004066-ttppw,de2c3853-0699-49f0-8602-b42370ce8ab7,4,3736.705534
2026/02/05/11:23:48,apply-time,rs-004067-b4xf2,4a285e01-a041-46e7-b564-54f6722eade7,1,3736.705534
2026/02/05/11:23:48,running-time,rs-004067-b4xf2,4a285e01-a041-46e7-b564-54f6722eade7,1,3736.705534
2026/02/05/11:23:48,apply-time,rs-004068-5dmsf,a8861e94-eb3e-4b08-bd23-f42f6733e99a,3,3737.705534
2026/02/05/11:23:48,running-time,rs-004068-5dmsf,a8861e94-eb3e-4b08-bd23-f42f6733e99a,3,3737.705534
2026/02/05/11:23:49,apply-time,rs-004068-lrd2n,436bb78c-ab7c-4996-86cc-c89b8130680d,3,3737.705534
2026/02/05/11:23:49,running-time,rs-004068-lrd2n,436bb78c-ab7c-4996-86cc-c89b8130680d,3,3737.705534
2026/02/05/11:23:49,apply-time,rs-004068-nrpw5,6a086e13-168e-4ee2-b2ff-4205e82c8b7e,3,3737.705534
2026/02/05/11:23:49,running-time,rs-004068-nrpw5,6a086e13-168e-4ee2-b2ff-4205e82c8b7e,3,3737.705534
2026/02/05/11:23:53,apply-time,rs-004069-xmwhl,e6c4da1c-8529-48c4-8baf-3d2cc635dd46,2,3741.705534
2026/02/05/11:23:53,running-time,rs-004069-xmwhl,e6c4da1c-8529-48c4-8baf-3d2cc635dd46,2,3741.705534
2026/02/05/11:23:53,apply-time,rs-004070-87fsv,3cf9e313-c6e6-465c-ae0c-b8efb2ea97d4,1,3741.705534
2026/02/05/11:23:53,running-time,rs-004070-87fsv,3cf9e313-c6e6-465c-ae0c-b8efb2ea97d4,1,3741.705534
2026/02/05/11:23:53,apply-time,rs-004070-dcbh8,1d49198b-7e8b-4e1a-80d3-1a8f637ad0a6,1,3741.705534
2026/02/05/11:23:53,running-time,rs-004070-dcbh8,1d49198b-7e8b-4e1a-80d3-1a8f637ad0a6,1,3741.705534
2026/02/05/11:23:58,apply-time,rs-004071-tsqn5,3f5093de-f645-45c3-ba0e-7a5746079a20,2,3747.705534
2026/02/05/11:23:58,running-time,rs-004071-tsqn5,3f5093de-f645-45c3-ba0e-7a5746079a20,2,3747.705534
2026/02/05/11:24:02,apply-time,rs-004072-jg296,35c1c55d-6895-4356-bf13-e6ec011a7bc6,1,3750.705534
2026/02/05/11:24:02,running-time,rs-004072-jg296,35c1c55d-6895-4356-bf13-e6ec011a7bc6,1,3750.705534
2026/02/05/11:24:02,apply-time,rs-004072-m89d2,20fd17df-a771-4887-b7ef-bcec98c04896,1,3750.705534
2026/02/05/11:24:02,running-time,rs-004072-m89d2,20fd17df-a771-4887-b7ef-bcec98c04896,1,3750.705534
2026/02/05/11:24:02,apply-time,rs-004073-6m9tp,fffb1f19-44ea-494a-99cf-78bd63e01859,3,3750.705534
2026/02/05/11:24:02,running-time,rs-004073-6m9tp,fffb1f19-44ea-494a-99cf-78bd63e01859,3,3750.705534
2026/02/05/11:24:02,apply-time,rs-004073-b6tzn,e46a31fa-0bdb-47c1-83b7-93376f16cb92,3,3750.705534
2026/02/05/11:24:02,running-time,rs-004073-b6tzn,e46a31fa-0bdb-47c1-83b7-93376f16cb92,3,3750.705534
2026/02/05/11:24:02,apply-time,rs-004073-l65c5,514f3b70-1498-4c67-82d6-8474edfd8eee,3,3750.705534
2026/02/05/11:24:02,running-time,rs-004073-l65c5,514f3b70-1498-4c67-82d6-8474edfd8eee,3,3750.705534
2026/02/05/11:24:02,apply-time,rs-004074-fq264,2db5022e-cbab-43e5-9796-3f3a27840295,3,3750.705534
2026/02/05/11:24:02,running-time,rs-004074-fq264,2db5022e-cbab-43e5-9796-3f3a27840295,3,3750.705534
2026/02/05/11:24:02,apply-time,rs-004075-r5lnw,4ed99231-2f8a-475a-bcb3-899d1e225f07,3,3750.705534
2026/02/05/11:24:02,running-time,rs-004075-r5lnw,4ed99231-2f8a-475a-bcb3-899d1e225f07,3,3750.705534
2026/02/05/11:24:02,apply-time,rs-004075-w5vm6,d13a8a6d-897a-469a-a170-86e9633fc370,3,3750.705534
2026/02/05/11:24:02,running-time,rs-004075-w5vm6,d13a8a6d-897a-469a-a170-86e9633fc370,3,3750.705534
2026/02/05/11:24:02,apply-time,rs-004076-hb5q6,4cfb48c4-bfa8-466e-9469-bca2400b715f,4,3750.705534
2026/02/05/11:24:02,running-time,rs-004076-hb5q6,4cfb48c4-bfa8-466e-9469-bca2400b715f,4,3750.705534
2026/02/05/11:24:02,apply-time,rs-004076-wqsjn,f190b159-efe2-4a8e-b62f-b6227bbb6952,4,3750.705534
2026/02/05/11:24:02,running-time,rs-004076-wqsjn,f190b159-efe2-4a8e-b62f-b6227bbb6952,4,3750.705534
2026/02/05/11:24:02,apply-time,rs-004076-xz2vr,8878868e-af9d-467c-904c-1ed146157725,4,3750.705534
2026/02/05/11:24:02,running-time,rs-004076-xz2vr,8878868e-af9d-467c-904c-1ed146157725,4,3750.705534
2026/02/05/11:24:03,apply-time,rs-004077-fc9f5,21bb845e-40ae-45dd-a250-1fea793df066,3,3751.705534
2026/02/05/11:24:03,running-time,rs-004077-fc9f5,21bb845e-40ae-45dd-a250-1fea793df066,3,3751.705534
2026/02/05/11:24:03,apply-time,rs-004077-k8hg4,f17aa403-afa1-4328-98a2-7f2512f7052d,3,3751.705534
2026/02/05/11:24:03,running-time,rs-004077-k8hg4,f17aa403-afa1-4328-98a2-7f2512f7052d,3,3751.705534
2026/02/05/11:24:03,apply-time,rs-004077-kvqwn,8fbc0d8e-f83b-4b1b-8f67-76475b46b05e,3,3751.705534
2026/02/05/11:24:03,running-time,rs-004077-kvqwn,8fbc0d8e-f83b-4b1b-8f67-76475b46b05e,3,3751.705534
2026/02/05/11:24:03,apply-time,rs-004078-spgjd,76bc189f-2576-43e7-b250-4e490b6fdb60,3,3751.705534
2026/02/05/11:24:03,running-time,rs-004078-spgjd,76bc189f-2576-43e7-b250-4e490b6fdb60,3,3751.705534
2026/02/05/11:24:03,apply-time,rs-004078-zt9dg,980be907-7650-4a0a-b27b-e72fa3de5cc6,3,3751.705534
2026/02/05/11:24:03,running-time,rs-004078-zt9dg,980be907-7650-4a0a-b27b-e72fa3de5cc6,3,3751.705534
2026/02/05/11:24:09,apply-time,rs-004079-rf9t9,26ad3b8f-e0d1-4057-b3fa-ea9a4b1cbc26,1,3757.705534
2026/02/05/11:24:09,running-time,rs-004079-rf9t9,26ad3b8f-e0d1-4057-b3fa-ea9a4b1cbc26,1,3757.705534
2026/02/05/11:24:09,apply-time,rs-004080-gp9rg,7242a412-a3fd-4294-bd96-e5e5b5373273,2,3757.705534
2026/02/05/11:24:09,running-time,rs-004080-gp9rg,7242a412-a3fd-4294-bd96-e5e5b5373273,2,3757.705534
2026/02/05/11:24:09,apply-time,rs-004080-pp569,db74a929-4597-4467-ba5d-2798524d0af5,2,3757.705534
2026/02/05/11:24:09,running-time,rs-004080-pp569,db74a929-4597-4467-ba5d-2798524d0af5,2,3757.705534
2026/02/05/11:24:09,apply-time,rs-004081-5lf2p,a7f4efc5-3c8f-49b6-b88f-39ca820c60de,4,3758.705534
2026/02/05/11:24:09,running-time,rs-004081-5lf2p,a7f4efc5-3c8f-49b6-b88f-39ca820c60de,4,3758.705534
2026/02/05/11:24:09,apply-time,rs-004081-hw47t,493639d2-7b52-4aeb-9b4e-626dc52e290f,4,3758.705534
2026/02/05/11:24:09,apply-time,rs-004082-prml2,fa63dd4e-4727-49c8-9941-8fe7bba225d1,1,3758.705534
2026/02/05/11:24:09,running-time,rs-004082-prml2,fa63dd4e-4727-49c8-9941-8fe7bba225d1,1,3758.705534
2026/02/05/11:24:10,running-time,rs-004081-hw47t,493639d2-7b52-4aeb-9b4e-626dc52e290f,4,3758.705534
2026/02/05/11:24:10,apply-time,rs-004083-ldtmm,2e66c893-b1a7-4b3e-8347-e011b1782d6d,2,3758.705534
2026/02/05/11:24:10,running-time,rs-004083-ldtmm,2e66c893-b1a7-4b3e-8347-e011b1782d6d,2,3758.705534
2026/02/05/11:24:10,apply-time,rs-004084-gjqkf,d76c700c-e5fc-4bb0-92a9-c07ccfd38db6,1,3758.705534
2026/02/05/11:24:10,running-time,rs-004084-gjqkf,d76c700c-e5fc-4bb0-92a9-c07ccfd38db6,1,3758.705534
2026/02/05/11:24:10,apply-time,rs-004084-k8smh,ca3cdbe0-2cc5-49de-b192-cbe1b457a515,1,3758.705534
2026/02/05/11:24:10,running-time,rs-004084-k8smh,ca3cdbe0-2cc5-49de-b192-cbe1b457a515,1,3758.705534
2026/02/05/11:24:10,apply-time,rs-004085-f4n8l,4f48c9f1-0581-4be2-9440-20c1ba9b2be9,1,3758.705534
2026/02/05/11:24:10,running-time,rs-004085-f4n8l,4f48c9f1-0581-4be2-9440-20c1ba9b2be9,1,3758.705534
2026/02/05/11:24:10,apply-time,rs-004085-rkv6r,51aae556-88dc-4a2b-84d7-fcbe84663e66,1,3758.705534
2026/02/05/11:24:10,running-time,rs-004085-rkv6r,51aae556-88dc-4a2b-84d7-fcbe84663e66,1,3758.705534
2026/02/05/11:24:10,apply-time,rs-004085-wng7h,4486bd19-c9b1-4930-b033-29ea0178628f,1,3758.705534
2026/02/05/11:24:10,running-time,rs-004085-wng7h,4486bd19-c9b1-4930-b033-29ea0178628f,1,3758.705534
2026/02/05/11:24:10,apply-time,rs-004086-hhtbc,be6fa335-1e1b-4e1c-86ea-69faae38a939,4,3758.705534
2026/02/05/11:24:10,running-time,rs-004086-hhtbc,be6fa335-1e1b-4e1c-86ea-69faae38a939,4,3758.705534
2026/02/05/11:24:10,apply-time,rs-004087-pnh2x,51170923-1dc3-4009-9137-58534bf4e79f,4,3759.705534
2026/02/05/11:24:10,running-time,rs-004087-pnh2x,51170923-1dc3-4009-9137-58534bf4e79f,4,3759.705534
2026/02/05/11:24:10,apply-time,rs-004087-vz2lr,7021a989-fc27-4584-8f23-cb35c88183fd,4,3758.705534
2026/02/05/11:24:10,running-time,rs-004087-vz2lr,7021a989-fc27-4584-8f23-cb35c88183fd,4,3758.705534
2026/02/05/11:24:10,apply-time,rs-004088-8trd6,af22d152-98f3-4b2d-89c3-9391f7c1a640,1,3758.705534
2026/02/05/11:24:10,running-time,rs-004088-8trd6,af22d152-98f3-4b2d-89c3-9391f7c1a640,1,3758.705534
2026/02/05/11:24:10,apply-time,rs-004088-dncj6,20939895-2074-4eb3-b402-f8df0212bcf8,1,3759.705534
2026/02/05/11:24:10,running-time,rs-004088-dncj6,20939895-2074-4eb3-b402-f8df0212bcf8,1,3759.705534
2026/02/05/11:24:11,apply-time,rs-004089-4wtv4,8b630e93-6b46-4897-a08d-c19fe00237b2,1,3759.705534
2026/02/05/11:24:11,running-time,rs-004089-4wtv4,8b630e93-6b46-4897-a08d-c19fe00237b2,1,3759.705534
2026/02/05/11:24:11,apply-time,rs-004091-sdmqc,d539f15f-0ce8-4f66-9122-0306d6ca0e2f,1,3760.705534
2026/02/05/11:24:11,running-time,rs-004091-sdmqc,d539f15f-0ce8-4f66-9122-0306d6ca0e2f,1,3760.705534
2026/02/05/11:24:11,apply-time,rs-004092-6zknj,7946884f-af54-44ca-9955-b8d8b82f148a,1,3760.705534
2026/02/05/11:24:11,apply-time,rs-004092-7s826,76ae58bc-6691-4ed2-96e3-9521bef35b88,1,3759.705534
2026/02/05/11:24:11,apply-time,rs-004093-czksm,f03dfc60-308d-48e7-9093-59befbfde892,1,3759.705534
2026/02/05/11:24:11,running-time,rs-004093-czksm,f03dfc60-308d-48e7-9093-59befbfde892,1,3759.705534
2026/02/05/11:24:12,apply-time,rs-004090-5wxlp,0357fa88-0da2-47fc-a253-21a6fcb20f2d,1,3760.705534
2026/02/05/11:24:12,running-time,rs-004090-5wxlp,0357fa88-0da2-47fc-a253-21a6fcb20f2d,1,3760.705534
2026/02/05/11:24:12,apply-time,rs-004090-h46q4,b798079e-c749-4ad7-9eab-6284698c8bac,1,3760.705534
2026/02/05/11:24:12,running-time,rs-004090-h46q4,b798079e-c749-4ad7-9eab-6284698c8bac,1,3760.705534
2026/02/05/11:24:12,apply-time,rs-004090-ldcv2,d42f70ff-83a7-4a13-99a8-e8ba4ec534d8,1,3760.705534
2026/02/05/11:24:12,running-time,rs-004090-ldcv2,d42f70ff-83a7-4a13-99a8-e8ba4ec534d8,1,3760.705534
2026/02/05/11:24:12,apply-time,rs-004091-clm54,5d2bf585-d5de-4ae4-b1be-7102d8be8172,1,3760.705534
2026/02/05/11:24:12,running-time,rs-004091-clm54,5d2bf585-d5de-4ae4-b1be-7102d8be8172,1,3760.705534
2026/02/05/11:24:12,apply-time,rs-004094-kg6pq,4a9b6f19-f283-440b-a8e6-565b21aa0976,4,3760.705534
2026/02/05/11:24:12,running-time,rs-004094-kg6pq,4a9b6f19-f283-440b-a8e6-565b21aa0976,4,3760.705534
2026/02/05/11:24:12,apply-time,rs-004094-lfrlx,0bd4562b-f1f0-4771-95b1-72b486ca9d17,4,3760.705534
2026/02/05/11:24:12,running-time,rs-004094-lfrlx,0bd4562b-f1f0-4771-95b1-72b486ca9d17,4,3760.705534
2026/02/05/11:24:12,apply-time,rs-004094-p72xr,47a377f7-772f-438c-9c0c-dff2702912b6,4,3760.705534
2026/02/05/11:24:12,running-time,rs-004094-p72xr,47a377f7-772f-438c-9c0c-dff2702912b6,4,3760.705534
2026/02/05/11:24:12,apply-time,rs-004095-b4qgn,42b304d6-9358-447a-93b3-78bec56fee33,1,3761.705534
2026/02/05/11:24:12,running-time,rs-004095-b4qgn,42b304d6-9358-447a-93b3-78bec56fee33,1,3761.705534
2026/02/05/11:24:12,apply-time,rs-004095-jt8d8,f0c588d6-a6c7-4ae2-8e6d-97b38eac589c,1,3760.705534
2026/02/05/11:24:12,running-time,rs-004095-jt8d8,f0c588d6-a6c7-4ae2-8e6d-97b38eac589c,1,3760.705534
2026/02/05/11:24:12,apply-time,rs-004096-xkhf4,bbc5ed78-7d33-4ab2-8bb0-c829165f0f77,3,3761.705534
2026/02/05/11:24:12,running-time,rs-004096-xkhf4,bbc5ed78-7d33-4ab2-8bb0-c829165f0f77,3,3761.705534
2026/02/05/11:24:12,apply-time,rs-004098-dwzrx,fe43f8ad-4401-4b39-b4e9-82ff222b9bd5,2,3760.705534
2026/02/05/11:24:12,running-time,rs-004098-dwzrx,fe43f8ad-4401-4b39-b4e9-82ff222b9bd5,2,3760.705534
2026/02/05/11:24:13,apply-time,rs-004096-qnppn,3f19c3e6-9a22-41e6-96f5-5529b27d9ab6,3,3761.705534
2026/02/05/11:24:13,running-time,rs-004096-qnppn,3f19c3e6-9a22-41e6-96f5-5529b27d9ab6,3,3761.705534
2026/02/05/11:24:13,apply-time,rs-004097-24t2p,86fa7a6d-cb58-43eb-b3ae-8ce03c903c49,2,3761.705534
2026/02/05/11:24:13,running-time,rs-004097-24t2p,86fa7a6d-cb58-43eb-b3ae-8ce03c903c49,2,3761.705534
2026/02/05/11:24:13,apply-time,rs-004097-zf88g,8130a302-51dc-4425-a557-a808f736fc0a,2,3761.705534
2026/02/05/11:24:13,running-time,rs-004097-zf88g,8130a302-51dc-4425-a557-a808f736fc0a,2,3761.705534
2026/02/05/11:24:13,apply-time,rs-004099-sztvn,639168f4-2f90-4e54-b2ec-6418a2cc1152,1,3762.705534
2026/02/05/11:24:13,running-time,rs-004099-sztvn,639168f4-2f90-4e54-b2ec-6418a2cc1152,1,3762.705534
2026/02/05/11:24:15,running-time,rs-004092-6zknj,7946884f-af54-44ca-9955-b8d8b82f148a,1,3764.705534
2026/02/05/11:24:17,running-time,rs-004092-7s826,76ae58bc-6691-4ed2-96e3-9521bef35b88,1,3766.705534
2026/02/05/11:24:18,apply-time,rs-004100-2q2nk,f2195c52-02ce-43be-8234-126b3e07ce57,4,3766.705534
2026/02/05/11:24:18,running-time,rs-004100-2q2nk,f2195c52-02ce-43be-8234-126b3e07ce57,4,3766.705534
2026/02/05/11:24:18,apply-time,rs-004101-b5drs,dd179878-27b5-4e28-92bd-be444ad1d808,3,3766.705534
2026/02/05/11:24:18,running-time,rs-004101-b5drs,dd179878-27b5-4e28-92bd-be444ad1d808,3,3766.705534
2026/02/05/11:24:18,apply-time,rs-004102-p797b,a4f9a86e-b584-46a8-a03e-509d988c22c7,2,3766.705534
2026/02/05/11:24:18,running-time,rs-004102-p797b,a4f9a86e-b584-46a8-a03e-509d988c22c7,2,3766.705534
2026/02/05/11:24:18,apply-time,rs-004103-cg9v9,d32e0485-3fa4-488d-ba8c-de1204cde6c5,1,3766.705534
2026/02/05/11:24:18,running-time,rs-004103-cg9v9,d32e0485-3fa4-488d-ba8c-de1204cde6c5,1,3766.705534
2026/02/05/11:24:18,apply-time,rs-004104-75429,d2c6c6fe-6b82-4ca2-9f86-4fa4af265eee,3,3766.705534
2026/02/05/11:24:18,running-time,rs-004104-75429,d2c6c6fe-6b82-4ca2-9f86-4fa4af265eee,3,3766.705534
2026/02/05/11:24:18,apply-time,rs-004104-dx7gz,342627bb-0836-4f2e-9a22-b04577303a1d,3,3766.705534
2026/02/05/11:24:18,running-time,rs-004104-dx7gz,342627bb-0836-4f2e-9a22-b04577303a1d,3,3766.705534
2026/02/05/11:24:22,apply-time,rs-004105-jrtbb,b07a5f61-68aa-417f-8cfe-0fc9a3ee5104,2,3771.705534
2026/02/05/11:24:22,running-time,rs-004105-jrtbb,b07a5f61-68aa-417f-8cfe-0fc9a3ee5104,2,3771.705534
2026/02/05/11:24:22,apply-time,rs-004106-fqxkl,a8a439f6-817c-42e5-8ae1-b9c2102408f1,4,3771.705534
2026/02/05/11:24:23,running-time,rs-004106-fqxkl,a8a439f6-817c-42e5-8ae1-b9c2102408f1,4,3771.705534
2026/02/05/11:24:23,apply-time,rs-004107-h6qmb,1f8abdfd-8000-442f-8524-d61e60ae1494,2,3771.705534
2026/02/05/11:24:23,running-time,rs-004107-h6qmb,1f8abdfd-8000-442f-8524-d61e60ae1494,2,3771.705534
2026/02/05/11:24:23,apply-time,rs-004108-m5vbw,d17213f5-addc-4c4e-b962-cb7c78100a85,4,3771.705534
2026/02/05/11:24:23,running-time,rs-004108-m5vbw,d17213f5-addc-4c4e-b962-cb7c78100a85,4,3771.705534
2026/02/05/11:24:23,apply-time,rs-004109-l7vr4,4405255e-6390-4180-b6cc-1a6c9b4018ba,3,3771.705534
2026/02/05/11:24:23,running-time,rs-004109-l7vr4,4405255e-6390-4180-b6cc-1a6c9b4018ba,3,3771.705534
2026/02/05/11:24:23,apply-time,rs-004109-sgz42,a9cbc5d0-2111-44e2-a5b4-86246ef8bcda,3,3771.705534
2026/02/05/11:24:23,running-time,rs-004109-sgz42,a9cbc5d0-2111-44e2-a5b4-86246ef8bcda,3,3771.705534
2026/02/05/11:24:23,apply-time,rs-004110-hscht,7182c0fc-4a84-4159-b7bd-3f2a441f0309,1,3771.705534
2026/02/05/11:24:23,running-time,rs-004110-hscht,7182c0fc-4a84-4159-b7bd-3f2a441f0309,1,3771.705534
2026/02/05/11:24:23,apply-time,rs-004111-7gszz,21411fcb-6437-4a4f-82d3-56797d847836,2,3771.705534
2026/02/05/11:24:23,running-time,rs-004111-7gszz,21411fcb-6437-4a4f-82d3-56797d847836,2,3771.705534
2026/02/05/11:24:23,apply-time,rs-004111-jslr8,03f1610c-3622-422d-97ae-18369e38cd4b,2,3772.705534
2026/02/05/11:24:23,running-time,rs-004111-jslr8,03f1610c-3622-422d-97ae-18369e38cd4b,2,3772.705534
2026/02/05/11:24:23,apply-time,rs-004112-m2tw6,8d206ff4-a58b-4cbb-b997-04052e80efb9,3,3771.705534
2026/02/05/11:24:23,running-time,rs-004112-m2tw6,8d206ff4-a58b-4cbb-b997-04052e80efb9,3,3771.705534
2026/02/05/11:24:24,apply-time,rs-004113-grzhg,0f51e466-09d4-4c85-aef2-22a624a0ec0a,1,3772.705534
2026/02/05/11:24:24,running-time,rs-004113-grzhg,0f51e466-09d4-4c85-aef2-22a624a0ec0a,1,3772.705534
2026/02/05/11:24:24,apply-time,rs-004113-p2mbh,69c8cda5-e7dc-49d2-a2e6-3148102108b1,1,3772.705534
2026/02/05/11:24:24,running-time,rs-004113-p2mbh,69c8cda5-e7dc-49d2-a2e6-3148102108b1,1,3773.705534
2026/02/05/11:24:24,apply-time,rs-004114-f2wr8,6fafb318-d714-4900-9295-969dbc6c97aa,4,3773.705534
2026/02/05/11:24:24,running-time,rs-004114-f2wr8,6fafb318-d714-4900-9295-969dbc6c97aa,4,3773.705534
2026/02/05/11:24:24,apply-time,rs-004115-5ghv5,f99f76a1-1268-4a32-9d1c-e560b9c6027c,4,3773.705534
2026/02/05/11:24:24,running-time,rs-004115-5ghv5,f99f76a1-1268-4a32-9d1c-e560b9c6027c,4,3773.705534
2026/02/05/11:24:24,apply-time,rs-004116-dkfgb,1b2abd24-b6a2-497e-adc2-48e69ed42cd0,3,3773.705534
2026/02/05/11:24:24,running-time,rs-004116-dkfgb,1b2abd24-b6a2-497e-adc2-48e69ed42cd0,3,3773.705534
2026/02/05/11:24:24,apply-time,rs-004117-mpd7p,6af9cbe4-88e7-4eec-9471-95bcbac821f9,4,3773.705534
2026/02/05/11:24:24,running-time,rs-004117-mpd7p,6af9cbe4-88e7-4eec-9471-95bcbac821f9,4,3773.705534
2026/02/05/11:24:25,apply-time,rs-004114-7wpbd,35d34678-95f1-4c20-99b1-47731581843d,4,3773.705534
2026/02/05/11:24:25,running-time,rs-004114-7wpbd,35d34678-95f1-4c20-99b1-47731581843d,4,3773.705534
2026/02/05/11:24:25,apply-time,rs-004115-f9z4t,2b924706-887f-49ec-ae2c-abc63da59966,4,3773.705534
2026/02/05/11:24:25,running-time,rs-004115-f9z4t,2b924706-887f-49ec-ae2c-abc63da59966,4,3773.705534
2026/02/05/11:24:25,apply-time,rs-004118-brjcq,69b7e55d-9ab7-49dd-b676-72fb1c9e2639,1,3773.705534
2026/02/05/11:24:25,running-time,rs-004118-brjcq,69b7e55d-9ab7-49dd-b676-72fb1c9e2639,1,3773.705534
2026/02/05/11:24:25,apply-time,rs-004119-c8k45,301343a8-6ea2-4eb8-92c4-1665886bc607,1,3774.705534
2026/02/05/11:24:25,running-time,rs-004119-c8k45,301343a8-6ea2-4eb8-92c4-1665886bc607,1,3774.705534
2026/02/05/11:24:25,apply-time,rs-004121-b2bz8,85a8e525-09f1-456b-9d0a-0b8301e1ab78,2,3774.705534
2026/02/05/11:24:25,running-time,rs-004121-b2bz8,85a8e525-09f1-456b-9d0a-0b8301e1ab78,2,3774.705534
2026/02/05/11:24:25,apply-time,rs-004122-pwfnr,cd5e5276-3970-41ec-887d-4ebad3345f67,3,3774.705534
2026/02/05/11:24:26,apply-time,rs-004119-lzvpk,1ead69b2-5697-466f-8a7a-faa52938c701,1,3774.705534
2026/02/05/11:24:26,running-time,rs-004119-lzvpk,1ead69b2-5697-466f-8a7a-faa52938c701,1,3774.705534
2026/02/05/11:24:26,apply-time,rs-004120-wxqfm,19cd62a2-8977-4255-b640-f8dd82647b6c,2,3774.705534
2026/02/05/11:24:26,running-time,rs-004120-wxqfm,19cd62a2-8977-4255-b640-f8dd82647b6c,2,3774.705534
2026/02/05/11:24:26,apply-time,rs-004121-zmrg2,8134ccbc-471b-4e77-9d94-aaae57c0c2c4,2,3774.705534
2026/02/05/11:24:26,apply-time,rs-004121-zv2fj,d3eaf891-b479-480e-bbf3-14178beda7c1,2,3774.705534
2026/02/05/11:24:26,apply-time,rs-004122-bcp7t,ae8473bf-f17b-41ec-a5f9-3d2fd6965e41,3,3774.705534
2026/02/05/11:24:26,apply-time,rs-004122-hsblr,4cfa3386-6cce-4cee-9565-b0dcde0fe108,3,3774.705534
2026/02/05/11:24:26,apply-time,rs-004123-7lfq2,94da374f-6ccc-4626-9458-80694eb46d12,1,3774.705534
2026/02/05/11:24:26,running-time,rs-004123-7lfq2,94da374f-6ccc-4626-9458-80694eb46d12,1,3774.705534
2026/02/05/11:24:26,apply-time,rs-004123-8l5x9,87bb7412-8f4d-420e-b999-a90b9d09508f,1,3774.705534
2026/02/05/11:24:26,running-time,rs-004123-8l5x9,87bb7412-8f4d-420e-b999-a90b9d09508f,1,3774.705534
2026/02/05/11:24:26,apply-time,rs-004124-86grc,15b1473f-7412-47de-b6c0-befefdfdd0f7,1,3775.705534
2026/02/05/11:24:26,running-time,rs-004124-86grc,15b1473f-7412-47de-b6c0-befefdfdd0f7,1,3775.705534
2026/02/05/11:24:26,apply-time,rs-004125-vqv7k,dfa3af46-bf4c-4084-b0e8-abb7fcbca658,4,3775.705534
2026/02/05/11:24:26,running-time,rs-004125-vqv7k,dfa3af46-bf4c-4084-b0e8-abb7fcbca658,4,3775.705534
2026/02/05/11:24:26,apply-time,rs-004126-zq7hd,8af05015-4c15-42e8-90ac-34ebada76fc0,1,3775.705534
2026/02/05/11:24:27,running-time,rs-004121-zv2fj,d3eaf891-b479-480e-bbf3-14178beda7c1,2,3776.705534
2026/02/05/11:24:27,running-time,rs-004126-zq7hd,8af05015-4c15-42e8-90ac-34ebada76fc0,1,3775.705534
2026/02/05/11:24:28,running-time,rs-004121-zmrg2,8134ccbc-471b-4e77-9d94-aaae57c0c2c4,2,3776.705534
2026/02/05/11:24:29,apply-time,rs-004128-qzjmx,e44e3679-5387-4806-9ac5-3586c4b674a7,2,3777.705534
2026/02/05/11:24:29,apply-time,rs-004128-s772x,80caf657-cc20-4e6b-a52b-6668d4c168ce,2,3777.705534
2026/02/05/11:24:29,running-time,rs-004128-s772x,80caf657-cc20-4e6b-a52b-6668d4c168ce,2,3777.705534
2026/02/05/11:24:29,apply-time,rs-004128-xpj4m,d9898df0-7065-428d-a5b8-bbb715e2322f,2,3777.705534
2026/02/05/11:24:29,running-time,rs-004128-xpj4m,d9898df0-7065-428d-a5b8-bbb715e2322f,2,3777.705534
2026/02/05/11:24:29,apply-time,rs-004129-xxvwh,666fb9c7-a6dc-4b94-9f3a-6fd76f3b65be,1,3777.705534
2026/02/05/11:24:29,running-time,rs-004129-xxvwh,666fb9c7-a6dc-4b94-9f3a-6fd76f3b65be,1,3777.705534
2026/02/05/11:24:29,apply-time,rs-004130-bqpfk,b5f8f92f-1a3e-4008-8666-4ff6e60c4ffe,3,3777.705534
2026/02/05/11:24:29,apply-time,rs-004130-w9zwt,a9de7c08-e119-44ad-af84-30cefbbfae5a,3,3777.705534
2026/02/05/11:24:29,apply-time,rs-004130-xrxh9,0a23467f-52a9-4ee8-bf85-0ab04b83ee84,3,3777.705534
2026/02/05/11:24:29,apply-time,rs-004131-d92nb,eef40beb-8292-4e59-94a9-c086d94ef3d0,1,3777.705534
2026/02/05/11:24:29,running-time,rs-004131-d92nb,eef40beb-8292-4e59-94a9-c086d94ef3d0,1,3778.705534
2026/02/05/11:24:29,apply-time,rs-004131-tzlw2,185bea94-bbf6-46bc-958f-24433bcec397,1,3777.705534
2026/02/05/11:24:29,running-time,rs-004131-tzlw2,185bea94-bbf6-46bc-958f-24433bcec397,1,3777.705534
2026/02/05/11:24:29,apply-time,rs-004131-vzhpq,94f701cd-6f61-4293-8a81-d2762bc0b1da,1,3777.705534
2026/02/05/11:24:29,apply-time,rs-004132-txbwh,d1ccd4fc-fe8d-4fcf-a122-7654b377fa6e,3,3778.705534
2026/02/05/11:24:29,running-time,rs-004132-txbwh,d1ccd4fc-fe8d-4fcf-a122-7654b377fa6e,3,3778.705534
2026/02/05/11:24:29,apply-time,rs-004133-hlntv,a55d29ad-1c84-438a-8eaf-b83184114da7,2,3778.705534
2026/02/05/11:24:29,running-time,rs-004133-hlntv,a55d29ad-1c84-438a-8eaf-b83184114da7,2,3778.705534
2026/02/05/11:24:30,running-time,rs-004131-vzhpq,94f701cd-6f61-4293-8a81-d2762bc0b1da,1,3779.705534
2026/02/05/11:24:30,apply-time,rs-004132-mk8g8,ea1ac353-aef0-4d38-8a9b-b02def875c7b,3,3778.705534
2026/02/05/11:24:30,apply-time,rs-004132-q4ncv,0ab71476-e9b1-4d07-8368-37a4d2bd034f,3,3778.705534
2026/02/05/11:24:30,running-time,rs-004132-q4ncv,0ab71476-e9b1-4d07-8368-37a4d2bd034f,3,3779.705534
2026/02/05/11:24:30,apply-time,rs-004133-r82v4,251507cc-8473-4087-b407-d51dcc85d019,2,3778.705534
2026/02/05/11:24:30,running-time,rs-004133-r82v4,251507cc-8473-4087-b407-d51dcc85d019,2,3778.705534
2026/02/05/11:24:30,apply-time,rs-004133-sqsq4,03219dee-f274-4236-af58-20482ccabe9d,2,3778.705534
2026/02/05/11:24:30,running-time,rs-004133-sqsq4,03219dee-f274-4236-af58-20482ccabe9d,2,3778.705534
2026/02/05/11:24:31,running-time,rs-004132-mk8g8,ea1ac353-aef0-4d38-8a9b-b02def875c7b,3,3779.705534
2026/02/05/11:24:32,running-time,rs-004122-bcp7t,ae8473bf-f17b-41ec-a5f9-3d2fd6965e41,3,3780.705534
2026/02/05/11:24:32,running-time,rs-004122-hsblr,4cfa3386-6cce-4cee-9565-b0dcde0fe108,3,3780.705534
2026/02/05/11:24:32,running-time,rs-004122-pwfnr,cd5e5276-3970-41ec-887d-4ebad3345f67,3,3780.705534
2026/02/05/11:24:34,apply-time,rs-004134-5mn74,b0f0e3f3-b205-4ed4-9abc-b1948b095add,4,3783.705534
2026/02/05/11:24:34,running-time,rs-004134-5mn74,b0f0e3f3-b205-4ed4-9abc-b1948b095add,4,3783.705534
2026/02/05/11:24:34,apply-time,rs-004134-tbtnn,b9162bb1-b8df-4ae9-b68c-c21559658915,4,3783.705534
2026/02/05/11:24:34,running-time,rs-004134-tbtnn,b9162bb1-b8df-4ae9-b68c-c21559658915,4,3783.705534
2026/02/05/11:24:34,apply-time,rs-004134-tntcx,c08ed9e7-5c68-4344-b5f8-9c85f068d52a,4,3783.705534
2026/02/05/11:24:34,running-time,rs-004134-tntcx,c08ed9e7-5c68-4344-b5f8-9c85f068d52a,4,3783.705534
2026/02/05/11:24:34,apply-time,rs-004135-jgx57,9acc40ec-5505-4353-8c06-d8bda34f9cf9,4,3783.705534
2026/02/05/11:24:34,running-time,rs-004135-jgx57,9acc40ec-5505-4353-8c06-d8bda34f9cf9,4,3783.705534
2026/02/05/11:24:34,apply-time,rs-004135-lc2dl,cb44b8db-d329-4cc2-bc67-bae6844c2cf0,4,3783.705534
2026/02/05/11:24:34,running-time,rs-004135-lc2dl,cb44b8db-d329-4cc2-bc67-bae6844c2cf0,4,3783.705534
2026/02/05/11:24:36,running-time,rs-004128-qzjmx,e44e3679-5387-4806-9ac5-3586c4b674a7,2,3785.705534
2026/02/05/11:24:36,apply-time,rs-004136-g62pb,dee2d81b-fc84-44a5-b25c-69229461c605,4,3785.705534
2026/02/05/11:24:36,running-time,rs-004136-g62pb,dee2d81b-fc84-44a5-b25c-69229461c605,4,3785.705534
2026/02/05/11:24:36,apply-time,rs-004136-hh2sr,a5eb3a7a-f51f-4067-9d31-0a005e734208,4,3785.705534
2026/02/05/11:24:36,running-time,rs-004136-hh2sr,a5eb3a7a-f51f-4067-9d31-0a005e734208,4,3785.705534
2026/02/05/11:24:36,apply-time,rs-004136-qzwr2,67b7792d-27fc-43cf-b930-d814dedae7fd,4,3785.705534
2026/02/05/11:24:36,running-time,rs-004136-qzwr2,67b7792d-27fc-43cf-b930-d814dedae7fd,4,3785.705534
2026/02/05/11:24:36,apply-time,rs-004137-fdzmt,5e37ddd9-5945-489c-ad04-742d0a192fca,1,3785.705534
2026/02/05/11:24:36,running-time,rs-004137-fdzmt,5e37ddd9-5945-489c-ad04-742d0a192fca,1,3785.705534
2026/02/05/11:24:36,apply-time,rs-004137-lhp6k,1425acc8-ba9e-43ca-915a-5120fde0e7eb,1,3785.705534
2026/02/05/11:24:36,running-time,rs-004137-lhp6k,1425acc8-ba9e-43ca-915a-5120fde0e7eb,1,3785.705534
2026/02/05/11:24:36,apply-time,rs-004137-lk76n,a385d812-8bd7-4b00-87d4-77e1817969c8,1,3785.705534
2026/02/05/11:24:36,running-time,rs-004137-lk76n,a385d812-8bd7-4b00-87d4-77e1817969c8,1,3785.705534
2026/02/05/11:24:36,apply-time,rs-004138-9lchc,7162fffc-c690-4765-9575-67814b289b42,1,3785.705534
2026/02/05/11:24:36,apply-time,rs-004138-fk5l4,611b9a6f-c68a-4c15-a7e7-0c7decfa58c0,1,3785.705534
2026/02/05/11:24:36,apply-time,rs-004138-nd4vq,03ca024c-f2f7-4ef6-a38e-fa6121acf329,1,3785.705534
2026/02/05/11:24:36,apply-time,rs-004139-jx8t7,188cf014-b3ad-427c-a5f1-589a9076899a,4,3785.705534
2026/02/05/11:24:36,running-time,rs-004139-jx8t7,188cf014-b3ad-427c-a5f1-589a9076899a,4,3785.705534
2026/02/05/11:24:36,apply-time,rs-004139-msxbn,6163bf21-d59a-48c0-980d-0f3a2951c0a5,4,3785.705534
2026/02/05/11:24:36,running-time,rs-004139-msxbn,6163bf21-d59a-48c0-980d-0f3a2951c0a5,4,3785.705534
2026/02/05/11:24:36,apply-time,rs-004140-vg8qf,8b00db64-510c-48af-bafb-447017e125ca,2,3785.705534
2026/02/05/11:24:37,apply-time,rs-004140-h5hxv,d30b1e9e-a28a-44ce-8979-0502f60b2067,2,3785.705534
2026/02/05/11:24:37,running-time,rs-004140-h5hxv,d30b1e9e-a28a-44ce-8979-0502f60b2067,2,3786.705534
2026/02/05/11:24:37,apply-time,rs-004140-ph2qs,cc561e89-076b-4255-adc1-5f32a06c4ea1,2,3785.705534
2026/02/05/11:24:37,running-time,rs-004140-ph2qs,cc561e89-076b-4255-adc1-5f32a06c4ea1,2,3786.705534
2026/02/05/11:24:37,running-time,rs-004140-vg8qf,8b00db64-510c-48af-bafb-447017e125ca,2,3786.705534
2026/02/05/11:24:37,apply-time,rs-004141-89f52,a081963f-3d0c-409a-8d6b-dfe16a0d9688,2,3785.705534
2026/02/05/11:24:37,running-time,rs-004141-89f52,a081963f-3d0c-409a-8d6b-dfe16a0d9688,2,3785.705534
2026/02/05/11:24:37,apply-time,rs-004141-pl4jq,a68d38a4-519b-4255-be9a-470f89f6b7aa,2,3785.705534
2026/02/05/11:24:37,running-time,rs-004141-pl4jq,a68d38a4-519b-4255-be9a-470f89f6b7aa,2,3785.705534
2026/02/05/11:24:37,apply-time,rs-004141-tdvkw,b314c5b7-5569-4d25-b021-fd2550db2bba,2,3785.705534
2026/02/05/11:24:37,running-time,rs-004141-tdvkw,b314c5b7-5569-4d25-b021-fd2550db2bba,2,3785.705534
2026/02/05/11:24:52,apply-time,rs-004142-m2dmm,d937567b-067d-4b64-934c-be18dea3bdc4,1,3800.705534
2026/02/05/11:24:52,running-time,rs-004142-m2dmm,d937567b-067d-4b64-934c-be18dea3bdc4,1,3800.705534
2026/02/05/11:24:52,apply-time,rs-004143-ckwlg,3c471295-5e9a-423c-953d-794a901d5c0e,2,3800.705534
2026/02/05/11:24:52,running-time,rs-004143-ckwlg,3c471295-5e9a-423c-953d-794a901d5c0e,2,3800.705534
2026/02/05/11:24:52,apply-time,rs-004143-fwz6p,c88c6818-5ecd-4366-b645-36f336504999,2,3800.705534
2026/02/05/11:24:52,running-time,rs-004143-fwz6p,c88c6818-5ecd-4366-b645-36f336504999,2,3800.705534
2026/02/05/11:24:52,apply-time,rs-004144-8hr8l,21edc647-ff87-439e-ace3-a413b913439c,2,3801.705534
2026/02/05/11:24:52,running-time,rs-004144-8hr8l,21edc647-ff87-439e-ace3-a413b913439c,2,3801.705534
2026/02/05/11:24:52,apply-time,rs-004144-rhlks,6e2ee35d-784c-490b-af3d-34850c06c2a2,2,3801.705534
2026/02/05/11:24:52,running-time,rs-004144-rhlks,6e2ee35d-784c-490b-af3d-34850c06c2a2,2,3801.705534
2026/02/05/11:24:52,apply-time,rs-004144-xggkc,cf1ea84f-ccbb-42ba-9d74-aecbde63ff83,2,3801.705534
2026/02/05/11:24:52,running-time,rs-004144-xggkc,cf1ea84f-ccbb-42ba-9d74-aecbde63ff83,2,3801.705534
2026/02/05/11:24:54,apply-time,rs-004145-25w4k,f68fffe0-8908-4c1a-b0b9-c95f367bdf4b,3,3802.705534
2026/02/05/11:24:54,running-time,rs-004145-25w4k,f68fffe0-8908-4c1a-b0b9-c95f367bdf4b,3,3802.705534
2026/02/05/11:24:54,apply-time,rs-004145-685bd,eb679154-7e6c-4a36-bc93-031cf4010963,3,3802.705534
2026/02/05/11:24:54,running-time,rs-004145-685bd,eb679154-7e6c-4a36-bc93-031cf4010963,3,3802.705534
2026/02/05/11:24:54,apply-time,rs-004145-t7nw4,8b0feeac-9b0f-456b-b9f8-12cf8b95de1c,3,3802.705534
2026/02/05/11:24:54,running-time,rs-004145-t7nw4,8b0feeac-9b0f-456b-b9f8-12cf8b95de1c,3,3802.705534
2026/02/05/11:25:03,apply-time,rs-004146-bc5s7,329615bd-d1a5-451f-926d-802f7e3de5c9,3,3811.705534
2026/02/05/11:25:03,running-time,rs-004146-bc5s7,329615bd-d1a5-451f-926d-802f7e3de5c9,3,3811.705534
2026/02/05/11:25:03,apply-time,rs-004146-sd2w7,cad388ca-72f8-417d-9773-f3622b72f6d7,3,3811.705534
2026/02/05/11:25:03,running-time,rs-004146-sd2w7,cad388ca-72f8-417d-9773-f3622b72f6d7,3,3811.705534
2026/02/05/11:25:03,apply-time,rs-004147-j6m5p,99319fb7-5baa-433e-82ae-caf7644bb433,4,3811.705534
2026/02/05/11:25:03,running-time,rs-004147-j6m5p,99319fb7-5baa-433e-82ae-caf7644bb433,4,3811.705534
2026/02/05/11:25:03,apply-time,rs-004147-xmb6g,e9d53327-3d63-4314-b462-e48fab0a5a70,4,3811.705534
2026/02/05/11:25:03,running-time,rs-004147-xmb6g,e9d53327-3d63-4314-b462-e48fab0a5a70,4,3811.705534
2026/02/05/11:25:03,apply-time,rs-004148-d4frp,ffed21b3-935c-4249-ad62-3d232c0ed850,2,3811.705534
2026/02/05/11:25:03,running-time,rs-004148-d4frp,ffed21b3-935c-4249-ad62-3d232c0ed850,2,3811.705534
2026/02/05/11:25:03,apply-time,rs-004149-7k9qq,6718b9dd-3796-492d-bc69-22732dc61769,2,3811.705534
2026/02/05/11:25:03,running-time,rs-004149-7k9qq,6718b9dd-3796-492d-bc69-22732dc61769,2,3811.705534
2026/02/05/11:25:03,apply-time,rs-004149-bn6j4,707a0bdd-5ef3-4849-bb23-cfce1ea6db96,2,3811.705534
2026/02/05/11:25:03,running-time,rs-004149-bn6j4,707a0bdd-5ef3-4849-bb23-cfce1ea6db96,2,3811.705534
2026/02/05/11:25:04,apply-time,rs-004150-26zwb,cd178469-4856-4842-bcf4-6c829df6bea8,3,3812.705534
2026/02/05/11:25:04,running-time,rs-004150-26zwb,cd178469-4856-4842-bcf4-6c829df6bea8,3,3812.705534
2026/02/05/11:25:04,apply-time,rs-004150-hxmc5,2c1b4c81-6c17-4c50-b6b9-5e9a8141fb0f,3,3812.705534
2026/02/05/11:25:04,running-time,rs-004150-hxmc5,2c1b4c81-6c17-4c50-b6b9-5e9a8141fb0f,3,3812.705534
2026/02/05/11:25:04,apply-time,rs-004150-zkhkc,72b58af9-c0a8-4807-96f6-63e9ebafaea2,3,3812.705534
2026/02/05/11:25:04,running-time,rs-004150-zkhkc,72b58af9-c0a8-4807-96f6-63e9ebafaea2,3,3812.705534
2026/02/05/11:25:04,apply-time,rs-004151-q6p8n,69e23c36-eca4-4e35-beeb-0aa374cb1b6f,1,3812.705534
2026/02/05/11:25:04,running-time,rs-004151-q6p8n,69e23c36-eca4-4e35-beeb-0aa374cb1b6f,1,3812.705534
2026/02/05/11:25:04,apply-time,rs-004151-x9srf,521e289f-91bd-4157-b727-f36910675e4f,1,3812.705534
2026/02/05/11:25:04,running-time,rs-004151-x9srf,521e289f-91bd-4157-b727-f36910675e4f,1,3812.705534
2026/02/05/11:25:04,apply-time,rs-004152-htb7k,260cd42a-525a-4780-8a9d-b4dc5d4d7ae2,1,3812.705534
2026/02/05/11:25:04,running-time,rs-004152-htb7k,260cd42a-525a-4780-8a9d-b4dc5d4d7ae2,1,3812.705534
2026/02/05/11:25:04,apply-time,rs-004152-vjlmn,3c2e4f22-9692-4639-9c15-518281499749,1,3812.705534
2026/02/05/11:25:04,running-time,rs-004152-vjlmn,3c2e4f22-9692-4639-9c15-518281499749,1,3812.705534
2026/02/05/11:25:04,apply-time,rs-004153-hm427,c2e83409-0e1d-4c65-848f-257f2401a459,2,3813.705534
2026/02/05/11:25:04,running-time,rs-004153-hm427,c2e83409-0e1d-4c65-848f-257f2401a459,2,3813.705534
2026/02/05/11:25:04,apply-time,rs-004154-c6fz5,2369864b-a962-462e-8755-becfb25105a9,1,3813.705534
2026/02/05/11:25:04,running-time,rs-004154-c6fz5,2369864b-a962-462e-8755-becfb25105a9,1,3813.705534
2026/02/05/11:25:04,apply-time,rs-004155-llczr,3b47afb1-3969-4480-aa7f-f3a88e8acd04,1,3813.705534
2026/02/05/11:25:04,running-time,rs-004155-llczr,3b47afb1-3969-4480-aa7f-f3a88e8acd04,1,3813.705534
2026/02/05/11:25:04,apply-time,rs-004156-qgnm7,9c816040-50c8-402b-96a7-d97e0560057e,2,3813.705534
2026/02/05/11:25:04,running-time,rs-004156-qgnm7,9c816040-50c8-402b-96a7-d97e0560057e,2,3813.705534
2026/02/05/11:25:05,apply-time,rs-004153-m87dt,2c5b608c-154c-4b2f-9184-a0327b81c2fc,2,3813.705534
2026/02/05/11:25:05,running-time,rs-004153-m87dt,2c5b608c-154c-4b2f-9184-a0327b81c2fc,2,3813.705534
2026/02/05/11:25:10,apply-time,rs-004157-dkj4p,475dab97-94f4-4af9-aa96-7e74bfda92dd,1,3819.705534
2026/02/05/11:25:10,running-time,rs-004157-dkj4p,475dab97-94f4-4af9-aa96-7e74bfda92dd,1,3819.705534
2026/02/05/11:25:10,apply-time,rs-004157-pmmcx,6dd3b030-fbe0-4e8d-9e1c-94d74e162405,1,3819.705534
2026/02/05/11:25:10,running-time,rs-004157-pmmcx,6dd3b030-fbe0-4e8d-9e1c-94d74e162405,1,3819.705534
2026/02/05/11:25:10,apply-time,rs-004157-rl2pr,d7d95651-928f-4aa5-975e-d7e331bbf3fe,1,3819.705534
2026/02/05/11:25:10,running-time,rs-004157-rl2pr,d7d95651-928f-4aa5-975e-d7e331bbf3fe,1,3819.705534
2026/02/05/11:25:10,apply-time,rs-004158-dt7vt,b6dbb159-418f-4c8d-931e-00651850ae88,2,3819.705534
2026/02/05/11:25:10,running-time,rs-004158-dt7vt,b6dbb159-418f-4c8d-931e-00651850ae88,2,3819.705534
2026/02/05/11:25:10,apply-time,rs-004158-k7km4,570f8f7c-49d7-4bbf-bdbd-02cd01b70074,2,3819.705534
2026/02/05/11:25:10,running-time,rs-004158-k7km4,570f8f7c-49d7-4bbf-bdbd-02cd01b70074,2,3819.705534
2026/02/05/11:25:10,apply-time,rs-004159-9sbfz,28e343cd-ae1c-42d7-8175-aa6b7b294e9e,2,3819.705534
2026/02/05/11:25:10,running-time,rs-004159-9sbfz,28e343cd-ae1c-42d7-8175-aa6b7b294e9e,2,3819.705534
2026/02/05/11:25:10,apply-time,rs-004159-qg8kt,8523e4c4-473a-4ff5-a0f6-57d0e7223bda,2,3819.705534
2026/02/05/11:25:10,running-time,rs-004159-qg8kt,8523e4c4-473a-4ff5-a0f6-57d0e7223bda,2,3819.705534
2026/02/05/11:25:10,apply-time,rs-004159-vk9ws,e9fe71c4-8e9a-4f3c-af99-45fbf9ee8627,2,3819.705534
2026/02/05/11:25:10,running-time,rs-004159-vk9ws,e9fe71c4-8e9a-4f3c-af99-45fbf9ee8627,2,3819.705534
2026/02/05/11:25:11,apply-time,rs-004160-9mhz4,1e09b3b4-df2f-47cc-ac51-8ff3d4a65804,1,3819.705534
2026/02/05/11:25:11,running-time,rs-004160-9mhz4,1e09b3b4-df2f-47cc-ac51-8ff3d4a65804,1,3819.705534
2026/02/05/11:25:11,apply-time,rs-004160-9t2md,9e784376-a1a8-499c-8f58-64d97b8712b8,1,3819.705534
2026/02/05/11:25:11,running-time,rs-004160-9t2md,9e784376-a1a8-499c-8f58-64d97b8712b8,1,3819.705534
2026/02/05/11:25:11,apply-time,rs-004160-bg8dp,56b14005-fa49-4715-b1ea-c6ced120de19,1,3819.705534
2026/02/05/11:25:11,running-time,rs-004160-bg8dp,56b14005-fa49-4715-b1ea-c6ced120de19,1,3819.705534
2026/02/05/11:25:11,apply-time,rs-004161-hqt8t,98ec8c1d-3b8f-4e23-9c36-6e3b611a6c11,2,3820.705534
2026/02/05/11:25:11,apply-time,rs-004161-m6xjc,d34fdf0d-b05b-4440-9cd2-52984d8fe185,2,3819.705534
2026/02/05/11:25:11,apply-time,rs-004161-m7jcs,c1b60943-8d63-4536-b365-23a85da728e0,2,3820.705534
2026/02/05/11:25:11,apply-time,rs-004162-7zxf4,e2106cdf-53c1-448d-9112-d66c45992604,2,3820.705534
2026/02/05/11:25:11,running-time,rs-004162-7zxf4,e2106cdf-53c1-448d-9112-d66c45992604,2,3820.705534
2026/02/05/11:25:11,apply-time,rs-004162-948p6,c738a9a8-f7e4-45d1-abd3-7a667b626164,2,3819.705534
2026/02/05/11:25:11,running-time,rs-004162-948p6,c738a9a8-f7e4-45d1-abd3-7a667b626164,2,3819.705534
2026/02/05/11:25:11,apply-time,rs-004163-j9vfz,c877f64a-97e3-472e-bac3-38b19afc86dc,1,3819.705534
2026/02/05/11:25:11,running-time,rs-004163-j9vfz,c877f64a-97e3-472e-bac3-38b19afc86dc,1,3819.705534
2026/02/05/11:25:11,apply-time,rs-004164-59m8g,f398d695-39a5-47f0-98da-113942839ecf,1,3820.705534
2026/02/05/11:25:11,apply-time,rs-004165-xgwrz,3f1e4c0c-ee1e-4111-a6bd-d0c10cd182ef,4,3820.705534
2026/02/05/11:25:11,running-time,rs-004165-xgwrz,3f1e4c0c-ee1e-4111-a6bd-d0c10cd182ef,4,3820.705534
2026/02/05/11:25:12,apply-time,rs-004163-7bk8q,d11f520b-8c57-442f-9572-4d1dab336a2a,1,3820.705534
2026/02/05/11:25:12,running-time,rs-004163-7bk8q,d11f520b-8c57-442f-9572-4d1dab336a2a,1,3820.705534
2026/02/05/11:25:12,apply-time,rs-004163-wxn2f,88fb65cb-6c8f-4c78-83b1-0fec0d06e8ee,1,3820.705534
2026/02/05/11:25:12,running-time,rs-004163-wxn2f,88fb65cb-6c8f-4c78-83b1-0fec0d06e8ee,1,3820.705534
2026/02/05/11:25:12,running-time,rs-004164-59m8g,f398d695-39a5-47f0-98da-113942839ecf,1,3820.705534
2026/02/05/11:25:12,apply-time,rs-004164-nvtcb,dd00b5d1-a7e0-4bb3-99eb-0f5764bfce55,1,3820.705534
2026/02/05/11:25:12,running-time,rs-004164-nvtcb,dd00b5d1-a7e0-4bb3-99eb-0f5764bfce55,1,3820.705534
2026/02/05/11:25:12,apply-time,rs-004165-kqwzv,2b45ff0e-b989-4ea3-848f-8b4ea4fc9bfa,4,3820.705534
2026/02/05/11:25:12,running-time,rs-004165-kqwzv,2b45ff0e-b989-4ea3-848f-8b4ea4fc9bfa,4,3820.705534
2026/02/05/11:25:12,apply-time,rs-004166-lcknh,ef3ef42b-94d5-4797-8253-77ac31deebc7,1,3821.705534
2026/02/05/11:25:12,running-time,rs-004166-lcknh,ef3ef42b-94d5-4797-8253-77ac31deebc7,1,3821.705534
2026/02/05/11:25:12,apply-time,rs-004166-w8tg9,1c37655c-bc75-485b-bf4a-84dc34800010,1,3820.705534
2026/02/05/11:25:12,running-time,rs-004166-w8tg9,1c37655c-bc75-485b-bf4a-84dc34800010,1,3820.705534
2026/02/05/11:25:12,apply-time,rs-004167-trb9c,a7ef6ba6-11a9-4fc3-ba50-5a2e585d38dd,4,3821.705534
2026/02/05/11:25:12,running-time,rs-004167-trb9c,a7ef6ba6-11a9-4fc3-ba50-5a2e585d38dd,4,3821.705534
2026/02/05/11:25:12,apply-time,rs-004167-wmjnc,1b9b2b54-316d-4049-9606-babd3c109b42,4,3820.705534
2026/02/05/11:25:12,running-time,rs-004167-wmjnc,1b9b2b54-316d-4049-9606-babd3c109b42,4,3820.705534
2026/02/05/11:25:12,apply-time,rs-004168-dgjsf,3eb0bbec-5895-4e8b-88c6-efae51332420,2,3820.705534
2026/02/05/11:25:12,running-time,rs-004168-dgjsf,3eb0bbec-5895-4e8b-88c6-efae51332420,2,3821.705534
2026/02/05/11:25:12,apply-time,rs-004169-kfrfz,89a37e8b-fa35-4dc4-a68f-d515a03c5c34,3,3820.705534
2026/02/05/11:25:12,running-time,rs-004169-kfrfz,89a37e8b-fa35-4dc4-a68f-d515a03c5c34,3,3820.705534
2026/02/05/11:25:12,apply-time,rs-004170-6pw8c,9f75cd8a-0001-409f-ace3-b54c2f96a429,4,3821.705534
2026/02/05/11:25:12,running-time,rs-004170-6pw8c,9f75cd8a-0001-409f-ace3-b54c2f96a429,4,3821.705534
2026/02/05/11:25:13,apply-time,rs-004168-5c2pj,f272bfb8-23a9-4191-96b3-b5390ceb6b5a,2,3821.705534
2026/02/05/11:25:13,running-time,rs-004168-5c2pj,f272bfb8-23a9-4191-96b3-b5390ceb6b5a,2,3821.705534
2026/02/05/11:25:13,apply-time,rs-004168-5tsrc,bb1e7d6d-fd5b-4e51-9bb3-839fb5c7a7f2,2,3821.705534
2026/02/05/11:25:13,running-time,rs-004168-5tsrc,bb1e7d6d-fd5b-4e51-9bb3-839fb5c7a7f2,2,3821.705534
2026/02/05/11:25:13,apply-time,rs-004170-csmrt,6bf83074-3548-455f-854e-eceab50f3f04,4,3821.705534
2026/02/05/11:25:13,running-time,rs-004170-csmrt,6bf83074-3548-455f-854e-eceab50f3f04,4,3821.705534
2026/02/05/11:25:13,apply-time,rs-004170-nldtd,cbc4cf19-ec39-4ce7-acd8-34f40b48b271,4,3821.705534
2026/02/05/11:25:13,running-time,rs-004170-nldtd,cbc4cf19-ec39-4ce7-acd8-34f40b48b271,4,3821.705534
2026/02/05/11:25:13,apply-time,rs-004171-fqrq6,9190cd59-fe04-4ed7-aa11-e4ca56e650c7,1,3821.705534
2026/02/05/11:25:13,running-time,rs-004171-fqrq6,9190cd59-fe04-4ed7-aa11-e4ca56e650c7,1,3821.705534
2026/02/05/11:25:13,apply-time,rs-004171-lsh44,d015ff00-2d3b-4b9f-a2fa-ce90e01e450b,1,3821.705534
2026/02/05/11:25:13,running-time,rs-004171-lsh44,d015ff00-2d3b-4b9f-a2fa-ce90e01e450b,1,3822.705534
2026/02/05/11:25:13,apply-time,rs-004171-mp7fc,df1db71d-1d8c-40b0-8fd3-575fdef9b12f,1,3821.705534
2026/02/05/11:25:13,running-time,rs-004171-mp7fc,df1db71d-1d8c-40b0-8fd3-575fdef9b12f,1,3821.705534
2026/02/05/11:25:17,apply-time,rs-004172-q5vgk,d0acb0f9-b94c-4a28-bb93-6b069f1a4592,2,3825.705534
2026/02/05/11:25:17,running-time,rs-004172-q5vgk,d0acb0f9-b94c-4a28-bb93-6b069f1a4592,2,3825.705534
2026/02/05/11:25:17,apply-time,rs-004173-5kd5n,06cc079f-2c3c-4441-b815-ce2469dac2d6,4,3825.705534
2026/02/05/11:25:17,running-time,rs-004173-5kd5n,06cc079f-2c3c-4441-b815-ce2469dac2d6,4,3825.705534
2026/02/05/11:25:17,apply-time,rs-004173-jl6tf,60ee70f1-4f3b-4ae2-a168-ebe655593ad2,4,3825.705534
2026/02/05/11:25:17,running-time,rs-004173-jl6tf,60ee70f1-4f3b-4ae2-a168-ebe655593ad2,4,3825.705534
2026/02/05/11:25:17,apply-time,rs-004174-cnfb7,270e33ae-ad86-490a-8cfd-50b1fbafbdf1,1,3825.705534
2026/02/05/11:25:17,running-time,rs-004174-cnfb7,270e33ae-ad86-490a-8cfd-50b1fbafbdf1,1,3825.705534
2026/02/05/11:25:17,apply-time,rs-004174-mvlph,5d491982-3efa-4ba2-820a-ddbbe9259e0f,1,3825.705534
2026/02/05/11:25:17,running-time,rs-004174-mvlph,5d491982-3efa-4ba2-820a-ddbbe9259e0f,1,3825.705534
2026/02/05/11:25:17,apply-time,rs-004174-nhf2l,d6fd6b3b-b68d-41f4-9ead-6514ae96dfb1,1,3825.705534
2026/02/05/11:25:17,running-time,rs-004174-nhf2l,d6fd6b3b-b68d-41f4-9ead-6514ae96dfb1,1,3825.705534
2026/02/05/11:25:17,apply-time,rs-004175-75dfl,9efb0584-0569-4559-863b-d2b6f39aebba,1,3825.705534
2026/02/05/11:25:17,running-time,rs-004175-75dfl,9efb0584-0569-4559-863b-d2b6f39aebba,1,3825.705534
2026/02/05/11:25:17,apply-time,rs-004175-ssr89,1df8e1ea-b05e-4778-bd92-5ddf905bf54d,1,3825.705534
2026/02/05/11:25:17,running-time,rs-004175-ssr89,1df8e1ea-b05e-4778-bd92-5ddf905bf54d,1,3825.705534
2026/02/05/11:25:17,apply-time,rs-004175-z2k4f,62d3d3b5-801c-4981-a730-c88f0ed0b532,1,3825.705534
2026/02/05/11:25:17,running-time,rs-004175-z2k4f,62d3d3b5-801c-4981-a730-c88f0ed0b532,1,3825.705534
2026/02/05/11:25:17,apply-time,rs-004176-wrqvf,aad78109-5742-4c88-803f-5b6fa0bf1585,1,3825.705534
2026/02/05/11:25:17,running-time,rs-004176-wrqvf,aad78109-5742-4c88-803f-5b6fa0bf1585,1,3825.705534
2026/02/05/11:25:17,apply-time,rs-004177-h5lhh,f0f821b2-22a5-47ef-af97-b3f335baf881,4,3826.705534
2026/02/05/11:25:17,running-time,rs-004177-h5lhh,f0f821b2-22a5-47ef-af97-b3f335baf881,4,3826.705534
2026/02/05/11:25:21,apply-time,rs-004178-dnxvg,c43ba4b9-e3b4-49f2-a672-300c32fe7302,4,3830.705534
2026/02/05/11:25:21,running-time,rs-004178-dnxvg,c43ba4b9-e3b4-49f2-a672-300c32fe7302,4,3830.705534
2026/02/05/11:25:21,apply-time,rs-004178-kdxfz,f3092c48-66d8-4179-aa44-5fdda24419c9,4,3830.705534
2026/02/05/11:25:21,running-time,rs-004178-kdxfz,f3092c48-66d8-4179-aa44-5fdda24419c9,4,3830.705534
2026/02/05/11:25:21,apply-time,rs-004178-kzqwq,df2362bb-f400-4da2-8514-57246908007e,4,3830.705534
2026/02/05/11:25:21,running-time,rs-004178-kzqwq,df2362bb-f400-4da2-8514-57246908007e,4,3830.705534
2026/02/05/11:25:25,apply-time,rs-004179-95j6b,510d5dc1-0fdf-479e-b956-64d9a03d6ca9,3,3833.705534
2026/02/05/11:25:25,running-time,rs-004179-95j6b,510d5dc1-0fdf-479e-b956-64d9a03d6ca9,3,3833.705534
2026/02/05/11:25:25,apply-time,rs-004180-4vpxl,1ec182a7-d969-4556-b946-cb50db4a8c08,1,3833.705534
2026/02/05/11:25:25,running-time,rs-004180-4vpxl,1ec182a7-d969-4556-b946-cb50db4a8c08,1,3833.705534
2026/02/05/11:25:25,apply-time,rs-004180-nxr9p,0e9321b7-8b04-482c-af8d-7d03bea2f710,1,3833.705534
2026/02/05/11:25:25,running-time,rs-004180-nxr9p,0e9321b7-8b04-482c-af8d-7d03bea2f710,1,3833.705534
2026/02/05/11:25:25,apply-time,rs-004180-xf66c,19346590-722b-4219-8f8c-0e0c59a45b61,1,3833.705534
2026/02/05/11:25:25,running-time,rs-004180-xf66c,19346590-722b-4219-8f8c-0e0c59a45b61,1,3833.705534
2026/02/05/11:25:25,apply-time,rs-004181-64pzw,0a6e4d5f-2e7b-4c05-8786-53263c914f1d,4,3833.705534
2026/02/05/11:25:25,running-time,rs-004181-64pzw,0a6e4d5f-2e7b-4c05-8786-53263c914f1d,4,3833.705534
2026/02/05/11:25:25,apply-time,rs-004181-njcmq,4363e552-1be4-42d2-9c2e-c9191801202c,4,3833.705534
2026/02/05/11:25:25,running-time,rs-004181-njcmq,4363e552-1be4-42d2-9c2e-c9191801202c,4,3833.705534
2026/02/05/11:25:25,apply-time,rs-004181-tmdw7,f12feb62-6dc4-4900-a029-4047f73925af,4,3833.705534
2026/02/05/11:25:25,running-time,rs-004181-tmdw7,f12feb62-6dc4-4900-a029-4047f73925af,4,3833.705534
2026/02/05/11:25:25,apply-time,rs-004182-8f29q,ed9dbbc9-9dbb-4e58-8795-95af7cf42c5c,3,3833.705534
2026/02/05/11:25:25,running-time,rs-004182-8f29q,ed9dbbc9-9dbb-4e58-8795-95af7cf42c5c,3,3833.705534
2026/02/05/11:25:25,apply-time,rs-004182-b7gcr,93cbb98d-615f-4353-812d-a6f7e5156ad2,3,3833.705534
2026/02/05/11:25:25,running-time,rs-004182-b7gcr,93cbb98d-615f-4353-812d-a6f7e5156ad2,3,3833.705534
2026/02/05/11:25:25,apply-time,rs-004182-k4c5v,c2c9f8e8-886a-4431-b7fc-2e239999192b,3,3833.705534
2026/02/05/11:25:25,running-time,rs-004182-k4c5v,c2c9f8e8-886a-4431-b7fc-2e239999192b,3,3833.705534
2026/02/05/11:25:25,apply-time,rs-004183-nnrjc,ce68f393-a1ab-427b-8eac-bfd8ff6ab449,2,3834.705534
2026/02/05/11:25:25,apply-time,rs-004184-jcpn2,bbfc5e61-b531-4ab7-8ab5-46b1d198c477,2,3834.705534
2026/02/05/11:25:25,running-time,rs-004184-jcpn2,bbfc5e61-b531-4ab7-8ab5-46b1d198c477,2,3834.705534
2026/02/05/11:25:25,apply-time,rs-004185-6w2fz,c035ef26-b937-49de-ba30-cda058f56ebc,1,3834.705534
2026/02/05/11:25:25,running-time,rs-004185-6w2fz,c035ef26-b937-49de-ba30-cda058f56ebc,1,3834.705534
2026/02/05/11:25:25,apply-time,rs-004186-56ctt,640500f6-5930-4169-aa5a-01eb4cdf3b17,1,3834.705534
2026/02/05/11:25:25,running-time,rs-004186-56ctt,640500f6-5930-4169-aa5a-01eb4cdf3b17,1,3834.705534
2026/02/05/11:25:26,apply-time,rs-004184-6rdhc,7a3853fa-d549-4842-a3d7-a1756f9073a7,2,3834.705534
2026/02/05/11:25:26,running-time,rs-004184-6rdhc,7a3853fa-d549-4842-a3d7-a1756f9073a7,2,3834.705534
2026/02/05/11:25:26,apply-time,rs-004185-xk6kv,393e338d-d291-47da-8b39-f00f1fa5c13d,1,3834.705534
2026/02/05/11:25:26,running-time,rs-004185-xk6kv,393e338d-d291-47da-8b39-f00f1fa5c13d,1,3834.705534
2026/02/05/11:25:26,apply-time,rs-004186-kb7dm,e51ec417-6438-43c2-b5a1-7ed240682c20,1,3834.705534
2026/02/05/11:25:26,running-time,rs-004186-kb7dm,e51ec417-6438-43c2-b5a1-7ed240682c20,1,3834.705534
2026/02/05/11:25:26,apply-time,rs-004187-9hwgk,6b20222c-ac6e-49e5-9275-e9a3cc36f0d6,2,3834.705534
2026/02/05/11:25:26,running-time,rs-004187-9hwgk,6b20222c-ac6e-49e5-9275-e9a3cc36f0d6,2,3834.705534
2026/02/05/11:25:26,apply-time,rs-004187-bp9hk,4d7ad1e2-77f0-47d9-9f4c-4622bb799017,2,3834.705534
2026/02/05/11:25:26,running-time,rs-004187-bp9hk,4d7ad1e2-77f0-47d9-9f4c-4622bb799017,2,3834.705534
2026/02/05/11:25:26,apply-time,rs-004187-ztqzr,99a24b6b-1f54-4f88-b945-2bedffb0e3a4,2,3834.705534
2026/02/05/11:25:26,running-time,rs-004187-ztqzr,99a24b6b-1f54-4f88-b945-2bedffb0e3a4,2,3834.705534
2026/02/05/11:25:26,apply-time,rs-004188-r8xkp,23a727da-ab6a-4be8-9e85-9bbc8f83c2db,1,3835.705534
2026/02/05/11:25:26,running-time,rs-004188-r8xkp,23a727da-ab6a-4be8-9e85-9bbc8f83c2db,1,3835.705534
2026/02/05/11:25:26,apply-time,rs-004190-rhw86,800149bb-79b5-4d66-bbec-bb64ef3bbce3,4,3835.705534
2026/02/05/11:25:26,apply-time,rs-004192-4kr2w,93879edd-c4c3-4fa4-866a-44ebf5c04102,3,3835.705534
2026/02/05/11:25:26,running-time,rs-004192-4kr2w,93879edd-c4c3-4fa4-866a-44ebf5c04102,3,3835.705534
2026/02/05/11:25:27,apply-time,rs-004189-c7nwd,0862496e-d4a5-4e75-8e8e-ae3243f6c138,1,3835.705534
2026/02/05/11:25:27,running-time,rs-004189-c7nwd,0862496e-d4a5-4e75-8e8e-ae3243f6c138,1,3835.705534
2026/02/05/11:25:27,apply-time,rs-004189-kl4pr,06a58bf0-83c7-4135-903c-679022c5e3c5,1,3835.705534
2026/02/05/11:25:27,running-time,rs-004189-kl4pr,06a58bf0-83c7-4135-903c-679022c5e3c5,1,3835.705534
2026/02/05/11:25:27,apply-time,rs-004189-wjftb,0c36a8e5-042d-4f7f-b4dd-c4fbe20d7659,1,3835.705534
2026/02/05/11:25:27,running-time,rs-004189-wjftb,0c36a8e5-042d-4f7f-b4dd-c4fbe20d7659,1,3835.705534
2026/02/05/11:25:27,apply-time,rs-004190-bv9pg,683aaab2-89f1-414a-9551-b687c02354c1,4,3835.705534
2026/02/05/11:25:27,apply-time,rs-004190-lqvvz,7f3db75a-582f-4ea9-b71c-f48cbcbee236,4,3835.705534
2026/02/05/11:25:27,apply-time,rs-004191-b2f2c,1b57f369-1753-40f3-a2f6-19c0a128fb7a,4,3835.705534
2026/02/05/11:25:27,running-time,rs-004191-b2f2c,1b57f369-1753-40f3-a2f6-19c0a128fb7a,4,3835.705534
2026/02/05/11:25:27,apply-time,rs-004191-bbxpc,05aef6cb-3b4d-445e-af5f-dd787ba90835,4,3835.705534
2026/02/05/11:25:27,running-time,rs-004191-bbxpc,05aef6cb-3b4d-445e-af5f-dd787ba90835,4,3835.705534
2026/02/05/11:25:27,apply-time,rs-004192-6xprx,b1323b9b-2168-4e66-9fcc-1e6c3a761140,3,3835.705534
2026/02/05/11:25:27,running-time,rs-004192-6xprx,b1323b9b-2168-4e66-9fcc-1e6c3a761140,3,3835.705534
2026/02/05/11:25:27,apply-time,rs-004192-k8zfn,8d8dc267-d123-4d1d-8dd5-8f81fac018cf,3,3835.705534
2026/02/05/11:25:27,running-time,rs-004192-k8zfn,8d8dc267-d123-4d1d-8dd5-8f81fac018cf,3,3835.705534
2026/02/05/11:25:27,apply-time,rs-004193-7mzc6,a2f53577-8427-4715-85c7-5595d38635ee,3,3835.705534
2026/02/05/11:25:27,running-time,rs-004193-7mzc6,a2f53577-8427-4715-85c7-5595d38635ee,3,3835.705534
2026/02/05/11:25:27,apply-time,rs-004193-d6dgp,1c78224b-f2c3-4672-b426-08ca65ae520b,3,3836.705534
2026/02/05/11:25:27,running-time,rs-004193-d6dgp,1c78224b-f2c3-4672-b426-08ca65ae520b,3,3836.705534
2026/02/05/11:25:28,apply-time,rs-004195-kf474,c86ae064-ce02-43c6-b0ee-9f914b9f97d5,1,3836.705534
2026/02/05/11:25:28,running-time,rs-004195-kf474,c86ae064-ce02-43c6-b0ee-9f914b9f97d5,1,3836.705534
2026/02/05/11:25:28,apply-time,rs-004195-t69nq,77ddd427-1aae-4ba7-a3bd-990451231726,1,3836.705534
2026/02/05/11:25:28,running-time,rs-004195-t69nq,77ddd427-1aae-4ba7-a3bd-990451231726,1,3836.705534
2026/02/05/11:25:28,apply-time,rs-004197-4rm7d,3e1c3314-3701-4951-bb92-0f20f1598194,2,3836.705534
2026/02/05/11:25:28,apply-time,rs-004197-ntftr,368d93c8-721c-4a6c-80ba-dfa4b55b740c,2,3836.705534
2026/02/05/11:25:28,apply-time,rs-004198-pzxmr,8c4b4878-9e4f-4945-9212-e14d2168973e,2,3836.705534
2026/02/05/11:25:28,running-time,rs-004198-pzxmr,8c4b4878-9e4f-4945-9212-e14d2168973e,2,3836.705534
2026/02/05/11:25:28,apply-time,rs-004199-ttjvc,70ed91a2-6f6f-433e-94f6-411ea9395254,2,3837.705534
2026/02/05/11:25:28,running-time,rs-004199-ttjvc,70ed91a2-6f6f-433e-94f6-411ea9395254,2,3837.705534
2026/02/05/11:25:29,apply-time,rs-004199-mls72,7f14b5c0-29ab-4a5c-aa97-f9e3923d100b,2,3837.705534
2026/02/05/11:25:29,running-time,rs-004199-mls72,7f14b5c0-29ab-4a5c-aa97-f9e3923d100b,2,3837.705534
2026/02/05/11:25:29,apply-time,rs-004199-wcbtq,ad297374-0f7e-4ebb-99a3-0731101d193d,2,3837.705534
2026/02/05/11:25:29,running-time,rs-004199-wcbtq,ad297374-0f7e-4ebb-99a3-0731101d193d,2,3837.705534
2026/02/05/11:25:29,apply-time,rs-004201-tqs5k,bb9c4e24-1899-4367-a14a-a49b3bf94c88,1,3837.705534
2026/02/05/11:25:29,running-time,rs-004201-tqs5k,bb9c4e24-1899-4367-a14a-a49b3bf94c88,1,3838.705534
2026/02/05/11:25:30,running-time,rs-004190-rhw86,800149bb-79b5-4d66-bbec-bb64ef3bbce3,4,3838.705534
2026/02/05/11:25:34,apply-time,rs-004202-n7q2v,46e35562-27b3-4b77-8700-ca266333a193,1,3842.705534
2026/02/05/11:25:34,running-time,rs-004202-n7q2v,46e35562-27b3-4b77-8700-ca266333a193,1,3842.705534
2026/02/05/11:25:34,apply-time,rs-004202-skc8q,d7ab3e1e-d562-4081-9105-945a2e26d704,1,3842.705534
2026/02/05/11:25:34,running-time,rs-004202-skc8q,d7ab3e1e-d562-4081-9105-945a2e26d704,1,3842.705534
2026/02/05/11:25:34,apply-time,rs-004203-jc8c6,c65302bb-6be5-430e-8dbc-13b7ba4448a9,3,3842.705534
2026/02/05/11:25:34,running-time,rs-004203-jc8c6,c65302bb-6be5-430e-8dbc-13b7ba4448a9,3,3842.705534
2026/02/05/11:25:34,apply-time,rs-004203-k9hrn,60a4f940-d9aa-41ac-9bc6-27cfea54254f,3,3842.705534
2026/02/05/11:25:34,running-time,rs-004203-k9hrn,60a4f940-d9aa-41ac-9bc6-27cfea54254f,3,3842.705534
2026/02/05/11:25:34,apply-time,rs-004203-psm8z,7a424f4b-6208-4fa1-b7f3-f36d9fab1b63,3,3842.705534
2026/02/05/11:25:34,running-time,rs-004203-psm8z,7a424f4b-6208-4fa1-b7f3-f36d9fab1b63,3,3842.705534
2026/02/05/11:25:34,apply-time,rs-004204-rrdmq,7e1c16e6-ea90-4eb1-bc30-7d4e2d182c1c,4,3842.705534
2026/02/05/11:25:34,running-time,rs-004204-rrdmq,7e1c16e6-ea90-4eb1-bc30-7d4e2d182c1c,4,3842.705534
2026/02/05/11:25:34,apply-time,rs-004205-xg8ld,2a81fbcb-20bb-4149-bbf4-57170ea12428,2,3842.705534
2026/02/05/11:25:34,running-time,rs-004205-xg8ld,2a81fbcb-20bb-4149-bbf4-57170ea12428,2,3842.705534
2026/02/05/11:25:34,apply-time,rs-004205-xlznw,cf3845ab-1995-4dd0-a19e-5cd40f2a0707,2,3842.705534
2026/02/05/11:25:34,running-time,rs-004205-xlznw,cf3845ab-1995-4dd0-a19e-5cd40f2a0707,2,3842.705534
2026/02/05/11:25:34,apply-time,rs-004206-798kg,8015f722-443a-4bab-98f3-367eede910c5,3,3842.705534
2026/02/05/11:25:34,apply-time,rs-004206-fkvfd,f6ac7d93-6f8a-4fd9-a314-c67fbb4536a5,3,3842.705534
2026/02/05/11:25:34,apply-time,rs-004206-lzgrv,b42f2515-49bb-4224-99ad-bd38bd46ee48,3,3842.705534
2026/02/05/11:25:34,apply-time,rs-004207-74qmb,0b90689e-8751-4e71-8f2d-ef417b522d75,4,3842.705534
2026/02/05/11:25:34,apply-time,rs-004207-jzzdg,6f843601-1d1f-493e-908f-f83630e393bb,4,3842.705534
2026/02/05/11:25:34,apply-time,rs-004208-67q5p,0312d5d5-e478-4e74-9f1b-b0c115a4618c,1,3843.705534
2026/02/05/11:25:34,running-time,rs-004208-67q5p,0312d5d5-e478-4e74-9f1b-b0c115a4618c,1,3843.705534
2026/02/05/11:25:35,running-time,rs-004207-74qmb,0b90689e-8751-4e71-8f2d-ef417b522d75,4,3844.705534
2026/02/05/11:25:37,running-time,rs-004207-jzzdg,6f843601-1d1f-493e-908f-f83630e393bb,4,3845.705534
2026/02/05/11:25:38,running-time,rs-004183-nnrjc,ce68f393-a1ab-427b-8eac-bfd8ff6ab449,2,3846.705534
2026/02/05/11:25:38,running-time,rs-004206-fkvfd,f6ac7d93-6f8a-4fd9-a314-c67fbb4536a5,3,3847.705534
2026/02/05/11:25:39,running-time,rs-004206-lzgrv,b42f2515-49bb-4224-99ad-bd38bd46ee48,3,3847.705534
2026/02/05/11:25:40,apply-time,rs-004209-bl98k,afffa921-6de6-4c53-b295-79f62655f31b,1,3849.705534
2026/02/05/11:25:40,running-time,rs-004209-bl98k,afffa921-6de6-4c53-b295-79f62655f31b,1,3849.705534
2026/02/05/11:25:40,apply-time,rs-004210-62lng,78d1b41e-6eed-4191-a645-6d008604c66e,2,3849.705534
2026/02/05/11:25:40,apply-time,rs-004210-mml7j,0dcd4b9b-0bbd-4d64-af59-c1be546869e5,2,3849.705534
2026/02/05/11:25:40,apply-time,rs-004210-txsh6,7e1566f3-434e-4e8b-baa5-68d793cfa262,2,3849.705534
2026/02/05/11:25:40,running-time,rs-004210-txsh6,7e1566f3-434e-4e8b-baa5-68d793cfa262,2,3849.705534
2026/02/05/11:25:40,apply-time,rs-004211-2m9m9,1a8b0215-fd17-41fe-b25c-967501feb44c,2,3849.705534
2026/02/05/11:25:40,apply-time,rs-004211-6mx4m,7319c2eb-e4c6-4593-8779-a3760b9796dd,2,3849.705534
2026/02/05/11:25:41,running-time,rs-004210-62lng,78d1b41e-6eed-4191-a645-6d008604c66e,2,3849.705534
2026/02/05/11:25:41,running-time,rs-004210-mml7j,0dcd4b9b-0bbd-4d64-af59-c1be546869e5,2,3849.705534
2026/02/05/11:25:41,running-time,rs-004211-2m9m9,1a8b0215-fd17-41fe-b25c-967501feb44c,2,3849.705534
2026/02/05/11:25:41,running-time,rs-004211-6mx4m,7319c2eb-e4c6-4593-8779-a3760b9796dd,2,3849.705534
2026/02/05/11:25:42,apply-time,rs-004212-wvlmr,1ae04a4a-0cd2-477b-9d6c-7c71ac985ea5,4,3850.705534
2026/02/05/11:25:42,running-time,rs-004212-wvlmr,1ae04a4a-0cd2-477b-9d6c-7c71ac985ea5,4,3850.705534
2026/02/05/11:25:42,apply-time,rs-004213-l669w,69fb1ffe-994d-483e-aaf8-1174fc6033cf,4,3850.705534
2026/02/05/11:25:42,running-time,rs-004213-l669w,69fb1ffe-994d-483e-aaf8-1174fc6033cf,4,3850.705534
2026/02/05/11:25:42,apply-time,rs-004213-lbsb8,9f466cec-ddbd-401a-846c-d0f9eda9f73a,4,3850.705534
2026/02/05/11:25:42,running-time,rs-004213-lbsb8,9f466cec-ddbd-401a-846c-d0f9eda9f73a,4,3850.705534
2026/02/05/11:25:42,apply-time,rs-004213-xkcws,bd60c9db-2a46-4c7c-b638-9e74236ba23b,4,3850.705534
2026/02/05/11:25:42,running-time,rs-004213-xkcws,bd60c9db-2a46-4c7c-b638-9e74236ba23b,4,3850.705534
2026/02/05/11:25:42,apply-time,rs-004214-w6fv6,42561fab-c6f2-4659-a384-a12e66c10648,4,3850.705534
2026/02/05/11:25:42,apply-time,rs-004215-7vfgh,db4dc4b6-537c-4072-a46f-f51b4e87a79f,3,3850.705534
2026/02/05/11:25:42,apply-time,rs-004215-vscwk,d29b4af7-7fb4-4664-a2ee-44d6aab5ccde,3,3850.705534
2026/02/05/11:25:42,apply-time,rs-004215-zcv2q,c423f50d-1c6d-46c7-a399-63f237fae16f,3,3850.705534
2026/02/05/11:25:42,apply-time,rs-004216-5nchg,bb4ffe52-2b48-4e0e-9a82-8647a8216898,1,3850.705534
2026/02/05/11:25:42,running-time,rs-004216-5nchg,bb4ffe52-2b48-4e0e-9a82-8647a8216898,1,3850.705534
2026/02/05/11:25:42,apply-time,rs-004216-ppbc8,1a14a0af-83fc-4fae-8d2b-1a730f346f6e,1,3850.705534
2026/02/05/11:25:42,running-time,rs-004216-ppbc8,1a14a0af-83fc-4fae-8d2b-1a730f346f6e,1,3850.705534
2026/02/05/11:25:43,running-time,rs-004214-w6fv6,42561fab-c6f2-4659-a384-a12e66c10648,4,3851.705534
2026/02/05/11:25:43,apply-time,rs-004217-cmxmm,0d2f3a6d-3572-4cda-aa3c-07ad4baf368f,3,3852.705534
2026/02/05/11:25:43,apply-time,rs-004217-z9q7f,0acd0b20-2cba-42b4-9c66-9dd2cb3f7193,3,3852.705534
2026/02/05/11:25:43,running-time,rs-004217-z9q7f,0acd0b20-2cba-42b4-9c66-9dd2cb3f7193,3,3852.705534
2026/02/05/11:25:43,apply-time,rs-004218-27lzx,afca559d-609c-4a07-aba0-3061ccc5e2c7,2,3852.705534
2026/02/05/11:25:43,running-time,rs-004218-27lzx,afca559d-609c-4a07-aba0-3061ccc5e2c7,2,3852.705534
2026/02/05/11:25:43,apply-time,rs-004218-qs5wn,4e88d1e0-4a82-4ad0-a31a-6c54bd1a6a01,2,3852.705534
2026/02/05/11:25:43,running-time,rs-004218-qs5wn,4e88d1e0-4a82-4ad0-a31a-6c54bd1a6a01,2,3852.705534
2026/02/05/11:25:43,apply-time,rs-004219-4tcts,9b43909a-9943-49cd-96a8-89a3f0e1840e,1,3852.705534
2026/02/05/11:25:43,running-time,rs-004219-4tcts,9b43909a-9943-49cd-96a8-89a3f0e1840e,1,3852.705534
2026/02/05/11:25:43,apply-time,rs-004220-lg4kk,5605d0e8-a124-42f8-8bdc-5f0beb854bc5,1,3852.705534
2026/02/05/11:25:43,running-time,rs-004220-lg4kk,5605d0e8-a124-42f8-8bdc-5f0beb854bc5,1,3852.705534
2026/02/05/11:25:43,apply-time,rs-004221-mr5sq,8f983957-5431-43a6-8917-d74462600169,4,3852.705534
2026/02/05/11:25:43,running-time,rs-004221-mr5sq,8f983957-5431-43a6-8917-d74462600169,4,3852.705534
2026/02/05/11:25:44,running-time,rs-004217-cmxmm,0d2f3a6d-3572-4cda-aa3c-07ad4baf368f,3,3852.705534
2026/02/05/11:25:44,apply-time,rs-004222-54kfb,bb8f9c0b-41b3-46e7-90d4-8d09b4206467,1,3852.705534
2026/02/05/11:25:44,running-time,rs-004222-54kfb,bb8f9c0b-41b3-46e7-90d4-8d09b4206467,1,3852.705534
2026/02/05/11:25:44,apply-time,rs-004222-92bmd,2d63bef3-9970-486a-9d5a-8900511833a0,1,3852.705534
2026/02/05/11:25:44,running-time,rs-004222-92bmd,2d63bef3-9970-486a-9d5a-8900511833a0,1,3852.705534
2026/02/05/11:25:44,apply-time,rs-004222-m2v8p,ffc6a4bd-de0f-4902-8cca-ff2da9359170,1,3852.705534
2026/02/05/11:25:44,running-time,rs-004222-m2v8p,ffc6a4bd-de0f-4902-8cca-ff2da9359170,1,3852.705534
2026/02/05/11:25:44,apply-time,rs-004223-bfhwn,d8539e97-a782-4e68-bd3a-2af0ce9269cc,4,3852.705534
2026/02/05/11:25:44,running-time,rs-004223-bfhwn,d8539e97-a782-4e68-bd3a-2af0ce9269cc,4,3852.705534
2026/02/05/11:25:45,apply-time,rs-004224-2r9j2,67c5ef6b-86f7-4caf-ae09-35b72ce5a8d0,4,3854.705534
2026/02/05/11:25:45,running-time,rs-004224-2r9j2,67c5ef6b-86f7-4caf-ae09-35b72ce5a8d0,4,3854.705534
2026/02/05/11:25:45,apply-time,rs-004224-mtsgl,31f6afa0-9f17-4aa8-b021-19880876b5c3,4,3854.705534
2026/02/05/11:25:45,running-time,rs-004224-mtsgl,31f6afa0-9f17-4aa8-b021-19880876b5c3,4,3854.705534
2026/02/05/11:25:45,apply-time,rs-004224-t2sth,dc5b8a44-9aed-4e8d-b364-a2831f7eb56a,4,3854.705534
2026/02/05/11:25:45,running-time,rs-004224-t2sth,dc5b8a44-9aed-4e8d-b364-a2831f7eb56a,4,3854.705534
2026/02/05/11:25:45,apply-time,rs-004225-59dpc,89834733-712b-40f3-b0a8-281aa2270dae,2,3854.705534
2026/02/05/11:25:45,running-time,rs-004225-59dpc,89834733-712b-40f3-b0a8-281aa2270dae,2,3854.705534
2026/02/05/11:25:45,apply-time,rs-004225-mlvzs,9547d61e-bd4f-49a5-bfcb-3a007bb433ed,2,3854.705534
2026/02/05/11:25:45,running-time,rs-004225-mlvzs,9547d61e-bd4f-49a5-bfcb-3a007bb433ed,2,3854.705534
2026/02/05/11:25:45,apply-time,rs-004225-vvfxs,d66be757-b9c4-45ce-b674-a9b86f005290,2,3854.705534
2026/02/05/11:25:45,running-time,rs-004225-vvfxs,d66be757-b9c4-45ce-b674-a9b86f005290,2,3854.705534
2026/02/05/11:25:45,apply-time,rs-004226-hc2hv,b4fa6343-5fdd-4e82-ba83-e7a1533ffedd,2,3854.705534
2026/02/05/11:25:45,running-time,rs-004226-hc2hv,b4fa6343-5fdd-4e82-ba83-e7a1533ffedd,2,3854.705534
2026/02/05/11:25:45,apply-time,rs-004226-rzsrh,3cef1081-da23-4287-939c-1ce1f0581524,2,3854.705534
2026/02/05/11:25:45,running-time,rs-004226-rzsrh,3cef1081-da23-4287-939c-1ce1f0581524,2,3854.705534
2026/02/05/11:25:48,running-time,rs-004215-7vfgh,db4dc4b6-537c-4072-a46f-f51b4e87a79f,3,3856.705534
2026/02/05/11:25:49,apply-time,rs-004227-fqr6z,b15571c4-8cd1-4e31-b335-02fac42e6f1c,3,3857.705534
2026/02/05/11:25:49,running-time,rs-004227-fqr6z,b15571c4-8cd1-4e31-b335-02fac42e6f1c,3,3857.705534
2026/02/05/11:25:49,apply-time,rs-004227-tzl69,94e10cf1-07a7-4c44-9a6e-464b67aed254,3,3857.705534
2026/02/05/11:25:49,running-time,rs-004227-tzl69,94e10cf1-07a7-4c44-9a6e-464b67aed254,3,3857.705534
2026/02/05/11:25:49,apply-time,rs-004227-vf72w,b1f39ca9-57e6-4d03-9681-3d1dfbb1599f,3,3857.705534
2026/02/05/11:25:49,running-time,rs-004227-vf72w,b1f39ca9-57e6-4d03-9681-3d1dfbb1599f,3,3857.705534
2026/02/05/11:25:49,apply-time,rs-004228-57k5g,531bdf7a-deb1-4dac-ab8b-d49c790becda,2,3857.705534
2026/02/05/11:25:49,running-time,rs-004228-57k5g,531bdf7a-deb1-4dac-ab8b-d49c790becda,2,3857.705534
2026/02/05/11:25:49,apply-time,rs-004229-2tzjw,6b79e6fe-42c7-45d2-98a1-980480c5b86f,2,3857.705534
2026/02/05/11:25:49,running-time,rs-004229-2tzjw,6b79e6fe-42c7-45d2-98a1-980480c5b86f,2,3857.705534
2026/02/05/11:25:49,apply-time,rs-004229-5f6cd,a53fbe27-c0a8-4661-a98d-77c639c3b6f4,2,3857.705534
2026/02/05/11:25:49,running-time,rs-004229-5f6cd,a53fbe27-c0a8-4661-a98d-77c639c3b6f4,2,3857.705534
2026/02/05/11:25:49,apply-time,rs-004230-cqjk2,266f6892-62f3-467f-a7f0-623e32d2acdc,4,3858.705534
2026/02/05/11:25:49,running-time,rs-004230-cqjk2,266f6892-62f3-467f-a7f0-623e32d2acdc,4,3858.705534
2026/02/05/11:25:49,apply-time,rs-004230-jn4lw,d738f0ea-f2fa-4947-85b2-fac4b67aaced,4,3858.705534
2026/02/05/11:25:49,running-time,rs-004230-jn4lw,d738f0ea-f2fa-4947-85b2-fac4b67aaced,4,3858.705534
2026/02/05/11:25:49,apply-time,rs-004231-hpm4k,2d3c9a67-724e-4d72-88cb-2602a711be1a,2,3858.705534
2026/02/05/11:25:49,running-time,rs-004231-hpm4k,2d3c9a67-724e-4d72-88cb-2602a711be1a,2,3858.705534
2026/02/05/11:25:49,apply-time,rs-004232-f9sv4,7e9e58d1-3ab1-4117-86fd-ea632a5a38bc,1,3858.705534
2026/02/05/11:25:49,apply-time,rs-004232-n9sp6,0c110346-03e5-4930-86e8-9670dcab6187,1,3858.705534
2026/02/05/11:25:49,running-time,rs-004232-n9sp6,0c110346-03e5-4930-86e8-9670dcab6187,1,3858.705534
2026/02/05/11:25:49,apply-time,rs-004233-8x7fc,4a40dccf-9ee3-47f0-9703-4e27e348c748,2,3858.705534
2026/02/05/11:25:49,running-time,rs-004233-8x7fc,4a40dccf-9ee3-47f0-9703-4e27e348c748,2,3858.705534
2026/02/05/11:25:49,apply-time,rs-004233-jz8gv,e39c26c2-a41f-47af-94f3-f212f280e71d,2,3858.705534
2026/02/05/11:25:49,running-time,rs-004233-jz8gv,e39c26c2-a41f-47af-94f3-f212f280e71d,2,3858.705534
2026/02/05/11:25:49,apply-time,rs-004233-swjsw,8b72f084-5434-434a-a34a-ebe3d64f0f31,2,3858.705534
2026/02/05/11:25:49,running-time,rs-004233-swjsw,8b72f084-5434-434a-a34a-ebe3d64f0f31,2,3858.705534
2026/02/05/11:25:50,running-time,rs-004232-f9sv4,7e9e58d1-3ab1-4117-86fd-ea632a5a38bc,1,3858.705534
2026/02/05/11:25:50,apply-time,rs-004234-cjtjn,07ea07d9-78c0-4931-a0ca-4688efa6332f,2,3859.705534
2026/02/05/11:25:50,running-time,rs-004234-cjtjn,07ea07d9-78c0-4931-a0ca-4688efa6332f,2,3859.705534
2026/02/05/11:25:50,apply-time,rs-004234-szwt9,c48d5fee-bb49-47bd-9b8c-d09401a8b886,2,3859.705534
2026/02/05/11:25:50,running-time,rs-004234-szwt9,c48d5fee-bb49-47bd-9b8c-d09401a8b886,2,3859.705534
2026/02/05/11:25:50,apply-time,rs-004234-v69b2,1c1238b9-4cf0-48d7-bc3f-28a1bd5d3101,2,3859.705534
2026/02/05/11:25:50,running-time,rs-004234-v69b2,1c1238b9-4cf0-48d7-bc3f-28a1bd5d3101,2,3859.705534
2026/02/05/11:25:50,apply-time,rs-004235-4m74v,7ed69bbf-187b-4fc0-9820-9a4ee2e93123,2,3859.705534
2026/02/05/11:25:50,running-time,rs-004235-4m74v,7ed69bbf-187b-4fc0-9820-9a4ee2e93123,2,3859.705534
2026/02/05/11:25:50,apply-time,rs-004235-p5mgk,3d046e5c-4c0a-4698-ac66-c6b5ee1adc04,2,3859.705534
2026/02/05/11:25:50,running-time,rs-004235-p5mgk,3d046e5c-4c0a-4698-ac66-c6b5ee1adc04,2,3859.705534
2026/02/05/11:25:50,apply-time,rs-004235-sxfmp,be22bf3a-a5e9-4797-becd-a7bed864efae,2,3859.705534
2026/02/05/11:25:50,running-time,rs-004235-sxfmp,be22bf3a-a5e9-4797-becd-a7bed864efae,2,3859.705534
2026/02/05/11:25:50,apply-time,rs-004236-cqxww,28b6734d-37f7-4d0f-8aa6-7dbcb941c123,4,3859.705534
2026/02/05/11:25:50,running-time,rs-004236-cqxww,28b6734d-37f7-4d0f-8aa6-7dbcb941c123,4,3859.705534
2026/02/05/11:25:51,apply-time,rs-004237-k2rns,eb2dfb49-c8c3-45f4-8912-905da007898c,2,3859.705534
2026/02/05/11:25:51,running-time,rs-004237-k2rns,eb2dfb49-c8c3-45f4-8912-905da007898c,2,3859.705534
2026/02/05/11:25:51,apply-time,rs-004237-r78jt,6f06852b-33d6-4832-96e4-4c0a43181f6b,2,3859.705534
2026/02/05/11:25:51,running-time,rs-004237-r78jt,6f06852b-33d6-4832-96e4-4c0a43181f6b,2,3859.705534
2026/02/05/11:25:51,apply-time,rs-004238-4nfdg,d07ffb21-db54-457a-a638-06e3fd061941,1,3859.705534
2026/02/05/11:25:51,running-time,rs-004238-4nfdg,d07ffb21-db54-457a-a638-06e3fd061941,1,3859.705534
2026/02/05/11:25:51,apply-time,rs-004238-rdv8n,e909d863-6661-49ff-a382-1b6eb4e0a7a7,1,3859.705534
2026/02/05/11:25:51,running-time,rs-004238-rdv8n,e909d863-6661-49ff-a382-1b6eb4e0a7a7,1,3859.705534
2026/02/05/11:25:51,apply-time,rs-004239-bz6p6,541a87ab-6b4b-479d-bd0e-b8de16f65881,2,3859.705534
2026/02/05/11:25:51,running-time,rs-004239-bz6p6,541a87ab-6b4b-479d-bd0e-b8de16f65881,2,3859.705534
2026/02/05/11:25:51,apply-time,rs-004240-mdp4t,2cee542e-66ec-40e2-a06e-163dbd8c56d4,1,3860.705534
2026/02/05/11:25:51,apply-time,rs-004240-xgq8q,1f25ceaf-abf0-461b-83d5-e0e5d52d30f6,1,3859.705534
2026/02/05/11:25:51,apply-time,rs-004241-dqcj4,541fce1a-2b22-4c8b-aada-170bc91d9bc1,2,3859.705534
2026/02/05/11:25:51,apply-time,rs-004242-b4qtz,3c1be3e1-ca41-41a6-a7d8-9c693127273d,2,3860.705534
2026/02/05/11:25:52,running-time,rs-004240-mdp4t,2cee542e-66ec-40e2-a06e-163dbd8c56d4,1,3860.705534
2026/02/05/11:25:52,running-time,rs-004241-dqcj4,541fce1a-2b22-4c8b-aada-170bc91d9bc1,2,3860.705534
2026/02/05/11:25:52,apply-time,rs-004243-55qdl,74dae7d0-f8b8-4a00-8660-596f443f2ab3,2,3860.705534
2026/02/05/11:25:52,apply-time,rs-004243-qfvpp,ce0241f0-79b1-4d3d-b285-b3245f1fdd67,2,3860.705534
2026/02/05/11:25:52,running-time,rs-004243-qfvpp,ce0241f0-79b1-4d3d-b285-b3245f1fdd67,2,3861.705534
2026/02/05/11:25:52,apply-time,rs-004244-9tjjp,abaa7582-2c6e-4693-9b00-7db915c7cec3,1,3860.705534
2026/02/05/11:25:52,running-time,rs-004244-9tjjp,abaa7582-2c6e-4693-9b00-7db915c7cec3,1,3860.705534
2026/02/05/11:25:52,apply-time,rs-004245-5wgbx,1eb9bbc4-53b6-4b72-8474-6c9f03a89c11,3,3860.705534
2026/02/05/11:25:52,running-time,rs-004245-5wgbx,1eb9bbc4-53b6-4b72-8474-6c9f03a89c11,3,3860.705534
2026/02/05/11:25:52,apply-time,rs-004245-8krwr,1fd98293-591f-4b27-8ab9-9ccfed1d34d0,3,3860.705534
2026/02/05/11:25:52,running-time,rs-004245-8krwr,1fd98293-591f-4b27-8ab9-9ccfed1d34d0,3,3861.705534
2026/02/05/11:25:52,apply-time,rs-004246-bltbd,3cd549da-c9f7-411d-a3fc-1eb190d75b0a,2,3860.705534
2026/02/05/11:25:52,apply-time,rs-004247-k2zzv,1978e7e7-d9ae-4c66-848e-51fb2da79835,3,3860.705534
2026/02/05/11:25:52,running-time,rs-004247-k2zzv,1978e7e7-d9ae-4c66-848e-51fb2da79835,3,3860.705534
2026/02/05/11:25:52,apply-time,rs-004247-v78f2,cf0554ea-038a-4556-abf9-f85b095fa775,3,3861.705534
2026/02/05/11:25:52,running-time,rs-004247-v78f2,cf0554ea-038a-4556-abf9-f85b095fa775,3,3861.705534
2026/02/05/11:25:52,apply-time,rs-004248-kcsp9,fc4c96c1-d584-449e-99d1-cd414543d6ff,4,3861.705534
2026/02/05/11:25:52,running-time,rs-004248-kcsp9,fc4c96c1-d584-449e-99d1-cd414543d6ff,4,3861.705534
2026/02/05/11:25:53,running-time,rs-004242-b4qtz,3c1be3e1-ca41-41a6-a7d8-9c693127273d,2,3861.705534
2026/02/05/11:25:53,apply-time,rs-004248-ndjbp,ece41945-a614-46ea-bde4-357d768f27a4,4,3861.705534
2026/02/05/11:25:53,running-time,rs-004248-ndjbp,ece41945-a614-46ea-bde4-357d768f27a4,4,3861.705534
2026/02/05/11:25:53,apply-time,rs-004249-2rvgq,8a81a92a-2a4d-4d40-a0e9-2bbd9e22762b,1,3861.705534
2026/02/05/11:25:53,apply-time,rs-004249-txlqf,228787b6-9ae8-4bc8-a983-c39b476861d3,1,3861.705534
2026/02/05/11:25:53,apply-time,rs-004250-dvnxn,c3887d27-be86-4d11-9087-d19ca87323cb,1,3861.705534
2026/02/05/11:25:53,apply-time,rs-004251-wr22l,282305b8-5225-4e4e-969e-ebf68ce80185,2,3861.705534
2026/02/05/11:25:53,running-time,rs-004251-wr22l,282305b8-5225-4e4e-969e-ebf68ce80185,2,3861.705534
2026/02/05/11:25:53,apply-time,rs-004252-jfmmv,01c122ce-ef1c-4628-a939-64ac6814cf30,2,3862.705534
2026/02/05/11:25:53,apply-time,rs-004252-pfsrp,0f3b5ab9-1332-41ea-9ad2-6233a77b53f5,2,3861.705534
2026/02/05/11:25:53,running-time,rs-004252-pfsrp,0f3b5ab9-1332-41ea-9ad2-6233a77b53f5,2,3861.705534
2026/02/05/11:25:53,apply-time,rs-004253-4nxms,8dc976fd-fad6-4241-b2b3-7773a2094e96,3,3862.705534
2026/02/05/11:25:53,apply-time,rs-004253-xmc58,b0bc2e70-7bb1-432f-ae7f-d3f853400bce,3,3862.705534
2026/02/05/11:25:53,apply-time,rs-004253-z822x,301e5e20-ce60-477b-a39f-599c98402993,3,3861.705534
2026/02/05/11:25:53,running-time,rs-004253-z822x,301e5e20-ce60-477b-a39f-599c98402993,3,3862.705534
2026/02/05/11:25:54,running-time,rs-004252-jfmmv,01c122ce-ef1c-4628-a939-64ac6814cf30,2,3862.705534
2026/02/05/11:25:54,running-time,rs-004253-4nxms,8dc976fd-fad6-4241-b2b3-7773a2094e96,3,3862.705534
2026/02/05/11:25:54,running-time,rs-004253-xmc58,b0bc2e70-7bb1-432f-ae7f-d3f853400bce,3,3862.705534
2026/02/05/11:25:56,running-time,rs-004240-xgq8q,1f25ceaf-abf0-461b-83d5-e0e5d52d30f6,1,3864.705534
2026/02/05/11:26:06,apply-time,rs-004254-csvtx,b4003817-09c2-4026-a5fa-453c698d9391,1,3874.705534
2026/02/05/11:26:06,running-time,rs-004254-csvtx,b4003817-09c2-4026-a5fa-453c698d9391,1,3874.705534
2026/02/05/11:26:06,apply-time,rs-004254-jg9wg,52665b23-aede-4a95-bc90-cf9022262fe6,1,3874.705534
2026/02/05/11:26:06,running-time,rs-004254-jg9wg,52665b23-aede-4a95-bc90-cf9022262fe6,1,3874.705534
2026/02/05/11:26:06,apply-time,rs-004255-72j4r,c1eb894c-d3c1-43fc-b4cf-a028919a5be3,1,3874.705534
2026/02/05/11:26:06,running-time,rs-004255-72j4r,c1eb894c-d3c1-43fc-b4cf-a028919a5be3,1,3874.705534
2026/02/05/11:26:06,apply-time,rs-004255-98tzz,0848f92e-065e-42a4-88b7-4a4de1fd2948,1,3874.705534
2026/02/05/11:26:06,running-time,rs-004255-98tzz,0848f92e-065e-42a4-88b7-4a4de1fd2948,1,3874.705534
2026/02/05/11:26:06,apply-time,rs-004256-5xmp4,62fbd53a-4ee2-42da-b837-74eed88fdfe5,1,3874.705534
2026/02/05/11:26:06,running-time,rs-004256-5xmp4,62fbd53a-4ee2-42da-b837-74eed88fdfe5,1,3874.705534
2026/02/05/11:26:06,apply-time,rs-004256-phklb,fd614103-cb8a-47cb-b3fc-3c56065b59ff,1,3874.705534
2026/02/05/11:26:06,running-time,rs-004256-phklb,fd614103-cb8a-47cb-b3fc-3c56065b59ff,1,3874.705534
2026/02/05/11:26:06,apply-time,rs-004256-ppdgr,3483a7fa-cf24-4db0-b2f8-ed8203a4966f,1,3874.705534
2026/02/05/11:26:06,running-time,rs-004256-ppdgr,3483a7fa-cf24-4db0-b2f8-ed8203a4966f,1,3874.705534
2026/02/05/11:26:07,apply-time,rs-004257-8zfqk,80af6dd3-6277-41ae-8f35-7a53e4301ba2,4,3875.705534
2026/02/05/11:26:07,running-time,rs-004257-8zfqk,80af6dd3-6277-41ae-8f35-7a53e4301ba2,4,3875.705534
2026/02/05/11:26:07,apply-time,rs-004257-bfngj,c3989d67-310b-4713-8401-3cdac0567c9b,4,3875.705534
2026/02/05/11:26:07,running-time,rs-004257-bfngj,c3989d67-310b-4713-8401-3cdac0567c9b,4,3875.705534
2026/02/05/11:26:07,apply-time,rs-004257-rw8mw,98a81f4e-ebd4-4491-9a38-c0194069082a,4,3875.705534
2026/02/05/11:26:07,running-time,rs-004257-rw8mw,98a81f4e-ebd4-4491-9a38-c0194069082a,4,3875.705534
2026/02/05/11:26:07,apply-time,rs-004258-mqjf5,5fcb2320-e507-41b1-8973-7c5f62934f87,3,3875.705534
2026/02/05/11:26:07,running-time,rs-004258-mqjf5,5fcb2320-e507-41b1-8973-7c5f62934f87,3,3875.705534
2026/02/05/11:26:07,apply-time,rs-004258-x2c45,e1dbc21d-fe72-4a9a-a4a2-5aace86383e1,3,3875.705534
2026/02/05/11:26:07,running-time,rs-004258-x2c45,e1dbc21d-fe72-4a9a-a4a2-5aace86383e1,3,3875.705534
2026/02/05/11:26:07,apply-time,rs-004258-z9rjc,1679240a-b008-4c6c-9cf9-7ce58007f06c,3,3875.705534
2026/02/05/11:26:07,running-time,rs-004258-z9rjc,1679240a-b008-4c6c-9cf9-7ce58007f06c,3,3875.705534
2026/02/05/11:26:07,apply-time,rs-004259-9lrbq,bca98634-20d9-4531-b356-45cb67bd3224,3,3875.705534
2026/02/05/11:26:07,running-time,rs-004259-9lrbq,bca98634-20d9-4531-b356-45cb67bd3224,3,3875.705534
2026/02/05/11:26:07,apply-time,rs-004259-knc9c,ef1c0611-d0e6-4bcc-ad73-c54f75401ea1,3,3875.705534
2026/02/05/11:26:07,running-time,rs-004259-knc9c,ef1c0611-d0e6-4bcc-ad73-c54f75401ea1,3,3875.705534
2026/02/05/11:26:07,apply-time,rs-004260-ftbh8,c4401c17-5f6b-4725-a8ef-8e99957f0509,1,3876.705534
2026/02/05/11:26:07,running-time,rs-004260-ftbh8,c4401c17-5f6b-4725-a8ef-8e99957f0509,1,3876.705534
2026/02/05/11:26:08,apply-time,rs-004260-2kp8j,5d23924a-2994-4268-8d58-e5196da57b45,1,3876.705534
2026/02/05/11:26:08,running-time,rs-004260-2kp8j,5d23924a-2994-4268-8d58-e5196da57b45,1,3876.705534
2026/02/05/11:26:13,apply-time,rs-004261-vqrkx,0def48fc-946b-43b0-bcf3-0d7a59d7396d,1,3881.705534
2026/02/05/11:26:13,running-time,rs-004261-vqrkx,0def48fc-946b-43b0-bcf3-0d7a59d7396d,1,3881.705534
2026/02/05/11:26:13,apply-time,rs-004261-zxfv5,af2f882c-f82f-4ed6-9ee0-1efdfefce0a5,1,3881.705534
2026/02/05/11:26:13,running-time,rs-004261-zxfv5,af2f882c-f82f-4ed6-9ee0-1efdfefce0a5,1,3881.705534
2026/02/05/11:26:13,apply-time,rs-004262-5x9vr,00a9739a-9172-4029-83e2-57477c91f738,2,3881.705534
2026/02/05/11:26:13,running-time,rs-004262-5x9vr,00a9739a-9172-4029-83e2-57477c91f738,2,3881.705534
2026/02/05/11:26:13,apply-time,rs-004262-l5ksz,ed087aa7-d4a1-4163-9871-8413bfd540f1,2,3881.705534
2026/02/05/11:26:13,running-time,rs-004262-l5ksz,ed087aa7-d4a1-4163-9871-8413bfd540f1,2,3881.705534
2026/02/05/11:26:13,apply-time,rs-004263-ft4t4,7b4c7067-6f88-4a64-a9e7-f9e5eb5367e2,2,3881.705534
2026/02/05/11:26:13,running-time,rs-004263-ft4t4,7b4c7067-6f88-4a64-a9e7-f9e5eb5367e2,2,3881.705534
2026/02/05/11:26:13,apply-time,rs-004264-265kn,05547b56-11e9-45ed-9f84-3cd6741022a9,2,3881.705534
2026/02/05/11:26:13,running-time,rs-004264-265kn,05547b56-11e9-45ed-9f84-3cd6741022a9,2,3881.705534
2026/02/05/11:26:13,apply-time,rs-004264-8dtnc,d25de20c-893e-412d-8a42-6e0b6a402f50,2,3881.705534
2026/02/05/11:26:13,running-time,rs-004264-8dtnc,d25de20c-893e-412d-8a42-6e0b6a402f50,2,3881.705534
2026/02/05/11:26:13,apply-time,rs-004265-4gfx8,65e8b71b-df16-4e04-9bb8-e4dc4170d475,1,3881.705534
2026/02/05/11:26:13,running-time,rs-004265-4gfx8,65e8b71b-df16-4e04-9bb8-e4dc4170d475,1,3881.705534
2026/02/05/11:26:13,apply-time,rs-004266-pvzvk,4ded2079-4b6a-4610-8319-d82d896224e8,2,3881.705534
2026/02/05/11:26:13,running-time,rs-004266-pvzvk,4ded2079-4b6a-4610-8319-d82d896224e8,2,3881.705534
2026/02/05/11:26:13,apply-time,rs-004266-t9btk,2741ae2b-cd48-4a73-a7ab-fb9d032cb900,2,3881.705534
2026/02/05/11:26:13,running-time,rs-004266-t9btk,2741ae2b-cd48-4a73-a7ab-fb9d032cb900,2,3881.705534
2026/02/05/11:26:13,apply-time,rs-004266-wbfk9,1f42f212-91ff-4157-a197-f0cee3078d19,2,3881.705534
2026/02/05/11:26:13,running-time,rs-004266-wbfk9,1f42f212-91ff-4157-a197-f0cee3078d19,2,3881.705534
2026/02/05/11:26:13,apply-time,rs-004267-xwt4r,335ed43c-e946-4317-a756-f9105535e504,1,3881.705534
2026/02/05/11:26:13,running-time,rs-004267-xwt4r,335ed43c-e946-4317-a756-f9105535e504,1,3881.705534
2026/02/05/11:26:13,apply-time,rs-004268-d7htz,23e1b31e-91f0-4035-810e-192d8c795e13,2,3882.705534
2026/02/05/11:26:13,running-time,rs-004268-d7htz,23e1b31e-91f0-4035-810e-192d8c795e13,2,3882.705534
2026/02/05/11:26:13,apply-time,rs-004269-rnxx4,0c91591e-1e25-4a19-b88f-b1ce005e38a3,4,3882.705534
2026/02/05/11:26:13,apply-time,rs-004270-9ck2v,385a199d-8264-4b6e-b810-5839a50ade6e,4,3882.705534
2026/02/05/11:26:13,running-time,rs-004270-9ck2v,385a199d-8264-4b6e-b810-5839a50ade6e,4,3882.705534
2026/02/05/11:26:14,apply-time,rs-004268-d6bf9,d41a8480-466c-45c6-a0fb-a8c21d1c8efc,2,3882.705534
2026/02/05/11:26:14,running-time,rs-004268-d6bf9,d41a8480-466c-45c6-a0fb-a8c21d1c8efc,2,3882.705534
2026/02/05/11:26:14,apply-time,rs-004268-m7w4g,ca17ce7f-7be2-44a8-8068-3792e5a0d73c,2,3882.705534
2026/02/05/11:26:14,running-time,rs-004268-m7w4g,ca17ce7f-7be2-44a8-8068-3792e5a0d73c,2,3882.705534
2026/02/05/11:26:14,running-time,rs-004269-rnxx4,0c91591e-1e25-4a19-b88f-b1ce005e38a3,4,3882.705534
2026/02/05/11:26:14,apply-time,rs-004271-29zlb,db5bec2e-da9c-4643-9dd0-fadf0534d806,3,3883.705534
2026/02/05/11:26:14,running-time,rs-004271-29zlb,db5bec2e-da9c-4643-9dd0-fadf0534d806,3,3883.705534
2026/02/05/11:26:14,apply-time,rs-004271-dbd6n,393ad36f-303d-4993-b7cc-8b8bac70f46d,3,3883.705534
2026/02/05/11:26:14,running-time,rs-004271-dbd6n,393ad36f-303d-4993-b7cc-8b8bac70f46d,3,3883.705534
2026/02/05/11:26:14,apply-time,rs-004271-g8bxk,cc717ca1-e7eb-475c-b323-de2763f79377,3,3882.705534
2026/02/05/11:26:14,running-time,rs-004271-g8bxk,cc717ca1-e7eb-475c-b323-de2763f79377,3,3882.705534
2026/02/05/11:26:14,apply-time,rs-004272-64ddk,0007daa9-0667-4d23-9ce4-c402b11b592d,1,3882.705534
2026/02/05/11:26:14,running-time,rs-004272-64ddk,0007daa9-0667-4d23-9ce4-c402b11b592d,1,3882.705534
2026/02/05/11:26:14,apply-time,rs-004273-mqc7t,b02fcc67-2ce8-40bb-8a3a-5d346f3603d3,2,3882.705534
2026/02/05/11:26:14,apply-time,rs-004274-wg8qh,1e6a7b55-6955-42e0-b4a0-2dd8ba37a79c,1,3883.705534
2026/02/05/11:26:14,apply-time,rs-004275-ddgkz,43d966d0-60e6-430e-a248-17ee35751e38,1,3883.705534
2026/02/05/11:26:14,running-time,rs-004275-ddgkz,43d966d0-60e6-430e-a248-17ee35751e38,1,3883.705534
2026/02/05/11:26:15,running-time,rs-004273-mqc7t,b02fcc67-2ce8-40bb-8a3a-5d346f3603d3,2,3883.705534
2026/02/05/11:26:15,running-time,rs-004274-wg8qh,1e6a7b55-6955-42e0-b4a0-2dd8ba37a79c,1,3884.705534
2026/02/05/11:26:15,apply-time,rs-004275-b55b4,fa0a2b95-e561-45d6-8952-cc1b6354f7ea,1,3883.705534
2026/02/05/11:26:15,running-time,rs-004275-b55b4,fa0a2b95-e561-45d6-8952-cc1b6354f7ea,1,3883.705534
2026/02/05/11:26:19,apply-time,rs-004276-kkngw,d5904ae6-edb3-4c72-905e-af7260ed3ff6,4,3887.705534
2026/02/05/11:26:19,running-time,rs-004276-kkngw,d5904ae6-edb3-4c72-905e-af7260ed3ff6,4,3887.705534
2026/02/05/11:26:19,apply-time,rs-004276-xvgql,d547179b-40dc-4169-a961-a038cd681274,4,3887.705534
2026/02/05/11:26:19,running-time,rs-004276-xvgql,d547179b-40dc-4169-a961-a038cd681274,4,3887.705534
2026/02/05/11:26:19,apply-time,rs-004277-6d8rc,2d495fb9-9bd9-423f-9380-b8d330a2fb39,1,3887.705534
2026/02/05/11:26:19,running-time,rs-004277-6d8rc,2d495fb9-9bd9-423f-9380-b8d330a2fb39,1,3887.705534
2026/02/05/11:26:19,apply-time,rs-004278-kvwdc,5c29fb56-e5f9-4310-8ffb-3557510e0007,2,3887.705534
2026/02/05/11:26:19,running-time,rs-004278-kvwdc,5c29fb56-e5f9-4310-8ffb-3557510e0007,2,3887.705534
2026/02/05/11:26:19,apply-time,rs-004278-nh4qh,1d51a94f-9ae4-44e5-87dd-04c477b0ee18,2,3887.705534
2026/02/05/11:26:19,running-time,rs-004278-nh4qh,1d51a94f-9ae4-44e5-87dd-04c477b0ee18,2,3887.705534
2026/02/05/11:26:19,apply-time,rs-004278-nx6lt,2db5795a-e77c-481d-bdb7-7c6aaa482928,2,3887.705534
2026/02/05/11:26:19,running-time,rs-004278-nx6lt,2db5795a-e77c-481d-bdb7-7c6aaa482928,2,3887.705534
2026/02/05/11:26:19,apply-time,rs-004279-8jh24,a328870b-81a3-4681-9b11-618c18baa0b0,2,3887.705534
2026/02/05/11:26:19,running-time,rs-004279-8jh24,a328870b-81a3-4681-9b11-618c18baa0b0,2,3887.705534
2026/02/05/11:26:19,apply-time,rs-004280-kj8pq,fb694517-9023-4633-91b8-537de06a9fe9,3,3887.705534
2026/02/05/11:26:19,running-time,rs-004280-kj8pq,fb694517-9023-4633-91b8-537de06a9fe9,3,3888.705534
2026/02/05/11:26:19,apply-time,rs-004280-lc472,118f665c-7187-4762-af28-99b101ce9bc4,3,3887.705534
2026/02/05/11:26:19,running-time,rs-004280-lc472,118f665c-7187-4762-af28-99b101ce9bc4,3,3888.705534
2026/02/05/11:26:19,apply-time,rs-004280-sksxl,27669e98-83b2-4317-8bff-6fe2081281be,3,3887.705534
2026/02/05/11:26:19,running-time,rs-004280-sksxl,27669e98-83b2-4317-8bff-6fe2081281be,3,3888.705534
2026/02/05/11:26:20,apply-time,rs-004281-98lr5,748d96be-d9db-4fd0-851f-101d5c85c645,2,3888.705534
2026/02/05/11:26:20,running-time,rs-004281-98lr5,748d96be-d9db-4fd0-851f-101d5c85c645,2,3888.705534
2026/02/05/11:26:20,apply-time,rs-004281-g9tjp,55ac690d-ebbb-4c51-a06a-06e6bd3d078f,2,3888.705534
2026/02/05/11:26:20,running-time,rs-004281-g9tjp,55ac690d-ebbb-4c51-a06a-06e6bd3d078f,2,3888.705534
2026/02/05/11:26:20,apply-time,rs-004281-pmfb6,326f931c-93bf-4257-866c-ddff7ad1eb0a,2,3888.705534
2026/02/05/11:26:20,running-time,rs-004281-pmfb6,326f931c-93bf-4257-866c-ddff7ad1eb0a,2,3888.705534
2026/02/05/11:26:34,apply-time,rs-004282-45sgd,f4e17851-1545-4fec-9f67-eb78c5eaa753,3,3902.705534
2026/02/05/11:26:34,running-time,rs-004282-45sgd,f4e17851-1545-4fec-9f67-eb78c5eaa753,3,3902.705534
2026/02/05/11:26:34,apply-time,rs-004283-z7nfp,7f0466b0-5cae-4f55-a63b-1fd232b44f9c,1,3902.705534
2026/02/05/11:26:34,running-time,rs-004283-z7nfp,7f0466b0-5cae-4f55-a63b-1fd232b44f9c,1,3902.705534
2026/02/05/11:26:34,apply-time,rs-004284-ghhth,c5a44bf0-d15b-4679-9c1f-2ff4b6b0ebe4,2,3902.705534
2026/02/05/11:26:34,running-time,rs-004284-ghhth,c5a44bf0-d15b-4679-9c1f-2ff4b6b0ebe4,2,3903.705534
2026/02/05/11:26:34,apply-time,rs-004284-mfj22,59321d7d-216e-4406-8ff0-1a8def97319f,2,3902.705534
2026/02/05/11:26:34,running-time,rs-004284-mfj22,59321d7d-216e-4406-8ff0-1a8def97319f,2,3902.705534
2026/02/05/11:26:34,apply-time,rs-004284-r4flz,0b901915-b82e-4ae3-9dff-0c081f9fcfe3,2,3902.705534
2026/02/05/11:26:34,running-time,rs-004284-r4flz,0b901915-b82e-4ae3-9dff-0c081f9fcfe3,2,3903.705534
2026/02/05/11:26:34,apply-time,rs-004285-nbz5w,c366d9a0-6431-4c87-89c3-d5d21fbd5091,2,3902.705534
2026/02/05/11:26:34,running-time,rs-004285-nbz5w,c366d9a0-6431-4c87-89c3-d5d21fbd5091,2,3903.705534
2026/02/05/11:26:34,apply-time,rs-004286-kd9cr,5cb07131-5356-417e-ae41-385a924f9d38,1,3903.705534
2026/02/05/11:26:34,running-time,rs-004286-kd9cr,5cb07131-5356-417e-ae41-385a924f9d38,1,3903.705534
2026/02/05/11:26:45,apply-time,rs-004287-2clrr,75bf2dbe-0678-45cc-9403-481a05f02cf6,4,3913.705534
2026/02/05/11:26:45,running-time,rs-004287-2clrr,75bf2dbe-0678-45cc-9403-481a05f02cf6,4,3913.705534
2026/02/05/11:26:45,apply-time,rs-004287-tfrtf,f8e6a08c-ae5b-4148-9449-895bbdcb1ace,4,3913.705534
2026/02/05/11:26:45,running-time,rs-004287-tfrtf,f8e6a08c-ae5b-4148-9449-895bbdcb1ace,4,3913.705534
2026/02/05/11:26:45,apply-time,rs-004287-zhxxg,8a3c4aae-063b-42f7-9c5c-5c876915e8ea,4,3913.705534
2026/02/05/11:26:45,running-time,rs-004287-zhxxg,8a3c4aae-063b-42f7-9c5c-5c876915e8ea,4,3913.705534
2026/02/05/11:26:45,apply-time,rs-004288-52nzk,d5e5dbe4-3aaf-4828-9954-a958cb6aa3ed,1,3913.705534
2026/02/05/11:26:45,running-time,rs-004288-52nzk,d5e5dbe4-3aaf-4828-9954-a958cb6aa3ed,1,3913.705534
2026/02/05/11:26:45,apply-time,rs-004288-m5pm7,e4d9645d-2bcb-42b7-966a-29d47dac6d86,1,3913.705534
2026/02/05/11:26:45,running-time,rs-004288-m5pm7,e4d9645d-2bcb-42b7-966a-29d47dac6d86,1,3913.705534
2026/02/05/11:26:45,apply-time,rs-004288-znpmj,b1e89e9e-46aa-49fa-b8b1-bbf77ec41e79,1,3913.705534
2026/02/05/11:26:45,running-time,rs-004288-znpmj,b1e89e9e-46aa-49fa-b8b1-bbf77ec41e79,1,3913.705534
2026/02/05/11:26:45,apply-time,rs-004289-jft7f,69f7029f-8996-4432-a90c-3cccd833c6fe,1,3913.705534
2026/02/05/11:26:45,running-time,rs-004289-jft7f,69f7029f-8996-4432-a90c-3cccd833c6fe,1,3913.705534
2026/02/05/11:26:45,apply-time,rs-004289-nd9gs,7ca2b9c2-7e78-4c16-bfb3-17c435299102,1,3913.705534
2026/02/05/11:26:45,running-time,rs-004289-nd9gs,7ca2b9c2-7e78-4c16-bfb3-17c435299102,1,3913.705534
2026/02/05/11:26:45,apply-time,rs-004290-25l4d,7385124b-2e48-4007-92fb-620e32974bd7,1,3913.705534
2026/02/05/11:26:45,running-time,rs-004290-25l4d,7385124b-2e48-4007-92fb-620e32974bd7,1,3913.705534
2026/02/05/11:26:45,apply-time,rs-004290-rxbht,0f3c4e4d-f3af-4698-82f7-fd9d81aad072,1,3913.705534
2026/02/05/11:26:45,running-time,rs-004290-rxbht,0f3c4e4d-f3af-4698-82f7-fd9d81aad072,1,3913.705534
2026/02/05/11:26:47,apply-time,rs-004291-hz2st,78c80537-0d5c-43e9-a20b-a3f21f141e8b,1,3915.705534
2026/02/05/11:26:47,running-time,rs-004291-hz2st,78c80537-0d5c-43e9-a20b-a3f21f141e8b,1,3915.705534
2026/02/05/11:27:03,apply-time,rs-004292-hx5q7,0e63b9a8-188c-4740-9040-cb8f8a2c6df2,1,3931.705534
2026/02/05/11:27:03,running-time,rs-004292-hx5q7,0e63b9a8-188c-4740-9040-cb8f8a2c6df2,1,3931.705534
2026/02/05/11:27:03,apply-time,rs-004292-wnlhc,2e0400e7-c61f-4795-a1e7-c3df02ab336b,1,3931.705534
2026/02/05/11:27:03,running-time,rs-004292-wnlhc,2e0400e7-c61f-4795-a1e7-c3df02ab336b,1,3931.705534
2026/02/05/11:27:03,apply-time,rs-004293-t5q66,8eec2864-cfa6-4cbf-9ec8-bdf9ce5d3358,1,3931.705534
2026/02/05/11:27:03,running-time,rs-004293-t5q66,8eec2864-cfa6-4cbf-9ec8-bdf9ce5d3358,1,3931.705534
2026/02/05/11:27:03,apply-time,rs-004294-fwsmv,81f8f5e6-4a08-45b8-93bd-ed90076cd05a,1,3931.705534
2026/02/05/11:27:03,running-time,rs-004294-fwsmv,81f8f5e6-4a08-45b8-93bd-ed90076cd05a,1,3931.705534
2026/02/05/11:27:03,apply-time,rs-004294-xtgzp,d6a44923-c3af-46ca-900c-04d3b61fb827,1,3931.705534
2026/02/05/11:27:03,running-time,rs-004294-xtgzp,d6a44923-c3af-46ca-900c-04d3b61fb827,1,3931.705534
2026/02/05/11:27:03,apply-time,rs-004295-rsdbr,a8039bc9-39f6-4120-ae40-9721b685179e,4,3931.705534
2026/02/05/11:27:03,running-time,rs-004295-rsdbr,a8039bc9-39f6-4120-ae40-9721b685179e,4,3931.705534
2026/02/05/11:27:07,apply-time,rs-004296-8cf9n,f5611e7b-c7ff-47cc-b5c0-d6c50b10ad83,3,3936.705534
2026/02/05/11:27:07,apply-time,rs-004297-9ggg8,90dc31ec-b66f-4791-b85b-eb9574d86420,2,3936.705534
2026/02/05/11:27:07,apply-time,rs-004297-qr7lg,531a6400-c1f2-4a3c-81bc-34a8b0aff37f,2,3936.705534
2026/02/05/11:27:07,apply-time,rs-004297-sqnnk,8133c10e-6ce3-4d27-b120-c517d23ddb0a,2,3936.705534
2026/02/05/11:27:08,running-time,rs-004296-8cf9n,f5611e7b-c7ff-47cc-b5c0-d6c50b10ad83,3,3936.705534
2026/02/05/11:27:08,running-time,rs-004297-9ggg8,90dc31ec-b66f-4791-b85b-eb9574d86420,2,3936.705534
2026/02/05/11:27:08,running-time,rs-004297-qr7lg,531a6400-c1f2-4a3c-81bc-34a8b0aff37f,2,3936.705534
2026/02/05/11:27:08,running-time,rs-004297-sqnnk,8133c10e-6ce3-4d27-b120-c517d23ddb0a,2,3936.705534
2026/02/05/11:27:08,apply-time,rs-004298-6zdb8,d5d12b56-1cc8-4392-a84b-65ba93c4c78e,1,3936.705534
2026/02/05/11:27:08,running-time,rs-004298-6zdb8,d5d12b56-1cc8-4392-a84b-65ba93c4c78e,1,3936.705534
2026/02/05/11:27:08,apply-time,rs-004299-2jbtv,99eb20b4-7e69-49cc-8075-2461f29f2e83,2,3936.705534
2026/02/05/11:27:08,running-time,rs-004299-2jbtv,99eb20b4-7e69-49cc-8075-2461f29f2e83,2,3936.705534
2026/02/05/11:27:08,apply-time,rs-004299-6jx4k,5039eb49-274d-4d69-99eb-372d812b663e,2,3936.705534
2026/02/05/11:27:08,running-time,rs-004299-6jx4k,5039eb49-274d-4d69-99eb-372d812b663e,2,3936.705534
2026/02/05/11:27:09,apply-time,rs-004300-qhbgz,4a9d5f99-25a5-4933-8717-08a2a8f4e3ac,1,3938.705534
2026/02/05/11:27:09,running-time,rs-004300-qhbgz,4a9d5f99-25a5-4933-8717-08a2a8f4e3ac,1,3938.705534
2026/02/05/11:27:09,apply-time,rs-004300-qnwrd,17113e24-a5e3-40d6-8203-895493fbb2c1,1,3938.705534
2026/02/05/11:27:09,running-time,rs-004300-qnwrd,17113e24-a5e3-40d6-8203-895493fbb2c1,1,3938.705534
2026/02/05/11:27:09,apply-time,rs-004301-j9fkj,5f60d28c-bba4-4691-bfe5-23f963e231a9,4,3938.705534
2026/02/05/11:27:09,running-time,rs-004301-j9fkj,5f60d28c-bba4-4691-bfe5-23f963e231a9,4,3938.705534
2026/02/05/11:27:09,apply-time,rs-004301-kbhrf,e983ba03-d910-44a7-8da6-4f70b7c3ed7d,4,3938.705534
2026/02/05/11:27:09,running-time,rs-004301-kbhrf,e983ba03-d910-44a7-8da6-4f70b7c3ed7d,4,3938.705534
2026/02/05/11:27:09,apply-time,rs-004301-wvmpx,a1177aa3-f1a9-4b8c-83e6-c6ec4ffe5d44,4,3938.705534
2026/02/05/11:27:09,running-time,rs-004301-wvmpx,a1177aa3-f1a9-4b8c-83e6-c6ec4ffe5d44,4,3938.705534
2026/02/05/11:27:09,apply-time,rs-004302-jtgxl,d1915e3a-8b60-443f-88b0-bfa5c851ca30,3,3938.705534
2026/02/05/11:27:09,running-time,rs-004302-jtgxl,d1915e3a-8b60-443f-88b0-bfa5c851ca30,3,3938.705534
2026/02/05/11:27:09,apply-time,rs-004302-kvvwk,a9195469-0600-478d-9fde-d6ba714a8b77,3,3938.705534
2026/02/05/11:27:09,running-time,rs-004302-kvvwk,a9195469-0600-478d-9fde-d6ba714a8b77,3,3938.705534
2026/02/05/11:27:09,apply-time,rs-004302-mskfd,1fbfd0b8-ef06-45c0-8c75-2134bce2fe7f,3,3938.705534
2026/02/05/11:27:09,running-time,rs-004302-mskfd,1fbfd0b8-ef06-45c0-8c75-2134bce2fe7f,3,3938.705534
2026/02/05/11:27:10,apply-time,rs-004303-nwkgd,f9ce52b0-20c8-46d8-9f98-28ba5e4eb9f2,1,3938.705534
2026/02/05/11:27:10,running-time,rs-004303-nwkgd,f9ce52b0-20c8-46d8-9f98-28ba5e4eb9f2,1,3938.705534
2026/02/05/11:27:10,apply-time,rs-004304-k298j,703cb774-eb58-4687-9f0d-2a57e1b26aec,3,3938.705534
2026/02/05/11:27:10,running-time,rs-004304-k298j,703cb774-eb58-4687-9f0d-2a57e1b26aec,3,3938.705534
2026/02/05/11:27:10,apply-time,rs-004304-tt82f,7d4953c6-92ad-43c8-a023-052d03ebb91a,3,3938.705534
2026/02/05/11:27:10,running-time,rs-004304-tt82f,7d4953c6-92ad-43c8-a023-052d03ebb91a,3,3938.705534
2026/02/05/11:27:10,apply-time,rs-004305-bj55x,b84babce-cc07-4568-a118-a1fa6f5f9302,1,3938.705534
2026/02/05/11:27:10,running-time,rs-004305-bj55x,b84babce-cc07-4568-a118-a1fa6f5f9302,1,3938.705534
2026/02/05/11:27:10,apply-time,rs-004305-chtnq,b4461ce5-57e5-4016-b182-94a57445d024,1,3939.705534
2026/02/05/11:27:10,running-time,rs-004305-chtnq,b4461ce5-57e5-4016-b182-94a57445d024,1,3939.705534
2026/02/05/11:27:10,apply-time,rs-004305-r4ssq,5e3b9730-fff6-414e-b501-d64c63c92d93,1,3939.705534
2026/02/05/11:27:10,running-time,rs-004305-r4ssq,5e3b9730-fff6-414e-b501-d64c63c92d93,1,3939.705534
2026/02/05/11:27:10,apply-time,rs-004306-748jf,0c8a4421-f4ab-4f81-b34a-02164352b2bd,1,3938.705534
2026/02/05/11:27:10,running-time,rs-004306-748jf,0c8a4421-f4ab-4f81-b34a-02164352b2bd,1,3938.705534
2026/02/05/11:27:10,apply-time,rs-004307-w45hg,16905d47-6086-45fd-94f6-9776a0161f7a,4,3939.705534
2026/02/05/11:27:10,running-time,rs-004307-w45hg,16905d47-6086-45fd-94f6-9776a0161f7a,4,3939.705534
2026/02/05/11:27:10,apply-time,rs-004308-fhwqk,0a4f3a07-fa17-45b4-8ab6-61f2ff3b0433,1,3939.705534
2026/02/05/11:27:11,apply-time,rs-004307-jxqpz,6ed7dea5-62be-4e70-bb74-3a92b81eeb7d,4,3939.705534
2026/02/05/11:27:11,running-time,rs-004307-jxqpz,6ed7dea5-62be-4e70-bb74-3a92b81eeb7d,4,3939.705534
2026/02/05/11:27:11,apply-time,rs-004307-rhq64,0bbd7016-7e19-4ee4-bd8e-ec0a35a40ace,4,3939.705534
2026/02/05/11:27:11,running-time,rs-004307-rhq64,0bbd7016-7e19-4ee4-bd8e-ec0a35a40ace,4,3939.705534
2026/02/05/11:27:11,apply-time,rs-004308-6bg74,c5162842-7ab5-4122-ac68-5eb16c2817d4,1,3939.705534
2026/02/05/11:27:11,running-time,rs-004308-6bg74,c5162842-7ab5-4122-ac68-5eb16c2817d4,1,3939.705534
2026/02/05/11:27:11,running-time,rs-004308-fhwqk,0a4f3a07-fa17-45b4-8ab6-61f2ff3b0433,1,3939.705534
2026/02/05/11:27:11,apply-time,rs-004308-x7855,09a9065b-f93a-4c83-b6d3-d8e3eefc1325,1,3939.705534
2026/02/05/11:27:11,running-time,rs-004308-x7855,09a9065b-f93a-4c83-b6d3-d8e3eefc1325,1,3939.705534
2026/02/05/11:27:11,apply-time,rs-004309-d8mcv,1e3fcfe7-b1e4-41c5-a03e-8bf8fd38b8af,4,3940.705534
2026/02/05/11:27:11,running-time,rs-004309-d8mcv,1e3fcfe7-b1e4-41c5-a03e-8bf8fd38b8af,4,3940.705534
2026/02/05/11:27:11,apply-time,rs-004309-gfdtg,ba325d9d-7178-48b4-bb62-572fb81c7a8b,4,3940.705534
2026/02/05/11:27:11,running-time,rs-004309-gfdtg,ba325d9d-7178-48b4-bb62-572fb81c7a8b,4,3940.705534
2026/02/05/11:27:16,apply-time,rs-004310-mnjhs,490067ab-0ecc-45c8-bf29-eef591c72848,3,3944.705534
2026/02/05/11:27:16,running-time,rs-004310-mnjhs,490067ab-0ecc-45c8-bf29-eef591c72848,3,3944.705534
2026/02/05/11:27:16,apply-time,rs-004311-jvf2s,0149be42-aa1d-408d-b661-2b57d253ee5e,1,3944.705534
2026/02/05/11:27:16,running-time,rs-004311-jvf2s,0149be42-aa1d-408d-b661-2b57d253ee5e,1,3944.705534
2026/02/05/11:27:16,apply-time,rs-004312-mxjsw,98f080aa-14f4-4e00-a7bb-a9307222bb7b,4,3944.705534
2026/02/05/11:27:16,running-time,rs-004312-mxjsw,98f080aa-14f4-4e00-a7bb-a9307222bb7b,4,3944.705534
2026/02/05/11:27:16,apply-time,rs-004312-n5h4g,883baf04-9841-4d73-9c5e-90630304ba94,4,3944.705534
2026/02/05/11:27:16,running-time,rs-004312-n5h4g,883baf04-9841-4d73-9c5e-90630304ba94,4,3944.705534
2026/02/05/11:27:16,apply-time,rs-004313-sncb6,1c153581-613f-4651-9e99-48d900399331,1,3944.705534
2026/02/05/11:27:16,running-time,rs-004313-sncb6,1c153581-613f-4651-9e99-48d900399331,1,3944.705534
2026/02/05/11:27:16,apply-time,rs-004314-4v77t,059f6ac8-e57d-49e6-9f99-673c134de39f,2,3944.705534
2026/02/05/11:27:16,running-time,rs-004314-4v77t,059f6ac8-e57d-49e6-9f99-673c134de39f,2,3944.705534
2026/02/05/11:27:16,apply-time,rs-004314-qh5wf,6fd3aeaf-b9e1-405a-9adb-bd21f4d5afb7,2,3944.705534
2026/02/05/11:27:16,running-time,rs-004314-qh5wf,6fd3aeaf-b9e1-405a-9adb-bd21f4d5afb7,2,3944.705534
2026/02/05/11:27:16,apply-time,rs-004314-xcz7x,cc999593-d9db-4c99-ab83-723b52198d7e,2,3944.705534
2026/02/05/11:27:16,running-time,rs-004314-xcz7x,cc999593-d9db-4c99-ab83-723b52198d7e,2,3944.705534
2026/02/05/11:27:16,apply-time,rs-004315-hwsq9,9f5bcb4e-772a-4eea-80c2-c24eeb3084bb,4,3944.705534
2026/02/05/11:27:26,apply-time,rs-004316-jq2nj,853d7431-db34-44c8-85db-629e3b9874f0,3,3954.705534
2026/02/05/11:27:26,running-time,rs-004316-jq2nj,853d7431-db34-44c8-85db-629e3b9874f0,3,3954.705534
2026/02/05/11:27:26,apply-time,rs-004316-xgd99,e5897336-2bbe-490b-a536-1ace49b0672a,3,3954.705534
2026/02/05/11:27:26,running-time,rs-004316-xgd99,e5897336-2bbe-490b-a536-1ace49b0672a,3,3954.705534
2026/02/05/11:27:26,apply-time,rs-004317-d65wv,05772cac-4399-4231-8fec-618a5b2048d0,3,3954.705534
2026/02/05/11:27:26,running-time,rs-004317-d65wv,05772cac-4399-4231-8fec-618a5b2048d0,3,3954.705534
2026/02/05/11:27:26,apply-time,rs-004317-s2dgg,98186741-82f1-41e7-b96d-e31e746408e4,3,3954.705534
2026/02/05/11:27:26,running-time,rs-004317-s2dgg,98186741-82f1-41e7-b96d-e31e746408e4,3,3954.705534
2026/02/05/11:27:26,apply-time,rs-004317-vzdkz,c5b6c051-a825-4a78-88b3-2f69dbdbb059,3,3954.705534
2026/02/05/11:27:26,running-time,rs-004317-vzdkz,c5b6c051-a825-4a78-88b3-2f69dbdbb059,3,3954.705534
2026/02/05/11:27:28,apply-time,rs-004318-g9skd,8bcabc15-ec28-4d5b-a2b5-68973df96b4a,1,3956.705534
2026/02/05/11:27:28,running-time,rs-004318-g9skd,8bcabc15-ec28-4d5b-a2b5-68973df96b4a,1,3956.705534
2026/02/05/11:27:28,apply-time,rs-004318-jlq65,9b923f7d-a56f-46b9-9b3c-56c4aa90837c,1,3956.705534
2026/02/05/11:27:28,running-time,rs-004318-jlq65,9b923f7d-a56f-46b9-9b3c-56c4aa90837c,1,3956.705534
2026/02/05/11:27:28,apply-time,rs-004318-w2n28,2401deaf-7731-42ed-ac5b-f3534a039811,1,3956.705534
2026/02/05/11:27:28,running-time,rs-004318-w2n28,2401deaf-7731-42ed-ac5b-f3534a039811,1,3956.705534
2026/02/05/11:27:28,apply-time,rs-004319-dfhl4,c593d5e5-f784-49a4-b3df-a0f4114297b5,4,3956.705534
2026/02/05/11:27:28,running-time,rs-004319-dfhl4,c593d5e5-f784-49a4-b3df-a0f4114297b5,4,3956.705534
2026/02/05/11:27:28,apply-time,rs-004319-lv7z6,9a087105-a78b-4573-8e12-00bff0e4e3fc,4,3956.705534
2026/02/05/11:27:28,running-time,rs-004319-lv7z6,9a087105-a78b-4573-8e12-00bff0e4e3fc,4,3956.705534
2026/02/05/11:27:28,apply-time,rs-004320-hpqxk,6c266608-5f2e-405d-a505-9bc90d945224,3,3956.705534
2026/02/05/11:27:28,running-time,rs-004320-hpqxk,6c266608-5f2e-405d-a505-9bc90d945224,3,3956.705534
2026/02/05/11:27:28,apply-time,rs-004320-tdp9g,30853347-43f9-49bb-b258-dcaddbdb615e,3,3956.705534
2026/02/05/11:27:28,running-time,rs-004320-tdp9g,30853347-43f9-49bb-b258-dcaddbdb615e,3,3956.705534
2026/02/05/11:27:28,apply-time,rs-004321-npr9c,f4136fd4-9f82-484c-ade0-ce1c6e5abaf2,4,3957.705534
2026/02/05/11:27:28,running-time,rs-004321-npr9c,f4136fd4-9f82-484c-ade0-ce1c6e5abaf2,4,3957.705534
2026/02/05/11:27:28,apply-time,rs-004321-zn85l,294a9299-bae1-46fb-9895-183713787f0c,4,3957.705534
2026/02/05/11:27:28,running-time,rs-004321-zn85l,294a9299-bae1-46fb-9895-183713787f0c,4,3957.705534
2026/02/05/11:27:28,apply-time,rs-004322-mflmm,63fc9628-f437-446d-b563-4aa1dc36583e,4,3957.705534
2026/02/05/11:27:28,running-time,rs-004322-mflmm,63fc9628-f437-446d-b563-4aa1dc36583e,4,3957.705534
2026/02/05/11:27:28,apply-time,rs-004322-qhmhh,d8ee0dc7-110a-468d-9e12-c5098d78fe00,4,3957.705534
2026/02/05/11:27:28,running-time,rs-004322-qhmhh,d8ee0dc7-110a-468d-9e12-c5098d78fe00,4,3957.705534
2026/02/05/11:27:28,apply-time,rs-004323-7n65m,38055e65-be64-41fe-98a1-f3e6b6b9bd58,1,3957.705534
2026/02/05/11:27:28,running-time,rs-004323-7n65m,38055e65-be64-41fe-98a1-f3e6b6b9bd58,1,3957.705534
2026/02/05/11:27:29,apply-time,rs-004323-59lbw,0802f7cc-2340-4b0c-97cb-8a0c30d51a43,1,3957.705534
2026/02/05/11:27:29,running-time,rs-004323-59lbw,0802f7cc-2340-4b0c-97cb-8a0c30d51a43,1,3957.705534
2026/02/05/11:27:29,apply-time,rs-004323-kcczh,c4858c89-a720-418f-94b6-4751d403e74d,1,3957.705534
2026/02/05/11:27:29,running-time,rs-004323-kcczh,c4858c89-a720-418f-94b6-4751d403e74d,1,3957.705534
2026/02/05/11:27:34,apply-time,rs-004324-rlzvv,ea0b3a32-c8d9-454d-a5ae-914dbd0256dc,1,3963.705534
2026/02/05/11:27:34,running-time,rs-004324-rlzvv,ea0b3a32-c8d9-454d-a5ae-914dbd0256dc,1,3963.705534
2026/02/05/11:27:35,apply-time,rs-004325-2kjpf,b95cb516-b48c-44d6-82c0-1cbec18dec97,2,3963.705534
2026/02/05/11:27:35,running-time,rs-004325-2kjpf,b95cb516-b48c-44d6-82c0-1cbec18dec97,2,3963.705534
2026/02/05/11:27:35,apply-time,rs-004326-2wllm,1ece476b-d7c7-4b99-b6ae-a62e49f811d6,4,3963.705534
2026/02/05/11:27:35,running-time,rs-004326-2wllm,1ece476b-d7c7-4b99-b6ae-a62e49f811d6,4,3963.705534
2026/02/05/11:27:35,apply-time,rs-004326-8vhv8,095ff2bc-e127-43aa-bd43-d8655ced2845,4,3963.705534
2026/02/05/11:27:35,running-time,rs-004326-8vhv8,095ff2bc-e127-43aa-bd43-d8655ced2845,4,3963.705534
2026/02/05/11:27:35,apply-time,rs-004326-kp4c8,7bef4796-8de8-40a4-b5d9-9d71531ab846,4,3963.705534
2026/02/05/11:27:35,running-time,rs-004326-kp4c8,7bef4796-8de8-40a4-b5d9-9d71531ab846,4,3963.705534
2026/02/05/11:27:35,apply-time,rs-004327-qxpnb,83b1d492-f881-4716-a67c-e30e7a67a1d2,4,3963.705534
2026/02/05/11:27:35,running-time,rs-004327-qxpnb,83b1d492-f881-4716-a67c-e30e7a67a1d2,4,3963.705534
2026/02/05/11:27:35,apply-time,rs-004327-tgvc2,e16b7441-4d4b-462f-87fc-cd96a86b94e2,4,3963.705534
2026/02/05/11:27:35,running-time,rs-004327-tgvc2,e16b7441-4d4b-462f-87fc-cd96a86b94e2,4,3963.705534
2026/02/05/11:27:35,apply-time,rs-004328-s77vg,58bb3928-dfc0-4b6c-86cd-676de8c32539,3,3963.705534
2026/02/05/11:27:35,running-time,rs-004328-s77vg,58bb3928-dfc0-4b6c-86cd-676de8c32539,3,3963.705534
2026/02/05/11:27:35,apply-time,rs-004329-rjcmd,dcfaa290-ca0f-47c6-a32a-24933b703d90,3,3963.705534
2026/02/05/11:27:35,running-time,rs-004329-rjcmd,dcfaa290-ca0f-47c6-a32a-24933b703d90,3,3963.705534
2026/02/05/11:27:35,apply-time,rs-004329-t8hz2,0e4d1f74-04cf-4c5c-a1c0-0f9813487e62,3,3963.705534
2026/02/05/11:27:35,running-time,rs-004329-t8hz2,0e4d1f74-04cf-4c5c-a1c0-0f9813487e62,3,3963.705534
2026/02/05/11:27:41,apply-time,rs-004330-9blb9,90b54f57-092a-4129-bb55-015c7f612cbf,2,3969.705534
2026/02/05/11:27:41,running-time,rs-004330-9blb9,90b54f57-092a-4129-bb55-015c7f612cbf,2,3969.705534
2026/02/05/11:27:41,apply-time,rs-004330-r4bxb,08253fbe-1061-4bd8-be1e-816be7eeaae1,2,3969.705534
2026/02/05/11:27:41,running-time,rs-004330-r4bxb,08253fbe-1061-4bd8-be1e-816be7eeaae1,2,3969.705534
2026/02/05/11:27:43,apply-time,rs-004331-lm77b,9f5e3085-d8fc-42ff-9a2a-fcab1b8b7bac,4,3971.705534
2026/02/05/11:27:43,running-time,rs-004331-lm77b,9f5e3085-d8fc-42ff-9a2a-fcab1b8b7bac,4,3971.705534
2026/02/05/11:27:47,apply-time,rs-004332-6wn8w,dddf971e-1101-4ee7-8b20-a19d6b7de881,2,3975.705534
2026/02/05/11:27:47,running-time,rs-004332-6wn8w,dddf971e-1101-4ee7-8b20-a19d6b7de881,2,3975.705534
2026/02/05/11:27:47,apply-time,rs-004332-7sg7w,0b7e4924-701b-4745-9b52-4e334110778f,2,3975.705534
2026/02/05/11:27:47,running-time,rs-004332-7sg7w,0b7e4924-701b-4745-9b52-4e334110778f,2,3975.705534
2026/02/05/11:27:47,apply-time,rs-004333-bdgwq,a0403278-cffa-4e13-a8fb-ef68b4aed18d,1,3975.705534
2026/02/05/11:27:47,running-time,rs-004333-bdgwq,a0403278-cffa-4e13-a8fb-ef68b4aed18d,1,3975.705534
2026/02/05/11:27:47,apply-time,rs-004334-46778,799516a5-63d7-48a7-8b99-d653a3d6893d,1,3975.705534
2026/02/05/11:27:47,running-time,rs-004334-46778,799516a5-63d7-48a7-8b99-d653a3d6893d,1,3975.705534
2026/02/05/11:27:47,apply-time,rs-004334-xlxrc,2f10cbbe-d5ea-4199-aa75-43586354f171,1,3975.705534
2026/02/05/11:27:47,running-time,rs-004334-xlxrc,2f10cbbe-d5ea-4199-aa75-43586354f171,1,3975.705534
2026/02/05/11:27:50,apply-time,rs-004335-78zlv,613da072-f2d8-484b-b2e0-5996d8a1378e,3,3979.705534
2026/02/05/11:27:50,running-time,rs-004335-78zlv,613da072-f2d8-484b-b2e0-5996d8a1378e,3,3979.705534
2026/02/05/11:27:50,apply-time,rs-004335-lwwh9,07a387ed-7904-4067-b772-66bbea4bf98e,3,3979.705534
2026/02/05/11:27:50,running-time,rs-004335-lwwh9,07a387ed-7904-4067-b772-66bbea4bf98e,3,3979.705534
2026/02/05/11:27:54,apply-time,rs-004336-2gwfg,4c6b03c0-2e38-4dbb-bb4a-540a7a346e16,4,3983.705534
2026/02/05/11:27:54,running-time,rs-004336-2gwfg,4c6b03c0-2e38-4dbb-bb4a-540a7a346e16,4,3983.705534
2026/02/05/11:27:54,apply-time,rs-004336-l5wlt,2d28e9f6-e5dc-40a3-b31c-3877c38c081a,4,3983.705534
2026/02/05/11:27:54,running-time,rs-004336-l5wlt,2d28e9f6-e5dc-40a3-b31c-3877c38c081a,4,3983.705534
2026/02/05/11:27:54,apply-time,rs-004336-np5fc,c3911b67-4486-47eb-adc9-8f684932d43a,4,3983.705534
2026/02/05/11:27:54,running-time,rs-004336-np5fc,c3911b67-4486-47eb-adc9-8f684932d43a,4,3983.705534
2026/02/05/11:27:54,apply-time,rs-004337-5z6qf,3fc14638-f1c3-48cd-9581-12fb04b43947,4,3983.705534
2026/02/05/11:27:54,running-time,rs-004337-5z6qf,3fc14638-f1c3-48cd-9581-12fb04b43947,4,3983.705534
2026/02/05/11:27:54,apply-time,rs-004337-hdkn8,ea710638-09d1-4e76-9365-7d02c1b714d7,4,3983.705534
2026/02/05/11:27:54,running-time,rs-004337-hdkn8,ea710638-09d1-4e76-9365-7d02c1b714d7,4,3983.705534
2026/02/05/11:27:57,apply-time,rs-004338-jftmd,d7e60cdc-1a10-44f0-bd10-dd63705bb4a0,1,3985.705534
2026/02/05/11:27:57,running-time,rs-004338-jftmd,d7e60cdc-1a10-44f0-bd10-dd63705bb4a0,1,3985.705534
2026/02/05/11:28:00,apply-time,rs-004339-747qx,396e0be2-929b-424c-83fa-5906e4422d5d,2,3988.705534
2026/02/05/11:28:00,running-time,rs-004339-747qx,396e0be2-929b-424c-83fa-5906e4422d5d,2,3988.705534
2026/02/05/11:28:00,apply-time,rs-004339-9zbcd,de979203-914c-4d7a-b602-f3874babb9cc,2,3988.705534
2026/02/05/11:28:00,running-time,rs-004339-9zbcd,de979203-914c-4d7a-b602-f3874babb9cc,2,3988.705534
2026/02/05/11:28:00,apply-time,rs-004339-dd7wt,15264727-1eeb-45c7-b535-c22f5156a168,2,3988.705534
2026/02/05/11:28:00,running-time,rs-004339-dd7wt,15264727-1eeb-45c7-b535-c22f5156a168,2,3988.705534
2026/02/05/11:28:00,apply-time,rs-004340-68ts9,b8b9f70d-071d-4a68-892c-7c6f5a8ebdb5,2,3988.705534
2026/02/05/11:28:00,running-time,rs-004340-68ts9,b8b9f70d-071d-4a68-892c-7c6f5a8ebdb5,2,3988.705534
2026/02/05/11:28:00,apply-time,rs-004340-dz257,45275dbb-6e39-4534-85bc-a02d3b9edef8,2,3988.705534
2026/02/05/11:28:00,running-time,rs-004340-dz257,45275dbb-6e39-4534-85bc-a02d3b9edef8,2,3988.705534
2026/02/05/11:28:00,apply-time,rs-004341-8dz8h,bc1bd2bb-3ed4-44b0-9654-ae3ed36f01f2,3,3988.705534
2026/02/05/11:28:00,running-time,rs-004341-8dz8h,bc1bd2bb-3ed4-44b0-9654-ae3ed36f01f2,3,3988.705534
2026/02/05/11:28:00,apply-time,rs-004341-lc2c2,a3d71ec8-cfc0-4d62-8184-a912eded1ab8,3,3988.705534
2026/02/05/11:28:00,running-time,rs-004341-lc2c2,a3d71ec8-cfc0-4d62-8184-a912eded1ab8,3,3988.705534
2026/02/05/11:28:00,apply-time,rs-004341-sxvhp,61a075f9-32a0-45c2-83b6-1a4025b7a8f7,3,3988.705534
2026/02/05/11:28:00,running-time,rs-004341-sxvhp,61a075f9-32a0-45c2-83b6-1a4025b7a8f7,3,3988.705534
2026/02/05/11:28:06,apply-time,rs-004342-42b92,621f0caa-799d-47aa-9406-1fa5b8bdad31,1,3995.705534
2026/02/05/11:28:06,running-time,rs-004342-42b92,621f0caa-799d-47aa-9406-1fa5b8bdad31,1,3995.705534
2026/02/05/11:28:06,apply-time,rs-004342-nqwgn,7bca563f-207c-4c33-97ab-3ad1bf3ac44e,1,3995.705534
2026/02/05/11:28:06,running-time,rs-004342-nqwgn,7bca563f-207c-4c33-97ab-3ad1bf3ac44e,1,3995.705534
2026/02/05/11:28:13,apply-time,rs-004343-8ghnw,3c967766-e893-4fb9-9b03-c8b75485ad1b,3,4002.705534
2026/02/05/11:28:13,apply-time,rs-004343-v9bwm,6ecb238e-5b13-4639-968b-7acd4cd0550e,3,4002.705534
2026/02/05/11:28:13,apply-time,rs-004344-6tjrc,2ade4f3c-f0c0-438a-9f19-e4f243a3acc4,1,4002.705534
2026/02/05/11:28:13,apply-time,rs-004344-vp4xv,b14085a3-a6cd-4d18-b41f-48afe3e3e890,1,4002.705534
2026/02/05/11:28:13,apply-time,rs-004345-kjt6d,581794c7-fcbd-4b7c-9503-38d382250021,2,4002.705534
2026/02/05/11:28:13,apply-time,rs-004345-r6jst,8e265b9f-91d6-4c03-b850-4805c0f8f4c1,2,4002.705534
2026/02/05/11:28:13,running-time,rs-004345-r6jst,8e265b9f-91d6-4c03-b850-4805c0f8f4c1,2,4002.705534
2026/02/05/11:28:13,apply-time,rs-004346-5f5gv,2aa587a3-45f0-4980-9d65-54731ca7f022,2,4002.705534
2026/02/05/11:28:13,apply-time,rs-004346-x2cgs,1d30aa88-7664-4ba2-a175-56311a620005,2,4002.705534
2026/02/05/11:28:14,running-time,rs-004343-8ghnw,3c967766-e893-4fb9-9b03-c8b75485ad1b,3,4002.705534
2026/02/05/11:28:14,running-time,rs-004343-v9bwm,6ecb238e-5b13-4639-968b-7acd4cd0550e,3,4002.705534
2026/02/05/11:28:14,running-time,rs-004344-6tjrc,2ade4f3c-f0c0-438a-9f19-e4f243a3acc4,1,4002.705534
2026/02/05/11:28:14,running-time,rs-004344-vp4xv,b14085a3-a6cd-4d18-b41f-48afe3e3e890,1,4002.705534
2026/02/05/11:28:14,running-time,rs-004345-kjt6d,581794c7-fcbd-4b7c-9503-38d382250021,2,4002.705534
2026/02/05/11:28:14,running-time,rs-004346-5f5gv,2aa587a3-45f0-4980-9d65-54731ca7f022,2,4002.705534
2026/02/05/11:28:14,running-time,rs-004346-x2cgs,1d30aa88-7664-4ba2-a175-56311a620005,2,4002.705534
2026/02/05/11:28:14,apply-time,rs-004347-88tcb,c7129a07-36d3-471d-934f-ceaa882405fc,1,4002.705534
2026/02/05/11:28:14,running-time,rs-004347-88tcb,c7129a07-36d3-471d-934f-ceaa882405fc,1,4002.705534
2026/02/05/11:28:14,apply-time,rs-004348-f2gjb,b4c85416-0d13-4234-9665-1c943441c6ea,1,4002.705534
2026/02/05/11:28:14,running-time,rs-004348-f2gjb,b4c85416-0d13-4234-9665-1c943441c6ea,1,4002.705534
2026/02/05/11:28:14,apply-time,rs-004348-j4bjf,563ce036-e1a2-4cc8-9592-17f819efd2c3,1,4002.705534
2026/02/05/11:28:14,running-time,rs-004348-j4bjf,563ce036-e1a2-4cc8-9592-17f819efd2c3,1,4002.705534
2026/02/05/11:28:14,apply-time,rs-004348-kn8kr,933c7eec-63d4-4e99-ba24-b3125c5c480a,1,4002.705534
2026/02/05/11:28:14,running-time,rs-004348-kn8kr,933c7eec-63d4-4e99-ba24-b3125c5c480a,1,4002.705534
2026/02/05/11:28:23,apply-time,rs-004349-rcnrf,7384385d-f445-4dcc-88a7-1d8dfd558128,3,4012.705534
2026/02/05/11:28:24,running-time,rs-004349-rcnrf,7384385d-f445-4dcc-88a7-1d8dfd558128,3,4012.705534
2026/02/05/11:28:24,apply-time,rs-004349-rn5r5,0a351061-c214-40a4-9754-6e779e67caa2,3,4012.705534
2026/02/05/11:28:24,running-time,rs-004349-rn5r5,0a351061-c214-40a4-9754-6e779e67caa2,3,4012.705534
2026/02/05/11:28:24,apply-time,rs-004350-dsr5p,a5310df2-fdf9-45d4-b85e-a435e91be102,1,4012.705534
2026/02/05/11:28:24,running-time,rs-004350-dsr5p,a5310df2-fdf9-45d4-b85e-a435e91be102,1,4012.705534
2026/02/05/11:28:24,apply-time,rs-004351-8pwht,ce25105b-286e-40cd-9bd7-aeb1d85f68ab,2,4012.705534
2026/02/05/11:28:24,running-time,rs-004351-8pwht,ce25105b-286e-40cd-9bd7-aeb1d85f68ab,2,4012.705534
2026/02/05/11:28:26,apply-time,rs-004352-2q9vl,bdcd7b2a-8f31-497b-8c52-b051d5db8729,3,4015.705534
2026/02/05/11:28:26,running-time,rs-004352-2q9vl,bdcd7b2a-8f31-497b-8c52-b051d5db8729,3,4015.705534
2026/02/05/11:28:26,apply-time,rs-004352-rm5ng,7700f40c-a3a4-4ebd-a659-3ae9dd471bb5,3,4015.705534
2026/02/05/11:28:26,running-time,rs-004352-rm5ng,7700f40c-a3a4-4ebd-a659-3ae9dd471bb5,3,4015.705534
2026/02/05/11:28:26,apply-time,rs-004353-4phqm,c3c5d677-ca81-492d-85d9-8c3e6c051f2a,3,4015.705534
2026/02/05/11:28:26,running-time,rs-004353-4phqm,c3c5d677-ca81-492d-85d9-8c3e6c051f2a,3,4015.705534
2026/02/05/11:28:26,apply-time,rs-004353-kp2j8,24c2264a-6220-4e68-990e-c22f3f8bd2bc,3,4015.705534
2026/02/05/11:28:26,running-time,rs-004353-kp2j8,24c2264a-6220-4e68-990e-c22f3f8bd2bc,3,4015.705534
2026/02/05/11:28:27,apply-time,rs-004354-ppnzs,ff86a3f3-7404-46d4-b6a8-84fceacd15e0,1,4016.705534
2026/02/05/11:28:27,running-time,rs-004354-ppnzs,ff86a3f3-7404-46d4-b6a8-84fceacd15e0,1,4016.705534
2026/02/05/11:28:27,apply-time,rs-004355-czbhf,b64baa18-cafc-4ced-92ee-95b9f992df33,1,4016.705534
2026/02/05/11:28:27,running-time,rs-004355-czbhf,b64baa18-cafc-4ced-92ee-95b9f992df33,1,4016.705534
2026/02/05/11:28:27,apply-time,rs-004355-rrbr4,1208ca9b-d2c6-45ff-95a5-750ecde13182,1,4016.705534
2026/02/05/11:28:27,running-time,rs-004355-rrbr4,1208ca9b-d2c6-45ff-95a5-750ecde13182,1,4016.705534
2026/02/05/11:28:27,apply-time,rs-004356-f25bh,a9c8595d-5a4e-4930-8563-0650175e0368,3,4016.705534
2026/02/05/11:28:27,running-time,rs-004356-f25bh,a9c8595d-5a4e-4930-8563-0650175e0368,3,4016.705534
2026/02/05/11:28:27,apply-time,rs-004356-hrt2j,28e92c82-a299-462b-aa6a-04ab5c34a8ea,3,4016.705534
2026/02/05/11:28:27,running-time,rs-004356-hrt2j,28e92c82-a299-462b-aa6a-04ab5c34a8ea,3,4016.705534
2026/02/05/11:28:27,apply-time,rs-004357-btcx9,d2ede1cc-c2d1-4808-8511-b6c3c86ab66d,3,4016.705534
2026/02/05/11:28:27,running-time,rs-004357-btcx9,d2ede1cc-c2d1-4808-8511-b6c3c86ab66d,3,4016.705534
2026/02/05/11:28:27,apply-time,rs-004357-lxvhn,7d6c42c9-ef6b-445d-ad3a-0193e786ede7,3,4016.705534
2026/02/05/11:28:27,running-time,rs-004357-lxvhn,7d6c42c9-ef6b-445d-ad3a-0193e786ede7,3,4016.705534
2026/02/05/11:28:27,apply-time,rs-004357-qm5h9,7a223832-e251-4bf6-b5e1-96c225a9bb53,3,4016.705534
2026/02/05/11:28:27,running-time,rs-004357-qm5h9,7a223832-e251-4bf6-b5e1-96c225a9bb53,3,4016.705534
2026/02/05/11:28:27,apply-time,rs-004358-7l5wb,b8e0d4dd-cbe7-44d2-aefb-d03fc53b76a8,3,4016.705534
2026/02/05/11:28:27,running-time,rs-004358-7l5wb,b8e0d4dd-cbe7-44d2-aefb-d03fc53b76a8,3,4016.705534
2026/02/05/11:28:27,apply-time,rs-004358-96p7g,32705716-dc1d-4aa2-a4a5-43089e2e1753,3,4016.705534
2026/02/05/11:28:27,running-time,rs-004358-96p7g,32705716-dc1d-4aa2-a4a5-43089e2e1753,3,4016.705534
2026/02/05/11:28:28,apply-time,rs-004359-sjdx9,e93609a3-e559-4075-b4da-e9c8ad180d57,2,4016.705534
2026/02/05/11:28:28,running-time,rs-004359-sjdx9,e93609a3-e559-4075-b4da-e9c8ad180d57,2,4016.705534
2026/02/05/11:28:28,apply-time,rs-004359-w2vz9,a2c8f93a-c967-4e7c-9c41-251f11f296d9,2,4016.705534
2026/02/05/11:28:28,running-time,rs-004359-w2vz9,a2c8f93a-c967-4e7c-9c41-251f11f296d9,2,4016.705534
2026/02/05/11:28:28,apply-time,rs-004360-gbw2x,48fe6858-ed87-4350-82ad-6f5084ea5ffe,2,4016.705534
2026/02/05/11:28:28,running-time,rs-004360-gbw2x,48fe6858-ed87-4350-82ad-6f5084ea5ffe,2,4016.705534
2026/02/05/11:28:28,apply-time,rs-004360-j8t6c,01db3ada-df00-4542-8d05-81994c1dd10e,2,4017.705534
2026/02/05/11:28:28,running-time,rs-004360-j8t6c,01db3ada-df00-4542-8d05-81994c1dd10e,2,4017.705534
2026/02/05/11:28:28,apply-time,rs-004360-n54s7,7a53f9de-5044-4edb-8388-5bad244b2003,2,4017.705534
2026/02/05/11:28:28,running-time,rs-004360-n54s7,7a53f9de-5044-4edb-8388-5bad244b2003,2,4017.705534
2026/02/05/11:28:28,apply-time,rs-004361-299qp,0f2d46de-29f2-42c6-8d69-cb7409a65750,2,4016.705534
2026/02/05/11:28:28,running-time,rs-004361-299qp,0f2d46de-29f2-42c6-8d69-cb7409a65750,2,4017.705534
2026/02/05/11:28:28,apply-time,rs-004361-whdhk,caa8099c-9de6-43d6-8bab-2a4da267e659,2,4016.705534
2026/02/05/11:28:28,running-time,rs-004361-whdhk,caa8099c-9de6-43d6-8bab-2a4da267e659,2,4016.705534
2026/02/05/11:28:29,apply-time,rs-004362-pj94c,b503d584-00af-4ac6-8098-ea0217043602,1,4018.705534
2026/02/05/11:28:29,apply-time,rs-004362-t75fz,529048d0-b5dd-4564-b0c2-532892558609,1,4018.705534
2026/02/05/11:28:29,apply-time,rs-004365-hnfcj,b1938b2d-1b76-4739-ab8f-c8db6a1bc186,2,4018.705534
2026/02/05/11:28:30,apply-time,rs-004363-q6q69,d422b11f-7db4-45f4-9307-ec0291c3512f,1,4018.705534
2026/02/05/11:28:30,running-time,rs-004363-q6q69,d422b11f-7db4-45f4-9307-ec0291c3512f,1,4018.705534
2026/02/05/11:28:30,apply-time,rs-004363-vl7kh,170023b5-ac87-4cab-afa6-a2f247433e8b,1,4018.705534
2026/02/05/11:28:30,running-time,rs-004363-vl7kh,170023b5-ac87-4cab-afa6-a2f247433e8b,1,4018.705534
2026/02/05/11:28:30,apply-time,rs-004364-4vltk,8178625f-790a-4fb6-b243-1d373d397ae4,1,4018.705534
2026/02/05/11:28:30,apply-time,rs-004364-v7bjw,8048fabe-6235-4d13-9054-4aa497362327,1,4018.705534
2026/02/05/11:28:30,running-time,rs-004364-v7bjw,8048fabe-6235-4d13-9054-4aa497362327,1,4018.705534
2026/02/05/11:28:30,running-time,rs-004365-hnfcj,b1938b2d-1b76-4739-ab8f-c8db6a1bc186,2,4018.705534
2026/02/05/11:28:30,apply-time,rs-004366-wx59g,fb131ea4-34e9-4244-a9e4-6e139465fb0d,1,4018.705534
2026/02/05/11:28:30,running-time,rs-004366-wx59g,fb131ea4-34e9-4244-a9e4-6e139465fb0d,1,4018.705534
2026/02/05/11:28:30,apply-time,rs-004367-vd4nf,652814b2-11a9-4d3a-8a0d-03387255e9dc,1,4018.705534
2026/02/05/11:28:30,running-time,rs-004367-vd4nf,652814b2-11a9-4d3a-8a0d-03387255e9dc,1,4018.705534
2026/02/05/11:28:30,apply-time,rs-004367-vjvlv,6b0e630e-4520-4bf1-88c1-66679f0c803d,1,4019.705534
2026/02/05/11:28:30,apply-time,rs-004368-flqfq,2a7f9b2a-22c5-457a-a436-44564f303da7,1,4019.705534
2026/02/05/11:28:30,apply-time,rs-004369-2kvsp,f57835ec-4ed2-4c9a-8c58-b4bbcd3ff0dc,1,4018.705534
2026/02/05/11:28:30,running-time,rs-004369-2kvsp,f57835ec-4ed2-4c9a-8c58-b4bbcd3ff0dc,1,4019.705534
2026/02/05/11:28:30,apply-time,rs-004369-cpqnw,b5368c0e-409c-41eb-b651-6be87a6808b7,1,4019.705534
2026/02/05/11:28:30,running-time,rs-004369-cpqnw,b5368c0e-409c-41eb-b651-6be87a6808b7,1,4019.705534
2026/02/05/11:28:31,apply-time,rs-004368-djcwp,0e589c4e-b387-4c43-a8b1-4a62283f1c23,1,4019.705534
2026/02/05/11:28:31,apply-time,rs-004370-96vxg,487e896f-5afb-44cd-95aa-513a1225b241,4,4019.705534
2026/02/05/11:28:31,apply-time,rs-004371-npv2k,2164b039-5599-4bc8-96fd-2303c2fcc869,2,4019.705534
2026/02/05/11:28:31,apply-time,rs-004372-fcjtb,835e5585-4703-4506-8f29-ea86d1599ec5,1,4019.705534
2026/02/05/11:28:31,apply-time,rs-004372-lpcjj,52f19032-8669-4b56-84a5-35adb625b087,1,4020.705534
2026/02/05/11:28:31,apply-time,rs-004372-rff2c,9c2996d9-045a-491e-b709-7e7f329de4be,1,4020.705534
2026/02/05/11:28:31,apply-time,rs-004373-4lx5h,c25c04a4-1090-4f45-85f8-429bd9312de2,1,4019.705534
2026/02/05/11:28:31,running-time,rs-004373-4lx5h,c25c04a4-1090-4f45-85f8-429bd9312de2,1,4019.705534
2026/02/05/11:28:31,apply-time,rs-004373-7x4x2,2d597319-3751-4209-9837-02b6e1501d06,1,4020.705534
2026/02/05/11:28:31,running-time,rs-004373-7x4x2,2d597319-3751-4209-9837-02b6e1501d06,1,4020.705534
2026/02/05/11:28:31,apply-time,rs-004374-9rb5n,d7c7a06b-5f66-4ae0-b916-9f37e6b8dae7,4,4020.705534
2026/02/05/11:28:31,running-time,rs-004374-9rb5n,d7c7a06b-5f66-4ae0-b916-9f37e6b8dae7,4,4020.705534
2026/02/05/11:28:31,apply-time,rs-004374-rbgj6,42b195c4-064b-4aa0-9122-3fce05dc8c2d,4,4020.705534
2026/02/05/11:28:31,apply-time,rs-004376-qrvkg,c0de5e4a-179c-4e19-b81a-e4586243a2b4,4,4020.705534
2026/02/05/11:28:31,running-time,rs-004376-qrvkg,c0de5e4a-179c-4e19-b81a-e4586243a2b4,4,4020.705534
2026/02/05/11:28:32,running-time,rs-004368-djcwp,0e589c4e-b387-4c43-a8b1-4a62283f1c23,1,4020.705534
2026/02/05/11:28:32,running-time,rs-004368-flqfq,2a7f9b2a-22c5-457a-a436-44564f303da7,1,4020.705534
2026/02/05/11:28:32,apply-time,rs-004374-ftstz,cbba5787-4c3a-4b59-bf52-0d9aa96777d6,4,4020.705534
2026/02/05/11:28:32,running-time,rs-004374-ftstz,cbba5787-4c3a-4b59-bf52-0d9aa96777d6,4,4020.705534
2026/02/05/11:28:32,running-time,rs-004374-rbgj6,42b195c4-064b-4aa0-9122-3fce05dc8c2d,4,4020.705534
2026/02/05/11:28:32,apply-time,rs-004375-v9jbr,c4b54865-fe0f-43b2-9f40-efeb5a50dfcf,1,4020.705534
2026/02/05/11:28:32,apply-time,rs-004375-ww752,256d2be0-470a-496e-b340-c3f8242e8942,1,4020.705534
2026/02/05/11:28:32,apply-time,rs-004376-8lnfb,87c73ea0-b447-4215-b6db-9b4749b037af,4,4020.705534
2026/02/05/11:28:32,running-time,rs-004376-8lnfb,87c73ea0-b447-4215-b6db-9b4749b037af,4,4020.705534
2026/02/05/11:28:32,apply-time,rs-004377-dlq68,abf154e2-fe09-44ef-a9ed-e25c7bd98c0c,4,4021.705534
2026/02/05/11:28:32,apply-time,rs-004377-j2gkz,005ce140-d2f8-4c04-a079-a7936934032a,4,4020.705534
2026/02/05/11:28:32,apply-time,rs-004377-jxwgn,881b2461-1837-4756-9967-013c6fdeb809,4,4021.705534
2026/02/05/11:28:32,apply-time,rs-004378-l7427,ac2672f3-31c7-4af7-912c-6dd45b02f8dd,1,4020.705534
2026/02/05/11:28:32,running-time,rs-004378-l7427,ac2672f3-31c7-4af7-912c-6dd45b02f8dd,1,4020.705534
2026/02/05/11:28:32,apply-time,rs-004378-pd7qp,2a7cbf44-be30-46f3-a9c1-2ea17ba83c31,1,4021.705534
2026/02/05/11:28:32,running-time,rs-004378-pd7qp,2a7cbf44-be30-46f3-a9c1-2ea17ba83c31,1,4021.705534
2026/02/05/11:28:32,apply-time,rs-004379-mzhtt,9581eec9-7910-4e22-8cf0-89e438cad952,1,4021.705534
2026/02/05/11:28:32,apply-time,rs-004383-ng67c,4a5f36f7-0f77-4b80-a493-f3eadd225e66,4,4021.705534
2026/02/05/11:28:32,running-time,rs-004383-ng67c,4a5f36f7-0f77-4b80-a493-f3eadd225e66,4,4021.705534
2026/02/05/11:28:33,running-time,rs-004364-4vltk,8178625f-790a-4fb6-b243-1d373d397ae4,1,4021.705534
2026/02/05/11:28:33,apply-time,rs-004379-42bhp,5a066396-803f-48a0-9aba-ded4fc9fbcd7,1,4021.705534
2026/02/05/11:28:33,apply-time,rs-004379-r9kfb,8a006a39-d6a7-49cd-b7a5-5158586edd9f,1,4021.705534
2026/02/05/11:28:33,apply-time,rs-004380-64d5c,66fb85d9-eea3-443b-b479-3c41da21713d,1,4022.705534
2026/02/05/11:28:33,running-time,rs-004380-64d5c,66fb85d9-eea3-443b-b479-3c41da21713d,1,4022.705534
2026/02/05/11:28:33,apply-time,rs-004380-9mntq,f35918d0-5591-4dab-88a9-079df0721929,1,4022.705534
2026/02/05/11:28:33,running-time,rs-004380-9mntq,f35918d0-5591-4dab-88a9-079df0721929,1,4022.705534
2026/02/05/11:28:33,apply-time,rs-004380-z6kw9,a531dda4-0c96-4632-a53c-51cceb8ef3dd,1,4021.705534
2026/02/05/11:28:33,running-time,rs-004380-z6kw9,a531dda4-0c96-4632-a53c-51cceb8ef3dd,1,4021.705534
2026/02/05/11:28:33,apply-time,rs-004381-8r7cq,fef2cf23-702d-4b8d-aba5-a854c89fd36f,1,4022.705534
2026/02/05/11:28:33,running-time,rs-004381-8r7cq,fef2cf23-702d-4b8d-aba5-a854c89fd36f,1,4022.705534
2026/02/05/11:28:33,apply-time,rs-004381-pckw2,c839d923-3559-4ef2-b86e-59e4d9564d1e,1,4021.705534
2026/02/05/11:28:33,running-time,rs-004381-pckw2,c839d923-3559-4ef2-b86e-59e4d9564d1e,1,4021.705534
2026/02/05/11:28:33,apply-time,rs-004386-dl8xm,355b4ecf-6d3d-46a6-a4eb-29e61b6252b5,1,4022.705534
2026/02/05/11:28:33,running-time,rs-004386-dl8xm,355b4ecf-6d3d-46a6-a4eb-29e61b6252b5,1,4022.705534
2026/02/05/11:28:34,running-time,rs-004370-96vxg,487e896f-5afb-44cd-95aa-513a1225b241,4,4022.705534
2026/02/05/11:28:34,running-time,rs-004379-42bhp,5a066396-803f-48a0-9aba-ded4fc9fbcd7,1,4023.705534
2026/02/05/11:28:34,running-time,rs-004379-mzhtt,9581eec9-7910-4e22-8cf0-89e438cad952,1,4023.705534
2026/02/05/11:28:34,running-time,rs-004379-r9kfb,8a006a39-d6a7-49cd-b7a5-5158586edd9f,1,4022.705534
2026/02/05/11:28:34,apply-time,rs-004388-jqg98,e9ce4815-17e2-4b98-a20e-f772a774ae34,3,4022.705534
2026/02/05/11:28:34,running-time,rs-004388-jqg98,e9ce4815-17e2-4b98-a20e-f772a774ae34,3,4022.705534
2026/02/05/11:28:34,apply-time,rs-004388-llkch,03d85731-42b8-4511-ad25-3ad40d8ce3ab,3,4023.705534
2026/02/05/11:28:34,running-time,rs-004388-llkch,03d85731-42b8-4511-ad25-3ad40d8ce3ab,3,4023.705534
2026/02/05/11:28:34,apply-time,rs-004388-qqrh8,7ac0ce15-567b-4c94-9cd9-8cd25bc8525d,3,4023.705534
2026/02/05/11:28:34,running-time,rs-004388-qqrh8,7ac0ce15-567b-4c94-9cd9-8cd25bc8525d,3,4023.705534
2026/02/05/11:28:34,apply-time,rs-004390-rmhjn,56708add-8827-41eb-817f-4579e4877576,1,4022.705534
2026/02/05/11:28:34,running-time,rs-004390-rmhjn,56708add-8827-41eb-817f-4579e4877576,1,4022.705534
2026/02/05/11:28:34,apply-time,rs-004392-qgv6f,bf1b42ef-42a1-4fcc-a56c-9bdaf3df0af7,1,4023.705534
2026/02/05/11:28:34,running-time,rs-004392-qgv6f,bf1b42ef-42a1-4fcc-a56c-9bdaf3df0af7,1,4023.705534
2026/02/05/11:28:35,apply-time,rs-004393-r5npc,dc25e9ae-be8a-41c8-b154-2b6938b7bbf6,2,4024.705534
2026/02/05/11:28:35,running-time,rs-004393-r5npc,dc25e9ae-be8a-41c8-b154-2b6938b7bbf6,2,4024.705534
2026/02/05/11:28:35,apply-time,rs-004394-wbdbn,f502a81b-6508-4c74-80ed-66c4edbdda1b,3,4024.705534
2026/02/05/11:28:35,running-time,rs-004394-wbdbn,f502a81b-6508-4c74-80ed-66c4edbdda1b,3,4024.705534
2026/02/05/11:28:35,apply-time,rs-004395-vrhg8,b4a30589-0b71-4391-8246-7969bae66dcb,4,4024.705534
2026/02/05/11:28:35,running-time,rs-004395-vrhg8,b4a30589-0b71-4391-8246-7969bae66dcb,4,4024.705534
2026/02/05/11:28:35,apply-time,rs-004396-h2f76,d3d7b58c-05bb-4eeb-aac6-99e311df730b,1,4024.705534
2026/02/05/11:28:36,apply-time,rs-004394-fgxq9,51cf4369-9ced-4f2a-9364-8d2fc9ec11bd,3,4024.705534
2026/02/05/11:28:36,running-time,rs-004394-fgxq9,51cf4369-9ced-4f2a-9364-8d2fc9ec11bd,3,4024.705534
2026/02/05/11:28:36,apply-time,rs-004394-smqm4,43e0dc13-112b-4f15-81d7-31c62469c7d2,3,4024.705534
2026/02/05/11:28:36,running-time,rs-004394-smqm4,43e0dc13-112b-4f15-81d7-31c62469c7d2,3,4024.705534
2026/02/05/11:28:36,apply-time,rs-004395-tv89v,fa453b6a-9249-462b-a461-4edc39b3e7fd,4,4024.705534
2026/02/05/11:28:36,running-time,rs-004395-tv89v,fa453b6a-9249-462b-a461-4edc39b3e7fd,4,4024.705534
2026/02/05/11:28:36,running-time,rs-004396-h2f76,d3d7b58c-05bb-4eeb-aac6-99e311df730b,1,4024.705534
2026/02/05/11:28:36,apply-time,rs-004397-zs87r,4d4e7814-9bcd-4697-8498-95051d0d5df2,2,4024.705534
2026/02/05/11:28:36,running-time,rs-004397-zs87r,4d4e7814-9bcd-4697-8498-95051d0d5df2,2,4025.705534
2026/02/05/11:28:36,apply-time,rs-004398-djzqx,a81cc14f-d6be-4ad0-9bdb-53277bf35e1c,3,4025.705534
2026/02/05/11:28:36,running-time,rs-004398-djzqx,a81cc14f-d6be-4ad0-9bdb-53277bf35e1c,3,4025.705534
2026/02/05/11:28:36,apply-time,rs-004399-47lwv,33a8521a-3ed3-44e4-8ef3-3d1269d8917f,2,4025.705534
2026/02/05/11:28:36,running-time,rs-004399-47lwv,33a8521a-3ed3-44e4-8ef3-3d1269d8917f,2,4025.705534
2026/02/05/11:28:36,apply-time,rs-004400-7x7sb,cee588ba-1c27-4dfd-b40c-b1e8e0ecfd4a,2,4025.705534
2026/02/05/11:28:36,running-time,rs-004400-7x7sb,cee588ba-1c27-4dfd-b40c-b1e8e0ecfd4a,2,4025.705534
2026/02/05/11:28:37,running-time,rs-004362-pj94c,b503d584-00af-4ac6-8098-ea0217043602,1,4025.705534
2026/02/05/11:28:37,running-time,rs-004362-t75fz,529048d0-b5dd-4564-b0c2-532892558609,1,4025.705534
2026/02/05/11:28:51,apply-time,rs-004401-wsgvn,03002ad7-6567-4972-861d-9332b4f85025,3,4040.705534
2026/02/05/11:28:51,apply-time,rs-004402-qnhhq,00d04baf-2e10-4d5e-9e7b-e88de3af5a86,2,4040.705534
2026/02/05/11:28:51,running-time,rs-004402-qnhhq,00d04baf-2e10-4d5e-9e7b-e88de3af5a86,2,4040.705534
2026/02/05/11:28:51,apply-time,rs-004403-2fb62,3b122dc6-da7e-4e99-a101-a4563ab3f893,2,4040.705534
2026/02/05/11:28:51,running-time,rs-004403-2fb62,3b122dc6-da7e-4e99-a101-a4563ab3f893,2,4040.705534
2026/02/05/11:28:51,apply-time,rs-004403-ggdw6,9c462321-b8cb-4e4c-b74f-466fd10bf9d8,2,4040.705534
2026/02/05/11:28:51,running-time,rs-004403-ggdw6,9c462321-b8cb-4e4c-b74f-466fd10bf9d8,2,4040.705534
2026/02/05/11:28:51,apply-time,rs-004403-gpfmr,55084645-f8a7-4bc5-8f06-062671eb49b6,2,4040.705534
2026/02/05/11:28:51,running-time,rs-004403-gpfmr,55084645-f8a7-4bc5-8f06-062671eb49b6,2,4040.705534
2026/02/05/11:28:51,apply-time,rs-004404-8rplv,22f87b4b-9ebb-4c1b-b28f-03fdaa924671,1,4040.705534
2026/02/05/11:28:51,apply-time,rs-004404-bp64v,2febe4a9-c16d-4447-8d5c-ff84837a7157,1,4040.705534
2026/02/05/11:28:51,running-time,rs-004404-bp64v,2febe4a9-c16d-4447-8d5c-ff84837a7157,1,4040.705534
2026/02/05/11:28:51,apply-time,rs-004404-rnrc2,b4517f02-a45a-44d3-82b9-49fe82ca0eee,1,4040.705534
2026/02/05/11:28:51,apply-time,rs-004405-vs6rw,0103904b-2e53-4cfc-bf6d-f7de83554c5d,1,4040.705534
2026/02/05/11:28:51,running-time,rs-004405-vs6rw,0103904b-2e53-4cfc-bf6d-f7de83554c5d,1,4040.705534
2026/02/05/11:28:51,apply-time,rs-004406-dmlqr,86852b09-69f8-4b74-8c6a-506521388b9d,1,4040.705534
2026/02/05/11:28:51,apply-time,rs-004406-rk9c7,4413eef0-e218-4de5-b56e-f1c50bf6bc18,1,4040.705534
2026/02/05/11:28:51,running-time,rs-004406-rk9c7,4413eef0-e218-4de5-b56e-f1c50bf6bc18,1,4040.705534
2026/02/05/11:28:52,running-time,rs-004404-8rplv,22f87b4b-9ebb-4c1b-b28f-03fdaa924671,1,4040.705534
2026/02/05/11:28:52,running-time,rs-004404-rnrc2,b4517f02-a45a-44d3-82b9-49fe82ca0eee,1,4040.705534
2026/02/05/11:28:52,running-time,rs-004406-dmlqr,86852b09-69f8-4b74-8c6a-506521388b9d,1,4040.705534
2026/02/05/11:28:52,apply-time,rs-004407-2vfrx,94704b36-d94f-4678-920a-b470273023c2,1,4040.705534
2026/02/05/11:28:52,running-time,rs-004407-2vfrx,94704b36-d94f-4678-920a-b470273023c2,1,4040.705534
2026/02/05/11:28:52,apply-time,rs-004407-f4w4b,80bf99aa-4373-459b-b5cd-742ba8cf1e3e,1,4041.705534
2026/02/05/11:28:53,apply-time,rs-004408-fm96p,b1351ff3-dba2-4e65-b099-adbcf5a0f550,2,4041.705534
2026/02/05/11:28:53,running-time,rs-004408-fm96p,b1351ff3-dba2-4e65-b099-adbcf5a0f550,2,4041.705534
2026/02/05/11:28:53,apply-time,rs-004409-9tppj,9788fb83-6673-4459-9855-bb99c007ae27,3,4041.705534
2026/02/05/11:28:53,running-time,rs-004409-9tppj,9788fb83-6673-4459-9855-bb99c007ae27,3,4041.705534
2026/02/05/11:28:53,apply-time,rs-004409-xfnh8,0e3c155a-7593-42b1-9d66-86bee9065108,3,4041.705534
2026/02/05/11:28:53,running-time,rs-004409-xfnh8,0e3c155a-7593-42b1-9d66-86bee9065108,3,4041.705534
2026/02/05/11:28:53,apply-time,rs-004410-dbs79,58721876-6b02-423c-85b8-39813ccd56eb,2,4042.705534
2026/02/05/11:28:53,running-time,rs-004410-dbs79,58721876-6b02-423c-85b8-39813ccd56eb,2,4042.705534
2026/02/05/11:28:53,apply-time,rs-004410-fghrn,383e946f-4087-4b63-abf5-1fb9fa839dc0,2,4042.705534
2026/02/05/11:28:53,running-time,rs-004410-fghrn,383e946f-4087-4b63-abf5-1fb9fa839dc0,2,4042.705534
2026/02/05/11:28:53,apply-time,rs-004410-pg5xn,1b7db9dc-759d-43fd-a307-54e23c3cccec,2,4041.705534
2026/02/05/11:28:53,running-time,rs-004410-pg5xn,1b7db9dc-759d-43fd-a307-54e23c3cccec,2,4042.705534
2026/02/05/11:28:54,running-time,rs-004407-f4w4b,80bf99aa-4373-459b-b5cd-742ba8cf1e3e,1,4043.705534
2026/02/05/11:28:54,apply-time,rs-004411-hx9vw,a1cabc58-8034-4704-9103-bc4c2cd0f7f3,2,4042.705534
2026/02/05/11:28:54,running-time,rs-004411-hx9vw,a1cabc58-8034-4704-9103-bc4c2cd0f7f3,2,4042.705534
2026/02/05/11:28:54,apply-time,rs-004411-l79wm,0a12d96c-7a74-4798-9fde-e443b78a544c,2,4042.705534
2026/02/05/11:28:54,apply-time,rs-004411-plbxz,d8178d5f-7b7b-4277-bf22-ec13bf947a78,2,4042.705534
2026/02/05/11:28:54,running-time,rs-004411-plbxz,d8178d5f-7b7b-4277-bf22-ec13bf947a78,2,4042.705534
2026/02/05/11:28:54,apply-time,rs-004412-lwdcq,ee2ba24d-7f16-48a1-8fa7-2f0450613030,2,4043.705534
2026/02/05/11:28:54,apply-time,rs-004413-cg5bc,91c02678-1fc8-4b89-9266-a254d003ca78,1,4043.705534
2026/02/05/11:28:54,running-time,rs-004413-cg5bc,91c02678-1fc8-4b89-9266-a254d003ca78,1,4043.705534
2026/02/05/11:28:54,apply-time,rs-004413-fcwtd,94f73266-2db8-4f91-895c-2770ee4c907b,1,4043.705534
2026/02/05/11:28:54,running-time,rs-004413-fcwtd,94f73266-2db8-4f91-895c-2770ee4c907b,1,4043.705534
2026/02/05/11:28:54,apply-time,rs-004414-96vlr,e8d9661c-5564-428e-81d0-f4f8b7d2f14f,1,4042.705534
2026/02/05/11:28:54,running-time,rs-004414-96vlr,e8d9661c-5564-428e-81d0-f4f8b7d2f14f,1,4042.705534
2026/02/05/11:28:54,apply-time,rs-004414-99jg7,c3fa9df7-a3e0-410b-b82a-aa8e0852f063,1,4042.705534
2026/02/05/11:28:54,running-time,rs-004414-99jg7,c3fa9df7-a3e0-410b-b82a-aa8e0852f063,1,4042.705534
2026/02/05/11:28:54,apply-time,rs-004415-k4mhc,0d92f84a-056c-405c-9f69-5d26663a428d,1,4043.705534
2026/02/05/11:28:54,apply-time,rs-004415-k7fwj,5dbf2194-18aa-4060-aee6-ae8eba77076c,1,4042.705534
2026/02/05/11:28:54,apply-time,rs-004416-msg5t,0af29bfe-01d9-4ef3-85ab-a7db9b722d30,1,4043.705534
2026/02/05/11:28:54,running-time,rs-004416-msg5t,0af29bfe-01d9-4ef3-85ab-a7db9b722d30,1,4043.705534
2026/02/05/11:28:55,running-time,rs-004411-l79wm,0a12d96c-7a74-4798-9fde-e443b78a544c,2,4044.705534
2026/02/05/11:28:55,running-time,rs-004415-k4mhc,0d92f84a-056c-405c-9f69-5d26663a428d,1,4043.705534
2026/02/05/11:28:55,apply-time,rs-004416-b8b5v,00a14d69-4a47-46a0-9632-20405b1472ab,1,4043.705534
2026/02/05/11:28:55,running-time,rs-004416-b8b5v,00a14d69-4a47-46a0-9632-20405b1472ab,1,4043.705534
2026/02/05/11:28:55,apply-time,rs-004416-s4pwl,5031da3c-6892-4f33-a3d8-b2a532e1baff,1,4043.705534
2026/02/05/11:28:55,running-time,rs-004416-s4pwl,5031da3c-6892-4f33-a3d8-b2a532e1baff,1,4043.705534
2026/02/05/11:28:55,apply-time,rs-004417-rwkpf,1cd8e469-200e-4484-87ab-0e9a56d42920,4,4043.705534
2026/02/05/11:28:55,running-time,rs-004417-rwkpf,1cd8e469-200e-4484-87ab-0e9a56d42920,4,4043.705534
2026/02/05/11:28:55,apply-time,rs-004418-f4rsj,54cee375-fffb-4fdb-9039-b4f56b22b003,2,4044.705534
2026/02/05/11:28:55,running-time,rs-004418-f4rsj,54cee375-fffb-4fdb-9039-b4f56b22b003,2,4044.705534
2026/02/05/11:28:55,apply-time,rs-004418-x6lvm,205e4beb-6c88-4fe6-89ed-1b07b53c2f8c,2,4043.705534
2026/02/05/11:28:55,running-time,rs-004418-x6lvm,205e4beb-6c88-4fe6-89ed-1b07b53c2f8c,2,4043.705534
2026/02/05/11:28:55,apply-time,rs-004419-2qfgb,94167726-bcc1-4b67-a993-e96e6828a726,1,4043.705534
2026/02/05/11:28:55,running-time,rs-004419-2qfgb,94167726-bcc1-4b67-a993-e96e6828a726,1,4044.705534
2026/02/05/11:28:55,apply-time,rs-004419-t5dvc,0cc2bf13-aced-472e-b9e1-d529874902ae,1,4044.705534
2026/02/05/11:28:56,running-time,rs-004415-k7fwj,5dbf2194-18aa-4060-aee6-ae8eba77076c,1,4045.705534
2026/02/05/11:28:56,running-time,rs-004419-t5dvc,0cc2bf13-aced-472e-b9e1-d529874902ae,1,4044.705534
2026/02/05/11:28:56,apply-time,rs-004421-8wmmt,69a65dc0-b2d9-42d6-87c4-6ef05125d137,1,4045.705534
2026/02/05/11:28:57,running-time,rs-004412-lwdcq,ee2ba24d-7f16-48a1-8fa7-2f0450613030,2,4046.705534
2026/02/05/11:28:57,apply-time,rs-004420-8jxg6,fcd886e8-ddbc-4a2f-a0f5-21136caf609a,4,4045.705534
2026/02/05/11:28:57,running-time,rs-004420-8jxg6,fcd886e8-ddbc-4a2f-a0f5-21136caf609a,4,4045.705534
2026/02/05/11:28:57,apply-time,rs-004420-fb2tw,d7b813ef-7cbd-4ff1-9d35-480286400f73,4,4045.705534
2026/02/05/11:28:57,running-time,rs-004420-fb2tw,d7b813ef-7cbd-4ff1-9d35-480286400f73,4,4045.705534
2026/02/05/11:28:57,running-time,rs-004421-8wmmt,69a65dc0-b2d9-42d6-87c4-6ef05125d137,1,4045.705534
2026/02/05/11:28:57,apply-time,rs-004421-hwdjc,9b318028-ceaa-465a-91a5-abb5d06d18fa,1,4045.705534
2026/02/05/11:28:57,running-time,rs-004421-hwdjc,9b318028-ceaa-465a-91a5-abb5d06d18fa,1,4045.705534
2026/02/05/11:28:57,apply-time,rs-004421-nn2zd,ccf474d4-31de-446f-9701-01207bbde27b,1,4045.705534
2026/02/05/11:28:57,running-time,rs-004421-nn2zd,ccf474d4-31de-446f-9701-01207bbde27b,1,4045.705534
2026/02/05/11:29:02,apply-time,rs-004422-bhxtw,42f4633a-f983-4c4c-9aa5-c8d9b6b4df7f,3,4050.705534
2026/02/05/11:29:02,running-time,rs-004422-bhxtw,42f4633a-f983-4c4c-9aa5-c8d9b6b4df7f,3,4050.705534
2026/02/05/11:29:02,apply-time,rs-004422-kffsv,f3439f81-e0f6-497b-80f8-6b7879824754,3,4050.705534
2026/02/05/11:29:02,running-time,rs-004422-kffsv,f3439f81-e0f6-497b-80f8-6b7879824754,3,4050.705534
2026/02/05/11:29:02,apply-time,rs-004423-28vlf,047bc012-a28f-4709-a29b-eae24269351e,2,4050.705534
2026/02/05/11:29:02,running-time,rs-004423-28vlf,047bc012-a28f-4709-a29b-eae24269351e,2,4050.705534
2026/02/05/11:29:02,apply-time,rs-004423-p87gb,b7e22fa3-3fb5-435f-a508-b1355a36064d,2,4050.705534
2026/02/05/11:29:02,running-time,rs-004423-p87gb,b7e22fa3-3fb5-435f-a508-b1355a36064d,2,4050.705534
2026/02/05/11:29:02,apply-time,rs-004424-h9vxl,7946d8ee-d049-4285-ab7e-ac15a45869fa,1,4050.705534
2026/02/05/11:29:02,running-time,rs-004424-h9vxl,7946d8ee-d049-4285-ab7e-ac15a45869fa,1,4050.705534
2026/02/05/11:29:02,apply-time,rs-004425-4jkww,b5bc55d1-041e-4624-9e28-added84e1f19,4,4051.705534
2026/02/05/11:29:02,running-time,rs-004425-4jkww,b5bc55d1-041e-4624-9e28-added84e1f19,4,4051.705534
2026/02/05/11:29:02,apply-time,rs-004425-zlwxk,90fb8521-ecd7-495d-895f-6adea6d672d9,4,4051.705534
2026/02/05/11:29:02,running-time,rs-004425-zlwxk,90fb8521-ecd7-495d-895f-6adea6d672d9,4,4051.705534
2026/02/05/11:29:02,apply-time,rs-004426-8hwld,b8fd898f-9042-4e1b-a8df-34cca11a50e0,1,4051.705534
2026/02/05/11:29:02,running-time,rs-004426-8hwld,b8fd898f-9042-4e1b-a8df-34cca11a50e0,1,4051.705534
2026/02/05/11:29:02,apply-time,rs-004426-qnb7z,388744a8-ad54-44a5-b755-23ccebc32816,1,4051.705534
2026/02/05/11:29:02,running-time,rs-004426-qnb7z,388744a8-ad54-44a5-b755-23ccebc32816,1,4051.705534
2026/02/05/11:29:02,apply-time,rs-004427-22gf9,9237f8f3-bb64-4777-ac41-408d3a4cd15c,3,4051.705534
2026/02/05/11:29:02,running-time,rs-004427-22gf9,9237f8f3-bb64-4777-ac41-408d3a4cd15c,3,4051.705534
2026/02/05/11:29:02,apply-time,rs-004427-czwrv,46a23d8c-f12b-4c5f-995b-726acf19bfc4,3,4051.705534
2026/02/05/11:29:02,apply-time,rs-004427-ssc4q,2bf7a7b3-9d2f-4b9f-b291-4171ffc0b828,3,4051.705534
2026/02/05/11:29:02,apply-time,rs-004428-l8mtw,264e872f-e603-4558-9bd2-62b3a8b92c50,2,4051.705534
2026/02/05/11:29:02,running-time,rs-004428-l8mtw,264e872f-e603-4558-9bd2-62b3a8b92c50,2,4051.705534
2026/02/05/11:29:03,apply-time,rs-004428-lnm75,1d9fa6d3-edbf-400f-9018-4e1ed257b6a7,2,4051.705534
2026/02/05/11:29:03,running-time,rs-004428-lnm75,1d9fa6d3-edbf-400f-9018-4e1ed257b6a7,2,4051.705534
2026/02/05/11:29:03,apply-time,rs-004428-mhl5k,0f8250ff-8599-431c-b907-3473fde0f9ef,2,4051.705534
2026/02/05/11:29:03,running-time,rs-004428-mhl5k,0f8250ff-8599-431c-b907-3473fde0f9ef,2,4051.705534
2026/02/05/11:29:06,running-time,rs-004427-czwrv,46a23d8c-f12b-4c5f-995b-726acf19bfc4,3,4054.705534
2026/02/05/11:29:06,running-time,rs-004427-ssc4q,2bf7a7b3-9d2f-4b9f-b291-4171ffc0b828,3,4054.705534
2026/02/05/11:29:11,apply-time,rs-004429-5gpcz,38b09fe4-ed46-4a97-a53f-0d6f0adc63b9,1,4059.705534
2026/02/05/11:29:11,running-time,rs-004429-5gpcz,38b09fe4-ed46-4a97-a53f-0d6f0adc63b9,1,4059.705534
2026/02/05/11:29:11,apply-time,rs-004430-8p7b7,1855edec-75cf-405c-b3d4-3421e9e304f3,1,4059.705534
2026/02/05/11:29:11,running-time,rs-004430-8p7b7,1855edec-75cf-405c-b3d4-3421e9e304f3,1,4059.705534
2026/02/05/11:29:11,apply-time,rs-004430-rrrfz,0e982445-d768-47e5-a549-7a9819d80b47,1,4059.705534
2026/02/05/11:29:11,running-time,rs-004430-rrrfz,0e982445-d768-47e5-a549-7a9819d80b47,1,4059.705534
2026/02/05/11:29:11,apply-time,rs-004431-dvf9l,bb6be785-841c-40f7-a00a-7f9e4eb1c479,1,4059.705534
2026/02/05/11:29:11,running-time,rs-004431-dvf9l,bb6be785-841c-40f7-a00a-7f9e4eb1c479,1,4060.705534
2026/02/05/11:29:11,apply-time,rs-004431-fdtzh,b5dc5d7c-8ed0-4d96-b1b5-f8d9c1c46123,1,4059.705534
2026/02/05/11:29:11,running-time,rs-004431-fdtzh,b5dc5d7c-8ed0-4d96-b1b5-f8d9c1c46123,1,4059.705534
2026/02/05/11:29:11,apply-time,rs-004431-gscw5,830ca3a5-aa9f-43b1-bad0-5d82e556ce73,1,4059.705534
2026/02/05/11:29:11,running-time,rs-004431-gscw5,830ca3a5-aa9f-43b1-bad0-5d82e556ce73,1,4059.705534
2026/02/05/11:29:11,apply-time,rs-004432-8bh9x,6960a9e2-4ab5-4e4b-a2ac-bec1b8c3ad62,1,4059.705534
2026/02/05/11:29:11,running-time,rs-004432-8bh9x,6960a9e2-4ab5-4e4b-a2ac-bec1b8c3ad62,1,4059.705534
2026/02/05/11:29:11,apply-time,rs-004432-whk44,6e803250-27f2-48dd-b30c-3ffa6f89d1b7,1,4059.705534
2026/02/05/11:29:11,running-time,rs-004432-whk44,6e803250-27f2-48dd-b30c-3ffa6f89d1b7,1,4059.705534
2026/02/05/11:29:11,apply-time,rs-004433-6j5j9,3d172d60-21e8-4697-96b6-e5ce32e4a4a2,2,4059.705534
2026/02/05/11:29:11,running-time,rs-004433-6j5j9,3d172d60-21e8-4697-96b6-e5ce32e4a4a2,2,4059.705534
2026/02/05/11:29:11,apply-time,rs-004433-smxl2,4194aefe-2bd3-4e60-8bfd-5fe4df8e9d04,2,4059.705534
2026/02/05/11:29:11,running-time,rs-004433-smxl2,4194aefe-2bd3-4e60-8bfd-5fe4df8e9d04,2,4059.705534
2026/02/05/11:29:11,apply-time,rs-004434-2nx6c,0450b565-7a6d-4536-beff-5a32d5840786,1,4060.705534
2026/02/05/11:29:11,running-time,rs-004434-2nx6c,0450b565-7a6d-4536-beff-5a32d5840786,1,4060.705534
2026/02/05/11:29:11,apply-time,rs-004434-69h8s,8d263f60-b955-4638-842d-79117ba9f64f,1,4060.705534
2026/02/05/11:29:11,running-time,rs-004434-69h8s,8d263f60-b955-4638-842d-79117ba9f64f,1,4060.705534
2026/02/05/11:29:11,apply-time,rs-004434-vfd7v,7ee308db-b6f8-4207-b25d-886203342f3b,1,4060.705534
2026/02/05/11:29:11,running-time,rs-004434-vfd7v,7ee308db-b6f8-4207-b25d-886203342f3b,1,4060.705534
2026/02/05/11:29:17,apply-time,rs-004435-j96q5,dba3e0d5-2703-47a2-9a6f-63d19aea3587,1,4066.705534
2026/02/05/11:29:17,apply-time,rs-004435-qhg2w,a069d507-62e9-4b46-8649-ea27df707344,1,4066.705534
2026/02/05/11:29:18,running-time,rs-004435-j96q5,dba3e0d5-2703-47a2-9a6f-63d19aea3587,1,4066.705534
2026/02/05/11:29:18,running-time,rs-004435-qhg2w,a069d507-62e9-4b46-8649-ea27df707344,1,4066.705534
2026/02/05/11:29:18,apply-time,rs-004436-4h9dt,c9d7124f-d63b-484d-bc1c-9cedf65ad294,2,4066.705534
2026/02/05/11:29:18,running-time,rs-004436-4h9dt,c9d7124f-d63b-484d-bc1c-9cedf65ad294,2,4066.705534
2026/02/05/11:29:18,apply-time,rs-004437-6bpzz,532bc763-ae49-4775-bb0e-68315c61560a,4,4067.705534
2026/02/05/11:29:18,running-time,rs-004437-6bpzz,532bc763-ae49-4775-bb0e-68315c61560a,4,4067.705534
2026/02/05/11:29:18,apply-time,rs-004437-pnxv4,41086a27-055a-45b3-b2cc-3c102f2f61cb,4,4067.705534
2026/02/05/11:29:18,running-time,rs-004437-pnxv4,41086a27-055a-45b3-b2cc-3c102f2f61cb,4,4067.705534
2026/02/05/11:29:18,apply-time,rs-004438-8nsk4,b20edf11-c5e6-41c3-963d-5436d4309b0c,2,4067.705534
2026/02/05/11:29:18,running-time,rs-004438-8nsk4,b20edf11-c5e6-41c3-963d-5436d4309b0c,2,4067.705534
2026/02/05/11:29:18,apply-time,rs-004438-b699c,f202912b-2218-4c10-97c3-539e78dd1da4,2,4067.705534
2026/02/05/11:29:18,running-time,rs-004438-b699c,f202912b-2218-4c10-97c3-539e78dd1da4,2,4067.705534
2026/02/05/11:29:18,apply-time,rs-004439-p2gvz,580a0950-0592-41fa-aa1e-c0cf3461cb38,3,4067.705534
2026/02/05/11:29:18,running-time,rs-004439-p2gvz,580a0950-0592-41fa-aa1e-c0cf3461cb38,3,4067.705534
2026/02/05/11:29:18,apply-time,rs-004440-dn7rc,ab2882e3-9dd0-4375-94a9-6480d0b036c0,3,4067.705534
2026/02/05/11:29:18,running-time,rs-004440-dn7rc,ab2882e3-9dd0-4375-94a9-6480d0b036c0,3,4067.705534
2026/02/05/11:29:18,apply-time,rs-004441-jr4nj,51cb8936-de23-45c8-ad60-ad0e63f59a6c,4,4067.705534
2026/02/05/11:29:18,running-time,rs-004441-jr4nj,51cb8936-de23-45c8-ad60-ad0e63f59a6c,4,4067.705534
2026/02/05/11:29:18,apply-time,rs-004441-txbbd,73b22507-5f04-4409-8183-45300ec25acc,4,4067.705534
2026/02/05/11:29:18,running-time,rs-004441-txbbd,73b22507-5f04-4409-8183-45300ec25acc,4,4067.705534
2026/02/05/11:29:18,apply-time,rs-004442-bq27f,73e9ac14-ce1b-47cd-8682-45217a61f2ae,2,4067.705534
2026/02/05/11:29:19,running-time,rs-004442-bq27f,73e9ac14-ce1b-47cd-8682-45217a61f2ae,2,4067.705534
2026/02/05/11:29:19,apply-time,rs-004443-dnnlx,319d8d6e-a4e2-4037-9b03-0c8d077ab220,1,4067.705534
2026/02/05/11:29:19,running-time,rs-004443-dnnlx,319d8d6e-a4e2-4037-9b03-0c8d077ab220,1,4067.705534
2026/02/05/11:29:19,apply-time,rs-004443-vn7zw,d4d5d7be-8ce4-4295-a378-8324d9035298,1,4067.705534
2026/02/05/11:29:19,running-time,rs-004443-vn7zw,d4d5d7be-8ce4-4295-a378-8324d9035298,1,4067.705534
2026/02/05/11:29:19,apply-time,rs-004443-xccvb,0e65d30d-87cb-4d18-aa84-6cc9cba460dd,1,4067.705534
2026/02/05/11:29:19,running-time,rs-004443-xccvb,0e65d30d-87cb-4d18-aa84-6cc9cba460dd,1,4067.705534
2026/02/05/11:29:19,apply-time,rs-004444-jt6zc,223d9712-ee9d-4c1a-b2b3-593dbba1c3e5,3,4067.705534
2026/02/05/11:29:19,running-time,rs-004444-jt6zc,223d9712-ee9d-4c1a-b2b3-593dbba1c3e5,3,4067.705534
2026/02/05/11:29:19,apply-time,rs-004445-bj6l5,ac9a84f4-e5a9-4b06-b5de-4e1b361f29af,2,4067.705534
2026/02/05/11:29:19,running-time,rs-004445-bj6l5,ac9a84f4-e5a9-4b06-b5de-4e1b361f29af,2,4067.705534
2026/02/05/11:29:19,apply-time,rs-004445-x92tc,adbb862b-c237-49c1-89d4-105a2be582a2,2,4068.705534
2026/02/05/11:29:19,apply-time,rs-004446-5p5pr,1bca56f2-8757-4ab3-ab8e-ff85d2698e46,2,4068.705534
2026/02/05/11:29:19,apply-time,rs-004446-cw5vr,a6590896-9729-46c7-a6e0-e4cc8ec0b2bb,2,4068.705534
2026/02/05/11:29:19,apply-time,rs-004446-qkkgw,ae7c9db6-a948-4d99-ad8d-f1fdaa0be2ec,2,4068.705534
2026/02/05/11:29:19,apply-time,rs-004450-hvnwm,49962435-944c-4ac6-a2be-9929505b9f72,2,4068.705534
2026/02/05/11:29:19,running-time,rs-004450-hvnwm,49962435-944c-4ac6-a2be-9929505b9f72,2,4068.705534
2026/02/05/11:29:20,running-time,rs-004445-x92tc,adbb862b-c237-49c1-89d4-105a2be582a2,2,4068.705534
2026/02/05/11:29:20,running-time,rs-004446-5p5pr,1bca56f2-8757-4ab3-ab8e-ff85d2698e46,2,4068.705534
2026/02/05/11:29:20,running-time,rs-004446-cw5vr,a6590896-9729-46c7-a6e0-e4cc8ec0b2bb,2,4068.705534
2026/02/05/11:29:20,running-time,rs-004446-qkkgw,ae7c9db6-a948-4d99-ad8d-f1fdaa0be2ec,2,4068.705534
2026/02/05/11:29:20,apply-time,rs-004447-7qwp5,a50d409c-5aaf-4786-a821-417b54475080,4,4069.705534
2026/02/05/11:29:20,apply-time,rs-004447-tx9pl,64ca0dae-28dd-492c-bf9d-dd2222ea5904,4,4069.705534
2026/02/05/11:29:20,apply-time,rs-004447-vxr7h,4b25abd2-3741-46cc-a8ea-9883cb20aafe,4,4068.705534
2026/02/05/11:29:20,running-time,rs-004447-vxr7h,4b25abd2-3741-46cc-a8ea-9883cb20aafe,4,4068.705534
2026/02/05/11:29:20,apply-time,rs-004448-d2wgc,66e590ec-7cda-44a7-9c8c-59a8e1d7ee50,3,4068.705534
2026/02/05/11:29:20,running-time,rs-004448-d2wgc,66e590ec-7cda-44a7-9c8c-59a8e1d7ee50,3,4068.705534
2026/02/05/11:29:20,apply-time,rs-004449-st5d7,778aefcb-c4aa-4868-9888-862cf0ecff20,1,4068.705534
2026/02/05/11:29:20,running-time,rs-004449-st5d7,778aefcb-c4aa-4868-9888-862cf0ecff20,1,4068.705534
2026/02/05/11:29:20,apply-time,rs-004451-drgdw,80cd764d-2e3c-4f97-a9fc-344693983e5c,1,4069.705534
2026/02/05/11:29:20,apply-time,rs-004451-pphj5,6f52af2e-d33a-4538-96a0-e4bfc704ee7b,1,4069.705534
2026/02/05/11:29:20,apply-time,rs-004451-wpqhp,1136cb2a-297f-4c82-ac93-842a464d3664,1,4068.705534
2026/02/05/11:29:20,running-time,rs-004451-wpqhp,1136cb2a-297f-4c82-ac93-842a464d3664,1,4068.705534
2026/02/05/11:29:20,apply-time,rs-004452-x59vh,eceda7fb-8767-492c-8518-c14a3c4aaeb5,1,4069.705534
2026/02/05/11:29:20,running-time,rs-004452-x59vh,eceda7fb-8767-492c-8518-c14a3c4aaeb5,1,4069.705534
2026/02/05/11:29:21,running-time,rs-004447-7qwp5,a50d409c-5aaf-4786-a821-417b54475080,4,4070.705534
2026/02/05/11:29:21,running-time,rs-004447-tx9pl,64ca0dae-28dd-492c-bf9d-dd2222ea5904,4,4069.705534
2026/02/05/11:29:21,running-time,rs-004451-drgdw,80cd764d-2e3c-4f97-a9fc-344693983e5c,1,4069.705534
2026/02/05/11:29:21,running-time,rs-004451-pphj5,6f52af2e-d33a-4538-96a0-e4bfc704ee7b,1,4069.705534
2026/02/05/11:29:27,apply-time,rs-004453-dgmcd,f7cc4c32-4ab4-4c2d-b4ed-16b1cc43cd7e,1,4076.705534
2026/02/05/11:29:27,running-time,rs-004453-dgmcd,f7cc4c32-4ab4-4c2d-b4ed-16b1cc43cd7e,1,4076.705534
2026/02/05/11:29:27,apply-time,rs-004453-k6m74,d42a8bec-04af-494c-9168-f7a50b6a47cd,1,4076.705534
2026/02/05/11:29:27,running-time,rs-004453-k6m74,d42a8bec-04af-494c-9168-f7a50b6a47cd,1,4076.705534
2026/02/05/11:29:27,apply-time,rs-004454-fnbjj,70115143-dc0d-4060-a255-59ab2ce247f3,2,4075.705534
2026/02/05/11:29:27,running-time,rs-004454-fnbjj,70115143-dc0d-4060-a255-59ab2ce247f3,2,4076.705534
2026/02/05/11:29:27,apply-time,rs-004455-67v8h,fd11f6ae-182d-495c-a616-b031b0c239af,3,4076.705534
2026/02/05/11:29:27,running-time,rs-004455-67v8h,fd11f6ae-182d-495c-a616-b031b0c239af,3,4076.705534
2026/02/05/11:29:27,apply-time,rs-004455-zpv8v,692fb649-430d-4c90-b229-633a29cb2dd4,3,4076.705534
2026/02/05/11:29:27,running-time,rs-004455-zpv8v,692fb649-430d-4c90-b229-633a29cb2dd4,3,4076.705534
2026/02/05/11:29:28,apply-time,rs-004456-fsk5n,8d39c14d-0ccb-4e03-b66f-7eb8c532d1aa,2,4076.705534
2026/02/05/11:29:28,running-time,rs-004456-fsk5n,8d39c14d-0ccb-4e03-b66f-7eb8c532d1aa,2,4076.705534
2026/02/05/11:29:28,apply-time,rs-004456-kkznn,a6cbf674-b8a1-47d6-b308-28d31f1c29cc,2,4076.705534
2026/02/05/11:29:28,running-time,rs-004456-kkznn,a6cbf674-b8a1-47d6-b308-28d31f1c29cc,2,4076.705534
2026/02/05/11:29:28,apply-time,rs-004456-vcd2d,bf297c83-9382-4e4c-bf3c-ba7a0a9c0c9a,2,4076.705534
2026/02/05/11:29:28,running-time,rs-004456-vcd2d,bf297c83-9382-4e4c-bf3c-ba7a0a9c0c9a,2,4076.705534
2026/02/05/11:29:28,apply-time,rs-004457-4slxj,9e28f38c-98c7-490a-b127-e77ce9f6f4d2,2,4076.705534
2026/02/05/11:29:28,running-time,rs-004457-4slxj,9e28f38c-98c7-490a-b127-e77ce9f6f4d2,2,4076.705534
2026/02/05/11:29:28,apply-time,rs-004458-2z9z8,daf5692c-30d0-4114-a75d-838393a5471a,3,4076.705534
2026/02/05/11:29:28,running-time,rs-004458-2z9z8,daf5692c-30d0-4114-a75d-838393a5471a,3,4076.705534
2026/02/05/11:29:28,apply-time,rs-004459-f6vzr,7e90f92a-3d1f-43bf-bc93-0e68216bc995,3,4076.705534
2026/02/05/11:29:28,running-time,rs-004459-f6vzr,7e90f92a-3d1f-43bf-bc93-0e68216bc995,3,4076.705534
2026/02/05/11:29:28,apply-time,rs-004459-wjzqn,06687b23-a714-47d7-9102-656e2efd641d,3,4076.705534
2026/02/05/11:29:28,running-time,rs-004459-wjzqn,06687b23-a714-47d7-9102-656e2efd641d,3,4076.705534
2026/02/05/11:29:28,apply-time,rs-004459-wrp7w,dc317406-d770-4a4b-942a-2abccbede413,3,4076.705534
2026/02/05/11:29:28,running-time,rs-004459-wrp7w,dc317406-d770-4a4b-942a-2abccbede413,3,4076.705534
2026/02/05/11:29:29,apply-time,rs-004460-4664s,d344c5b5-8b36-4fea-bb44-73bb8f72c72f,1,4077.705534
2026/02/05/11:29:29,running-time,rs-004460-4664s,d344c5b5-8b36-4fea-bb44-73bb8f72c72f,1,4077.705534
2026/02/05/11:29:29,apply-time,rs-004460-jvg54,fac76f06-d494-46cf-9abf-2afe49da0364,1,4077.705534
2026/02/05/11:29:29,running-time,rs-004460-jvg54,fac76f06-d494-46cf-9abf-2afe49da0364,1,4077.705534
2026/02/05/11:29:29,apply-time,rs-004461-4gdsz,ff48d299-bad8-43f9-bebe-52499a6c07c4,4,4077.705534
2026/02/05/11:29:29,running-time,rs-004461-4gdsz,ff48d299-bad8-43f9-bebe-52499a6c07c4,4,4078.705534
2026/02/05/11:29:29,apply-time,rs-004461-5swll,3943d11b-5480-4d24-9551-fff7e0a63ea8,4,4077.705534
2026/02/05/11:29:29,running-time,rs-004461-5swll,3943d11b-5480-4d24-9551-fff7e0a63ea8,4,4078.705534
2026/02/05/11:29:29,apply-time,rs-004461-7nz2m,7afe0b7b-0bc6-4a78-867e-53fffaa2cc03,4,4077.705534
2026/02/05/11:29:29,running-time,rs-004461-7nz2m,7afe0b7b-0bc6-4a78-867e-53fffaa2cc03,4,4078.705534
2026/02/05/11:29:29,apply-time,rs-004462-298ct,afb3cf2a-59e7-45ec-b9c7-a47b1b64df00,3,4078.705534
2026/02/05/11:29:29,running-time,rs-004462-298ct,afb3cf2a-59e7-45ec-b9c7-a47b1b64df00,3,4078.705534
2026/02/05/11:29:29,apply-time,rs-004462-9bw47,71af5ec1-5885-4e26-8e9b-0ef6ea9baa9a,3,4078.705534
2026/02/05/11:29:29,running-time,rs-004462-9bw47,71af5ec1-5885-4e26-8e9b-0ef6ea9baa9a,3,4078.705534
2026/02/05/11:29:29,apply-time,rs-004462-q6hpq,0cf5b73b-d2ec-451e-bad8-f7c7b2c347c6,3,4078.705534
2026/02/05/11:29:29,running-time,rs-004462-q6hpq,0cf5b73b-d2ec-451e-bad8-f7c7b2c347c6,3,4078.705534
2026/02/05/11:29:30,apply-time,rs-004463-fwjf4,4898a05d-556b-476b-9094-4df4802a7873,2,4079.705534
2026/02/05/11:29:30,apply-time,rs-004463-gp7d6,d3476c36-c818-4307-9328-bd975d9b66ce,2,4078.705534
2026/02/05/11:29:30,apply-time,rs-004464-lw5bl,d71c729a-5400-4320-8f77-05f3b9face75,1,4078.705534
2026/02/05/11:29:30,running-time,rs-004464-lw5bl,d71c729a-5400-4320-8f77-05f3b9face75,1,4078.705534
2026/02/05/11:29:30,apply-time,rs-004464-qqb9x,7bdfb2ad-77bc-4a31-b89b-61c1c8a111fe,1,4078.705534
2026/02/05/11:29:30,running-time,rs-004464-qqb9x,7bdfb2ad-77bc-4a31-b89b-61c1c8a111fe,1,4078.705534
2026/02/05/11:29:30,apply-time,rs-004464-z222l,188547c9-9ec2-432f-9665-e7790efac507,1,4078.705534
2026/02/05/11:29:30,running-time,rs-004464-z222l,188547c9-9ec2-432f-9665-e7790efac507,1,4078.705534
2026/02/05/11:29:30,apply-time,rs-004465-52qwj,495825da-70c5-4765-bc47-1801ee260317,2,4078.705534
2026/02/05/11:29:30,running-time,rs-004465-52qwj,495825da-70c5-4765-bc47-1801ee260317,2,4079.705534
2026/02/05/11:29:30,apply-time,rs-004465-th9k2,422ab629-3682-40a2-8ae9-2d92cbaed986,2,4078.705534
2026/02/05/11:29:30,running-time,rs-004465-th9k2,422ab629-3682-40a2-8ae9-2d92cbaed986,2,4078.705534
2026/02/05/11:29:30,apply-time,rs-004466-98xkb,35ad1a03-d3af-44c0-af91-1325cbcdcbb9,1,4079.705534
2026/02/05/11:29:30,running-time,rs-004466-98xkb,35ad1a03-d3af-44c0-af91-1325cbcdcbb9,1,4079.705534
2026/02/05/11:29:30,apply-time,rs-004466-cbbv2,3c65f8b6-fea1-4f7a-9006-35a3c88628c5,1,4079.705534
2026/02/05/11:29:30,running-time,rs-004466-cbbv2,3c65f8b6-fea1-4f7a-9006-35a3c88628c5,1,4079.705534
2026/02/05/11:29:30,apply-time,rs-004467-zj67g,24b903f8-015e-4b21-b4ca-c21ad32ff755,2,4079.705534
2026/02/05/11:29:30,running-time,rs-004467-zj67g,24b903f8-015e-4b21-b4ca-c21ad32ff755,2,4079.705534
2026/02/05/11:29:30,apply-time,rs-004468-w9lfq,f489d900-46d0-453a-993a-6ecf990639bc,3,4079.705534
2026/02/05/11:29:30,running-time,rs-004468-w9lfq,f489d900-46d0-453a-993a-6ecf990639bc,3,4079.705534
2026/02/05/11:29:31,apply-time,rs-004470-nk949,ec091e1f-2e92-4a24-b2cc-7de8cdfaccac,1,4080.705534
2026/02/05/11:29:32,running-time,rs-004463-gp7d6,d3476c36-c818-4307-9328-bd975d9b66ce,2,4080.705534
2026/02/05/11:29:32,apply-time,rs-004469-tz28d,49cadd2a-1295-4ca1-8f67-fdf4b0dafbcf,3,4080.705534
2026/02/05/11:29:32,running-time,rs-004469-tz28d,49cadd2a-1295-4ca1-8f67-fdf4b0dafbcf,3,4080.705534
2026/02/05/11:29:32,apply-time,rs-004469-x5w5n,54c26095-3f78-41bf-846f-594296e42ff0,3,4080.705534
2026/02/05/11:29:32,running-time,rs-004469-x5w5n,54c26095-3f78-41bf-846f-594296e42ff0,3,4080.705534
2026/02/05/11:29:32,apply-time,rs-004469-xznq9,9aa55e9e-cc0b-4d6d-aace-14496b07a0ae,3,4080.705534
2026/02/05/11:29:32,running-time,rs-004469-xznq9,9aa55e9e-cc0b-4d6d-aace-14496b07a0ae,3,4080.705534
2026/02/05/11:29:32,apply-time,rs-004470-4lxf2,0322325b-633c-40af-b91d-30fe62334294,1,4080.705534
2026/02/05/11:29:32,apply-time,rs-004470-mrnxc,50274d6c-bf08-4668-915e-885d0aa3f1b1,1,4080.705534
2026/02/05/11:29:32,running-time,rs-004470-nk949,ec091e1f-2e92-4a24-b2cc-7de8cdfaccac,1,4080.705534
2026/02/05/11:29:32,apply-time,rs-004471-k8v72,ef753f00-c6cd-4a90-a57f-61300268edc4,3,4080.705534
2026/02/05/11:29:32,running-time,rs-004471-k8v72,ef753f00-c6cd-4a90-a57f-61300268edc4,3,4080.705534
2026/02/05/11:29:32,apply-time,rs-004472-gqb7v,73f49945-7c72-4c28-8a81-97bdf8b123d5,2,4081.705534
2026/02/05/11:29:32,apply-time,rs-004473-svrfz,a3790d30-0b4a-4c45-a873-0d465115d1ee,2,4081.705534
2026/02/05/11:29:32,running-time,rs-004473-svrfz,a3790d30-0b4a-4c45-a873-0d465115d1ee,2,4081.705534
2026/02/05/11:29:32,apply-time,rs-004474-vm7vw,6d90e8e4-0e12-4921-aef5-4b49c2498306,4,4081.705534
2026/02/05/11:29:32,running-time,rs-004474-vm7vw,6d90e8e4-0e12-4921-aef5-4b49c2498306,4,4081.705534
2026/02/05/11:29:33,apply-time,rs-004473-hn9lf,eaca8386-b0fb-4e07-983e-0c1d91f5c86f,2,4081.705534
2026/02/05/11:29:33,running-time,rs-004473-hn9lf,eaca8386-b0fb-4e07-983e-0c1d91f5c86f,2,4081.705534
2026/02/05/11:29:33,apply-time,rs-004475-55q6l,2fb76fdc-deb8-4509-8526-4e643f3787cf,2,4081.705534
2026/02/05/11:29:33,running-time,rs-004475-55q6l,2fb76fdc-deb8-4509-8526-4e643f3787cf,2,4081.705534
2026/02/05/11:29:38,apply-time,rs-004476-b962g,6e3f9a5f-70eb-48ca-ba2a-a50a51454c67,1,4086.705534
2026/02/05/11:29:38,running-time,rs-004476-b962g,6e3f9a5f-70eb-48ca-ba2a-a50a51454c67,1,4086.705534
2026/02/05/11:29:38,apply-time,rs-004476-b9jc6,69651da6-2b4f-433f-9aaf-871328cc9939,1,4086.705534
2026/02/05/11:29:38,running-time,rs-004476-b9jc6,69651da6-2b4f-433f-9aaf-871328cc9939,1,4087.705534
2026/02/05/11:29:38,apply-time,rs-004476-l8fzx,9370e756-2aaa-442e-9f71-e3ef4f4c806d,1,4086.705534
2026/02/05/11:29:38,running-time,rs-004476-l8fzx,9370e756-2aaa-442e-9f71-e3ef4f4c806d,1,4086.705534
2026/02/05/11:29:38,apply-time,rs-004477-lckkq,30ad46ff-fcba-4383-922b-a590d35f9d6f,1,4086.705534
2026/02/05/11:29:38,running-time,rs-004477-lckkq,30ad46ff-fcba-4383-922b-a590d35f9d6f,1,4087.705534
2026/02/05/11:29:38,apply-time,rs-004478-9cxfj,a9aad150-b530-4e29-ac70-a10a85be7b24,2,4087.705534
2026/02/05/11:29:38,apply-time,rs-004478-wzvsl,641476f2-7f42-4819-b0fb-becda1ab5916,2,4087.705534
2026/02/05/11:29:38,apply-time,rs-004479-jdwxm,2a3aa3a9-c4eb-4ec2-a0a0-863aa7041045,1,4087.705534
2026/02/05/11:29:38,running-time,rs-004479-jdwxm,2a3aa3a9-c4eb-4ec2-a0a0-863aa7041045,1,4087.705534
2026/02/05/11:29:39,apply-time,rs-004480-zqstd,139e6ee6-7828-4497-b225-29ab2eab6ae1,2,4087.705534
2026/02/05/11:29:39,running-time,rs-004480-zqstd,139e6ee6-7828-4497-b225-29ab2eab6ae1,2,4087.705534
2026/02/05/11:29:39,apply-time,rs-004481-d6mvq,b6b6eff7-ffc6-41c2-ac26-5aef36dce853,3,4088.705534
2026/02/05/11:29:39,running-time,rs-004481-d6mvq,b6b6eff7-ffc6-41c2-ac26-5aef36dce853,3,4088.705534
2026/02/05/11:29:39,apply-time,rs-004481-mhzbp,4846f200-e233-4539-b35c-efea00478aea,3,4087.705534
2026/02/05/11:29:39,running-time,rs-004481-mhzbp,4846f200-e233-4539-b35c-efea00478aea,3,4088.705534
2026/02/05/11:29:39,apply-time,rs-004482-4wwfc,0981f12b-e4af-47ac-b301-4364499ade73,3,4088.705534
2026/02/05/11:29:39,running-time,rs-004482-4wwfc,0981f12b-e4af-47ac-b301-4364499ade73,3,4088.705534
2026/02/05/11:29:39,apply-time,rs-004482-hddxc,531d3ca1-b102-4881-af90-37d42b321101,3,4088.705534
2026/02/05/11:29:39,running-time,rs-004482-hddxc,531d3ca1-b102-4881-af90-37d42b321101,3,4088.705534
2026/02/05/11:29:39,apply-time,rs-004482-lsnf5,90adf0d8-777c-42b9-bf12-0c978aa8a14b,3,4088.705534
2026/02/05/11:29:39,running-time,rs-004482-lsnf5,90adf0d8-777c-42b9-bf12-0c978aa8a14b,3,4088.705534
2026/02/05/11:29:42,apply-time,rs-004483-45hp8,956b0a72-fa4c-4945-9523-79544e7083f0,3,4090.705534
2026/02/05/11:29:42,running-time,rs-004483-45hp8,956b0a72-fa4c-4945-9523-79544e7083f0,3,4090.705534
2026/02/05/11:29:42,apply-time,rs-004483-jvd5t,e4c9c1aa-25c9-4f26-9a30-acd0124e9746,3,4090.705534
2026/02/05/11:29:42,running-time,rs-004483-jvd5t,e4c9c1aa-25c9-4f26-9a30-acd0124e9746,3,4090.705534
2026/02/05/11:29:42,apply-time,rs-004484-95zqf,7a6a130b-b11e-4cab-b1d6-c173049a9ae7,4,4090.705534
2026/02/05/11:29:42,running-time,rs-004484-95zqf,7a6a130b-b11e-4cab-b1d6-c173049a9ae7,4,4090.705534
2026/02/05/11:29:42,apply-time,rs-004485-2fvt5,bc78de88-4939-4ebd-9c5a-e1fe972a93a8,1,4090.705534
2026/02/05/11:29:42,apply-time,rs-004485-f7nmp,e097b0b9-663e-4786-8986-3a77b768acf0,1,4090.705534
2026/02/05/11:29:42,running-time,rs-004485-f7nmp,e097b0b9-663e-4786-8986-3a77b768acf0,1,4090.705534
2026/02/05/11:29:42,apply-time,rs-004485-v5l98,82b1f314-cb66-43c5-9d5b-f300608235c7,1,4090.705534
2026/02/05/11:29:42,running-time,rs-004485-v5l98,82b1f314-cb66-43c5-9d5b-f300608235c7,1,4090.705534
2026/02/05/11:29:42,apply-time,rs-004486-8cjgh,ef6b0792-0f56-401a-a282-0cfc60955fa0,1,4090.705534
2026/02/05/11:29:42,running-time,rs-004486-8cjgh,ef6b0792-0f56-401a-a282-0cfc60955fa0,1,4090.705534
2026/02/05/11:29:42,apply-time,rs-004486-c67v4,bc758f15-e9ee-4ce1-8b9f-9725ee2d1c8e,1,4090.705534
2026/02/05/11:29:42,running-time,rs-004486-c67v4,bc758f15-e9ee-4ce1-8b9f-9725ee2d1c8e,1,4090.705534
2026/02/05/11:29:42,apply-time,rs-004486-sgkpq,4362a48f-7aba-4d79-b48d-95f0bf62383d,1,4090.705534
2026/02/05/11:29:42,running-time,rs-004486-sgkpq,4362a48f-7aba-4d79-b48d-95f0bf62383d,1,4090.705534
2026/02/05/11:29:46,apply-time,rs-004487-8v67c,76910c24-20d7-4be0-9c70-6b976b02dffb,4,4094.705534
2026/02/05/11:29:46,running-time,rs-004487-8v67c,76910c24-20d7-4be0-9c70-6b976b02dffb,4,4094.705534
2026/02/05/11:29:46,apply-time,rs-004487-t2h7j,f162c42b-2246-4362-9eb8-eb6b635f49a7,4,4094.705534
2026/02/05/11:29:46,running-time,rs-004487-t2h7j,f162c42b-2246-4362-9eb8-eb6b635f49a7,4,4094.705534
2026/02/05/11:29:46,apply-time,rs-004488-bcwvs,1ce47b48-61f6-4b55-a567-eeb74455dbd8,1,4094.705534
2026/02/05/11:29:46,running-time,rs-004488-bcwvs,1ce47b48-61f6-4b55-a567-eeb74455dbd8,1,4094.705534
2026/02/05/11:29:46,apply-time,rs-004489-2sdcl,ae322e9b-ca72-4bf2-847d-cda557e70946,4,4094.705534
2026/02/05/11:29:46,running-time,rs-004489-2sdcl,ae322e9b-ca72-4bf2-847d-cda557e70946,4,4094.705534
2026/02/05/11:29:46,apply-time,rs-004489-bfm8h,5caf8694-0d30-4981-ad76-b4ab7d6bf010,4,4094.705534
2026/02/05/11:29:46,running-time,rs-004489-bfm8h,5caf8694-0d30-4981-ad76-b4ab7d6bf010,4,4094.705534
2026/02/05/11:29:46,apply-time,rs-004489-nggqf,f01f58a0-82cd-461f-a019-af956724301f,4,4094.705534
2026/02/05/11:29:46,running-time,rs-004489-nggqf,f01f58a0-82cd-461f-a019-af956724301f,4,4094.705534
2026/02/05/11:29:46,apply-time,rs-004490-85zxn,171f1e37-423e-442e-ba99-1ef81aef2296,2,4094.705534
2026/02/05/11:29:46,running-time,rs-004490-85zxn,171f1e37-423e-442e-ba99-1ef81aef2296,2,4094.705534
2026/02/05/11:29:46,apply-time,rs-004490-n85nm,c82227db-b001-49b7-a9de-4ed2c0aa4c23,2,4094.705534
2026/02/05/11:29:46,running-time,rs-004490-n85nm,c82227db-b001-49b7-a9de-4ed2c0aa4c23,2,4094.705534
2026/02/05/11:29:46,apply-time,rs-004490-p2q5z,63b27cf8-baba-426c-927a-26cb6d58ea07,2,4094.705534
2026/02/05/11:29:46,running-time,rs-004490-p2q5z,63b27cf8-baba-426c-927a-26cb6d58ea07,2,4094.705534
2026/02/05/11:29:46,apply-time,rs-004491-gj4dq,fb9f0048-04d9-4c05-95c7-beb0616aec99,1,4094.705534
2026/02/05/11:29:46,running-time,rs-004491-gj4dq,fb9f0048-04d9-4c05-95c7-beb0616aec99,1,4094.705534
2026/02/05/11:29:46,apply-time,rs-004492-kpdsm,f4c28b6f-4a56-40de-84e2-0df1e64fb1c5,2,4095.705534
2026/02/05/11:29:46,apply-time,rs-004492-rs5x5,05207ebe-6517-434b-a740-f4cc2c4cb625,2,4095.705534
2026/02/05/11:29:46,apply-time,rs-004492-w6nfv,3152fcc3-2ed6-4445-a3bf-6ca8574752d3,2,4095.705534
2026/02/05/11:29:47,running-time,rs-004492-kpdsm,f4c28b6f-4a56-40de-84e2-0df1e64fb1c5,2,4095.705534
2026/02/05/11:29:47,running-time,rs-004492-rs5x5,05207ebe-6517-434b-a740-f4cc2c4cb625,2,4095.705534
2026/02/05/11:29:47,running-time,rs-004492-w6nfv,3152fcc3-2ed6-4445-a3bf-6ca8574752d3,2,4095.705534
2026/02/05/11:29:47,apply-time,rs-004493-v85c5,e8ae25cd-bf0d-43ce-911c-3ad183adf5f3,1,4095.705534
2026/02/05/11:29:47,running-time,rs-004493-v85c5,e8ae25cd-bf0d-43ce-911c-3ad183adf5f3,1,4095.705534
2026/02/05/11:29:47,apply-time,rs-004494-l7rhb,fa0869fe-ed9a-4729-81b3-34392954f3c2,1,4095.705534
2026/02/05/11:29:47,running-time,rs-004494-l7rhb,fa0869fe-ed9a-4729-81b3-34392954f3c2,1,4095.705534
2026/02/05/11:29:47,apply-time,rs-004495-9thk6,2d6b85cb-91ed-4f74-ad12-ef4d80ee28a7,4,4096.705534
2026/02/05/11:29:47,apply-time,rs-004496-8bffx,db462768-c0ef-4b75-be4e-47d3059d7410,1,4096.705534
2026/02/05/11:29:47,running-time,rs-004496-8bffx,db462768-c0ef-4b75-be4e-47d3059d7410,1,4096.705534
2026/02/05/11:29:47,apply-time,rs-004497-477sl,67bd2170-70af-4c69-8f7f-9fbd0f28c31c,2,4096.705534
2026/02/05/11:29:47,running-time,rs-004497-477sl,67bd2170-70af-4c69-8f7f-9fbd0f28c31c,2,4096.705534
2026/02/05/11:29:47,apply-time,rs-004497-zm962,ea71fff1-268c-44db-b375-d080f5fe547f,2,4096.705534
2026/02/05/11:29:47,running-time,rs-004497-zm962,ea71fff1-268c-44db-b375-d080f5fe547f,2,4096.705534
2026/02/05/11:29:47,apply-time,rs-004498-qblmj,a1d7c091-2395-48bc-a0de-5e92efd50892,3,4096.705534
2026/02/05/11:29:47,running-time,rs-004498-qblmj,a1d7c091-2395-48bc-a0de-5e92efd50892,3,4096.705534
2026/02/05/11:29:47,apply-time,rs-004499-5tbl5,a19932c8-1738-45aa-9c50-400668e3a091,1,4096.705534
2026/02/05/11:29:47,running-time,rs-004499-5tbl5,a19932c8-1738-45aa-9c50-400668e3a091,1,4096.705534
2026/02/05/11:29:48,apply-time,rs-004498-pkbqg,a002e6ae-1b62-4660-84d2-09fa833416c2,3,4096.705534
2026/02/05/11:29:48,running-time,rs-004498-pkbqg,a002e6ae-1b62-4660-84d2-09fa833416c2,3,4096.705534
2026/02/05/11:29:48,apply-time,rs-004499-ktcc5,362595b4-0d0a-4071-87f9-86849756c66e,1,4096.705534
2026/02/05/11:29:48,running-time,rs-004499-ktcc5,362595b4-0d0a-4071-87f9-86849756c66e,1,4096.705534
2026/02/05/11:29:49,running-time,rs-004495-9thk6,2d6b85cb-91ed-4f74-ad12-ef4d80ee28a7,4,4097.705534
2026/02/05/11:29:52,running-time,rs-004478-wzvsl,641476f2-7f42-4819-b0fb-becda1ab5916,2,4100.705534
2026/02/05/11:29:53,apply-time,rs-004500-97vj6,6b55adb6-dd56-4f50-9486-b37358e8a950,3,4101.705534
2026/02/05/11:29:53,running-time,rs-004500-97vj6,6b55adb6-dd56-4f50-9486-b37358e8a950,3,4101.705534
2026/02/05/11:29:53,apply-time,rs-004500-grz2q,0c96f2c8-f659-4ebf-90f2-165b94b589e7,3,4101.705534
2026/02/05/11:29:53,running-time,rs-004500-grz2q,0c96f2c8-f659-4ebf-90f2-165b94b589e7,3,4101.705534
2026/02/05/11:29:53,apply-time,rs-004500-skvs8,9b8e0ec9-f41f-46e1-9cea-a0df72bfe1a0,3,4101.705534
2026/02/05/11:29:53,running-time,rs-004500-skvs8,9b8e0ec9-f41f-46e1-9cea-a0df72bfe1a0,3,4101.705534
2026/02/05/11:29:53,apply-time,rs-004501-psv5w,e9ce881e-c453-4b47-a21a-d7cbad220b09,2,4101.705534
2026/02/05/11:29:53,running-time,rs-004501-psv5w,e9ce881e-c453-4b47-a21a-d7cbad220b09,2,4101.705534
2026/02/05/11:29:53,apply-time,rs-004502-n8kbt,69ea2584-4719-48bf-82f5-ebe9f3a5c403,2,4101.705534
2026/02/05/11:29:53,running-time,rs-004502-n8kbt,69ea2584-4719-48bf-82f5-ebe9f3a5c403,2,4101.705534
2026/02/05/11:29:53,apply-time,rs-004503-8sj7m,b7fb8591-fc21-4727-be59-2a0f6feec70c,2,4101.705534
2026/02/05/11:29:53,running-time,rs-004503-8sj7m,b7fb8591-fc21-4727-be59-2a0f6feec70c,2,4101.705534
2026/02/05/11:29:53,apply-time,rs-004504-lj4wf,16fee314-0474-4c5c-9d34-051aad942f33,1,4101.705534
2026/02/05/11:29:53,running-time,rs-004504-lj4wf,16fee314-0474-4c5c-9d34-051aad942f33,1,4101.705534
2026/02/05/11:29:53,apply-time,rs-004504-smldd,216583fd-73b8-47b2-aa29-275690a0babc,1,4101.705534
2026/02/05/11:29:53,running-time,rs-004504-smldd,216583fd-73b8-47b2-aa29-275690a0babc,1,4101.705534
2026/02/05/11:29:53,apply-time,rs-004504-x9c4x,7112e029-618b-4437-9357-8cad89f5cd46,1,4101.705534
2026/02/05/11:29:53,running-time,rs-004504-x9c4x,7112e029-618b-4437-9357-8cad89f5cd46,1,4101.705534
2026/02/05/11:29:53,apply-time,rs-004505-8ggd5,34f88fbf-6a7b-42dd-9915-49e1959b353e,2,4102.705534
2026/02/05/11:29:53,running-time,rs-004505-8ggd5,34f88fbf-6a7b-42dd-9915-49e1959b353e,2,4102.705534
2026/02/05/11:29:53,apply-time,rs-004505-n4s7j,7610beab-0a05-4142-91e6-cb40fc3b2f9e,2,4102.705534
2026/02/05/11:29:53,running-time,rs-004505-n4s7j,7610beab-0a05-4142-91e6-cb40fc3b2f9e,2,4102.705534
2026/02/05/11:29:53,apply-time,rs-004505-rtqg2,3da7ccbf-32f5-4ccc-8a6d-540587e5ef28,2,4102.705534
2026/02/05/11:29:53,running-time,rs-004505-rtqg2,3da7ccbf-32f5-4ccc-8a6d-540587e5ef28,2,4102.705534
2026/02/05/11:29:53,apply-time,rs-004506-qsgnv,c9d1856f-c69d-443c-87d4-2a7442b527f4,2,4102.705534
2026/02/05/11:29:53,running-time,rs-004506-qsgnv,c9d1856f-c69d-443c-87d4-2a7442b527f4,2,4102.705534
2026/02/05/11:29:53,apply-time,rs-004507-zjhrb,a74ea79a-df7e-447e-a1cd-c0dea1911e27,3,4102.705534
2026/02/05/11:29:53,running-time,rs-004507-zjhrb,a74ea79a-df7e-447e-a1cd-c0dea1911e27,3,4102.705534
2026/02/05/11:29:54,apply-time,rs-004507-6kcdn,7e2ccfaa-9cbf-4b47-8e97-7cc85e925b89,3,4102.705534
2026/02/05/11:29:54,running-time,rs-004507-6kcdn,7e2ccfaa-9cbf-4b47-8e97-7cc85e925b89,3,4102.705534
2026/02/05/11:29:54,apply-time,rs-004507-fgjqw,a8d69d49-0a6e-4885-82f2-af58d781bef7,3,4102.705534
2026/02/05/11:29:54,running-time,rs-004507-fgjqw,a8d69d49-0a6e-4885-82f2-af58d781bef7,3,4102.705534
2026/02/05/11:29:56,apply-time,rs-004508-8dm67,d9f7e1c5-22b0-4733-af7f-8300f409a30d,3,4104.705534
2026/02/05/11:29:56,running-time,rs-004508-8dm67,d9f7e1c5-22b0-4733-af7f-8300f409a30d,3,4104.705534
2026/02/05/11:29:56,apply-time,rs-004508-hpl7m,fe5a7bb4-6727-414f-8056-d908c18a9388,3,4104.705534
2026/02/05/11:29:56,running-time,rs-004508-hpl7m,fe5a7bb4-6727-414f-8056-d908c18a9388,3,4104.705534
2026/02/05/11:29:56,apply-time,rs-004508-sz965,71fe05ee-d707-4367-a9e7-95681f0a6d7d,3,4104.705534
2026/02/05/11:29:56,running-time,rs-004508-sz965,71fe05ee-d707-4367-a9e7-95681f0a6d7d,3,4104.705534
2026/02/05/11:29:57,apply-time,rs-004509-h7qzw,7a02fb55-b2ba-4976-9b52-c1fa49a1359d,3,4105.705534
2026/02/05/11:29:57,running-time,rs-004509-h7qzw,7a02fb55-b2ba-4976-9b52-c1fa49a1359d,3,4105.705534
2026/02/05/11:29:57,apply-time,rs-004509-hzc7q,c4fde963-1266-4c5f-90dd-c303341a4972,3,4105.705534
2026/02/05/11:29:57,running-time,rs-004509-hzc7q,c4fde963-1266-4c5f-90dd-c303341a4972,3,4105.705534
2026/02/05/11:29:57,apply-time,rs-004509-kwvr2,322f8fbb-0453-4a1c-a75c-195880f7dde1,3,4105.705534
2026/02/05/11:29:57,running-time,rs-004509-kwvr2,322f8fbb-0453-4a1c-a75c-195880f7dde1,3,4105.705534
2026/02/05/11:29:57,apply-time,rs-004510-z98vh,b01e18e1-1a9d-4b2c-9147-54b8bd4cf555,2,4105.705534
2026/02/05/11:29:57,running-time,rs-004510-z98vh,b01e18e1-1a9d-4b2c-9147-54b8bd4cf555,2,4105.705534
2026/02/05/11:29:57,apply-time,rs-004511-5hz8f,fdf0d68a-afd3-45fc-9bcb-6cf2144932c7,1,4105.705534
2026/02/05/11:29:57,running-time,rs-004511-5hz8f,fdf0d68a-afd3-45fc-9bcb-6cf2144932c7,1,4105.705534
2026/02/05/11:29:57,apply-time,rs-004511-lsjth,dcdb626b-4b71-41a6-8a6a-8c60d631ed56,1,4105.705534
2026/02/05/11:29:57,running-time,rs-004511-lsjth,dcdb626b-4b71-41a6-8a6a-8c60d631ed56,1,4105.705534
2026/02/05/11:29:57,apply-time,rs-004511-xhr94,2b186726-aec5-4b56-835d-b5b76407f16a,1,4105.705534
2026/02/05/11:29:57,running-time,rs-004511-xhr94,2b186726-aec5-4b56-835d-b5b76407f16a,1,4105.705534
2026/02/05/11:29:57,apply-time,rs-004512-8xb24,d52391dc-33bb-4e0b-ac6c-24e96e19ddde,1,4106.705534
2026/02/05/11:29:57,running-time,rs-004512-8xb24,d52391dc-33bb-4e0b-ac6c-24e96e19ddde,1,4106.705534
2026/02/05/11:29:57,apply-time,rs-004512-j4fks,4c2b03f0-6f11-4954-9d77-14bc60fc9d12,1,4106.705534
2026/02/05/11:29:57,running-time,rs-004512-j4fks,4c2b03f0-6f11-4954-9d77-14bc60fc9d12,1,4106.705534
2026/02/05/11:29:57,apply-time,rs-004513-8vsbd,73d507bc-593e-4363-b886-b5e2cdfbd204,4,4106.705534
2026/02/05/11:29:57,apply-time,rs-004513-m52nb,13d3dbdf-966e-4a8a-8970-e2c91b8bc529,4,4106.705534
2026/02/05/11:29:57,apply-time,rs-004514-5rbnc,6aebcfb1-dc54-4d2b-9d44-fc9cbe2c883f,4,4106.705534
2026/02/05/11:29:57,apply-time,rs-004514-m6vxs,37c058e3-4f77-4646-86fb-290a743509c4,4,4106.705534
2026/02/05/11:29:57,apply-time,rs-004514-vgq57,0ee434f3-7aa6-4a36-a357-e5c25dcefe6f,4,4106.705534
2026/02/05/11:29:58,running-time,rs-004514-vgq57,0ee434f3-7aa6-4a36-a357-e5c25dcefe6f,4,4107.705534
2026/02/05/11:29:58,apply-time,rs-004515-gkrrp,3dd0e6b5-e53f-451b-8d61-47ce98b71bce,4,4107.705534
2026/02/05/11:29:58,running-time,rs-004515-gkrrp,3dd0e6b5-e53f-451b-8d61-47ce98b71bce,4,4107.705534
2026/02/05/11:29:58,apply-time,rs-004515-zr4ng,a4144b3d-c8cd-4cf0-8465-420d9d2b6b11,4,4107.705534
2026/02/05/11:29:58,running-time,rs-004515-zr4ng,a4144b3d-c8cd-4cf0-8465-420d9d2b6b11,4,4107.705534
2026/02/05/11:29:58,apply-time,rs-004516-5dff7,b9cd9661-a40b-4d25-bde6-6061fde64fd0,1,4107.705534
2026/02/05/11:29:58,running-time,rs-004516-5dff7,b9cd9661-a40b-4d25-bde6-6061fde64fd0,1,4107.705534
2026/02/05/11:29:58,apply-time,rs-004517-ll2bd,ebf27af9-b4bc-42eb-b2d1-c35423b63828,1,4107.705534
2026/02/05/11:29:58,apply-time,rs-004517-wkf87,ec38379a-2b52-4ea0-9280-aa4684b95758,1,4107.705534
2026/02/05/11:29:59,apply-time,rs-004518-4znpj,aadb4823-de50-4bea-bfe5-ff4a6e18397d,1,4107.705534
2026/02/05/11:29:59,running-time,rs-004518-4znpj,aadb4823-de50-4bea-bfe5-ff4a6e18397d,1,4107.705534
2026/02/05/11:29:59,apply-time,rs-004518-bt6b6,68280728-1129-4c7d-ad41-c5061d1de948,1,4108.705534
2026/02/05/11:29:59,running-time,rs-004518-bt6b6,68280728-1129-4c7d-ad41-c5061d1de948,1,4108.705534
2026/02/05/11:29:59,apply-time,rs-004518-jbfj2,38c15284-3315-476c-9c8c-f84616fa56a6,1,4108.705534
2026/02/05/11:29:59,running-time,rs-004518-jbfj2,38c15284-3315-476c-9c8c-f84616fa56a6,1,4108.705534
2026/02/05/11:29:59,apply-time,rs-004519-kjbw5,3bf051b9-9290-41b1-aa41-8c9e61f966a5,1,4107.705534
2026/02/05/11:29:59,running-time,rs-004519-kjbw5,3bf051b9-9290-41b1-aa41-8c9e61f966a5,1,4107.705534
2026/02/05/11:29:59,apply-time,rs-004520-qghrl,879dbe14-c9db-4729-b44f-0e6604f1edae,3,4108.705534
2026/02/05/11:29:59,running-time,rs-004520-qghrl,879dbe14-c9db-4729-b44f-0e6604f1edae,3,4108.705534
2026/02/05/11:29:59,apply-time,rs-004521-85mlm,9a2f59bb-c93d-4ba9-bf9d-f9e9436fefcf,1,4108.705534
2026/02/05/11:29:59,running-time,rs-004521-85mlm,9a2f59bb-c93d-4ba9-bf9d-f9e9436fefcf,1,4108.705534
2026/02/05/11:29:59,apply-time,rs-004522-clth8,94656aca-64e3-4dff-bf73-ce9d3b8ac037,1,4108.705534
2026/02/05/11:29:59,running-time,rs-004522-clth8,94656aca-64e3-4dff-bf73-ce9d3b8ac037,1,4108.705534
2026/02/05/11:29:59,apply-time,rs-004523-fdr7t,94e2ffa3-e356-49bf-96fe-470c2e005cfe,2,4108.705534
2026/02/05/11:29:59,running-time,rs-004523-fdr7t,94e2ffa3-e356-49bf-96fe-470c2e005cfe,2,4108.705534
2026/02/05/11:30:00,apply-time,rs-004520-475z9,e7269261-dcdc-470b-97c8-6269fc254a8f,3,4108.705534
2026/02/05/11:30:00,apply-time,rs-004521-65xns,5c3ebf0c-e312-4239-b0cd-e8a507955f5e,1,4108.705534
2026/02/05/11:30:00,apply-time,rs-004521-t9knr,a6771407-0a32-4a03-a283-dd241227f501,1,4108.705534
2026/02/05/11:30:00,apply-time,rs-004522-lwqvw,37306717-a428-4078-b064-4227a842541f,1,4108.705534
2026/02/05/11:30:00,running-time,rs-004522-lwqvw,37306717-a428-4078-b064-4227a842541f,1,4108.705534
2026/02/05/11:30:00,apply-time,rs-004523-4857t,3cf2a7a9-43e2-4126-9a3e-8da17e4c13fe,2,4108.705534
2026/02/05/11:30:00,running-time,rs-004523-4857t,3cf2a7a9-43e2-4126-9a3e-8da17e4c13fe,2,4108.705534
2026/02/05/11:30:00,apply-time,rs-004523-cvw5p,a663f4a0-19cb-476d-a9ab-33bb7a83d3c0,2,4108.705534
2026/02/05/11:30:00,running-time,rs-004523-cvw5p,a663f4a0-19cb-476d-a9ab-33bb7a83d3c0,2,4108.705534
2026/02/05/11:30:00,apply-time,rs-004524-69qs4,99b77a9a-a773-4a2f-bc74-f0a8d48259d2,3,4109.705534
2026/02/05/11:30:00,apply-time,rs-004524-qrjml,52cabe8e-28b4-4098-9e77-c39730dcb67d,3,4108.705534
2026/02/05/11:30:00,apply-time,rs-004526-d76m7,28f005e7-cc72-4182-90da-e29932cdde6d,2,4109.705534
2026/02/05/11:30:00,apply-time,rs-004527-sjxfx,6998b8e7-72a5-4d56-822d-6600429953d1,2,4109.705534
2026/02/05/11:30:00,running-time,rs-004527-sjxfx,6998b8e7-72a5-4d56-822d-6600429953d1,2,4109.705534
2026/02/05/11:30:00,apply-time,rs-004528-8zgv4,f559766b-5975-41a8-ad3c-ca7231b231e3,3,4109.705534
2026/02/05/11:30:01,apply-time,rs-004525-9jfkd,6f4b60dd-a9e9-4d85-88db-dc1f691f24de,2,4109.705534
2026/02/05/11:30:01,running-time,rs-004525-9jfkd,6f4b60dd-a9e9-4d85-88db-dc1f691f24de,2,4110.705534
2026/02/05/11:30:01,apply-time,rs-004525-w8v52,0591f8b1-85e4-4c63-8c63-523e631e9a6d,2,4109.705534
2026/02/05/11:30:01,running-time,rs-004525-w8v52,0591f8b1-85e4-4c63-8c63-523e631e9a6d,2,4109.705534
2026/02/05/11:30:01,apply-time,rs-004525-zqgxc,287ab846-8155-447b-ac98-6e7ec3edcae0,2,4110.705534
2026/02/05/11:30:01,running-time,rs-004525-zqgxc,287ab846-8155-447b-ac98-6e7ec3edcae0,2,4110.705534
2026/02/05/11:30:01,running-time,rs-004528-8zgv4,f559766b-5975-41a8-ad3c-ca7231b231e3,3,4109.705534
2026/02/05/11:30:01,apply-time,rs-004529-zgksg,7fa3a5ae-c66f-4b5e-b677-8645f093c149,1,4109.705534
2026/02/05/11:30:01,running-time,rs-004529-zgksg,7fa3a5ae-c66f-4b5e-b677-8645f093c149,1,4109.705534
2026/02/05/11:30:01,apply-time,rs-004530-s787k,a37e2336-cf00-4384-8ff2-db6320deb5e1,2,4110.705534
2026/02/05/11:30:01,apply-time,rs-004531-c7rft,b9261eb8-0c3e-4809-9883-a12675037f36,2,4110.705534
2026/02/05/11:30:01,running-time,rs-004531-c7rft,b9261eb8-0c3e-4809-9883-a12675037f36,2,4110.705534
2026/02/05/11:30:01,apply-time,rs-004532-6lg7j,6de83466-2125-46cc-b68e-7a40963c30b6,1,4110.705534
2026/02/05/11:30:02,running-time,rs-004521-65xns,5c3ebf0c-e312-4239-b0cd-e8a507955f5e,1,4111.705534
2026/02/05/11:30:02,running-time,rs-004521-t9knr,a6771407-0a32-4a03-a283-dd241227f501,1,4111.705534
2026/02/05/11:30:02,running-time,rs-004532-6lg7j,6de83466-2125-46cc-b68e-7a40963c30b6,1,4110.705534
2026/02/05/11:30:02,apply-time,rs-004533-cshq9,e75583e7-b650-4778-864a-a3d719d1e56a,1,4110.705534
2026/02/05/11:30:02,running-time,rs-004533-cshq9,e75583e7-b650-4778-864a-a3d719d1e56a,1,4110.705534
2026/02/05/11:30:02,apply-time,rs-004533-cvcpj,9def9af5-ae24-4c59-bdfd-8702317a62e1,1,4111.705534
2026/02/05/11:30:02,running-time,rs-004533-cvcpj,9def9af5-ae24-4c59-bdfd-8702317a62e1,1,4111.705534
2026/02/05/11:30:02,apply-time,rs-004534-ddqjp,cb43c85c-be44-42ea-aacc-a0920d02ed30,2,4110.705534
2026/02/05/11:30:02,apply-time,rs-004534-xnsx6,fa0e721a-ee95-48ae-a322-cb065f325c86,2,4110.705534
2026/02/05/11:30:02,apply-time,rs-004535-5zkcx,63c69dea-5d83-4b10-aa8d-78df8c04a3b4,1,4111.705534
2026/02/05/11:30:02,running-time,rs-004535-5zkcx,63c69dea-5d83-4b10-aa8d-78df8c04a3b4,1,4111.705534
2026/02/05/11:30:02,apply-time,rs-004535-j7zlc,4ce8f61c-df11-4c7d-8a09-2c7279c855f9,1,4111.705534
2026/02/05/11:30:02,running-time,rs-004535-j7zlc,4ce8f61c-df11-4c7d-8a09-2c7279c855f9,1,4111.705534
2026/02/05/11:30:03,apply-time,rs-004536-gdmrj,8e16add2-225a-4a3c-a932-f1781a513ec1,2,4111.705534
2026/02/05/11:30:03,running-time,rs-004536-gdmrj,8e16add2-225a-4a3c-a932-f1781a513ec1,2,4111.705534
2026/02/05/11:30:03,apply-time,rs-004536-j42px,f1e65c82-578a-47c3-bef5-206220dfea76,2,4111.705534
2026/02/05/11:30:03,running-time,rs-004536-j42px,f1e65c82-578a-47c3-bef5-206220dfea76,2,4111.705534
2026/02/05/11:30:03,apply-time,rs-004536-x2nj4,56c5a64f-b8f3-485c-b6e0-c088e4177c10,2,4111.705534
2026/02/05/11:30:03,running-time,rs-004536-x2nj4,56c5a64f-b8f3-485c-b6e0-c088e4177c10,2,4111.705534
2026/02/05/11:30:03,apply-time,rs-004537-b2dpc,e2cb56d5-22ac-43bc-be3e-eb7f45530d18,1,4111.705534
2026/02/05/11:30:03,running-time,rs-004537-b2dpc,e2cb56d5-22ac-43bc-be3e-eb7f45530d18,1,4111.705534
2026/02/05/11:30:03,apply-time,rs-004537-qsckk,f4727e31-f785-4cfa-8cc9-5c042b50789a,1,4112.705534
2026/02/05/11:30:03,apply-time,rs-004540-jdzmr,3aae4b05-d639-41b5-8bac-c65e62ea09b0,2,4112.705534
2026/02/05/11:30:04,apply-time,rs-004541-86spq,bd85dc29-a8a8-4a8f-bc9b-3161c2698cba,2,4113.705534
2026/02/05/11:30:04,apply-time,rs-004542-42ddm,7fcb7df0-08e7-4c68-b9c6-349d07450605,2,4113.705534
2026/02/05/11:30:04,apply-time,rs-004542-cqkz5,dfeecb50-1dcb-48b7-b495-b66fba1fa8f1,2,4113.705534
2026/02/05/11:30:04,apply-time,rs-004542-vsg49,aca83fb2-b721-4765-8e27-db7cfc67e504,2,4112.705534
2026/02/05/11:30:04,apply-time,rs-004543-q7kxn,752d2d40-e4ca-4ac9-8f59-06db501d2b7d,1,4112.705534
2026/02/05/11:30:04,running-time,rs-004543-q7kxn,752d2d40-e4ca-4ac9-8f59-06db501d2b7d,1,4112.705534
2026/02/05/11:30:04,apply-time,rs-004544-dvh5t,1e57a252-4929-4c98-b432-cab6328b05b5,3,4113.705534
2026/02/05/11:30:04,apply-time,rs-004544-qswck,48d4d3fe-3557-4f7c-9862-a3a452cbea85,3,4113.705534
2026/02/05/11:30:04,apply-time,rs-004545-gbb9v,e4b24db7-d110-4718-81ef-d1ccb1deb812,2,4113.705534
2026/02/05/11:30:05,apply-time,rs-004544-4mqx8,30ba70b5-8550-46a0-8100-be3654759d96,3,4113.705534
2026/02/05/11:30:05,apply-time,rs-004545-6f5xr,ea9dee44-bf3e-4dfa-b1e4-22cb0138c073,2,4113.705534
2026/02/05/11:30:05,running-time,rs-004545-gbb9v,e4b24db7-d110-4718-81ef-d1ccb1deb812,2,4113.705534
2026/02/05/11:30:05,apply-time,rs-004546-4sfk6,778e7d9a-49cb-44a1-873c-72afc54289b7,4,4113.705534
2026/02/05/11:30:05,apply-time,rs-004546-n28kx,596eb4b6-0a0c-4f28-b655-882a57a476ac,4,4113.705534
2026/02/05/11:30:05,running-time,rs-004546-n28kx,596eb4b6-0a0c-4f28-b655-882a57a476ac,4,4113.705534
2026/02/05/11:30:05,apply-time,rs-004546-xnqkn,82d057d0-8985-4c26-b3c1-b7aad6780e76,4,4113.705534
2026/02/05/11:30:06,running-time,rs-004546-4sfk6,778e7d9a-49cb-44a1-873c-72afc54289b7,4,4114.705534
2026/02/05/11:30:06,running-time,rs-004546-xnqkn,82d057d0-8985-4c26-b3c1-b7aad6780e76,4,4114.705534
2026/02/05/11:30:07,running-time,rs-004542-cqkz5,dfeecb50-1dcb-48b7-b495-b66fba1fa8f1,2,4115.705534
2026/02/05/11:30:07,running-time,rs-004542-vsg49,aca83fb2-b721-4765-8e27-db7cfc67e504,2,4115.705534
2026/02/05/11:30:08,apply-time,rs-004547-sxp68,847a6f29-300f-4d42-a02c-f90ce5e2a995,1,4116.705534
2026/02/05/11:30:08,running-time,rs-004547-sxp68,847a6f29-300f-4d42-a02c-f90ce5e2a995,1,4116.705534
2026/02/05/11:30:08,apply-time,rs-004548-c9x7n,31aac19d-7329-4b97-b3cf-ce4a4a5c9e40,1,4116.705534
2026/02/05/11:30:09,apply-time,rs-004549-6jvvm,95e83b85-8dcc-4634-8cbf-75a7d2ca999c,4,4117.705534
2026/02/05/11:30:09,apply-time,rs-004549-fv4zw,4dfe7c8f-60a2-4a70-b2cf-718489995d1f,4,4117.705534
2026/02/05/11:30:09,running-time,rs-004549-fv4zw,4dfe7c8f-60a2-4a70-b2cf-718489995d1f,4,4117.705534
2026/02/05/11:30:09,apply-time,rs-004550-226xt,4b75fa44-b0a2-43f7-9a7c-2d12ca8e188c,3,4118.705534
2026/02/05/11:30:09,apply-time,rs-004550-qz5qw,c2935cb3-0db8-47d4-88bc-c1924d24f195,3,4118.705534
2026/02/05/11:30:09,apply-time,rs-004550-zqk6w,0a1e0fde-257f-42e5-9b2f-a3bcfc9aa22c,3,4118.705534
2026/02/05/11:30:10,running-time,rs-004548-c9x7n,31aac19d-7329-4b97-b3cf-ce4a4a5c9e40,1,4119.705534
2026/02/05/11:30:10,running-time,rs-004549-6jvvm,95e83b85-8dcc-4634-8cbf-75a7d2ca999c,4,4119.705534
2026/02/05/11:30:11,apply-time,rs-004551-ctmck,b4e1523b-873b-495c-bb9f-28a775e7f8fe,1,4119.705534
2026/02/05/11:30:11,running-time,rs-004551-ctmck,b4e1523b-873b-495c-bb9f-28a775e7f8fe,1,4119.705534
2026/02/05/11:30:11,apply-time,rs-004551-lgxmr,407a12b8-c9ae-453c-82cf-540fe0b24314,1,4119.705534
2026/02/05/11:30:11,apply-time,rs-004551-m2ljt,74f17596-472d-43ea-a0f1-d589af5370f5,1,4119.705534
2026/02/05/11:30:11,apply-time,rs-004552-gk6ks,b68b3bdc-a285-433f-9312-a023615c37b1,3,4119.705534
2026/02/05/11:30:11,apply-time,rs-004552-k4zkx,c0f10bcf-2af3-4094-b8cb-7091183be8a7,3,4119.705534
2026/02/05/11:30:11,apply-time,rs-004553-jgsvj,9c2119f4-2b4f-4b04-ad17-0215956c74d9,1,4119.705534
2026/02/05/11:30:11,running-time,rs-004553-jgsvj,9c2119f4-2b4f-4b04-ad17-0215956c74d9,1,4119.705534
2026/02/05/11:30:12,running-time,rs-004542-42ddm,7fcb7df0-08e7-4c68-b9c6-349d07450605,2,4121.705534
2026/02/05/11:30:12,running-time,rs-004551-lgxmr,407a12b8-c9ae-453c-82cf-540fe0b24314,1,4121.705534
2026/02/05/11:30:12,running-time,rs-004551-m2ljt,74f17596-472d-43ea-a0f1-d589af5370f5,1,4121.705534
2026/02/05/11:30:14,running-time,rs-004552-k4zkx,c0f10bcf-2af3-4094-b8cb-7091183be8a7,3,4122.705534
2026/02/05/11:30:16,running-time,rs-004541-86spq,bd85dc29-a8a8-4a8f-bc9b-3161c2698cba,2,4125.705534
2026/02/05/11:30:17,apply-time,rs-004554-qtcnz,8feb487f-31f9-462b-bb07-83cc6a6e9559,1,4125.705534
2026/02/05/11:30:17,running-time,rs-004554-qtcnz,8feb487f-31f9-462b-bb07-83cc6a6e9559,1,4125.705534
2026/02/05/11:30:17,apply-time,rs-004554-vjjvv,e3749c12-094c-4ff2-9eac-7e02ce9ad5d6,1,4125.705534
2026/02/05/11:30:17,running-time,rs-004554-vjjvv,e3749c12-094c-4ff2-9eac-7e02ce9ad5d6,1,4125.705534
2026/02/05/11:30:17,apply-time,rs-004555-h8m6s,07cee724-59e4-432f-a158-8e7fe562d0dd,1,4125.705534
2026/02/05/11:30:17,apply-time,rs-004555-tgwb8,475e94d7-6843-4198-aa30-67334367412f,1,4125.705534
2026/02/05/11:30:17,apply-time,rs-004556-9xfg5,333ce818-d1ef-45a4-ae24-4ab949cb6a74,3,4125.705534
2026/02/05/11:30:17,running-time,rs-004556-9xfg5,333ce818-d1ef-45a4-ae24-4ab949cb6a74,3,4125.705534
2026/02/05/11:30:17,apply-time,rs-004556-l82d4,76bd09b1-5013-435d-be88-f65e51ea015a,3,4125.705534
2026/02/05/11:30:17,running-time,rs-004556-l82d4,76bd09b1-5013-435d-be88-f65e51ea015a,3,4125.705534
2026/02/05/11:30:17,apply-time,rs-004557-q8xlg,7b87a2f7-ab43-40d0-b8aa-0fce878dd750,3,4125.705534
2026/02/05/11:30:17,apply-time,rs-004558-56tzj,d34f04fc-35ce-488d-b2a7-e5b9159ef487,2,4125.705534
2026/02/05/11:30:17,apply-time,rs-004558-vt4bn,ed101a9e-8e77-40f4-ac2a-15376bec5881,2,4125.705534
2026/02/05/11:30:17,apply-time,rs-004559-d2nnh,21d0d078-398e-46d5-beed-ab995701d26c,2,4125.705534
2026/02/05/11:30:17,running-time,rs-004559-d2nnh,21d0d078-398e-46d5-beed-ab995701d26c,2,4125.705534
2026/02/05/11:30:17,apply-time,rs-004559-xx5rp,73363940-d3a4-4e97-b2ba-35930c471e3c,2,4125.705534
2026/02/05/11:30:17,running-time,rs-004559-xx5rp,73363940-d3a4-4e97-b2ba-35930c471e3c,2,4126.705534
2026/02/05/11:30:17,apply-time,rs-004560-8lxd5,e6f644a5-d0f0-450c-b3a9-4f4df325ecc5,3,4126.705534
2026/02/05/11:30:17,apply-time,rs-004560-pc27k,74c5c474-1918-4884-b4a6-10c5e075d11b,3,4126.705534
2026/02/05/11:30:17,apply-time,rs-004561-7wms9,d615d29c-cdf2-4148-bdfd-6e982969e2b0,1,4126.705534
2026/02/05/11:30:17,running-time,rs-004561-7wms9,d615d29c-cdf2-4148-bdfd-6e982969e2b0,1,4126.705534
2026/02/05/11:30:17,apply-time,rs-004562-zjb7p,a90ae4a5-bdf2-4502-9b53-b60548655a2a,4,4126.705534
2026/02/05/11:30:17,apply-time,rs-004563-xvd7s,84e426e2-6a91-4478-8514-9ff84a72002c,1,4126.705534
2026/02/05/11:30:17,running-time,rs-004563-xvd7s,84e426e2-6a91-4478-8514-9ff84a72002c,1,4126.705534
2026/02/05/11:30:18,running-time,rs-004557-q8xlg,7b87a2f7-ab43-40d0-b8aa-0fce878dd750,3,4127.705534
2026/02/05/11:30:18,apply-time,rs-004564-gpvpd,4673d578-cffd-4c1d-b044-81572b04842e,3,4126.705534
2026/02/05/11:30:18,apply-time,rs-004564-jr4jx,9999d0d6-ffeb-4497-ac04-79bc15806da0,3,4126.705534
2026/02/05/11:30:18,apply-time,rs-004564-p7nq8,bb0418e6-ea1b-429a-ab23-2622ae811faf,3,4126.705534
2026/02/05/11:30:19,running-time,rs-004562-zjb7p,a90ae4a5-bdf2-4502-9b53-b60548655a2a,4,4127.705534
2026/02/05/11:30:19,running-time,rs-004564-gpvpd,4673d578-cffd-4c1d-b044-81572b04842e,3,4128.705534
2026/02/05/11:30:19,running-time,rs-004564-jr4jx,9999d0d6-ffeb-4497-ac04-79bc15806da0,3,4127.705534
2026/02/05/11:30:20,running-time,rs-004552-gk6ks,b68b3bdc-a285-433f-9312-a023615c37b1,3,4128.705534
2026/02/05/11:30:20,running-time,rs-004564-p7nq8,bb0418e6-ea1b-429a-ab23-2622ae811faf,3,4128.705534
2026/02/05/11:30:21,running-time,rs-004558-56tzj,d34f04fc-35ce-488d-b2a7-e5b9159ef487,2,4129.705534
2026/02/05/11:30:21,running-time,rs-004558-vt4bn,ed101a9e-8e77-40f4-ac2a-15376bec5881,2,4129.705534
2026/02/05/11:30:24,apply-time,rs-004565-6lf2d,e7f18678-dbd9-4d64-aea0-6e1097100571,1,4132.705534
2026/02/05/11:30:24,running-time,rs-004565-6lf2d,e7f18678-dbd9-4d64-aea0-6e1097100571,1,4132.705534
2026/02/05/11:30:24,apply-time,rs-004566-76qhn,9744011f-f863-4aad-87fa-c5903fc99142,3,4132.705534
2026/02/05/11:30:24,running-time,rs-004566-76qhn,9744011f-f863-4aad-87fa-c5903fc99142,3,4132.705534
2026/02/05/11:30:24,apply-time,rs-004566-8wxxh,bcaebadb-fe1d-4808-bd6d-4ff359a14dca,3,4132.705534
2026/02/05/11:30:24,running-time,rs-004566-8wxxh,bcaebadb-fe1d-4808-bd6d-4ff359a14dca,3,4132.705534
2026/02/05/11:30:24,apply-time,rs-004566-mcw5j,ed64c7f9-6e52-42b6-9c0d-53aff2bcc627,3,4132.705534
2026/02/05/11:30:24,running-time,rs-004566-mcw5j,ed64c7f9-6e52-42b6-9c0d-53aff2bcc627,3,4132.705534
2026/02/05/11:30:24,apply-time,rs-004567-6kk2c,066bc4ba-7f90-4e1c-a4fa-9bef43f1fd7c,3,4132.705534
2026/02/05/11:30:24,running-time,rs-004567-6kk2c,066bc4ba-7f90-4e1c-a4fa-9bef43f1fd7c,3,4132.705534
2026/02/05/11:30:24,apply-time,rs-004567-6pqwb,73bae570-add8-4d0c-ad55-19315449cc97,3,4132.705534
2026/02/05/11:30:24,running-time,rs-004567-6pqwb,73bae570-add8-4d0c-ad55-19315449cc97,3,4132.705534
2026/02/05/11:30:28,apply-time,rs-001478-7hmwz,986837d3-4f00-4966-b6e6-2a6e11ddd6e5,1,4137.705534
2026/02/05/11:30:28,running-time,rs-001478-7hmwz,986837d3-4f00-4966-b6e6-2a6e11ddd6e5,1,4137.705534
2026/02/05/11:30:28,apply-time,rs-004099-8hsgc,bec49678-3384-4651-99a6-88d1b98caf42,1,4137.705534
2026/02/05/11:30:28,running-time,rs-004099-8hsgc,bec49678-3384-4651-99a6-88d1b98caf42,1,4137.705534
2026/02/05/11:30:28,apply-time,rs-004261-hg6rm,e1627930-85c6-416f-bba8-cf2d6967d239,1,4137.705534
2026/02/05/11:30:28,running-time,rs-004261-hg6rm,e1627930-85c6-416f-bba8-cf2d6967d239,1,4137.705534
2026/02/05/11:30:28,running-time,rs-004463-fwjf4,4898a05d-556b-476b-9094-4df4802a7873,2,4137.705534
2026/02/05/11:30:28,running-time,rs-004478-9cxfj,a9aad150-b530-4e29-ac70-a10a85be7b24,2,4137.705534
2026/02/05/11:30:28,apply-time,rs-004504-xf9f7,3b40f7f9-13d7-402a-8582-79912cd9369c,1,4137.705534
2026/02/05/11:30:28,running-time,rs-004504-xf9f7,3b40f7f9-13d7-402a-8582-79912cd9369c,1,4137.705534
2026/02/05/11:30:28,apply-time,rs-004565-sr2vw,17df95f5-007e-486a-ac36-5b181ad94470,1,4137.705534
2026/02/05/11:30:28,running-time,rs-004565-sr2vw,17df95f5-007e-486a-ac36-5b181ad94470,1,4137.705534
2026/02/05/11:30:32,apply-time,rs-004568-ml5cx,80a10187-fdae-48d6-a7a1-d85a9672e738,2,4141.705534
2026/02/05/11:30:32,running-time,rs-004568-ml5cx,80a10187-fdae-48d6-a7a1-d85a9672e738,2,4141.705534
2026/02/05/11:30:40,apply-time,rs-004569-9m7dg,2991ae9a-4de9-4dc5-b607-a714aaf761cf,3,4149.705534
2026/02/05/11:30:40,apply-time,rs-004569-9wvkr,538a1006-75ce-48cf-b9fc-ec3c91dda371,3,4149.705534
2026/02/05/11:30:40,apply-time,rs-004569-b4bbt,cf2be088-3800-4127-bf15-26335a95ce53,3,4149.705534
2026/02/05/11:30:41,apply-time,rs-004570-jb97d,b8f69a9e-bb1d-4c19-9cd5-a6e190983f7a,2,4149.705534
2026/02/05/11:30:41,running-time,rs-004570-jb97d,b8f69a9e-bb1d-4c19-9cd5-a6e190983f7a,2,4149.705534
2026/02/05/11:30:41,apply-time,rs-004570-ljx42,422bf128-95dd-4ab9-a8ac-0aa33bc60926,2,4149.705534
2026/02/05/11:30:41,running-time,rs-004570-ljx42,422bf128-95dd-4ab9-a8ac-0aa33bc60926,2,4149.705534
2026/02/05/11:30:41,apply-time,rs-004570-wwwrf,fdb533fb-495d-4243-bf7c-2034d0d4095d,2,4149.705534
2026/02/05/11:30:41,running-time,rs-004570-wwwrf,fdb533fb-495d-4243-bf7c-2034d0d4095d,2,4149.705534
2026/02/05/11:30:41,apply-time,rs-004571-hrs6n,2c4a86b3-1d87-4577-9ae9-3a1d14dc0782,1,4149.705534
2026/02/05/11:30:41,running-time,rs-004571-hrs6n,2c4a86b3-1d87-4577-9ae9-3a1d14dc0782,1,4149.705534
2026/02/05/11:30:41,apply-time,rs-004571-x79xk,623cef3d-260d-4108-bb95-7a4931969f77,1,4149.705534
2026/02/05/11:30:41,running-time,rs-004571-x79xk,623cef3d-260d-4108-bb95-7a4931969f77,1,4149.705534
2026/02/05/11:30:42,apply-time,rs-004572-4z7k6,96c27384-93b2-4d51-a98b-cb2d1d9dee90,1,4151.705534
2026/02/05/11:30:42,running-time,rs-004572-4z7k6,96c27384-93b2-4d51-a98b-cb2d1d9dee90,1,4151.705534
2026/02/05/11:30:42,apply-time,rs-004572-85mz4,4a49a435-a090-448e-8d1d-7c8f21d35f3e,1,4151.705534
2026/02/05/11:30:42,running-time,rs-004572-85mz4,4a49a435-a090-448e-8d1d-7c8f21d35f3e,1,4151.705534
2026/02/05/11:30:42,apply-time,rs-004573-gj7j5,ca95cf30-e009-447c-851d-6382607463ac,1,4151.705534
2026/02/05/11:30:42,running-time,rs-004573-gj7j5,ca95cf30-e009-447c-851d-6382607463ac,1,4151.705534
2026/02/05/11:30:42,apply-time,rs-004573-rsgf4,6605bea7-7c66-4c72-b919-1911ad563996,1,4151.705534
2026/02/05/11:30:42,running-time,rs-004573-rsgf4,6605bea7-7c66-4c72-b919-1911ad563996,1,4151.705534
2026/02/05/11:30:50,apply-time,rs-004574-4dgj4,f363ae7c-78d9-4ae5-9196-3ef7ed573828,4,4159.705534
2026/02/05/11:30:50,running-time,rs-004574-4dgj4,f363ae7c-78d9-4ae5-9196-3ef7ed573828,4,4159.705534
2026/02/05/11:30:50,apply-time,rs-004575-hssnf,fb3c1631-5ec4-490f-8314-53b834b4c7f1,1,4159.705534
2026/02/05/11:30:50,running-time,rs-004575-hssnf,fb3c1631-5ec4-490f-8314-53b834b4c7f1,1,4159.705534
2026/02/05/11:30:50,apply-time,rs-004575-jbnrj,0097191e-68cf-4b3e-8330-69dc1745cdeb,1,4159.705534
2026/02/05/11:30:50,running-time,rs-004575-jbnrj,0097191e-68cf-4b3e-8330-69dc1745cdeb,1,4159.705534
2026/02/05/11:30:50,apply-time,rs-004576-g4q8m,31780d64-9216-4ac5-8ae3-5c549d16f7ae,4,4159.705534
2026/02/05/11:30:50,apply-time,rs-004576-q8d9f,c101f166-5056-4748-9e3f-7ca27c667ef3,4,4159.705534
2026/02/05/11:30:50,apply-time,rs-004577-bzhhq,0c1bfb87-c80e-4e6b-b99b-2bea1429388c,1,4159.705534
2026/02/05/11:30:50,apply-time,rs-004577-g84zv,ba71617a-d0bb-4287-8800-a97b5b2ceb83,1,4159.705534
2026/02/05/11:30:50,apply-time,rs-004577-wv7mn,3d548032-c410-4813-9c40-c4a400085973,1,4159.705534
2026/02/05/11:30:55,apply-time,rs-004578-gv6nh,d14bea13-987e-463f-9a0c-b85a6c2f151f,1,4163.705534
2026/02/05/11:30:55,running-time,rs-004578-gv6nh,d14bea13-987e-463f-9a0c-b85a6c2f151f,1,4163.705534
2026/02/05/11:30:59,apply-time,rs-004579-kfmrl,b6e75bb4-d56a-4819-904f-9a01f96e557b,1,4167.705534
2026/02/05/11:30:59,running-time,rs-004579-kfmrl,b6e75bb4-d56a-4819-904f-9a01f96e557b,1,4167.705534
2026/02/05/11:30:59,apply-time,rs-004579-n2c2m,be3a1c82-1b9f-4ade-b148-13507061279e,1,4167.705534
2026/02/05/11:30:59,running-time,rs-004579-n2c2m,be3a1c82-1b9f-4ade-b148-13507061279e,1,4167.705534
2026/02/05/11:30:59,apply-time,rs-004579-tkqsp,744a66b8-c34d-4594-89ac-66ca3318d5e8,1,4167.705534
2026/02/05/11:30:59,running-time,rs-004579-tkqsp,744a66b8-c34d-4594-89ac-66ca3318d5e8,1,4167.705534
2026/02/05/11:31:00,apply-time,rs-004580-59zl7,589e923a-e9fd-4e7d-8895-7fb713d4bcd5,1,4168.705534
2026/02/05/11:31:00,running-time,rs-004580-59zl7,589e923a-e9fd-4e7d-8895-7fb713d4bcd5,1,4168.705534
2026/02/05/11:31:00,apply-time,rs-004580-cxt8w,6519d7f5-ad88-4a04-b1d0-123f4253ab25,1,4168.705534
2026/02/05/11:31:00,running-time,rs-004580-cxt8w,6519d7f5-ad88-4a04-b1d0-123f4253ab25,1,4168.705534
2026/02/05/11:31:00,apply-time,rs-004580-lrxsv,301ef9f6-02d3-4c5e-a08e-9e222df13835,1,4168.705534
2026/02/05/11:31:00,running-time,rs-004580-lrxsv,301ef9f6-02d3-4c5e-a08e-9e222df13835,1,4168.705534
2026/02/05/11:31:03,apply-time,rs-004581-ll2wg,961a9652-09c9-4faa-a9ef-1054d6625d78,3,4171.705534
2026/02/05/11:31:03,running-time,rs-004581-ll2wg,961a9652-09c9-4faa-a9ef-1054d6625d78,3,4171.705534
2026/02/05/11:31:03,apply-time,rs-004581-sd89k,00a0de75-d8c7-485b-a481-225263ec68ee,3,4171.705534
2026/02/05/11:31:03,apply-time,rs-004582-fj9tc,11cca64c-2274-438b-adcf-2afb2d652a42,1,4171.705534
2026/02/05/11:31:03,apply-time,rs-004583-wgl8v,f38a915b-c33a-416e-80e3-cb98f03ab994,3,4171.705534
2026/02/05/11:31:03,running-time,rs-004583-wgl8v,f38a915b-c33a-416e-80e3-cb98f03ab994,3,4171.705534
2026/02/05/11:31:03,apply-time,rs-004584-4js48,31472fb1-3033-427d-9773-7897c76945c3,3,4172.705534
2026/02/05/11:31:03,apply-time,rs-004584-frgpv,50a4460f-cf56-436e-a936-6d52d36f52c1,3,4172.705534
2026/02/05/11:31:03,apply-time,rs-004584-q46xw,cd068dc0-fc21-47d6-89e0-e1f5bc865201,3,4171.705534
2026/02/05/11:31:03,apply-time,rs-004585-6675z,f38b29b1-2cc2-40a1-9e4e-3dcb03395fcd,4,4171.705534
2026/02/05/11:31:03,running-time,rs-004585-6675z,f38b29b1-2cc2-40a1-9e4e-3dcb03395fcd,4,4171.705534
2026/02/05/11:31:03,apply-time,rs-004585-tsl4c,07c4c2da-697a-4499-9044-c9229642f8cb,4,4171.705534
2026/02/05/11:31:03,running-time,rs-004585-tsl4c,07c4c2da-697a-4499-9044-c9229642f8cb,4,4171.705534
2026/02/05/11:31:03,apply-time,rs-004586-sj8s6,886e297f-5882-413e-b4c4-107cc997eb65,3,4172.705534
2026/02/05/11:31:03,apply-time,rs-004587-w46ks,a34ba99e-5782-485e-af41-1702f5379b86,4,4172.705534
2026/02/05/11:31:03,running-time,rs-004587-w46ks,a34ba99e-5782-485e-af41-1702f5379b86,4,4172.705534
2026/02/05/11:31:03,apply-time,rs-004588-bs8pr,e9b1713c-9553-43e4-a015-20df1820dd02,4,4172.705534
2026/02/05/11:31:03,apply-time,rs-004589-h5tx2,850a21ea-487f-46fa-b33e-52e134dd782f,3,4172.705534
2026/02/05/11:31:03,running-time,rs-004589-h5tx2,850a21ea-487f-46fa-b33e-52e134dd782f,3,4172.705534
2026/02/05/11:31:04,apply-time,rs-004587-962bx,40dcce72-27c1-4b96-ad12-a6cf45d2d91f,4,4172.705534
2026/02/05/11:31:04,running-time,rs-004587-962bx,40dcce72-27c1-4b96-ad12-a6cf45d2d91f,4,4172.705534
2026/02/05/11:31:04,apply-time,rs-004587-ls7kl,2a2c813f-70f1-4d83-bc0b-860b555964b2,4,4172.705534
2026/02/05/11:31:04,running-time,rs-004587-ls7kl,2a2c813f-70f1-4d83-bc0b-860b555964b2,4,4172.705534
2026/02/05/11:31:04,apply-time,rs-004589-n8n5l,48ee75f0-e6d3-4e54-b35f-1e52fd247774,3,4172.705534
2026/02/05/11:31:06,running-time,rs-004584-4js48,31472fb1-3033-427d-9773-7897c76945c3,3,4174.705534
2026/02/05/11:31:06,running-time,rs-004589-n8n5l,48ee75f0-e6d3-4e54-b35f-1e52fd247774,3,4175.705534
2026/02/05/11:31:07,running-time,rs-004586-sj8s6,886e297f-5882-413e-b4c4-107cc997eb65,3,4176.705534
2026/02/05/11:31:08,running-time,rs-004588-bs8pr,e9b1713c-9553-43e4-a015-20df1820dd02,4,4177.705534
2026/02/05/11:31:09,apply-time,rs-004590-2l2gg,33262ee4-3f9e-4f34-88f4-cef55cbe789f,4,4178.705534
2026/02/05/11:31:09,apply-time,rs-004590-p2cqf,5165d244-d2fc-4ced-add6-123e607733bf,4,4178.705534
2026/02/05/11:31:09,running-time,rs-004590-p2cqf,5165d244-d2fc-4ced-add6-123e607733bf,4,4178.705534
2026/02/05/11:31:09,apply-time,rs-004590-zlzfp,a22ec3e6-3429-443e-8b15-c8dccb4663c1,4,4178.705534
2026/02/05/11:31:09,running-time,rs-004590-zlzfp,a22ec3e6-3429-443e-8b15-c8dccb4663c1,4,4178.705534
2026/02/05/11:31:09,apply-time,rs-004591-z486l,d5d26ac5-e30a-48b9-a0d4-3733c2e882a9,3,4178.705534
2026/02/05/11:31:10,apply-time,rs-004592-7z6jt,8e9f9161-cde6-41c2-a966-dad817eedc95,1,4178.705534
2026/02/05/11:31:10,running-time,rs-004592-7z6jt,8e9f9161-cde6-41c2-a966-dad817eedc95,1,4178.705534
2026/02/05/11:31:10,apply-time,rs-004593-m28mh,4897b7ae-b538-4eed-95d3-5f4604e59c0c,1,4178.705534
2026/02/05/11:31:10,running-time,rs-004593-m28mh,4897b7ae-b538-4eed-95d3-5f4604e59c0c,1,4178.705534
2026/02/05/11:31:10,apply-time,rs-004593-ptccz,cea8e671-2446-4d9d-abf4-8c1ad5a289c3,1,4178.705534
2026/02/05/11:31:10,running-time,rs-004593-ptccz,cea8e671-2446-4d9d-abf4-8c1ad5a289c3,1,4178.705534
2026/02/05/11:31:10,apply-time,rs-004594-kw2sl,b8434a97-9c72-4d72-ad18-165a8e507231,1,4178.705534
2026/02/05/11:31:10,running-time,rs-004594-kw2sl,b8434a97-9c72-4d72-ad18-165a8e507231,1,4178.705534
2026/02/05/11:31:10,apply-time,rs-004594-v5trz,3d391b3b-20f1-4878-a83c-4c13e4655626,1,4178.705534
2026/02/05/11:31:10,running-time,rs-004594-v5trz,3d391b3b-20f1-4878-a83c-4c13e4655626,1,4178.705534
2026/02/05/11:31:10,apply-time,rs-004595-6q7mt,2005a243-5bf0-473d-a7cd-5a922df59e60,4,4178.705534
2026/02/05/11:31:10,running-time,rs-004595-6q7mt,2005a243-5bf0-473d-a7cd-5a922df59e60,4,4178.705534
2026/02/05/11:31:10,apply-time,rs-004595-99v5j,2424809b-8999-431d-b80d-4eaa1cc9be65,4,4178.705534
2026/02/05/11:31:10,running-time,rs-004595-99v5j,2424809b-8999-431d-b80d-4eaa1cc9be65,4,4178.705534
2026/02/05/11:31:10,apply-time,rs-004595-b525v,ecbe67d2-fca9-4ef1-8001-b44ac743ae91,4,4178.705534
2026/02/05/11:31:10,running-time,rs-004595-b525v,ecbe67d2-fca9-4ef1-8001-b44ac743ae91,4,4178.705534
2026/02/05/11:31:12,running-time,rs-004569-9wvkr,538a1006-75ce-48cf-b9fc-ec3c91dda371,3,4181.705534
2026/02/05/11:31:14,apply-time,rs-004596-q6tcn,0ddd8fc8-ced9-46fd-a46c-d9c0e9e42f9d,2,4182.705534
2026/02/05/11:31:14,running-time,rs-004596-q6tcn,0ddd8fc8-ced9-46fd-a46c-d9c0e9e42f9d,2,4182.705534
2026/02/05/11:31:14,apply-time,rs-004597-ffqtf,ae1d5491-5f60-45fa-b731-29bb2517e60f,2,4182.705534
2026/02/05/11:31:14,running-time,rs-004597-ffqtf,ae1d5491-5f60-45fa-b731-29bb2517e60f,2,4182.705534
2026/02/05/11:31:14,apply-time,rs-004598-nscqr,5d3a3e7d-422f-4e75-8b28-8dbb1ae904ab,3,4182.705534
2026/02/05/11:31:14,running-time,rs-004598-nscqr,5d3a3e7d-422f-4e75-8b28-8dbb1ae904ab,3,4182.705534
2026/02/05/11:31:14,apply-time,rs-004598-pdf78,83f57f33-44aa-4887-b324-c3ac9628a8f3,3,4182.705534
2026/02/05/11:31:14,running-time,rs-004598-pdf78,83f57f33-44aa-4887-b324-c3ac9628a8f3,3,4182.705534
2026/02/05/11:31:15,apply-time,rs-004599-lzcv4,624051d4-389f-4e03-9f5e-466edc41b091,1,4183.705534
2026/02/05/11:31:15,running-time,rs-004599-lzcv4,624051d4-389f-4e03-9f5e-466edc41b091,1,4183.705534
2026/02/05/11:31:15,apply-time,rs-004599-vcbqd,48efb2c6-5cae-4154-9f41-eaa1463248fa,1,4183.705534
2026/02/05/11:31:15,running-time,rs-004599-vcbqd,48efb2c6-5cae-4154-9f41-eaa1463248fa,1,4183.705534
2026/02/05/11:31:15,apply-time,rs-004600-npkj2,a5761011-c09f-4928-9b43-f861c8910bed,2,4183.705534
2026/02/05/11:31:15,running-time,rs-004600-npkj2,a5761011-c09f-4928-9b43-f861c8910bed,2,4183.705534
2026/02/05/11:31:15,apply-time,rs-004600-tm9kw,8e028348-aee7-4eed-873f-59aee1c95fb3,2,4183.705534
2026/02/05/11:31:15,running-time,rs-004600-tm9kw,8e028348-aee7-4eed-873f-59aee1c95fb3,2,4183.705534
2026/02/05/11:31:15,apply-time,rs-004600-z9sw2,693a0fbb-76a4-4270-8760-0644ba054000,2,4183.705534
2026/02/05/11:31:15,running-time,rs-004600-z9sw2,693a0fbb-76a4-4270-8760-0644ba054000,2,4183.705534
2026/02/05/11:31:15,apply-time,rs-004601-5n7nr,516d61df-492d-4e1b-8c83-159da0820d94,1,4183.705534
2026/02/05/11:31:15,apply-time,rs-004601-72nl6,bf40d1d7-3f81-4b0d-9eef-d9f3ed0fb669,1,4183.705534
2026/02/05/11:31:15,apply-time,rs-004601-7lch4,351638eb-5788-469a-9f58-a252e779dd02,1,4183.705534
2026/02/05/11:31:15,running-time,rs-004601-7lch4,351638eb-5788-469a-9f58-a252e779dd02,1,4183.705534
2026/02/05/11:31:15,apply-time,rs-004602-k4b8c,655c2798-bdd9-497a-9fe9-843321b310ca,2,4183.705534
2026/02/05/11:31:15,running-time,rs-004602-k4b8c,655c2798-bdd9-497a-9fe9-843321b310ca,2,4183.705534
2026/02/05/11:31:15,apply-time,rs-004604-72sc4,5e6db20b-182a-4689-83b6-3b7e28a614db,4,4184.705534
2026/02/05/11:31:15,apply-time,rs-004604-kxdd2,58de0c6d-8e64-4cf4-92b2-37c9ed45498b,4,4184.705534
2026/02/05/11:31:15,apply-time,rs-004604-rhzjt,58b4dad0-6afb-41b2-88eb-d92bb1fe8bbd,4,4184.705534
2026/02/05/11:31:16,running-time,rs-004601-72nl6,bf40d1d7-3f81-4b0d-9eef-d9f3ed0fb669,1,4185.705534
2026/02/05/11:31:16,apply-time,rs-004603-ndtpb,3dde658f-6399-4c7b-822e-c8f9479c4ffc,2,4184.705534
2026/02/05/11:31:16,apply-time,rs-004603-q42q5,95aea26c-a6aa-4197-ae3d-20211a87d2bc,2,4184.705534
2026/02/05/11:31:16,apply-time,rs-004603-w5x24,0045254a-e03c-488a-9cbe-6f205090f581,2,4184.705534
2026/02/05/11:31:16,running-time,rs-004604-72sc4,5e6db20b-182a-4689-83b6-3b7e28a614db,4,4185.705534
2026/02/05/11:31:16,running-time,rs-004604-kxdd2,58de0c6d-8e64-4cf4-92b2-37c9ed45498b,4,4185.705534
2026/02/05/11:31:16,apply-time,rs-004605-9hv7c,1748ef7d-260b-422c-a94d-e60b0b42d7c9,1,4185.705534
2026/02/05/11:31:16,running-time,rs-004605-9hv7c,1748ef7d-260b-422c-a94d-e60b0b42d7c9,1,4185.705534
2026/02/05/11:31:16,apply-time,rs-004606-96424,5ac4d8ff-9bcd-4e5b-9705-8ebf5e13a6df,1,4185.705534
2026/02/05/11:31:16,apply-time,rs-004606-dmjfc,200a4563-1dbc-4bc6-bf95-cba7fe880671,1,4185.705534
2026/02/05/11:31:16,apply-time,rs-004607-5gd2f,e57b6320-bbb1-4518-a300-160226007410,1,4185.705534
2026/02/05/11:31:16,apply-time,rs-004608-v5bp4,b27a349d-0383-4bc2-a43c-922fdf7f9c7d,3,4185.705534
2026/02/05/11:31:16,running-time,rs-004608-v5bp4,b27a349d-0383-4bc2-a43c-922fdf7f9c7d,3,4185.705534
2026/02/05/11:31:17,running-time,rs-004604-rhzjt,58b4dad0-6afb-41b2-88eb-d92bb1fe8bbd,4,4185.705534
2026/02/05/11:31:17,apply-time,rs-004608-2zn8l,aa8fef94-6179-4e54-872d-df3d9e8c6d27,3,4185.705534
2026/02/05/11:31:17,running-time,rs-004608-2zn8l,aa8fef94-6179-4e54-872d-df3d9e8c6d27,3,4186.705534
2026/02/05/11:31:17,apply-time,rs-004608-tsbss,1764e6b6-cd6d-4d76-8fb1-bc407b81080f,3,4185.705534
2026/02/05/11:31:17,running-time,rs-004608-tsbss,1764e6b6-cd6d-4d76-8fb1-bc407b81080f,3,4185.705534
2026/02/05/11:31:18,running-time,rs-004606-96424,5ac4d8ff-9bcd-4e5b-9705-8ebf5e13a6df,1,4187.705534
2026/02/05/11:31:19,running-time,rs-004607-5gd2f,e57b6320-bbb1-4518-a300-160226007410,1,4187.705534
2026/02/05/11:31:23,apply-time,rs-004609-7frjt,9d544a39-e349-4dee-bb45-a450e73955f1,3,4191.705534
2026/02/05/11:31:23,running-time,rs-004609-7frjt,9d544a39-e349-4dee-bb45-a450e73955f1,3,4191.705534
2026/02/05/11:31:23,apply-time,rs-004610-8hsb8,21fee0c5-87fa-45da-a160-88e41123a039,4,4191.705534
2026/02/05/11:31:23,running-time,rs-004610-8hsb8,21fee0c5-87fa-45da-a160-88e41123a039,4,4191.705534
2026/02/05/11:31:23,apply-time,rs-004611-s84kd,ce696600-b106-4d84-bbb3-046f5ccd9e8a,2,4191.705534
2026/02/05/11:31:23,running-time,rs-004611-s84kd,ce696600-b106-4d84-bbb3-046f5ccd9e8a,2,4191.705534
2026/02/05/11:31:25,running-time,rs-004591-z486l,d5d26ac5-e30a-48b9-a0d4-3733c2e882a9,3,4194.705534
2026/02/05/11:31:26,apply-time,rs-004612-2b9ng,0eb875a0-ab76-486a-a840-76d40f34df1c,3,4194.705534
2026/02/05/11:31:26,running-time,rs-004612-2b9ng,0eb875a0-ab76-486a-a840-76d40f34df1c,3,4194.705534
2026/02/05/11:31:26,apply-time,rs-004612-jtfmk,3310a779-975d-429d-8731-6f755c3fb1e0,3,4194.705534
2026/02/05/11:31:26,running-time,rs-004612-jtfmk,3310a779-975d-429d-8731-6f755c3fb1e0,3,4194.705534
2026/02/05/11:31:26,apply-time,rs-004613-8l8kl,13ea84ed-1e50-4aa6-95a9-470fa83c0cf3,3,4194.705534
2026/02/05/11:31:26,running-time,rs-004613-8l8kl,13ea84ed-1e50-4aa6-95a9-470fa83c0cf3,3,4194.705534
2026/02/05/11:31:26,apply-time,rs-004614-xzmd5,d72df0f3-7303-4ed2-bd93-ab726fb15d6c,1,4194.705534
2026/02/05/11:31:26,running-time,rs-004614-xzmd5,d72df0f3-7303-4ed2-bd93-ab726fb15d6c,1,4194.705534
2026/02/05/11:31:26,apply-time,rs-004615-cjmx5,0ddc4900-e1e8-45d7-9d07-7b5cc597c659,2,4194.705534
2026/02/05/11:31:26,running-time,rs-004615-cjmx5,0ddc4900-e1e8-45d7-9d07-7b5cc597c659,2,4194.705534
2026/02/05/11:31:26,apply-time,rs-004615-t5cdq,2fbf0f8c-dbc2-42e0-935f-55e1748f7d93,2,4194.705534
2026/02/05/11:31:26,running-time,rs-004615-t5cdq,2fbf0f8c-dbc2-42e0-935f-55e1748f7d93,2,4194.705534
2026/02/05/11:31:26,apply-time,rs-004615-tcrtq,4cd13060-12ce-4116-94eb-38f7488f93f6,2,4194.705534
2026/02/05/11:31:26,running-time,rs-004615-tcrtq,4cd13060-12ce-4116-94eb-38f7488f93f6,2,4194.705534
2026/02/05/11:31:26,apply-time,rs-004616-s67ff,be9533da-77e7-4b71-b1f3-c95a01e83b5e,2,4195.705534
2026/02/05/11:31:26,running-time,rs-004616-s67ff,be9533da-77e7-4b71-b1f3-c95a01e83b5e,2,4195.705534
2026/02/05/11:31:26,apply-time,rs-004617-djmfg,0088fa3b-4f21-40f5-9393-3fd14521b6b1,3,4195.705534
2026/02/05/11:31:26,running-time,rs-004617-djmfg,0088fa3b-4f21-40f5-9393-3fd14521b6b1,3,4195.705534
2026/02/05/11:31:26,apply-time,rs-004617-rcpzc,dfd47d7e-ad9b-4c86-ad1a-746e25656861,3,4195.705534
2026/02/05/11:31:30,running-time,rs-004617-rcpzc,dfd47d7e-ad9b-4c86-ad1a-746e25656861,3,4199.705534
2026/02/05/11:31:37,apply-time,rs-004618-mt8zf,5bcc2511-55c2-4112-ac58-6f46064c907d,1,4206.705534
2026/02/05/11:31:37,running-time,rs-004618-mt8zf,5bcc2511-55c2-4112-ac58-6f46064c907d,1,4206.705534
2026/02/05/11:31:37,apply-time,rs-004619-7css9,0a99d139-b5a4-4436-81b5-3392cf1d27a4,4,4206.705534
2026/02/05/11:31:37,running-time,rs-004619-7css9,0a99d139-b5a4-4436-81b5-3392cf1d27a4,4,4206.705534
2026/02/05/11:31:37,apply-time,rs-004619-7twx7,27fdd27c-232f-40fb-8de1-c8d448110788,4,4206.705534
2026/02/05/11:31:37,running-time,rs-004619-7twx7,27fdd27c-232f-40fb-8de1-c8d448110788,4,4206.705534
2026/02/05/11:31:37,apply-time,rs-004619-x6m6j,3a914baf-2f4d-4357-9f69-5f45826f3b66,4,4206.705534
2026/02/05/11:31:37,running-time,rs-004619-x6m6j,3a914baf-2f4d-4357-9f69-5f45826f3b66,4,4206.705534
2026/02/05/11:31:43,apply-time,rs-004620-g7gvz,0588f610-8f72-4ef0-b85e-dbb835efc1a2,2,4211.705534
2026/02/05/11:31:43,running-time,rs-004620-g7gvz,0588f610-8f72-4ef0-b85e-dbb835efc1a2,2,4211.705534
2026/02/05/11:31:43,apply-time,rs-004620-hkhzn,9135919e-eb88-49d3-8bf7-9a06a9a187e5,2,4211.705534
2026/02/05/11:31:43,running-time,rs-004620-hkhzn,9135919e-eb88-49d3-8bf7-9a06a9a187e5,2,4211.705534
2026/02/05/11:31:43,apply-time,rs-004621-8g8bv,fac07b0f-af73-4c47-a490-7b5b91ba859b,3,4211.705534
2026/02/05/11:31:43,running-time,rs-004621-8g8bv,fac07b0f-af73-4c47-a490-7b5b91ba859b,3,4211.705534
2026/02/05/11:31:43,apply-time,rs-004621-bfptn,caffef74-4f7b-493e-868a-7918961a5819,3,4211.705534
2026/02/05/11:31:43,running-time,rs-004621-bfptn,caffef74-4f7b-493e-868a-7918961a5819,3,4212.705534
2026/02/05/11:31:43,apply-time,rs-004621-r6kxt,9f76ada0-f253-4eec-8fec-d38b05f651c4,3,4211.705534
2026/02/05/11:31:43,running-time,rs-004621-r6kxt,9f76ada0-f253-4eec-8fec-d38b05f651c4,3,4212.705534
2026/02/05/11:31:43,apply-time,rs-004622-9z27q,fa29b762-3ec4-471a-9e4d-a6d450465809,4,4211.705534
2026/02/05/11:31:43,apply-time,rs-004622-ngh4s,c1252b58-0ebc-44a7-bf84-7e993c501b1e,4,4211.705534
2026/02/05/11:31:43,apply-time,rs-004623-4m6w2,4f4c5bcf-5ed6-47b3-b35a-c22599d9ba29,4,4211.705534
2026/02/05/11:31:43,running-time,rs-004623-4m6w2,4f4c5bcf-5ed6-47b3-b35a-c22599d9ba29,4,4211.705534
2026/02/05/11:31:43,apply-time,rs-004623-8mhbj,5bf4bfd8-9b7b-4471-ad42-e0cbb223f30a,4,4211.705534
2026/02/05/11:31:43,running-time,rs-004623-8mhbj,5bf4bfd8-9b7b-4471-ad42-e0cbb223f30a,4,4212.705534
2026/02/05/11:31:43,apply-time,rs-004623-8qh8k,538781c9-a564-4c93-a8f6-8bc200223241,4,4211.705534
2026/02/05/11:31:43,running-time,rs-004623-8qh8k,538781c9-a564-4c93-a8f6-8bc200223241,4,4212.705534
2026/02/05/11:31:45,running-time,rs-004622-9z27q,fa29b762-3ec4-471a-9e4d-a6d450465809,4,4214.705534
2026/02/05/11:31:46,apply-time,rs-004624-gfdxv,aae74d3e-39ac-44ca-abab-2a366e943c65,4,4214.705534
2026/02/05/11:31:46,running-time,rs-004624-gfdxv,aae74d3e-39ac-44ca-abab-2a366e943c65,4,4215.705534
2026/02/05/11:31:46,apply-time,rs-004624-gsqrf,29176074-1c55-4bd7-9e5b-d11471164168,4,4214.705534
2026/02/05/11:31:46,running-time,rs-004624-gsqrf,29176074-1c55-4bd7-9e5b-d11471164168,4,4214.705534
2026/02/05/11:31:46,apply-time,rs-004625-c4x98,729d8436-1f7a-4b16-bb5b-b551644155d7,2,4214.705534
2026/02/05/11:31:46,running-time,rs-004625-c4x98,729d8436-1f7a-4b16-bb5b-b551644155d7,2,4215.705534
2026/02/05/11:31:46,apply-time,rs-004625-mqt2g,ecec5b5f-ef9c-4cb7-8dfc-191395b9dfdb,2,4214.705534
2026/02/05/11:31:46,running-time,rs-004625-mqt2g,ecec5b5f-ef9c-4cb7-8dfc-191395b9dfdb,2,4215.705534
2026/02/05/11:31:46,apply-time,rs-004625-tsks8,75a3fdd1-7f12-4378-8bc9-091f9d699579,2,4214.705534
2026/02/05/11:31:46,running-time,rs-004625-tsks8,75a3fdd1-7f12-4378-8bc9-091f9d699579,2,4215.705534
2026/02/05/11:31:46,apply-time,rs-004626-86n4d,03ff21ba-c212-4f92-96da-d0aabe001db3,3,4214.705534
2026/02/05/11:31:46,apply-time,rs-004626-hql9w,be62647c-989f-439a-a66a-bd0db330e845,3,4214.705534
2026/02/05/11:31:46,apply-time,rs-004627-94f5k,435b630c-4491-4bce-a613-cf86158d1f1b,2,4214.705534
2026/02/05/11:31:46,running-time,rs-004627-94f5k,435b630c-4491-4bce-a613-cf86158d1f1b,2,4215.705534
2026/02/05/11:31:50,apply-time,rs-004628-wfxqj,c6df9a90-738a-43f4-b6c3-6936e28e714a,2,4219.705534
2026/02/05/11:31:50,running-time,rs-004628-wfxqj,c6df9a90-738a-43f4-b6c3-6936e28e714a,2,4219.705534
2026/02/05/11:31:50,apply-time,rs-004629-cw5wg,ead0a0f8-db98-4ab8-862d-0f49ba4b2427,1,4219.705534
2026/02/05/11:31:50,apply-time,rs-004630-f8ghk,2c4a5a2c-dad6-4ca9-b035-bf97b6449e61,1,4219.705534
2026/02/05/11:31:50,running-time,rs-004630-f8ghk,2c4a5a2c-dad6-4ca9-b035-bf97b6449e61,1,4219.705534
2026/02/05/11:31:50,apply-time,rs-004630-gbsrx,ca7fff73-0db4-432c-91ff-604bc570926d,1,4219.705534
2026/02/05/11:31:50,running-time,rs-004630-gbsrx,ca7fff73-0db4-432c-91ff-604bc570926d,1,4219.705534
2026/02/05/11:31:50,apply-time,rs-004630-mvk8f,fd530799-0bd4-4629-bcd3-852ae350f4cf,1,4219.705534
2026/02/05/11:31:50,running-time,rs-004630-mvk8f,fd530799-0bd4-4629-bcd3-852ae350f4cf,1,4219.705534
2026/02/05/11:31:50,apply-time,rs-004631-7x5z5,868c4367-fe7a-43c2-8427-06da721cfb1e,1,4219.705534
2026/02/05/11:31:50,running-time,rs-004631-7x5z5,868c4367-fe7a-43c2-8427-06da721cfb1e,1,4219.705534
2026/02/05/11:31:50,apply-time,rs-004631-8cvfw,a488cd09-e6ef-43e4-9230-d17ea4b25ab7,1,4219.705534
2026/02/05/11:31:50,running-time,rs-004631-8cvfw,a488cd09-e6ef-43e4-9230-d17ea4b25ab7,1,4219.705534
2026/02/05/11:31:50,apply-time,rs-004631-dt7rd,035d057c-7af5-482d-b71c-95921589e54c,1,4219.705534
2026/02/05/11:31:50,running-time,rs-004631-dt7rd,035d057c-7af5-482d-b71c-95921589e54c,1,4219.705534
2026/02/05/11:31:50,apply-time,rs-004632-7qlgf,16c7f37f-6b57-43ab-9858-1f7aa95972d2,1,4219.705534
2026/02/05/11:31:50,running-time,rs-004632-7qlgf,16c7f37f-6b57-43ab-9858-1f7aa95972d2,1,4219.705534
2026/02/05/11:31:52,apply-time,rs-004633-76dxs,58a036b3-c4ee-4dfa-940b-0a1576fc3824,2,4220.705534
2026/02/05/11:31:52,running-time,rs-004633-76dxs,58a036b3-c4ee-4dfa-940b-0a1576fc3824,2,4220.705534
2026/02/05/11:31:52,apply-time,rs-004634-5wp2s,31e58662-b95b-49b4-911f-63047aaa1cda,4,4220.705534
2026/02/05/11:31:52,running-time,rs-004634-5wp2s,31e58662-b95b-49b4-911f-63047aaa1cda,4,4220.705534
2026/02/05/11:31:52,apply-time,rs-004634-7vcbw,129685a9-8693-4717-9e69-3557c31f929a,4,4220.705534
2026/02/05/11:31:52,running-time,rs-004634-7vcbw,129685a9-8693-4717-9e69-3557c31f929a,4,4220.705534
2026/02/05/11:31:52,apply-time,rs-004634-s9mqd,47a704f5-d32c-4783-9fae-dda0757547bd,4,4220.705534
2026/02/05/11:31:52,running-time,rs-004634-s9mqd,47a704f5-d32c-4783-9fae-dda0757547bd,4,4220.705534
2026/02/05/11:31:52,apply-time,rs-004635-njg4k,f50f80d7-e9f2-4bc0-9275-0d9e72a415dd,1,4220.705534
2026/02/05/11:31:52,apply-time,rs-004635-q2cfk,28eaa3d9-34e2-4c1e-a230-b9b37945d2a1,1,4220.705534
2026/02/05/11:31:52,apply-time,rs-004636-4p6l9,ec676235-6383-4abd-9783-3e476167011c,1,4220.705534
2026/02/05/11:31:52,running-time,rs-004636-4p6l9,ec676235-6383-4abd-9783-3e476167011c,1,4220.705534
2026/02/05/11:31:52,apply-time,rs-004636-8qhqz,9ed473c2-8245-40ee-b8ae-9fb6fe88aaf5,1,4220.705534
2026/02/05/11:31:52,running-time,rs-004636-8qhqz,9ed473c2-8245-40ee-b8ae-9fb6fe88aaf5,1,4220.705534
2026/02/05/11:31:52,apply-time,rs-004636-b9gnm,3fbc4ce9-53a5-403d-bc15-f8494ee48b13,1,4220.705534
2026/02/05/11:31:52,running-time,rs-004636-b9gnm,3fbc4ce9-53a5-403d-bc15-f8494ee48b13,1,4220.705534
2026/02/05/11:31:52,apply-time,rs-004637-8v6kt,f4dcc420-b537-4be4-9284-616f3846bb0c,1,4220.705534
2026/02/05/11:31:52,apply-time,rs-004638-76dcc,0613bcd7-7647-4f7d-ac79-4d6c667e990c,4,4221.705534
2026/02/05/11:31:52,running-time,rs-004638-76dcc,0613bcd7-7647-4f7d-ac79-4d6c667e990c,4,4221.705534
2026/02/05/11:31:52,apply-time,rs-004639-6sscd,76304ad9-1477-456b-adf1-8236a223003d,1,4221.705534
2026/02/05/11:31:52,apply-time,rs-004639-zqtwj,7e938a89-076a-427c-87bb-3e8112ac8a30,1,4221.705534
2026/02/05/11:31:52,running-time,rs-004639-zqtwj,7e938a89-076a-427c-87bb-3e8112ac8a30,1,4221.705534
2026/02/05/11:31:55,running-time,rs-004639-6sscd,76304ad9-1477-456b-adf1-8236a223003d,1,4224.705534
2026/02/05/11:31:58,apply-time,rs-004640-hp798,2b758c1a-27f2-4c90-b5ce-6966706bc3cb,1,4226.705534
2026/02/05/11:31:58,running-time,rs-004640-hp798,2b758c1a-27f2-4c90-b5ce-6966706bc3cb,1,4226.705534
2026/02/05/11:31:58,apply-time,rs-004640-l6c9t,fe1a812c-6b17-40c9-9045-c161e91c5e4a,1,4226.705534
2026/02/05/11:31:58,running-time,rs-004640-l6c9t,fe1a812c-6b17-40c9-9045-c161e91c5e4a,1,4226.705534
2026/02/05/11:31:58,apply-time,rs-004641-2xzjd,b96fa4b0-c7e4-4358-a56d-5fca2d31528d,3,4226.705534
2026/02/05/11:31:58,running-time,rs-004641-2xzjd,b96fa4b0-c7e4-4358-a56d-5fca2d31528d,3,4226.705534
2026/02/05/11:31:58,apply-time,rs-004641-5m9sn,578cee76-e052-4599-ac9c-26a486d68631,3,4226.705534
2026/02/05/11:31:58,running-time,rs-004641-5m9sn,578cee76-e052-4599-ac9c-26a486d68631,3,4226.705534
2026/02/05/11:31:58,apply-time,rs-004641-rbr97,2a3b632c-92c7-4d7c-9d13-020bab1aeeca,3,4226.705534
2026/02/05/11:31:58,running-time,rs-004641-rbr97,2a3b632c-92c7-4d7c-9d13-020bab1aeeca,3,4226.705534
2026/02/05/11:32:00,apply-time,rs-004642-j42th,c2b498b3-237d-4fe9-9b3c-61d4f48858d5,3,4228.705534
2026/02/05/11:32:00,running-time,rs-004642-j42th,c2b498b3-237d-4fe9-9b3c-61d4f48858d5,3,4228.705534
2026/02/05/11:32:00,apply-time,rs-004642-jptl4,8e7efd73-2c5e-449a-9e7c-36237dca28fd,3,4228.705534
2026/02/05/11:32:00,running-time,rs-004642-jptl4,8e7efd73-2c5e-449a-9e7c-36237dca28fd,3,4228.705534
2026/02/05/11:32:00,apply-time,rs-004642-kzj85,ff60fc18-a713-4e7e-9b19-61fe53a5bef6,3,4228.705534
2026/02/05/11:32:00,running-time,rs-004642-kzj85,ff60fc18-a713-4e7e-9b19-61fe53a5bef6,3,4228.705534
2026/02/05/11:32:00,apply-time,rs-004643-4tk96,22eb5a48-476a-4277-975b-bb1878872779,2,4228.705534
2026/02/05/11:32:00,running-time,rs-004643-4tk96,22eb5a48-476a-4277-975b-bb1878872779,2,4228.705534
2026/02/05/11:32:00,apply-time,rs-004643-dgr2q,58354b29-105e-4077-8a6c-f53cd376d9d0,2,4228.705534
2026/02/05/11:32:00,running-time,rs-004643-dgr2q,58354b29-105e-4077-8a6c-f53cd376d9d0,2,4228.705534
2026/02/05/11:32:00,apply-time,rs-004643-fxs79,6cfa0485-89bf-4609-92e2-cf9c20e46559,2,4228.705534
2026/02/05/11:32:00,running-time,rs-004643-fxs79,6cfa0485-89bf-4609-92e2-cf9c20e46559,2,4229.705534
2026/02/05/11:32:01,apply-time,rs-004644-52nh5,f556e342-eba3-4794-9cb2-6db3be742b60,1,4229.705534
2026/02/05/11:32:01,running-time,rs-004644-52nh5,f556e342-eba3-4794-9cb2-6db3be742b60,1,4229.705534
2026/02/05/11:32:01,apply-time,rs-004644-bk7mw,b08b3c36-b725-4ac2-8119-f90e1182cdc7,1,4229.705534
2026/02/05/11:32:01,running-time,rs-004644-bk7mw,b08b3c36-b725-4ac2-8119-f90e1182cdc7,1,4229.705534
2026/02/05/11:32:01,apply-time,rs-004645-h7qn7,9fd8a177-b7ce-4926-95dc-ba84da73a9b3,1,4229.705534
2026/02/05/11:32:01,running-time,rs-004645-h7qn7,9fd8a177-b7ce-4926-95dc-ba84da73a9b3,1,4229.705534
2026/02/05/11:32:01,apply-time,rs-004645-jdc6s,771b11fb-b23e-460b-9e07-ad18b693c16d,1,4229.705534
2026/02/05/11:32:01,running-time,rs-004645-jdc6s,771b11fb-b23e-460b-9e07-ad18b693c16d,1,4229.705534
2026/02/05/11:32:02,apply-time,rs-004646-8s7cd,b2dee5b8-9d18-46b3-b6cd-741c00f205fc,4,4230.705534
2026/02/05/11:32:02,running-time,rs-004646-8s7cd,b2dee5b8-9d18-46b3-b6cd-741c00f205fc,4,4230.705534
2026/02/05/11:32:02,apply-time,rs-004646-wxnp7,2217e8a2-25ee-4b15-98b1-ab70bee3dacb,4,4230.705534
2026/02/05/11:32:02,running-time,rs-004646-wxnp7,2217e8a2-25ee-4b15-98b1-ab70bee3dacb,4,4230.705534
2026/02/05/11:32:02,apply-time,rs-004647-xlk2g,7ab9e66b-b674-4fb2-bfe8-d05be723f3dd,4,4230.705534
2026/02/05/11:32:02,running-time,rs-004647-xlk2g,7ab9e66b-b674-4fb2-bfe8-d05be723f3dd,4,4230.705534
2026/02/05/11:32:02,apply-time,rs-004648-nncpr,71d67e1e-c6da-42e6-9d71-f884aaaade1e,4,4230.705534
2026/02/05/11:32:02,running-time,rs-004648-nncpr,71d67e1e-c6da-42e6-9d71-f884aaaade1e,4,4230.705534
2026/02/05/11:32:02,apply-time,rs-004648-w767f,3863e716-d9c4-4a90-a6eb-e2471e15a340,4,4230.705534
2026/02/05/11:32:02,running-time,rs-004648-w767f,3863e716-d9c4-4a90-a6eb-e2471e15a340,4,4230.705534
2026/02/05/11:32:02,apply-time,rs-004648-wffwp,029f3bc2-8fa7-4db3-9e6b-89a4720542d2,4,4230.705534
2026/02/05/11:32:02,running-time,rs-004648-wffwp,029f3bc2-8fa7-4db3-9e6b-89a4720542d2,4,4230.705534
2026/02/05/11:32:02,apply-time,rs-004649-7rkfk,129f4fc2-62aa-4e35-b041-dee272124736,1,4230.705534
2026/02/05/11:32:02,running-time,rs-004649-7rkfk,129f4fc2-62aa-4e35-b041-dee272124736,1,4230.705534
2026/02/05/11:32:02,apply-time,rs-004650-2s78s,aa088e6d-5ffe-4478-886a-a8b2105a9424,1,4230.705534
2026/02/05/11:32:02,apply-time,rs-004650-mck8c,32947239-c9b5-490d-8a8d-e76fb338e49d,1,4230.705534
2026/02/05/11:32:02,apply-time,rs-004651-bm97w,5006c3af-a8ec-481c-a810-c9271b8ab15b,3,4231.705534
2026/02/05/11:32:02,apply-time,rs-004652-bmtfn,d5697f00-0451-4b18-9e44-f985569d56b4,2,4231.705534
2026/02/05/11:32:02,running-time,rs-004652-bmtfn,d5697f00-0451-4b18-9e44-f985569d56b4,2,4231.705534
2026/02/05/11:32:02,apply-time,rs-004653-xkz9f,312ea116-32f8-4902-a821-17a414913e31,2,4231.705534
2026/02/05/11:32:02,apply-time,rs-004655-4vdt5,708ebd0b-baec-40bb-82aa-f15f6c6f4c51,2,4231.705534
2026/02/05/11:32:03,running-time,rs-004650-2s78s,aa088e6d-5ffe-4478-886a-a8b2105a9424,1,4231.705534
2026/02/05/11:32:03,running-time,rs-004650-mck8c,32947239-c9b5-490d-8a8d-e76fb338e49d,1,4232.705534
2026/02/05/11:32:03,apply-time,rs-004653-dk9rt,7b9777e0-8b1a-49c5-8c4b-9dc3471f015f,2,4231.705534
2026/02/05/11:32:03,apply-time,rs-004654-zrwl2,24351900-21c2-4bf8-b58d-165eeeeaf11c,1,4232.705534
2026/02/05/11:32:03,running-time,rs-004654-zrwl2,24351900-21c2-4bf8-b58d-165eeeeaf11c,1,4232.705534
2026/02/05/11:32:03,running-time,rs-004655-4vdt5,708ebd0b-baec-40bb-82aa-f15f6c6f4c51,2,4231.705534
2026/02/05/11:32:03,apply-time,rs-004656-zkd5j,49e2f2c1-e0a6-479b-a3d7-a14b0b5d032a,1,4232.705534
2026/02/05/11:32:03,running-time,rs-004656-zkd5j,49e2f2c1-e0a6-479b-a3d7-a14b0b5d032a,1,4232.705534
2026/02/05/11:32:03,apply-time,rs-004658-nm4gn,99ba90a6-fa7a-47a1-84a6-b685f8baaf7f,3,4232.705534
2026/02/05/11:32:03,running-time,rs-004658-nm4gn,99ba90a6-fa7a-47a1-84a6-b685f8baaf7f,3,4232.705534
2026/02/05/11:32:03,apply-time,rs-004659-hcsqb,5edf6bff-4323-4d3c-91ac-212987e69e70,2,4232.705534
2026/02/05/11:32:03,running-time,rs-004659-hcsqb,5edf6bff-4323-4d3c-91ac-212987e69e70,2,4232.705534
2026/02/05/11:32:03,apply-time,rs-004660-4shqx,7f8e5eb3-0a4e-4857-b2b3-1b9997cc8dd1,4,4232.705534
2026/02/05/11:32:03,running-time,rs-004660-4shqx,7f8e5eb3-0a4e-4857-b2b3-1b9997cc8dd1,4,4232.705534
2026/02/05/11:32:03,apply-time,rs-004660-qj597,6f7bd554-e3c0-43d2-9ff6-7e7516b00f79,4,4232.705534
2026/02/05/11:32:03,running-time,rs-004660-qj597,6f7bd554-e3c0-43d2-9ff6-7e7516b00f79,4,4232.705534
2026/02/05/11:32:04,apply-time,rs-004657-298sx,78d526ff-7502-4bd3-b881-3e30dc362547,3,4232.705534
2026/02/05/11:32:04,running-time,rs-004657-298sx,78d526ff-7502-4bd3-b881-3e30dc362547,3,4232.705534
2026/02/05/11:32:04,apply-time,rs-004657-wx454,09dcab4f-8e61-4bee-b84f-daae909ba131,3,4232.705534
2026/02/05/11:32:04,running-time,rs-004657-wx454,09dcab4f-8e61-4bee-b84f-daae909ba131,3,4232.705534
2026/02/05/11:32:04,apply-time,rs-004658-72rc9,94e9d67c-364c-4ebf-b7b9-900fb90ceb0b,3,4232.705534
2026/02/05/11:32:04,running-time,rs-004658-72rc9,94e9d67c-364c-4ebf-b7b9-900fb90ceb0b,3,4232.705534
2026/02/05/11:32:04,apply-time,rs-004658-bht9p,533cdc4c-7554-4535-84ff-deacaf4ba4d6,3,4232.705534
2026/02/05/11:32:04,running-time,rs-004658-bht9p,533cdc4c-7554-4535-84ff-deacaf4ba4d6,3,4232.705534
2026/02/05/11:32:04,apply-time,rs-004661-qmzxr,1656af6b-0f93-4488-8617-e759cb1936bf,2,4232.705534
2026/02/05/11:32:04,running-time,rs-004661-qmzxr,1656af6b-0f93-4488-8617-e759cb1936bf,2,4232.705534
2026/02/05/11:32:04,apply-time,rs-004662-j8cfv,6477c8f3-0234-47f9-8da0-c25eabf95c8b,1,4233.705534
2026/02/05/11:32:04,apply-time,rs-004663-8j78x,4c2d9e7b-63d0-4f5b-b9d5-4eff8dfe55e8,3,4233.705534
2026/02/05/11:32:04,running-time,rs-004663-8j78x,4c2d9e7b-63d0-4f5b-b9d5-4eff8dfe55e8,3,4233.705534
2026/02/05/11:32:04,apply-time,rs-004663-ljbd7,c069c2ab-8ac0-45f5-8b87-8f0efb48bce8,3,4233.705534
2026/02/05/11:32:04,running-time,rs-004663-ljbd7,c069c2ab-8ac0-45f5-8b87-8f0efb48bce8,3,4233.705534
2026/02/05/11:32:04,apply-time,rs-004663-x725d,fc126b68-1d9b-47f2-aecb-aa0500facaa8,3,4233.705534
2026/02/05/11:32:04,running-time,rs-004663-x725d,fc126b68-1d9b-47f2-aecb-aa0500facaa8,3,4233.705534
2026/02/05/11:32:04,apply-time,rs-004664-5whl6,88168325-e573-4a97-93e0-054b6ce45d7b,1,4233.705534
2026/02/05/11:32:04,apply-time,rs-004664-d4h6s,3a2dbe2a-479f-4d35-a2d0-7c3be40f5c04,1,4233.705534
2026/02/05/11:32:04,apply-time,rs-004664-vlv8m,fff4f8de-19c5-4fd0-8caa-6ecd273ebf32,1,4233.705534
2026/02/05/11:32:05,running-time,rs-004664-5whl6,88168325-e573-4a97-93e0-054b6ce45d7b,1,4234.705534
2026/02/05/11:32:05,running-time,rs-004664-vlv8m,fff4f8de-19c5-4fd0-8caa-6ecd273ebf32,1,4233.705534
2026/02/05/11:32:05,apply-time,rs-004665-vgw6g,fb51c4cc-2bf1-4275-aa08-bdd112d07c6a,4,4233.705534
2026/02/05/11:32:05,running-time,rs-004665-vgw6g,fb51c4cc-2bf1-4275-aa08-bdd112d07c6a,4,4233.705534
2026/02/05/11:32:05,apply-time,rs-004666-scgmr,2bcebd6b-82cb-4ccf-bab1-c3715e582ca1,3,4233.705534
2026/02/05/11:32:06,running-time,rs-004664-d4h6s,3a2dbe2a-479f-4d35-a2d0-7c3be40f5c04,1,4234.705534
2026/02/05/11:32:09,apply-time,rs-004667-6sgmr,357d0a39-9733-467a-b696-640b3197794c,2,4237.705534
2026/02/05/11:32:09,running-time,rs-004667-6sgmr,357d0a39-9733-467a-b696-640b3197794c,2,4238.705534
2026/02/05/11:32:09,apply-time,rs-004667-kd8sd,9c7e78b2-0976-421e-a43f-369144fca6e3,2,4237.705534
2026/02/05/11:32:09,running-time,rs-004667-kd8sd,9c7e78b2-0976-421e-a43f-369144fca6e3,2,4238.705534
2026/02/05/11:32:09,apply-time,rs-004667-xv4tc,bd548dd4-47fa-40fe-935e-3e713faf5ee1,2,4237.705534
2026/02/05/11:32:09,running-time,rs-004667-xv4tc,bd548dd4-47fa-40fe-935e-3e713faf5ee1,2,4237.705534
2026/02/05/11:32:09,apply-time,rs-004668-gnk5c,aff04194-08b2-4f03-9e9a-b71a384d4d7f,1,4238.705534
2026/02/05/11:32:09,apply-time,rs-004668-wp4nl,55b972c9-e458-4169-b57c-d52d9584dd81,1,4238.705534
2026/02/05/11:32:09,apply-time,rs-004669-wk6tg,e95ba689-ecf9-4ece-bedc-8bb12058780c,3,4238.705534
2026/02/05/11:32:09,running-time,rs-004669-wk6tg,e95ba689-ecf9-4ece-bedc-8bb12058780c,3,4238.705534
2026/02/05/11:32:09,apply-time,rs-004670-7xkkt,67d22e0e-bb24-4884-9b26-8aa3df515ba3,2,4238.705534
2026/02/05/11:32:09,apply-time,rs-004670-zbgzb,be88a2e5-aff0-4b1f-a734-f59127c19137,2,4238.705534
2026/02/05/11:32:09,apply-time,rs-004671-zt94v,68833230-5ef5-4f69-9dda-26e01443ebec,2,4237.705534
2026/02/05/11:32:09,running-time,rs-004671-zt94v,68833230-5ef5-4f69-9dda-26e01443ebec,2,4238.705534
2026/02/05/11:32:09,apply-time,rs-004675-xmfpj,f741661d-fbe4-44c6-9959-3afd958c9b0f,2,4238.705534
2026/02/05/11:32:09,running-time,rs-004675-xmfpj,f741661d-fbe4-44c6-9959-3afd958c9b0f,2,4238.705534
2026/02/05/11:32:10,apply-time,rs-004672-6265g,8c57a27b-dfae-4191-a7e9-17217d68d572,1,4238.705534
2026/02/05/11:32:10,running-time,rs-004672-6265g,8c57a27b-dfae-4191-a7e9-17217d68d572,1,4238.705534
2026/02/05/11:32:10,apply-time,rs-004672-d7d6t,69c799c1-7e32-43aa-9650-3428456b6d42,1,4238.705534
2026/02/05/11:32:10,running-time,rs-004672-d7d6t,69c799c1-7e32-43aa-9650-3428456b6d42,1,4238.705534
2026/02/05/11:32:10,apply-time,rs-004672-m75f5,f5d11535-73de-4774-abc8-8df80a60f68c,1,4239.705534
2026/02/05/11:32:10,running-time,rs-004672-m75f5,f5d11535-73de-4774-abc8-8df80a60f68c,1,4239.705534
2026/02/05/11:32:10,apply-time,rs-004673-4sdkn,1b20ab0e-e5a1-468e-9622-833ce1c64ca2,3,4239.705534
2026/02/05/11:32:10,apply-time,rs-004674-bhcs6,468eaa0c-d02a-4d0c-8853-d21f913b90a7,2,4239.705534
2026/02/05/11:32:10,running-time,rs-004674-bhcs6,468eaa0c-d02a-4d0c-8853-d21f913b90a7,2,4239.705534
2026/02/05/11:32:10,apply-time,rs-004674-k5cgt,09240c7c-d807-4a45-aad6-05010e453c8a,2,4239.705534
2026/02/05/11:32:10,running-time,rs-004674-k5cgt,09240c7c-d807-4a45-aad6-05010e453c8a,2,4239.705534
2026/02/05/11:32:10,apply-time,rs-004676-5r57l,7d290014-ee2d-4996-8100-1360947efb3f,1,4238.705534
2026/02/05/11:32:10,running-time,rs-004676-5r57l,7d290014-ee2d-4996-8100-1360947efb3f,1,4238.705534
2026/02/05/11:32:10,apply-time,rs-004676-h22xn,d81a33e6-21d4-4563-9fa5-4646b54b1f03,1,4239.705534
2026/02/05/11:32:10,apply-time,rs-004676-mhmc5,f46b6f15-8413-428e-8ba6-599893ec95d5,1,4239.705534
2026/02/05/11:32:10,apply-time,rs-004677-gjvxr,5a65ba5a-023c-4391-a644-0dbcfaee470a,3,4239.705534
2026/02/05/11:32:10,running-time,rs-004677-gjvxr,5a65ba5a-023c-4391-a644-0dbcfaee470a,3,4239.705534
2026/02/05/11:32:12,running-time,rs-004673-4sdkn,1b20ab0e-e5a1-468e-9622-833ce1c64ca2,3,4241.705534
2026/02/05/11:32:12,running-time,rs-004676-h22xn,d81a33e6-21d4-4563-9fa5-4646b54b1f03,1,4241.705534
2026/02/05/11:32:12,running-time,rs-004676-mhmc5,f46b6f15-8413-428e-8ba6-599893ec95d5,1,4241.705534
2026/02/05/11:32:14,apply-time,rs-004678-wr7sj,6334925b-9fba-4061-84b4-f265fdb95b10,2,4242.705534
2026/02/05/11:32:15,running-time,rs-004678-wr7sj,6334925b-9fba-4061-84b4-f265fdb95b10,2,4243.705534
2026/02/05/11:32:17,running-time,rs-004670-7xkkt,67d22e0e-bb24-4884-9b26-8aa3df515ba3,2,4246.705534
2026/02/05/11:32:19,apply-time,rs-004679-77t9f,cddf8282-fab3-4d95-af4b-ffee47197390,1,4247.705534
2026/02/05/11:32:19,running-time,rs-004679-77t9f,cddf8282-fab3-4d95-af4b-ffee47197390,1,4247.705534
2026/02/05/11:32:19,apply-time,rs-004680-82grw,7a85d35f-3899-41ed-b5e5-6bfcf2f769b8,4,4247.705534
2026/02/05/11:32:19,running-time,rs-004680-82grw,7a85d35f-3899-41ed-b5e5-6bfcf2f769b8,4,4247.705534
2026/02/05/11:32:19,apply-time,rs-004680-k8crm,524a0325-5dee-43bf-a7e0-0ff3f71445fc,4,4247.705534
2026/02/05/11:32:19,running-time,rs-004680-k8crm,524a0325-5dee-43bf-a7e0-0ff3f71445fc,4,4247.705534
2026/02/05/11:32:19,apply-time,rs-004680-tjwww,dec8f059-62fc-4ac1-85c5-1098c8fc92d5,4,4247.705534
2026/02/05/11:32:19,running-time,rs-004680-tjwww,dec8f059-62fc-4ac1-85c5-1098c8fc92d5,4,4247.705534
2026/02/05/11:32:20,running-time,rs-004670-zbgzb,be88a2e5-aff0-4b1f-a734-f59127c19137,2,4249.705534
2026/02/05/11:32:20,apply-time,rs-004681-hvxmp,5d2b2b47-03a1-4370-bedb-8390c75a6764,2,4248.705534
2026/02/05/11:32:20,running-time,rs-004681-hvxmp,5d2b2b47-03a1-4370-bedb-8390c75a6764,2,4248.705534
2026/02/05/11:32:20,apply-time,rs-004681-wfph8,3ba96e4a-8884-4c94-9361-2fbaf024948e,2,4248.705534
2026/02/05/11:32:20,running-time,rs-004681-wfph8,3ba96e4a-8884-4c94-9361-2fbaf024948e,2,4248.705534
2026/02/05/11:32:20,apply-time,rs-004682-8vbk4,2e85eae7-90a1-4752-817b-96838986c450,3,4248.705534
2026/02/05/11:32:20,apply-time,rs-004683-j9tv6,f917e3a3-cb26-4605-bee9-940dbe1b145d,1,4249.705534
2026/02/05/11:32:20,running-time,rs-004683-j9tv6,f917e3a3-cb26-4605-bee9-940dbe1b145d,1,4249.705534
2026/02/05/11:32:20,apply-time,rs-004683-xsj54,f2ddd954-a10a-4a7f-9486-7e0f65d39e11,1,4249.705534
2026/02/05/11:32:20,running-time,rs-004683-xsj54,f2ddd954-a10a-4a7f-9486-7e0f65d39e11,1,4249.705534
2026/02/05/11:32:22,apply-time,rs-004684-tttdr,3f729ea6-5767-4da8-b866-ecbcfbd826ed,4,4251.705534
2026/02/05/11:32:22,running-time,rs-004684-tttdr,3f729ea6-5767-4da8-b866-ecbcfbd826ed,4,4251.705534
2026/02/05/11:32:22,apply-time,rs-004685-jzkz9,b841be72-44e6-4b1d-a1a6-97f347327319,2,4251.705534
2026/02/05/11:32:22,running-time,rs-004685-jzkz9,b841be72-44e6-4b1d-a1a6-97f347327319,2,4251.705534
2026/02/05/11:32:22,apply-time,rs-004685-tpktb,23974616-e4f4-4967-a146-df667f268922,2,4251.705534
2026/02/05/11:32:22,running-time,rs-004685-tpktb,23974616-e4f4-4967-a146-df667f268922,2,4251.705534
2026/02/05/11:32:24,apply-time,rs-004686-8c6w7,9693f3c7-9a42-447b-9f3d-4b064537814f,1,4252.705534
2026/02/05/11:32:24,running-time,rs-004686-8c6w7,9693f3c7-9a42-447b-9f3d-4b064537814f,1,4252.705534
2026/02/05/11:32:24,apply-time,rs-004687-vlqr2,b816ad16-5760-4104-b55c-aec23b81ee5f,3,4252.705534
2026/02/05/11:32:24,running-time,rs-004687-vlqr2,b816ad16-5760-4104-b55c-aec23b81ee5f,3,4252.705534
2026/02/05/11:32:24,apply-time,rs-004688-q48mv,a694489b-3f9a-4b0f-ab75-bd42ed8efe0a,2,4252.705534
2026/02/05/11:32:24,apply-time,rs-004689-xbzsp,e7eaeb0b-fdc7-4d1b-88cd-cd83557421dd,3,4252.705534
2026/02/05/11:32:24,running-time,rs-004689-xbzsp,e7eaeb0b-fdc7-4d1b-88cd-cd83557421dd,3,4252.705534
2026/02/05/11:32:24,apply-time,rs-004690-n9dpc,3c68c135-5a68-4166-89e7-2f053c6ef04a,2,4252.705534
2026/02/05/11:32:24,running-time,rs-004690-n9dpc,3c68c135-5a68-4166-89e7-2f053c6ef04a,2,4252.705534
2026/02/05/11:32:24,apply-time,rs-004690-zgqvs,a1401c19-c8c5-4813-bba1-0cfa2634f30f,2,4252.705534
2026/02/05/11:32:24,running-time,rs-004690-zgqvs,a1401c19-c8c5-4813-bba1-0cfa2634f30f,2,4252.705534
2026/02/05/11:32:34,apply-time,rs-004691-2vp99,c1f1d8eb-73ba-4155-8463-06e6718bc481,1,4263.705534
2026/02/05/11:32:34,running-time,rs-004691-2vp99,c1f1d8eb-73ba-4155-8463-06e6718bc481,1,4263.705534
2026/02/05/11:32:34,apply-time,rs-004691-qctpj,895a1ffd-2afb-4a0d-98c8-52b47c911f5c,1,4263.705534
2026/02/05/11:32:34,running-time,rs-004691-qctpj,895a1ffd-2afb-4a0d-98c8-52b47c911f5c,1,4263.705534
2026/02/05/11:32:34,apply-time,rs-004691-z4qsq,84ec57c6-8d70-4074-b405-611597ab0fef,1,4263.705534
2026/02/05/11:32:34,running-time,rs-004691-z4qsq,84ec57c6-8d70-4074-b405-611597ab0fef,1,4263.705534
2026/02/05/11:32:34,apply-time,rs-004692-kptzb,50e06076-1d8e-41a9-b777-5fc835c0e025,2,4263.705534
2026/02/05/11:32:34,running-time,rs-004692-kptzb,50e06076-1d8e-41a9-b777-5fc835c0e025,2,4263.705534
2026/02/05/11:32:35,apply-time,rs-004693-75l8n,883dd96d-7d3a-4834-a908-02553e8b7763,3,4263.705534
2026/02/05/11:32:35,running-time,rs-004693-75l8n,883dd96d-7d3a-4834-a908-02553e8b7763,3,4263.705534
2026/02/05/11:32:35,apply-time,rs-004694-rbknq,7dca2ce8-be5a-4cde-b34b-6b75cfa5ac45,1,4263.705534
2026/02/05/11:32:35,apply-time,rs-004695-5tdpm,43301786-3358-45e8-9fce-b086035a2c46,4,4263.705534
2026/02/05/11:32:35,running-time,rs-004695-5tdpm,43301786-3358-45e8-9fce-b086035a2c46,4,4263.705534
2026/02/05/11:32:35,apply-time,rs-004695-ffmw6,c2e9a99d-2f62-485b-b653-9ed2edada08e,4,4263.705534
2026/02/05/11:32:35,running-time,rs-004695-ffmw6,c2e9a99d-2f62-485b-b653-9ed2edada08e,4,4263.705534
2026/02/05/11:32:35,apply-time,rs-004696-6658s,a1270a53-2935-4b58-b1ae-be5e03ad0376,2,4263.705534
2026/02/05/11:32:35,running-time,rs-004696-6658s,a1270a53-2935-4b58-b1ae-be5e03ad0376,2,4263.705534
2026/02/05/11:32:35,apply-time,rs-004696-tjtjb,07158d01-478a-430f-9e59-b268e834d59d,2,4263.705534
2026/02/05/11:32:35,apply-time,rs-004697-57ctd,4cbdca9e-bc8a-4ece-ae74-1c172f3e3c6e,2,4263.705534
2026/02/05/11:32:35,apply-time,rs-004697-65x7k,844189ce-65e1-40a5-b5e1-f2583e926749,2,4263.705534
2026/02/05/11:32:35,apply-time,rs-004697-vvcp7,6fecbd8f-beb6-49d6-a6d7-bfe035406356,2,4263.705534
2026/02/05/11:32:35,apply-time,rs-004698-qqbvz,21699cdb-f9be-4dea-9c7a-4f09aeaebf66,2,4264.705534
2026/02/05/11:32:35,running-time,rs-004698-qqbvz,21699cdb-f9be-4dea-9c7a-4f09aeaebf66,2,4264.705534
2026/02/05/11:32:35,apply-time,rs-004699-t6ntx,700c96b4-38f3-4a58-9bfe-19ac15d01e05,3,4264.705534
2026/02/05/11:32:35,running-time,rs-004699-t6ntx,700c96b4-38f3-4a58-9bfe-19ac15d01e05,3,4264.705534
2026/02/05/11:32:37,apply-time,rs-004700-6xhjb,6e8834ad-cfcf-43e5-9c13-e7f5352062e4,4,4265.705534
2026/02/05/11:32:37,running-time,rs-004700-6xhjb,6e8834ad-cfcf-43e5-9c13-e7f5352062e4,4,4265.705534
2026/02/05/11:32:37,apply-time,rs-004700-bnp6q,4a90be9f-d546-43af-9e0a-c2436bf65939,4,4265.705534
2026/02/05/11:32:37,running-time,rs-004700-bnp6q,4a90be9f-d546-43af-9e0a-c2436bf65939,4,4265.705534
2026/02/05/11:32:37,apply-time,rs-004700-mxtr8,0290692e-2189-4e17-925d-87bdaa6c3b58,4,4265.705534
2026/02/05/11:32:37,running-time,rs-004700-mxtr8,0290692e-2189-4e17-925d-87bdaa6c3b58,4,4265.705534
2026/02/05/11:32:37,apply-time,rs-004701-k68ql,09e03a03-4652-42bf-8538-6afaea2ad6b1,4,4265.705534
2026/02/05/11:32:37,running-time,rs-004701-k68ql,09e03a03-4652-42bf-8538-6afaea2ad6b1,4,4265.705534
2026/02/05/11:32:37,apply-time,rs-004701-qr7cv,679ac64e-d0f2-469b-ab50-7c505b66b8b0,4,4265.705534
2026/02/05/11:32:37,running-time,rs-004701-qr7cv,679ac64e-d0f2-469b-ab50-7c505b66b8b0,4,4265.705534
2026/02/05/11:32:37,apply-time,rs-004701-wzfjq,38af3d90-814f-486e-a2b7-a00ebd316c9f,4,4265.705534
2026/02/05/11:32:37,running-time,rs-004701-wzfjq,38af3d90-814f-486e-a2b7-a00ebd316c9f,4,4265.705534
2026/02/05/11:32:37,apply-time,rs-004702-42nk5,a73f97af-6424-41fc-92a7-69a6e14af215,1,4265.705534
2026/02/05/11:32:37,apply-time,rs-004702-hghw5,d6129665-f37d-46ff-965f-602b910c3e42,1,4265.705534
2026/02/05/11:32:37,apply-time,rs-004702-mjlb9,21b3f432-549b-461c-9394-714a746a4901,1,4265.705534
2026/02/05/11:32:37,apply-time,rs-004703-7nqmg,e3b5670f-a7a7-4f16-ab32-5d5c5e8dfc22,3,4265.705534
2026/02/05/11:32:37,running-time,rs-004703-7nqmg,e3b5670f-a7a7-4f16-ab32-5d5c5e8dfc22,3,4265.705534
2026/02/05/11:32:37,apply-time,rs-004704-cxdj6,699f012d-b8f9-4b09-ba39-62e27aee1644,3,4266.705534
2026/02/05/11:32:37,running-time,rs-004704-cxdj6,699f012d-b8f9-4b09-ba39-62e27aee1644,3,4266.705534
2026/02/05/11:32:37,apply-time,rs-004705-xvrfn,df0c0c14-6274-484d-a346-b065ef4cf432,4,4266.705534
2026/02/05/11:32:37,running-time,rs-004705-xvrfn,df0c0c14-6274-484d-a346-b065ef4cf432,4,4266.705534
2026/02/05/11:32:38,apply-time,rs-004706-cxvqv,d811b60a-5f23-4e3a-aef8-4aa915c55ebf,4,4266.705534
2026/02/05/11:32:38,running-time,rs-004706-cxvqv,d811b60a-5f23-4e3a-aef8-4aa915c55ebf,4,4266.705534
2026/02/05/11:32:38,apply-time,rs-004707-lrplt,6ceb298b-dc6a-467a-91ef-6200d21a8d15,3,4266.705534
2026/02/05/11:32:38,apply-time,rs-004708-g4c45,c7b5cf7d-4cdd-4ea4-a17c-37725f93499e,2,4267.705534
2026/02/05/11:32:38,running-time,rs-004708-g4c45,c7b5cf7d-4cdd-4ea4-a17c-37725f93499e,2,4267.705534
2026/02/05/11:32:38,apply-time,rs-004708-v4qvq,9cdf92c7-8fb9-43c0-93ea-6a92650aca0c,2,4266.705534
2026/02/05/11:32:38,running-time,rs-004708-v4qvq,9cdf92c7-8fb9-43c0-93ea-6a92650aca0c,2,4266.705534
2026/02/05/11:32:38,apply-time,rs-004708-wgnz2,ed0d5b45-3cf9-445d-b048-59c7ae17f340,2,4267.705534
2026/02/05/11:32:38,running-time,rs-004708-wgnz2,ed0d5b45-3cf9-445d-b048-59c7ae17f340,2,4267.705534
2026/02/05/11:32:38,apply-time,rs-004709-56bhl,1e20923a-2d57-4445-8daa-2ca15bce0783,2,4266.705534
2026/02/05/11:32:38,running-time,rs-004709-56bhl,1e20923a-2d57-4445-8daa-2ca15bce0783,2,4267.705534
2026/02/05/11:32:38,apply-time,rs-004710-9w7dw,d25adb80-15ab-4f78-8217-6b66e776bb5f,3,4267.705534
2026/02/05/11:32:38,running-time,rs-004710-9w7dw,d25adb80-15ab-4f78-8217-6b66e776bb5f,3,4267.705534
2026/02/05/11:32:41,running-time,rs-004694-rbknq,7dca2ce8-be5a-4cde-b34b-6b75cfa5ac45,1,4270.705534
2026/02/05/11:32:44,apply-time,rs-004711-7hxv8,a27e95a3-8add-41d2-9624-bbac6afbbcd3,3,4273.705534
2026/02/05/11:32:44,running-time,rs-004711-7hxv8,a27e95a3-8add-41d2-9624-bbac6afbbcd3,3,4273.705534
2026/02/05/11:32:44,apply-time,rs-004712-vcncv,56c0bef1-c62a-4d3d-84af-c052e7d4c915,3,4273.705534
2026/02/05/11:32:44,running-time,rs-004712-vcncv,56c0bef1-c62a-4d3d-84af-c052e7d4c915,3,4273.705534
2026/02/05/11:32:44,apply-time,rs-004713-pbll4,0ced96a9-e61f-4039-b911-4ec72cf37c59,2,4273.705534
2026/02/05/11:32:44,running-time,rs-004713-pbll4,0ced96a9-e61f-4039-b911-4ec72cf37c59,2,4273.705534
2026/02/05/11:32:44,apply-time,rs-004714-cb9zx,8d8e4d86-08b7-4bcd-b26a-10881c9c51e8,2,4273.705534
2026/02/05/11:32:44,apply-time,rs-004714-shpfz,60ea5682-12de-4703-a590-9eb6c3f075db,2,4273.705534
2026/02/05/11:32:44,apply-time,rs-004714-xqsbb,729a01cd-94e2-4bb0-9550-7de3c05b37c2,2,4273.705534
2026/02/05/11:32:44,apply-time,rs-004715-8qwks,96e7892d-e907-47ae-9790-e04205ff112a,2,4273.705534
2026/02/05/11:32:44,running-time,rs-004715-8qwks,96e7892d-e907-47ae-9790-e04205ff112a,2,4273.705534
2026/02/05/11:32:44,apply-time,rs-004715-lnsfr,dc22c597-9dab-4491-adf7-d8f8145b52a3,2,4273.705534
2026/02/05/11:32:44,apply-time,rs-004716-zzdkp,6be90e50-b63e-483a-af83-a047a0bb83f6,3,4273.705534
2026/02/05/11:32:45,running-time,rs-004715-lnsfr,dc22c597-9dab-4491-adf7-d8f8145b52a3,2,4273.705534
2026/02/05/11:32:45,apply-time,rs-004717-5l6zt,dab922ac-7073-41ad-acbb-58cc1acbea78,2,4274.705534
2026/02/05/11:32:45,apply-time,rs-004717-kp8v8,40e1bc47-cdc8-4b28-8c93-fd476f671412,2,4273.705534
2026/02/05/11:32:45,apply-time,rs-004718-cvfnn,378afb78-776f-4bf5-910c-da76e28d1356,3,4274.705534
2026/02/05/11:32:45,running-time,rs-004718-cvfnn,378afb78-776f-4bf5-910c-da76e28d1356,3,4274.705534
2026/02/05/11:32:45,apply-time,rs-004719-nqtt7,46b67585-241e-475e-bab3-fbd508f1b1ae,2,4274.705534
2026/02/05/11:32:45,running-time,rs-004719-nqtt7,46b67585-241e-475e-bab3-fbd508f1b1ae,2,4274.705534
2026/02/05/11:32:45,apply-time,rs-004719-q2lgg,530425cc-fa15-43e3-a744-40b281e1be19,2,4273.705534
2026/02/05/11:32:45,running-time,rs-004719-q2lgg,530425cc-fa15-43e3-a744-40b281e1be19,2,4273.705534
2026/02/05/11:32:45,apply-time,rs-004720-777zz,6a3dab7f-9012-4bcb-8f73-0cfa3179f89b,2,4274.705534
2026/02/05/11:32:45,running-time,rs-004720-777zz,6a3dab7f-9012-4bcb-8f73-0cfa3179f89b,2,4274.705534
2026/02/05/11:32:45,apply-time,rs-004720-8pmhp,e921ba3d-cb07-43fa-9f2d-1aefff93f2cb,2,4274.705534
2026/02/05/11:32:45,running-time,rs-004720-8pmhp,e921ba3d-cb07-43fa-9f2d-1aefff93f2cb,2,4274.705534
2026/02/05/11:32:45,apply-time,rs-004720-q6bpb,68703f0a-cf65-4569-adb4-0a21fac63972,2,4274.705534
2026/02/05/11:32:45,running-time,rs-004720-q6bpb,68703f0a-cf65-4569-adb4-0a21fac63972,2,4274.705534
2026/02/05/11:32:45,apply-time,rs-004721-hhtfs,8b0cb216-66f9-4326-a78c-1e14a1de2218,1,4274.705534
2026/02/05/11:32:46,apply-time,rs-004722-2zrsb,3bbff903-cc82-4937-a9f9-3d697d95c298,2,4275.705534
2026/02/05/11:32:46,running-time,rs-004722-2zrsb,3bbff903-cc82-4937-a9f9-3d697d95c298,2,4275.705534
2026/02/05/11:32:46,apply-time,rs-004722-79np9,70f0e26f-4f59-40cf-b9a4-39b1f2c117b7,2,4274.705534
2026/02/05/11:32:46,running-time,rs-004722-79np9,70f0e26f-4f59-40cf-b9a4-39b1f2c117b7,2,4274.705534
2026/02/05/11:32:46,apply-time,rs-004723-8m6tw,44df6573-352b-4f96-8a1e-bd8117cadd26,2,4274.705534
2026/02/05/11:32:46,apply-time,rs-004723-jzghn,923260bd-b9c5-4f0a-a8c9-9d166288d839,2,4275.705534
2026/02/05/11:32:46,apply-time,rs-004724-9szwq,0af02440-5655-4fb9-a3c4-0d54a131f14d,1,4275.705534
2026/02/05/11:32:46,running-time,rs-004724-9szwq,0af02440-5655-4fb9-a3c4-0d54a131f14d,1,4275.705534
2026/02/05/11:32:46,apply-time,rs-004724-m5shw,69691b77-2b19-433a-be9b-5b6616f8c868,1,4275.705534
2026/02/05/11:32:46,apply-time,rs-004725-4rk56,f2f2ab57-2829-4a29-a5b2-a698b62e9c36,2,4275.705534
2026/02/05/11:32:46,apply-time,rs-004725-5cq88,2f31d7cd-3924-41bb-bf76-4140c0b05f07,2,4275.705534
2026/02/05/11:32:46,apply-time,rs-004725-x2dcf,9d5f33e6-bdb8-4ee0-96bb-6eb898aba754,2,4275.705534
2026/02/05/11:32:47,running-time,rs-004724-m5shw,69691b77-2b19-433a-be9b-5b6616f8c868,1,4276.705534
2026/02/05/11:32:47,apply-time,rs-004726-2qk2c,92003460-7f0f-41a7-8501-641fd28a73e4,4,4275.705534
2026/02/05/11:32:47,running-time,rs-004726-2qk2c,92003460-7f0f-41a7-8501-641fd28a73e4,4,4275.705534
2026/02/05/11:32:47,apply-time,rs-004726-499wk,af09086f-e857-458d-a426-9d46b00bde0f,4,4276.705534
2026/02/05/11:32:47,running-time,rs-004726-499wk,af09086f-e857-458d-a426-9d46b00bde0f,4,4276.705534
2026/02/05/11:32:47,apply-time,rs-004726-7r74j,57f6fede-1664-4cfc-9a9a-b3695a18f532,4,4276.705534
2026/02/05/11:32:47,apply-time,rs-004727-5mxn2,f8c610d8-38ca-494a-ae29-86271a86a0f8,2,4276.705534
2026/02/05/11:32:47,apply-time,rs-004727-5qsdv,740c620a-a159-4a4d-b62c-f88945844b9a,2,4276.705534
2026/02/05/11:32:47,apply-time,rs-004727-q7gxq,6b82861c-3341-4093-b683-6b2ed1301e40,2,4276.705534
2026/02/05/11:32:47,apply-time,rs-004728-dfdtt,ebba91bb-6f9b-467f-89cd-d73426753cf4,3,4276.705534
2026/02/05/11:32:47,running-time,rs-004728-dfdtt,ebba91bb-6f9b-467f-89cd-d73426753cf4,3,4276.705534
2026/02/05/11:32:47,apply-time,rs-004728-dn6gv,e3be4e11-084e-4db6-bbac-146205ef81ba,3,4276.705534
2026/02/05/11:32:47,running-time,rs-004728-dn6gv,e3be4e11-084e-4db6-bbac-146205ef81ba,3,4276.705534
2026/02/05/11:32:47,apply-time,rs-004728-h45bv,44c8e16a-e2a2-4a27-9879-61d64a765fa0,3,4275.705534
2026/02/05/11:32:47,running-time,rs-004728-h45bv,44c8e16a-e2a2-4a27-9879-61d64a765fa0,3,4276.705534
2026/02/05/11:32:47,apply-time,rs-004729-48s24,a5f6edca-8c7f-431b-a51b-e022eb795567,2,4276.705534
2026/02/05/11:32:47,running-time,rs-004729-48s24,a5f6edca-8c7f-431b-a51b-e022eb795567,2,4276.705534
2026/02/05/11:32:47,apply-time,rs-004729-hb5sn,67fbe3c8-1af7-4ec8-8862-9596badcb0b0,2,4276.705534
2026/02/05/11:32:47,apply-time,rs-004730-4gwwg,d3a4604f-a9f5-4875-a27a-cccd072a3223,1,4276.705534
2026/02/05/11:32:47,running-time,rs-004730-4gwwg,d3a4604f-a9f5-4875-a27a-cccd072a3223,1,4276.705534
2026/02/05/11:32:48,running-time,rs-004729-hb5sn,67fbe3c8-1af7-4ec8-8862-9596badcb0b0,2,4276.705534
2026/02/05/11:32:48,apply-time,rs-004731-4tx6t,036f9b2f-d078-4a1e-a0d6-612cf6031fd5,3,4276.705534
2026/02/05/11:32:48,apply-time,rs-004731-xvk7p,ba7d2b81-2a91-44a1-9851-ea927f16c80c,3,4277.705534
2026/02/05/11:32:48,apply-time,rs-004732-bwjpn,12bf1b97-8d76-490c-8e4f-e051729a9d0b,4,4276.705534
2026/02/05/11:32:48,running-time,rs-004732-bwjpn,12bf1b97-8d76-490c-8e4f-e051729a9d0b,4,4277.705534
2026/02/05/11:32:48,apply-time,rs-004733-2jndg,07f6f667-dde1-42d3-92cf-8951ab23a3c5,1,4277.705534
2026/02/05/11:32:48,apply-time,rs-004733-b8vr4,5fd9488b-d58d-4d27-af81-a0bc37e9c535,1,4277.705534
2026/02/05/11:32:48,apply-time,rs-004733-rb99v,3b68f379-9def-424a-bcaa-2dd840ae92ef,1,4277.705534
2026/02/05/11:32:48,apply-time,rs-004734-p2kmg,7678da7b-33ed-4fa9-a3b6-791597fb22db,1,4277.705534
2026/02/05/11:32:48,running-time,rs-004734-p2kmg,7678da7b-33ed-4fa9-a3b6-791597fb22db,1,4277.705534
2026/02/05/11:32:48,apply-time,rs-004735-k55zr,a94e7ab7-3e00-4a8f-ae03-7b699dcaa768,1,4277.705534
2026/02/05/11:32:48,apply-time,rs-004736-f8mfj,c5698b48-248c-4086-8fb6-ce5d89214263,3,4277.705534
2026/02/05/11:32:49,running-time,rs-004735-k55zr,a94e7ab7-3e00-4a8f-ae03-7b699dcaa768,1,4278.705534
2026/02/05/11:32:49,apply-time,rs-004737-db88p,d417582a-b8ae-471a-99b4-ab7afe60ad01,2,4277.705534
2026/02/05/11:32:49,apply-time,rs-004738-thcfw,5d94df27-4bb0-4f0e-8e61-95e24b044935,1,4277.705534
2026/02/05/11:32:49,running-time,rs-004738-thcfw,5d94df27-4bb0-4f0e-8e61-95e24b044935,1,4277.705534
2026/02/05/11:32:49,apply-time,rs-004738-vprcs,0e379498-36e8-4a19-8616-d973c9980174,1,4278.705534
2026/02/05/11:32:49,running-time,rs-004738-vprcs,0e379498-36e8-4a19-8616-d973c9980174,1,4278.705534
2026/02/05/11:32:49,apply-time,rs-004739-j59tt,f0c245da-6d56-48dd-8151-c34e975920a2,2,4277.705534
2026/02/05/11:32:49,running-time,rs-004739-j59tt,f0c245da-6d56-48dd-8151-c34e975920a2,2,4278.705534
2026/02/05/11:32:49,apply-time,rs-004739-mz828,5ac8791c-7d35-4259-b732-9a110a99087c,2,4278.705534
2026/02/05/11:32:49,apply-time,rs-004740-gbhz8,a8aa632f-0995-4bbc-bccb-141657284de8,4,4278.705534
2026/02/05/11:32:49,running-time,rs-004740-gbhz8,a8aa632f-0995-4bbc-bccb-141657284de8,4,4278.705534
2026/02/05/11:32:49,apply-time,rs-004740-j6ddz,7382ed9e-be55-4b92-b438-d2e2bb910f69,4,4278.705534
2026/02/05/11:32:49,running-time,rs-004740-j6ddz,7382ed9e-be55-4b92-b438-d2e2bb910f69,4,4278.705534
2026/02/05/11:32:49,apply-time,rs-004740-knjh4,4250a5bd-7868-42f1-be8d-e6070bd4cb78,4,4278.705534
2026/02/05/11:32:49,apply-time,rs-004741-jm88s,e396ff85-1d32-4d80-9351-3bc50c33470c,1,4278.705534
2026/02/05/11:32:49,apply-time,rs-004742-56xd8,4e32843e-fb6b-49a1-af9c-6b2a75f2597e,1,4278.705534
2026/02/05/11:32:50,running-time,rs-004739-mz828,5ac8791c-7d35-4259-b732-9a110a99087c,2,4278.705534
2026/02/05/11:32:50,running-time,rs-004740-knjh4,4250a5bd-7868-42f1-be8d-e6070bd4cb78,4,4279.705534
2026/02/05/11:32:50,running-time,rs-004741-jm88s,e396ff85-1d32-4d80-9351-3bc50c33470c,1,4278.705534
2026/02/05/11:32:51,running-time,rs-004726-7r74j,57f6fede-1664-4cfc-9a9a-b3695a18f532,4,4280.705534
2026/02/05/11:32:51,running-time,rs-004731-4tx6t,036f9b2f-d078-4a1e-a0d6-612cf6031fd5,3,4280.705534
2026/02/05/11:32:51,running-time,rs-004731-xvk7p,ba7d2b81-2a91-44a1-9851-ea927f16c80c,3,4280.705534
2026/02/05/11:32:52,running-time,rs-004737-db88p,d417582a-b8ae-471a-99b4-ab7afe60ad01,2,4280.705534
2026/02/05/11:32:53,running-time,rs-004682-8vbk4,2e85eae7-90a1-4752-817b-96838986c450,3,4281.705534
2026/02/05/11:32:53,running-time,rs-004714-xqsbb,729a01cd-94e2-4bb0-9550-7de3c05b37c2,2,4281.705534
2026/02/05/11:32:55,apply-time,rs-004743-6pnvk,80bbfe92-531a-4f75-b677-b73ab026f37b,4,4284.705534
2026/02/05/11:32:55,apply-time,rs-004743-qrq5q,d16b5048-b3c4-4c84-ab8d-5bdaf9da5b95,4,4284.705534
2026/02/05/11:32:55,apply-time,rs-004743-xms5n,033087e5-230b-4482-ad24-690aed0052b7,4,4284.705534
2026/02/05/11:32:55,apply-time,rs-004744-nnbbp,4eba4be2-481b-4f3c-b572-355955393ce9,4,4284.705534
2026/02/05/11:32:55,running-time,rs-004744-nnbbp,4eba4be2-481b-4f3c-b572-355955393ce9,4,4284.705534
2026/02/05/11:32:55,apply-time,rs-004745-6mlrj,a7ab998d-6a50-4aa4-83f3-c3b7b49c0592,2,4284.705534
2026/02/05/11:32:55,running-time,rs-004745-6mlrj,a7ab998d-6a50-4aa4-83f3-c3b7b49c0592,2,4284.705534
2026/02/05/11:32:55,apply-time,rs-004745-gqqvl,c2b2f690-e61d-4152-adb7-dd08c1a4979e,2,4284.705534
2026/02/05/11:32:55,running-time,rs-004745-gqqvl,c2b2f690-e61d-4152-adb7-dd08c1a4979e,2,4284.705534
2026/02/05/11:32:55,apply-time,rs-004745-x5ph8,3cf8f1c6-29fd-4f60-8f3a-666100d651d2,2,4284.705534
2026/02/05/11:32:55,running-time,rs-004745-x5ph8,3cf8f1c6-29fd-4f60-8f3a-666100d651d2,2,4284.705534
2026/02/05/11:32:55,apply-time,rs-004746-tz44z,4f9de2f6-7552-45f8-9b7d-3448de4b4064,3,4284.705534
2026/02/05/11:32:55,running-time,rs-004746-tz44z,4f9de2f6-7552-45f8-9b7d-3448de4b4064,3,4284.705534
2026/02/05/11:32:56,apply-time,rs-004747-bl8cj,418d11a1-bf9f-4973-99eb-22a2f5322442,3,4285.705534
2026/02/05/11:32:56,apply-time,rs-004747-qd45q,6a1cd4bd-c5b5-4e82-85ad-563e0c36c5f1,3,4285.705534
2026/02/05/11:32:56,apply-time,rs-004747-z6kmm,5cc90511-14e8-47cc-a623-6731f8e0fe5f,3,4285.705534
2026/02/05/11:32:56,apply-time,rs-004748-fpqhm,bc440b46-7f66-42c0-92cc-ed75708fff74,1,4285.705534
2026/02/05/11:32:56,running-time,rs-004748-fpqhm,bc440b46-7f66-42c0-92cc-ed75708fff74,1,4285.705534
2026/02/05/11:32:56,apply-time,rs-004749-dc8t2,77394059-ccc9-46a3-ae1f-09927c3b526e,1,4285.705534
2026/02/05/11:32:56,running-time,rs-004749-dc8t2,77394059-ccc9-46a3-ae1f-09927c3b526e,1,4285.705534
2026/02/05/11:32:56,apply-time,rs-004749-zfc4p,52cfbf94-8fd7-49ea-890e-13d6a1502e0a,1,4285.705534
2026/02/05/11:32:57,apply-time,rs-004750-hfrk8,98925b7e-dd39-4c08-9fb0-886f75524816,2,4286.705534
2026/02/05/11:32:57,apply-time,rs-004751-5tzpx,7b1d1389-a70c-4ca9-8bde-1734811a56cd,2,4286.705534
2026/02/05/11:32:57,running-time,rs-004751-5tzpx,7b1d1389-a70c-4ca9-8bde-1734811a56cd,2,4286.705534
2026/02/05/11:32:57,apply-time,rs-004751-6m59k,3c2c19b9-dbbe-4493-be46-479df2c433df,2,4286.705534
2026/02/05/11:32:57,apply-time,rs-004751-wzgmb,17311573-7d4c-4e84-b9bf-8e1268a0f94d,2,4286.705534
2026/02/05/11:32:57,apply-time,rs-004752-7kl5s,9ade99c8-af37-4bd8-a20d-31fa7dfbfdea,2,4286.705534
2026/02/05/11:32:57,running-time,rs-004752-7kl5s,9ade99c8-af37-4bd8-a20d-31fa7dfbfdea,2,4286.705534
2026/02/05/11:32:57,apply-time,rs-004752-wjpqw,e46d3f23-cda9-4015-9a49-bbf7d2f2ef49,2,4286.705534
2026/02/05/11:32:58,running-time,rs-004743-qrq5q,d16b5048-b3c4-4c84-ab8d-5bdaf9da5b95,4,4287.705534
2026/02/05/11:32:58,running-time,rs-004747-bl8cj,418d11a1-bf9f-4973-99eb-22a2f5322442,3,4287.705534
2026/02/05/11:32:58,running-time,rs-004751-6m59k,3c2c19b9-dbbe-4493-be46-479df2c433df,2,4287.705534
2026/02/05/11:32:58,running-time,rs-004752-wjpqw,e46d3f23-cda9-4015-9a49-bbf7d2f2ef49,2,4287.705534
2026/02/05/11:32:59,running-time,rs-004747-z6kmm,5cc90511-14e8-47cc-a623-6731f8e0fe5f,3,4288.705534
2026/02/05/11:32:59,running-time,rs-004751-wzgmb,17311573-7d4c-4e84-b9bf-8e1268a0f94d,2,4288.705534
2026/02/05/11:33:00,running-time,rs-004747-qd45q,6a1cd4bd-c5b5-4e82-85ad-563e0c36c5f1,3,4288.705534
2026/02/05/11:33:03,running-time,rs-004714-cb9zx,8d8e4d86-08b7-4bcd-b26a-10881c9c51e8,2,4291.705534
2026/02/05/11:33:03,running-time,rs-004749-zfc4p,52cfbf94-8fd7-49ea-890e-13d6a1502e0a,1,4291.705534
2026/02/05/11:33:06,running-time,rs-004637-8v6kt,f4dcc420-b537-4be4-9284-616f3846bb0c,1,4294.705534
2026/02/05/11:33:10,apply-time,rs-004753-btr9v,ebc2620a-f2f6-4131-ac19-efef119a0471,1,4299.705534
2026/02/05/11:33:10,running-time,rs-004753-btr9v,ebc2620a-f2f6-4131-ac19-efef119a0471,1,4299.705534
2026/02/05/11:33:10,apply-time,rs-004754-5cflj,7bde0aad-172f-4c9a-b740-9b202626c328,3,4299.705534
2026/02/05/11:33:10,running-time,rs-004754-5cflj,7bde0aad-172f-4c9a-b740-9b202626c328,3,4299.705534
2026/02/05/11:33:10,apply-time,rs-004755-g472s,65cb1012-5b7e-46d3-9127-0930ed62e068,3,4299.705534
2026/02/05/11:33:10,apply-time,rs-004755-ngz5t,bfbd6219-2004-4f37-bea8-062233982c2a,3,4299.705534
2026/02/05/11:33:10,apply-time,rs-004756-fdc6w,486d505f-b408-4656-b0c7-eaa50b74dcca,2,4299.705534
2026/02/05/11:33:10,running-time,rs-004756-fdc6w,486d505f-b408-4656-b0c7-eaa50b74dcca,2,4299.705534
2026/02/05/11:33:10,apply-time,rs-004757-4827t,ba3cc88b-b425-4292-a831-a05813b7b88e,3,4299.705534
2026/02/05/11:33:10,running-time,rs-004757-4827t,ba3cc88b-b425-4292-a831-a05813b7b88e,3,4299.705534
2026/02/05/11:33:10,apply-time,rs-004757-9jczt,7612e2a4-d81e-4eef-89d3-b5d6b7a933a1,3,4299.705534
2026/02/05/11:33:10,running-time,rs-004757-9jczt,7612e2a4-d81e-4eef-89d3-b5d6b7a933a1,3,4299.705534
2026/02/05/11:33:10,apply-time,rs-004757-vgbp2,5f9b2682-1a7d-48a7-83e7-2b27139798da,3,4299.705534
2026/02/05/11:33:10,running-time,rs-004757-vgbp2,5f9b2682-1a7d-48a7-83e7-2b27139798da,3,4299.705534
2026/02/05/11:33:10,apply-time,rs-004758-gssbb,e32e7cf8-bb86-4dbe-99f3-9aebe4544934,3,4299.705534
2026/02/05/11:33:10,running-time,rs-004758-gssbb,e32e7cf8-bb86-4dbe-99f3-9aebe4544934,3,4299.705534
2026/02/05/11:33:11,running-time,rs-004755-g472s,65cb1012-5b7e-46d3-9127-0930ed62e068,3,4300.705534
2026/02/05/11:33:11,running-time,rs-004755-ngz5t,bfbd6219-2004-4f37-bea8-062233982c2a,3,4300.705534
2026/02/05/11:33:11,apply-time,rs-004759-65fhb,625d92b0-26e5-4838-9139-5c9da5978a92,1,4300.705534
2026/02/05/11:33:11,running-time,rs-004759-65fhb,625d92b0-26e5-4838-9139-5c9da5978a92,1,4300.705534
2026/02/05/11:33:11,apply-time,rs-004759-rt7jz,e93c9d00-35bd-431e-b91e-c208e26aca89,1,4299.705534
2026/02/05/11:33:11,running-time,rs-004759-rt7jz,e93c9d00-35bd-431e-b91e-c208e26aca89,1,4299.705534
2026/02/05/11:33:11,apply-time,rs-004760-mqqv4,d1aa1767-63c7-4dd4-bd79-2b0ba8ea0125,3,4299.705534
2026/02/05/11:33:11,running-time,rs-004760-mqqv4,d1aa1767-63c7-4dd4-bd79-2b0ba8ea0125,3,4300.705534
2026/02/05/11:33:11,apply-time,rs-004760-tfv95,8f902ca9-cee6-43e8-86e5-d87a383cd57e,3,4299.705534
2026/02/05/11:33:11,running-time,rs-004760-tfv95,8f902ca9-cee6-43e8-86e5-d87a383cd57e,3,4300.705534
2026/02/05/11:33:15,apply-time,rs-004761-85tp8,2a4c015b-0040-4750-8d39-2711cd637f73,1,4304.705534
2026/02/05/11:33:15,running-time,rs-004761-85tp8,2a4c015b-0040-4750-8d39-2711cd637f73,1,4304.705534
2026/02/05/11:33:15,apply-time,rs-004761-c8ksl,3a7610a6-1cdb-472f-923d-c4459395f3fd,1,4304.705534
2026/02/05/11:33:15,running-time,rs-004761-c8ksl,3a7610a6-1cdb-472f-923d-c4459395f3fd,1,4304.705534
2026/02/05/11:33:15,apply-time,rs-004761-vfzs5,9bcd1b7d-4bd4-43d6-bf18-ff8aaf07c2dd,1,4304.705534
2026/02/05/11:33:15,running-time,rs-004761-vfzs5,9bcd1b7d-4bd4-43d6-bf18-ff8aaf07c2dd,1,4304.705534
2026/02/05/11:33:16,apply-time,rs-004762-cjqzf,ec85e4d1-2592-4903-90d5-aec48503938d,3,4305.705534
2026/02/05/11:33:16,running-time,rs-004762-cjqzf,ec85e4d1-2592-4903-90d5-aec48503938d,3,4305.705534
2026/02/05/11:33:16,apply-time,rs-004762-h8t4z,d1318c56-2cdb-4eca-801b-4bd6e893d725,3,4305.705534
2026/02/05/11:33:16,running-time,rs-004762-h8t4z,d1318c56-2cdb-4eca-801b-4bd6e893d725,3,4305.705534
2026/02/05/11:33:16,apply-time,rs-004763-95sb8,d492e334-67d6-4e3a-93af-2c75c9cc64a6,4,4305.705534
2026/02/05/11:33:16,running-time,rs-004763-95sb8,d492e334-67d6-4e3a-93af-2c75c9cc64a6,4,4305.705534
2026/02/05/11:33:16,apply-time,rs-004764-x496m,ac5ef7ee-e23e-4848-bf79-ef24f72e134c,1,4305.705534
2026/02/05/11:33:16,apply-time,rs-004765-448t6,591c7e8f-dfd0-4100-8ac0-e61ecfc255ba,4,4305.705534
2026/02/05/11:33:16,apply-time,rs-004765-5kb7t,2b5b63b0-6f08-4b35-a418-8afc7433ae47,4,4305.705534
2026/02/05/11:33:16,apply-time,rs-004765-86j94,b056b425-cb12-4aba-aa36-5a7281feb156,4,4305.705534
2026/02/05/11:33:16,apply-time,rs-004766-dp9v5,8fc9175c-9986-41d6-80b1-2eed72f62389,3,4305.705534
2026/02/05/11:33:16,running-time,rs-004766-dp9v5,8fc9175c-9986-41d6-80b1-2eed72f62389,3,4305.705534
2026/02/05/11:33:16,apply-time,rs-004766-nk84z,527e6d4f-3ea8-4a89-9eef-fddc6f139417,3,4305.705534
2026/02/05/11:33:16,apply-time,rs-004766-zwx26,9ce57ee6-9e03-4374-b236-fddcb05c0cc8,3,4305.705534
2026/02/05/11:33:16,apply-time,rs-004767-8tcnv,16297e6e-9e23-415f-9937-aae6ddac83ff,4,4305.705534
2026/02/05/11:33:16,running-time,rs-004767-8tcnv,16297e6e-9e23-415f-9937-aae6ddac83ff,4,4305.705534
2026/02/05/11:33:17,running-time,rs-004765-448t6,591c7e8f-dfd0-4100-8ac0-e61ecfc255ba,4,4305.705534
2026/02/05/11:33:17,running-time,rs-004766-zwx26,9ce57ee6-9e03-4374-b236-fddcb05c0cc8,3,4305.705534
2026/02/05/11:33:17,apply-time,rs-004767-dlc55,d23ccd8c-c13c-4f0e-b3bc-a1d463961a7a,4,4305.705534
2026/02/05/11:33:17,running-time,rs-004767-dlc55,d23ccd8c-c13c-4f0e-b3bc-a1d463961a7a,4,4305.705534
2026/02/05/11:33:17,apply-time,rs-004768-hd8j4,b3297c78-27b9-4ec5-866a-4ba3dec7195f,3,4305.705534
2026/02/05/11:33:17,apply-time,rs-004769-7r6vf,ac8d817b-81c5-4244-8795-6b20d69caab8,3,4306.705534
2026/02/05/11:33:17,running-time,rs-004769-7r6vf,ac8d817b-81c5-4244-8795-6b20d69caab8,3,4306.705534
2026/02/05/11:33:17,apply-time,rs-004769-8v8k5,3fb3ce91-d00f-4f8f-8671-1d1028e21a29,3,4306.705534
2026/02/05/11:33:17,running-time,rs-004769-8v8k5,3fb3ce91-d00f-4f8f-8671-1d1028e21a29,3,4306.705534
2026/02/05/11:33:17,apply-time,rs-004769-tkmx8,0b17c447-a3b2-4f2b-97e1-b0675d2936c9,3,4306.705534
2026/02/05/11:33:17,running-time,rs-004769-tkmx8,0b17c447-a3b2-4f2b-97e1-b0675d2936c9,3,4306.705534
2026/02/05/11:33:17,apply-time,rs-004771-5sqqp,8105aded-ab8d-446a-a3b2-fd51820a53b3,1,4306.705534
2026/02/05/11:33:18,running-time,rs-004766-nk84z,527e6d4f-3ea8-4a89-9eef-fddc6f139417,3,4306.705534
2026/02/05/11:33:18,running-time,rs-004768-hd8j4,b3297c78-27b9-4ec5-866a-4ba3dec7195f,3,4306.705534
2026/02/05/11:33:18,apply-time,rs-004770-27z98,20bb03a0-299d-400e-8478-745e7afd7df7,2,4306.705534
2026/02/05/11:33:18,running-time,rs-004770-27z98,20bb03a0-299d-400e-8478-745e7afd7df7,2,4307.705534
2026/02/05/11:33:18,apply-time,rs-004771-g758z,70385b91-b09a-4f02-8845-1c2a0eac5a2f,1,4306.705534
2026/02/05/11:33:18,apply-time,rs-004772-pzrdt,6be2fced-432b-42ec-be64-4904241eac2c,4,4307.705534
2026/02/05/11:33:18,running-time,rs-004772-pzrdt,6be2fced-432b-42ec-be64-4904241eac2c,4,4307.705534
2026/02/05/11:33:18,apply-time,rs-004772-rrl58,0bc81b8a-875c-4324-8115-1944da3c0e24,4,4306.705534
2026/02/05/11:33:18,running-time,rs-004772-rrl58,0bc81b8a-875c-4324-8115-1944da3c0e24,4,4306.705534
2026/02/05/11:33:18,apply-time,rs-004773-22k5j,3bf9faa5-b11d-4e40-b594-18ffab00a2bf,2,4307.705534
2026/02/05/11:33:18,running-time,rs-004773-22k5j,3bf9faa5-b11d-4e40-b594-18ffab00a2bf,2,4307.705534
2026/02/05/11:33:18,apply-time,rs-004773-kz2kb,097b469e-87f2-404c-9bab-3c5804812b34,2,4306.705534
2026/02/05/11:33:18,apply-time,rs-004773-rmfgq,8dadab10-791f-4b8d-8fd2-16b1be9fb746,2,4307.705534
2026/02/05/11:33:18,apply-time,rs-004774-9lv5f,794a2f97-a4de-44ab-8be2-9fe602c8a200,2,4306.705534
2026/02/05/11:33:18,running-time,rs-004774-9lv5f,794a2f97-a4de-44ab-8be2-9fe602c8a200,2,4306.705534
2026/02/05/11:33:18,apply-time,rs-004775-tvgh9,2fb0f39a-4cd7-42f4-b158-65696fa36c68,1,4307.705534
2026/02/05/11:33:18,running-time,rs-004775-tvgh9,2fb0f39a-4cd7-42f4-b158-65696fa36c68,1,4307.705534
2026/02/05/11:33:18,apply-time,rs-004777-bjq66,6791f29e-6820-4f99-888d-94a8768e2915,1,4307.705534
2026/02/05/11:33:18,running-time,rs-004777-bjq66,6791f29e-6820-4f99-888d-94a8768e2915,1,4307.705534
2026/02/05/11:33:18,apply-time,rs-004779-hxp96,0fc1eb2f-6879-42a1-a65f-c212a536cc1d,3,4307.705534
2026/02/05/11:33:19,running-time,rs-004773-kz2kb,097b469e-87f2-404c-9bab-3c5804812b34,2,4307.705534
2026/02/05/11:33:19,running-time,rs-004773-rmfgq,8dadab10-791f-4b8d-8fd2-16b1be9fb746,2,4307.705534
2026/02/05/11:33:19,apply-time,rs-004775-5wsq4,a7961ade-9d36-4dba-9147-f7a4172879fa,1,4307.705534
2026/02/05/11:33:19,running-time,rs-004775-5wsq4,a7961ade-9d36-4dba-9147-f7a4172879fa,1,4307.705534
2026/02/05/11:33:19,apply-time,rs-004775-k6cng,1af02286-9868-4382-a3e6-94eaa3cf3663,1,4307.705534
2026/02/05/11:33:19,running-time,rs-004775-k6cng,1af02286-9868-4382-a3e6-94eaa3cf3663,1,4307.705534
2026/02/05/11:33:19,apply-time,rs-004776-smzrz,8b8df193-6641-4d42-bfc1-30b7d7f18d6c,3,4308.705534
2026/02/05/11:33:19,running-time,rs-004776-smzrz,8b8df193-6641-4d42-bfc1-30b7d7f18d6c,3,4308.705534
2026/02/05/11:33:19,apply-time,rs-004776-zrflp,5d264935-c9d7-4031-a356-52627d1b280e,3,4307.705534
2026/02/05/11:33:19,running-time,rs-004776-zrflp,5d264935-c9d7-4031-a356-52627d1b280e,3,4307.705534
2026/02/05/11:33:19,apply-time,rs-004778-5qhqr,396eedc6-300c-40f4-9a11-271db171c983,4,4307.705534
2026/02/05/11:33:19,running-time,rs-004778-5qhqr,396eedc6-300c-40f4-9a11-271db171c983,4,4307.705534
2026/02/05/11:33:19,apply-time,rs-004778-ck8rl,280bd583-fd64-4094-8cc4-083df09dc56b,4,4308.705534
2026/02/05/11:33:19,apply-time,rs-004778-nw2x8,a52b92f0-06f0-4730-b4a8-a96b0e02972b,4,4308.705534
2026/02/05/11:33:19,apply-time,rs-004779-4qc8n,68ee33e2-eac2-4084-9529-7bad4f0d3fae,3,4307.705534
2026/02/05/11:33:19,running-time,rs-004779-4qc8n,68ee33e2-eac2-4084-9529-7bad4f0d3fae,3,4307.705534
2026/02/05/11:33:19,apply-time,rs-004779-96dbv,a03995d1-63cc-485f-be13-dc82202de16f,3,4308.705534
2026/02/05/11:33:19,running-time,rs-004779-hxp96,0fc1eb2f-6879-42a1-a65f-c212a536cc1d,3,4307.705534
2026/02/05/11:33:19,apply-time,rs-004780-929jb,25bae6ae-fe4d-4894-ab1f-061173c692ba,1,4308.705534
2026/02/05/11:33:19,apply-time,rs-004780-tdkzl,ed12505f-a9eb-47f3-b441-ddc658eace04,1,4308.705534
2026/02/05/11:33:19,apply-time,rs-004782-rt82z,0f827e18-c08f-4ad6-99b2-ad354d5d256e,4,4308.705534
2026/02/05/11:33:20,running-time,rs-004771-5sqqp,8105aded-ab8d-446a-a3b2-fd51820a53b3,1,4309.705534
2026/02/05/11:33:20,running-time,rs-004778-ck8rl,280bd583-fd64-4094-8cc4-083df09dc56b,4,4309.705534
2026/02/05/11:33:20,running-time,rs-004778-nw2x8,a52b92f0-06f0-4730-b4a8-a96b0e02972b,4,4308.705534
2026/02/05/11:33:20,running-time,rs-004779-96dbv,a03995d1-63cc-485f-be13-dc82202de16f,3,4309.705534
2026/02/05/11:33:20,running-time,rs-004780-929jb,25bae6ae-fe4d-4894-ab1f-061173c692ba,1,4309.705534
2026/02/05/11:33:20,running-time,rs-004780-tdkzl,ed12505f-a9eb-47f3-b441-ddc658eace04,1,4309.705534
2026/02/05/11:33:20,apply-time,rs-004781-ldwh2,4208dc48-b095-4b5d-ac84-bc49286507fb,1,4308.705534
2026/02/05/11:33:20,running-time,rs-004781-ldwh2,4208dc48-b095-4b5d-ac84-bc49286507fb,1,4309.705534
2026/02/05/11:33:20,apply-time,rs-004781-rt96z,254a7301-dcb9-4b31-863c-b43d740d51ee,1,4308.705534
2026/02/05/11:33:20,running-time,rs-004781-rt96z,254a7301-dcb9-4b31-863c-b43d740d51ee,1,4309.705534
2026/02/05/11:33:20,apply-time,rs-004783-2wlb5,0e07b9a0-7aa8-4bb6-aceb-5fe9e2567e6c,1,4308.705534
2026/02/05/11:33:20,running-time,rs-004783-2wlb5,0e07b9a0-7aa8-4bb6-aceb-5fe9e2567e6c,1,4308.705534
2026/02/05/11:33:20,apply-time,rs-004784-8wkvq,a88bfdb1-813f-4e76-aa6d-a686e80afdcf,3,4308.705534
2026/02/05/11:33:20,running-time,rs-004784-8wkvq,a88bfdb1-813f-4e76-aa6d-a686e80afdcf,3,4308.705534
2026/02/05/11:33:20,apply-time,rs-004784-tsk68,a4d1e690-b38a-49b3-95b0-31ac20f88a7d,3,4309.705534
2026/02/05/11:33:20,running-time,rs-004784-tsk68,a4d1e690-b38a-49b3-95b0-31ac20f88a7d,3,4309.705534
2026/02/05/11:33:20,apply-time,rs-004785-fwkf2,615f5959-8b72-438a-a341-680b833d20e6,3,4309.705534
2026/02/05/11:33:20,apply-time,rs-004785-gqkk2,c7aaaf34-2558-4f82-aa9e-be777ce7728e,3,4309.705534
2026/02/05/11:33:20,apply-time,rs-004786-65mwf,14d75e05-54b7-41cc-9c52-6501a75171f4,3,4309.705534
2026/02/05/11:33:20,running-time,rs-004786-65mwf,14d75e05-54b7-41cc-9c52-6501a75171f4,3,4309.705534
2026/02/05/11:33:20,apply-time,rs-004786-bnmtz,f3989b51-91f7-4a70-b218-d649438df439,3,4309.705534
2026/02/05/11:33:20,apply-time,rs-004788-hn459,67d5cb04-b2ce-440b-94c0-a4401d3e4e17,4,4309.705534
2026/02/05/11:33:21,running-time,rs-004785-fwkf2,615f5959-8b72-438a-a341-680b833d20e6,3,4310.705534
2026/02/05/11:33:21,running-time,rs-004785-gqkk2,c7aaaf34-2558-4f82-aa9e-be777ce7728e,3,4310.705534
2026/02/05/11:33:21,running-time,rs-004788-hn459,67d5cb04-b2ce-440b-94c0-a4401d3e4e17,4,4309.705534
2026/02/05/11:33:21,apply-time,rs-004788-j2c6l,d7e12cd4-1fa4-4f5a-b6eb-53e2ba11fcbd,4,4309.705534
2026/02/05/11:33:21,running-time,rs-004788-j2c6l,d7e12cd4-1fa4-4f5a-b6eb-53e2ba11fcbd,4,4310.705534
2026/02/05/11:33:22,apply-time,rs-004789-lrx42,00b2e0fc-4c77-47b2-b529-48bf80bbb1b5,4,4311.705534
2026/02/05/11:33:22,running-time,rs-004789-lrx42,00b2e0fc-4c77-47b2-b529-48bf80bbb1b5,4,4311.705534
2026/02/05/11:33:22,apply-time,rs-004789-ns82c,8161c0f2-82b5-4f45-9441-1652de5b1125,4,4310.705534
2026/02/05/11:33:22,running-time,rs-004789-ns82c,8161c0f2-82b5-4f45-9441-1652de5b1125,4,4310.705534
2026/02/05/11:33:22,apply-time,rs-004789-thdjf,dfe20cd6-cdf5-4fda-b5d5-eb0cfe6b93fb,4,4311.705534
2026/02/05/11:33:22,running-time,rs-004789-thdjf,dfe20cd6-cdf5-4fda-b5d5-eb0cfe6b93fb,4,4311.705534
2026/02/05/11:33:32,apply-time,rs-004790-69jm9,9156d5dc-4d2a-4bad-855f-97fb303faeb2,4,4320.705534
2026/02/05/11:33:32,running-time,rs-004790-69jm9,9156d5dc-4d2a-4bad-855f-97fb303faeb2,4,4320.705534
2026/02/05/11:33:32,apply-time,rs-004790-zbfh6,0dfb973c-3157-4dba-99af-a7bd02692427,4,4320.705534
2026/02/05/11:33:32,running-time,rs-004790-zbfh6,0dfb973c-3157-4dba-99af-a7bd02692427,4,4320.705534
2026/02/05/11:33:32,apply-time,rs-004791-p9s8h,4967a077-2284-439c-b9a8-6ac1cbfa8efc,4,4320.705534
2026/02/05/11:33:32,running-time,rs-004791-p9s8h,4967a077-2284-439c-b9a8-6ac1cbfa8efc,4,4320.705534
2026/02/05/11:33:32,apply-time,rs-004791-rzz7f,fbdcab4d-23ba-4ea3-95d8-cd8c31bc5f9d,4,4320.705534
2026/02/05/11:33:32,apply-time,rs-004791-xszgp,8164ff20-eef9-4b6c-91e5-7fd40b8bd825,4,4320.705534
2026/02/05/11:33:32,apply-time,rs-004792-gsxbj,f6c97678-e2d5-425a-b46f-df79f3d0766b,3,4320.705534
2026/02/05/11:33:32,running-time,rs-004792-gsxbj,f6c97678-e2d5-425a-b46f-df79f3d0766b,3,4320.705534
2026/02/05/11:33:32,apply-time,rs-004792-psbqx,7d9b9425-03fc-4b00-b238-3dfeed98d88a,3,4320.705534
2026/02/05/11:33:32,running-time,rs-004792-psbqx,7d9b9425-03fc-4b00-b238-3dfeed98d88a,3,4320.705534
2026/02/05/11:33:32,apply-time,rs-004793-l68q2,3f755f97-bd77-4e88-8099-563c2917b108,2,4320.705534
2026/02/05/11:33:32,running-time,rs-004793-l68q2,3f755f97-bd77-4e88-8099-563c2917b108,2,4320.705534
2026/02/05/11:33:32,apply-time,rs-004794-9dhrj,d057a464-e504-4ceb-8618-e6892f43e9d2,1,4320.705534
2026/02/05/11:33:32,running-time,rs-004794-9dhrj,d057a464-e504-4ceb-8618-e6892f43e9d2,1,4321.705534
2026/02/05/11:33:39,apply-time,rs-004796-tfbqq,2bd0b5a1-6683-4afd-b3d9-578b7e6393e0,2,4328.705534
2026/02/05/11:33:40,apply-time,rs-004795-jzmfw,4697728e-f587-4ccd-a850-eab7a2656abf,4,4328.705534
2026/02/05/11:33:40,running-time,rs-004795-jzmfw,4697728e-f587-4ccd-a850-eab7a2656abf,4,4328.705534
2026/02/05/11:33:40,running-time,rs-004796-tfbqq,2bd0b5a1-6683-4afd-b3d9-578b7e6393e0,2,4328.705534
2026/02/05/11:33:40,apply-time,rs-004797-7q4c2,9f00dde5-a062-4606-a105-bd70dba4b3bd,1,4328.705534
2026/02/05/11:33:40,running-time,rs-004797-7q4c2,9f00dde5-a062-4606-a105-bd70dba4b3bd,1,4328.705534
2026/02/05/11:33:40,apply-time,rs-004797-sfqlb,8512d0a3-30a2-4498-b30d-d331c0d30710,1,4328.705534
2026/02/05/11:33:40,running-time,rs-004797-sfqlb,8512d0a3-30a2-4498-b30d-d331c0d30710,1,4328.705534
2026/02/05/11:33:40,apply-time,rs-004797-t2qhj,a31bf162-8424-4b85-b824-37ac1c6f41ce,1,4328.705534
2026/02/05/11:33:40,running-time,rs-004797-t2qhj,a31bf162-8424-4b85-b824-37ac1c6f41ce,1,4328.705534
2026/02/05/11:33:40,apply-time,rs-004798-5t9rb,9a8641dd-6f2c-4484-95b5-0d55a7f6a31d,3,4328.705534
2026/02/05/11:33:40,running-time,rs-004798-5t9rb,9a8641dd-6f2c-4484-95b5-0d55a7f6a31d,3,4328.705534
2026/02/05/11:33:40,apply-time,rs-004798-kz4ql,f5dc68f6-8b3f-467d-9e34-7de9100480ef,3,4328.705534
2026/02/05/11:33:40,running-time,rs-004798-kz4ql,f5dc68f6-8b3f-467d-9e34-7de9100480ef,3,4328.705534
2026/02/05/11:33:40,apply-time,rs-004799-6vjb8,12d0a2a1-a395-47a4-9010-c0541b9be226,4,4329.705534
2026/02/05/11:33:40,running-time,rs-004799-6vjb8,12d0a2a1-a395-47a4-9010-c0541b9be226,4,4329.705534
2026/02/05/11:33:40,apply-time,rs-004800-qz4pb,1848ccf4-8819-46dc-90bc-a66421d394be,3,4329.705534
2026/02/05/11:33:40,running-time,rs-004800-qz4pb,1848ccf4-8819-46dc-90bc-a66421d394be,3,4329.705534
2026/02/05/11:33:40,apply-time,rs-004801-qnwfv,f8a43dd8-42aa-46ad-918f-2c64717cf61c,4,4329.705534
2026/02/05/11:33:40,running-time,rs-004801-qnwfv,f8a43dd8-42aa-46ad-918f-2c64717cf61c,4,4329.705534
2026/02/05/11:33:40,apply-time,rs-004801-tvw4j,d8c06cd5-4740-458c-84cb-f17f56f9d6ca,4,4329.705534
2026/02/05/11:33:40,running-time,rs-004801-tvw4j,d8c06cd5-4740-458c-84cb-f17f56f9d6ca,4,4329.705534
2026/02/05/11:33:40,apply-time,rs-004801-vfncf,86cfc591-30b1-4e15-862a-c15ae24ad722,4,4329.705534
2026/02/05/11:33:40,running-time,rs-004801-vfncf,86cfc591-30b1-4e15-862a-c15ae24ad722,4,4329.705534
2026/02/05/11:33:40,apply-time,rs-004802-crqrp,bcca45e2-776f-480f-b87b-a7d4a92b5d86,2,4329.705534
2026/02/05/11:33:40,running-time,rs-004802-crqrp,bcca45e2-776f-480f-b87b-a7d4a92b5d86,2,4329.705534
2026/02/05/11:33:41,apply-time,rs-004802-qv7ds,1383d59a-f8ce-4aec-a96a-98d6000e8e8d,2,4329.705534
2026/02/05/11:33:41,running-time,rs-004802-qv7ds,1383d59a-f8ce-4aec-a96a-98d6000e8e8d,2,4329.705534
2026/02/05/11:33:52,apply-time,rs-004803-56gmk,6745a057-9fbd-4b22-a644-cf1a8a008f64,4,4341.705534
2026/02/05/11:33:52,running-time,rs-004803-56gmk,6745a057-9fbd-4b22-a644-cf1a8a008f64,4,4341.705534
2026/02/05/11:33:52,apply-time,rs-004803-q92vw,d35827c9-9026-42b1-8c63-bfab4f16dfbc,4,4341.705534
2026/02/05/11:33:52,running-time,rs-004803-q92vw,d35827c9-9026-42b1-8c63-bfab4f16dfbc,4,4341.705534
2026/02/05/11:33:52,apply-time,rs-004804-njtfx,bb817860-bab1-43ae-bd9a-c4e869d08ae9,1,4341.705534
2026/02/05/11:33:53,running-time,rs-004804-njtfx,bb817860-bab1-43ae-bd9a-c4e869d08ae9,1,4341.705534
2026/02/05/11:33:53,apply-time,rs-004804-psq7l,f92f86d6-4f69-47f8-b6f0-4d3d433cb97b,1,4341.705534
2026/02/05/11:33:53,running-time,rs-004804-psq7l,f92f86d6-4f69-47f8-b6f0-4d3d433cb97b,1,4341.705534
2026/02/05/11:33:53,apply-time,rs-004805-nt2jx,59e05ba9-a972-4711-a8b7-3c6524852ca1,2,4341.705534
2026/02/05/11:33:53,running-time,rs-004805-nt2jx,59e05ba9-a972-4711-a8b7-3c6524852ca1,2,4341.705534
2026/02/05/11:33:53,apply-time,rs-004805-r82sz,ba2264a2-b793-4499-babb-2ef639c59c22,2,4341.705534
2026/02/05/11:33:53,running-time,rs-004805-r82sz,ba2264a2-b793-4499-babb-2ef639c59c22,2,4341.705534
2026/02/05/11:33:53,apply-time,rs-004806-qxfj9,7c5b99da-a14f-450e-aaa2-d46bd9c27a88,3,4341.705534
2026/02/05/11:33:53,running-time,rs-004806-qxfj9,7c5b99da-a14f-450e-aaa2-d46bd9c27a88,3,4341.705534
2026/02/05/11:33:53,apply-time,rs-004807-ck622,f05e2c0f-079e-4e08-9a7e-d84fa4f032a5,3,4341.705534
2026/02/05/11:33:53,running-time,rs-004807-ck622,f05e2c0f-079e-4e08-9a7e-d84fa4f032a5,3,4341.705534
2026/02/05/11:33:53,apply-time,rs-004807-msm4b,9b0c695a-ea15-4c47-8e0e-550b97862073,3,4341.705534
2026/02/05/11:33:53,running-time,rs-004807-msm4b,9b0c695a-ea15-4c47-8e0e-550b97862073,3,4341.705534
2026/02/05/11:33:53,apply-time,rs-004807-zpds2,14348a20-0c0e-49c9-bdce-aa10a1b35810,3,4341.705534
2026/02/05/11:33:53,running-time,rs-004807-zpds2,14348a20-0c0e-49c9-bdce-aa10a1b35810,3,4341.705534
2026/02/05/11:34:06,apply-time,rs-004808-6xjff,74b8e0a0-aae9-4e7d-8af5-806a238a6f84,2,4354.705534
2026/02/05/11:34:06,running-time,rs-004808-6xjff,74b8e0a0-aae9-4e7d-8af5-806a238a6f84,2,4355.705534
2026/02/05/11:34:06,apply-time,rs-004808-czrcz,14df88e0-0588-40ab-96e0-4003075d7502,2,4354.705534
2026/02/05/11:34:06,running-time,rs-004808-czrcz,14df88e0-0588-40ab-96e0-4003075d7502,2,4354.705534
2026/02/05/11:34:06,apply-time,rs-004809-kpw26,e9d9dfd5-11c2-4c15-b7fd-2b599c458ee1,1,4355.705534
2026/02/05/11:34:06,running-time,rs-004809-kpw26,e9d9dfd5-11c2-4c15-b7fd-2b599c458ee1,1,4355.705534
2026/02/05/11:34:06,apply-time,rs-004810-qcnrk,eb4c1b5d-d4ff-4e2c-aac1-b64eacac65c2,1,4355.705534
2026/02/05/11:34:06,running-time,rs-004810-qcnrk,eb4c1b5d-d4ff-4e2c-aac1-b64eacac65c2,1,4355.705534
2026/02/05/11:34:06,apply-time,rs-004810-xjxsd,5a521af8-248e-46b1-ae85-5e9d4ee3f7ed,1,4355.705534
2026/02/05/11:34:06,running-time,rs-004810-xjxsd,5a521af8-248e-46b1-ae85-5e9d4ee3f7ed,1,4355.705534
2026/02/05/11:34:06,apply-time,rs-004811-cmhp8,cb5830bc-7c2b-4e31-b1ac-dd7320e91947,1,4355.705534
2026/02/05/11:34:06,running-time,rs-004811-cmhp8,cb5830bc-7c2b-4e31-b1ac-dd7320e91947,1,4355.705534
2026/02/05/11:34:06,apply-time,rs-004811-dk2z2,e67e2cd8-234c-4be5-9e16-2612508d0feb,1,4355.705534
2026/02/05/11:34:06,running-time,rs-004811-dk2z2,e67e2cd8-234c-4be5-9e16-2612508d0feb,1,4355.705534
2026/02/05/11:34:06,apply-time,rs-004811-r55hh,f246736f-d6c1-402e-985d-6bf44d865082,1,4355.705534
2026/02/05/11:34:06,running-time,rs-004811-r55hh,f246736f-d6c1-402e-985d-6bf44d865082,1,4355.705534
2026/02/05/11:34:06,apply-time,rs-004812-gd8sg,c23160e7-3a36-441b-aca0-b05246d8510f,2,4355.705534
2026/02/05/11:34:06,running-time,rs-004812-gd8sg,c23160e7-3a36-441b-aca0-b05246d8510f,2,4355.705534
2026/02/05/11:34:06,apply-time,rs-004812-n2t26,91390787-ea3d-46ab-92eb-4eb89ba2f481,2,4355.705534
2026/02/05/11:34:06,running-time,rs-004812-n2t26,91390787-ea3d-46ab-92eb-4eb89ba2f481,2,4355.705534
2026/02/05/11:34:06,apply-time,rs-004812-qw9dt,b6052558-fe0a-46d1-8a7f-0f6b2a768ac1,2,4355.705534
2026/02/05/11:34:06,running-time,rs-004812-qw9dt,b6052558-fe0a-46d1-8a7f-0f6b2a768ac1,2,4355.705534
2026/02/05/11:34:06,apply-time,rs-004813-p9v72,190b3e86-ebed-4e05-a1aa-9829af157295,3,4355.705534
2026/02/05/11:34:06,running-time,rs-004813-p9v72,190b3e86-ebed-4e05-a1aa-9829af157295,3,4355.705534
2026/02/05/11:34:06,apply-time,rs-004814-dvwp6,74bbd031-9123-42d6-acbc-006bad00b425,1,4355.705534
2026/02/05/11:34:06,running-time,rs-004814-dvwp6,74bbd031-9123-42d6-acbc-006bad00b425,1,4355.705534
2026/02/05/11:34:06,apply-time,rs-004815-mn289,a181a4cc-e6b7-4493-8203-87d5023827dd,1,4355.705534
2026/02/05/11:34:06,running-time,rs-004815-mn289,a181a4cc-e6b7-4493-8203-87d5023827dd,1,4355.705534
2026/02/05/11:34:06,apply-time,rs-004817-fv28s,55644cb5-46a7-49d8-9b42-d4d7c3f7194c,1,4355.705534
2026/02/05/11:34:07,apply-time,rs-004814-brw2x,cb0c04e0-d068-42ef-bae2-280a7046d4e5,1,4356.705534
2026/02/05/11:34:07,running-time,rs-004814-brw2x,cb0c04e0-d068-42ef-bae2-280a7046d4e5,1,4356.705534
2026/02/05/11:34:07,apply-time,rs-004814-mxtzp,9acc558c-7645-47ec-a2f6-de5936ca375e,1,4356.705534
2026/02/05/11:34:07,running-time,rs-004814-mxtzp,9acc558c-7645-47ec-a2f6-de5936ca375e,1,4356.705534
2026/02/05/11:34:07,apply-time,rs-004816-mslbk,8de0c476-765a-4684-a230-54f4fa56ad4f,4,4355.705534
2026/02/05/11:34:07,running-time,rs-004816-mslbk,8de0c476-765a-4684-a230-54f4fa56ad4f,4,4355.705534
2026/02/05/11:34:07,apply-time,rs-004816-wqhfn,6de7cb27-567f-4a43-b243-12c0f36dc6a1,4,4356.705534
2026/02/05/11:34:07,running-time,rs-004816-wqhfn,6de7cb27-567f-4a43-b243-12c0f36dc6a1,4,4356.705534
2026/02/05/11:34:07,apply-time,rs-004817-56rcn,3a66fb84-3738-4691-8048-50074072be6e,1,4356.705534
2026/02/05/11:34:07,apply-time,rs-004817-8tddc,9b015702-8cb6-4bd2-9a5e-f99ad33ef439,1,4356.705534
2026/02/05/11:34:07,apply-time,rs-004818-4xbsd,9ba92d08-7805-4316-b224-ead28bda2a6d,1,4356.705534
2026/02/05/11:34:07,apply-time,rs-004818-8fnz6,7ec5257d-3567-4a88-87d2-a0c3c3874b64,1,4356.705534
2026/02/05/11:34:07,apply-time,rs-004819-gvhdz,ef9567b5-b8ed-41dc-b2a1-1bad05a4a9fb,2,4356.705534
2026/02/05/11:34:07,running-time,rs-004819-gvhdz,ef9567b5-b8ed-41dc-b2a1-1bad05a4a9fb,2,4356.705534
2026/02/05/11:34:08,apply-time,rs-004818-8zgn4,fde49c21-4a96-4ac8-a7c1-a9ea0880feea,1,4356.705534
2026/02/05/11:34:08,apply-time,rs-004820-52x4b,267426ab-a2a4-4739-915c-1559d0f4c992,1,4357.705534
2026/02/05/11:34:08,running-time,rs-004820-52x4b,267426ab-a2a4-4739-915c-1559d0f4c992,1,4357.705534
2026/02/05/11:34:08,apply-time,rs-004820-92x9h,4eeef6ab-5ea3-48aa-b92d-6fe370993ae9,1,4357.705534
2026/02/05/11:34:08,running-time,rs-004820-92x9h,4eeef6ab-5ea3-48aa-b92d-6fe370993ae9,1,4357.705534
2026/02/05/11:34:08,apply-time,rs-004820-xgb29,01e12285-55da-4dbc-bf68-3f8f703233ac,1,4357.705534
2026/02/05/11:34:08,running-time,rs-004820-xgb29,01e12285-55da-4dbc-bf68-3f8f703233ac,1,4357.705534
2026/02/05/11:34:08,apply-time,rs-004821-c78rd,ef1f6386-f4c3-4401-9858-604fafb750be,2,4357.705534
2026/02/05/11:34:08,running-time,rs-004821-c78rd,ef1f6386-f4c3-4401-9858-604fafb750be,2,4357.705534
2026/02/05/11:34:08,apply-time,rs-004821-mh87c,c6c3cdfe-a3b3-44f4-a89a-ff5a932fd35b,2,4357.705534
2026/02/05/11:34:08,running-time,rs-004821-mh87c,c6c3cdfe-a3b3-44f4-a89a-ff5a932fd35b,2,4357.705534
2026/02/05/11:34:08,apply-time,rs-004822-kksg9,55a636ec-2a32-4bb4-9219-63e52ff4eb32,1,4357.705534
2026/02/05/11:34:08,apply-time,rs-004823-c8sv5,6840237d-49e0-430e-9162-4a96728bab4c,3,4356.705534
2026/02/05/11:34:08,apply-time,rs-004824-tj8ff,5fe52f53-1afa-4396-9c8a-42f5598739db,4,4357.705534
2026/02/05/11:34:08,running-time,rs-004824-tj8ff,5fe52f53-1afa-4396-9c8a-42f5598739db,4,4357.705534
2026/02/05/11:34:09,apply-time,rs-004822-ddl2x,7de8ad10-fb85-4f8d-a63d-9a71be53906c,1,4357.705534
2026/02/05/11:34:09,running-time,rs-004822-kksg9,55a636ec-2a32-4bb4-9219-63e52ff4eb32,1,4358.705534
2026/02/05/11:34:09,apply-time,rs-004825-44wrf,03bbd80c-042c-4ed6-936d-97ab5de798de,1,4357.705534
2026/02/05/11:34:09,running-time,rs-004825-44wrf,03bbd80c-042c-4ed6-936d-97ab5de798de,1,4358.705534
2026/02/05/11:34:09,apply-time,rs-004825-jf92x,a0617562-8936-41d6-b984-1468db320ae3,1,4358.705534
2026/02/05/11:34:09,running-time,rs-004825-jf92x,a0617562-8936-41d6-b984-1468db320ae3,1,4358.705534
2026/02/05/11:34:09,apply-time,rs-004825-q7ww4,b6670078-4cef-40ba-a2b1-322459a57607,1,4358.705534
2026/02/05/11:34:09,running-time,rs-004825-q7ww4,b6670078-4cef-40ba-a2b1-322459a57607,1,4358.705534
2026/02/05/11:34:09,apply-time,rs-004826-79mbp,d595a418-d133-4a82-a633-0f72e55da427,1,4358.705534
2026/02/05/11:34:09,running-time,rs-004826-79mbp,d595a418-d133-4a82-a633-0f72e55da427,1,4358.705534
2026/02/05/11:34:09,apply-time,rs-004826-c64mp,e9428da3-7906-4f84-b434-8048a1f3146d,1,4358.705534
2026/02/05/11:34:09,running-time,rs-004826-c64mp,e9428da3-7906-4f84-b434-8048a1f3146d,1,4358.705534
2026/02/05/11:34:09,apply-time,rs-004826-dzgnl,65051c1b-62c7-4932-9f83-664359e43bde,1,4358.705534
2026/02/05/11:34:09,running-time,rs-004826-dzgnl,65051c1b-62c7-4932-9f83-664359e43bde,1,4358.705534
2026/02/05/11:34:09,apply-time,rs-004828-cgw8f,9527c98f-4d43-4000-8d3a-2d776c56eebe,4,4358.705534
2026/02/05/11:34:09,running-time,rs-004828-cgw8f,9527c98f-4d43-4000-8d3a-2d776c56eebe,4,4358.705534
2026/02/05/11:34:10,apply-time,rs-004829-mdpkk,dbd74e03-36c6-4667-8e21-544cc46bc8f9,1,4359.705534
2026/02/05/11:34:10,running-time,rs-004829-mdpkk,dbd74e03-36c6-4667-8e21-544cc46bc8f9,1,4359.705534
2026/02/05/11:34:10,apply-time,rs-004830-k57mw,ed015f50-7de3-4761-b004-5d3c11c7f5d0,3,4359.705534
2026/02/05/11:34:10,running-time,rs-004830-k57mw,ed015f50-7de3-4761-b004-5d3c11c7f5d0,3,4359.705534
2026/02/05/11:34:10,apply-time,rs-004831-rlmr5,34345022-2a40-4c7b-b697-523548060781,1,4359.705534
2026/02/05/11:34:10,running-time,rs-004831-rlmr5,34345022-2a40-4c7b-b697-523548060781,1,4359.705534
2026/02/05/11:34:10,apply-time,rs-004831-z5cfh,e71467aa-17dd-46ca-a2ce-63042144fa5f,1,4359.705534
2026/02/05/11:34:10,running-time,rs-004831-z5cfh,e71467aa-17dd-46ca-a2ce-63042144fa5f,1,4359.705534
2026/02/05/11:34:10,apply-time,rs-004832-hh42h,9c76c992-a282-4e2c-bb72-f0042b44179f,2,4359.705534
2026/02/05/11:34:10,apply-time,rs-004832-qkkvh,4db2ed9f-9d81-44ca-9d60-d31a54e2adb7,2,4359.705534
2026/02/05/11:34:10,running-time,rs-004832-qkkvh,4db2ed9f-9d81-44ca-9d60-d31a54e2adb7,2,4359.705534
2026/02/05/11:34:10,apply-time,rs-004832-z27df,64a09444-5fa7-423b-abeb-664828f3d7e5,2,4359.705534
2026/02/05/11:34:10,running-time,rs-004832-z27df,64a09444-5fa7-423b-abeb-664828f3d7e5,2,4359.705534
2026/02/05/11:34:10,apply-time,rs-004833-gxzkn,d815b689-13a3-4646-9683-226b2aa5e4cd,3,4359.705534
2026/02/05/11:34:10,running-time,rs-004833-gxzkn,d815b689-13a3-4646-9683-226b2aa5e4cd,3,4359.705534
2026/02/05/11:34:11,apply-time,rs-004834-dp7kf,b00f8b5c-b581-47de-83d7-55e8028a40cb,1,4359.705534
2026/02/05/11:34:11,running-time,rs-004834-dp7kf,b00f8b5c-b581-47de-83d7-55e8028a40cb,1,4360.705534
2026/02/05/11:34:11,apply-time,rs-004834-wnsch,739cb018-e283-49b9-a873-a32991d0d331,1,4360.705534
2026/02/05/11:34:11,apply-time,rs-004835-8dvwk,df2d4f69-6ab0-44cc-abe8-5d8698a89180,1,4359.705534
2026/02/05/11:34:11,running-time,rs-004835-8dvwk,df2d4f69-6ab0-44cc-abe8-5d8698a89180,1,4359.705534
2026/02/05/11:34:12,running-time,rs-004817-fv28s,55644cb5-46a7-49d8-9b42-d4d7c3f7194c,1,4361.705534
2026/02/05/11:34:17,apply-time,rs-004836-z5txt,96c71f98-3df0-4110-a1dd-2a0c61455921,2,4366.705534
2026/02/05/11:34:17,running-time,rs-004836-z5txt,96c71f98-3df0-4110-a1dd-2a0c61455921,2,4366.705534
2026/02/05/11:34:29,apply-time,rs-004837-xb7gz,3e8cee1a-0872-4294-a11e-a5a7c2d5309d,1,4378.705534
2026/02/05/11:34:29,running-time,rs-004837-xb7gz,3e8cee1a-0872-4294-a11e-a5a7c2d5309d,1,4378.705534
2026/02/05/11:34:29,apply-time,rs-004838-fjbhx,2981f52c-1646-42b6-adfe-56e9478de23a,2,4378.705534
2026/02/05/11:34:29,running-time,rs-004838-fjbhx,2981f52c-1646-42b6-adfe-56e9478de23a,2,4378.705534
2026/02/05/11:34:29,apply-time,rs-004839-7hdmc,e342cb4b-7635-4f04-a0ab-138e90de5fda,1,4378.705534
2026/02/05/11:34:29,running-time,rs-004839-7hdmc,e342cb4b-7635-4f04-a0ab-138e90de5fda,1,4378.705534
2026/02/05/11:34:29,apply-time,rs-004839-pmv78,41b0a5e9-80e8-4b00-935f-3ecd6fba1307,1,4378.705534
2026/02/05/11:34:29,running-time,rs-004839-pmv78,41b0a5e9-80e8-4b00-935f-3ecd6fba1307,1,4378.705534
2026/02/05/11:34:29,apply-time,rs-004839-vg8wt,ec2ad723-8af1-40ed-9183-e328d7432760,1,4378.705534
2026/02/05/11:34:29,running-time,rs-004839-vg8wt,ec2ad723-8af1-40ed-9183-e328d7432760,1,4378.705534
2026/02/05/11:34:29,apply-time,rs-004840-742r7,dedfb0d6-d915-4160-adc9-c958e09b3306,3,4378.705534
2026/02/05/11:34:29,running-time,rs-004840-742r7,dedfb0d6-d915-4160-adc9-c958e09b3306,3,4378.705534
2026/02/05/11:34:29,apply-time,rs-004841-czbx8,5920f743-cb17-4258-bba1-c461aab320e3,3,4378.705534
2026/02/05/11:34:29,apply-time,rs-004842-g4x9b,85b02149-b8bf-4614-8bc5-caed4cdc2217,3,4378.705534
2026/02/05/11:34:30,running-time,rs-004841-czbx8,5920f743-cb17-4258-bba1-c461aab320e3,3,4378.705534
2026/02/05/11:34:30,apply-time,rs-004842-2f9gd,27fe45fa-87cc-4609-a3f1-7775c3f0936b,3,4378.705534
2026/02/05/11:34:30,running-time,rs-004842-2f9gd,27fe45fa-87cc-4609-a3f1-7775c3f0936b,3,4378.705534
2026/02/05/11:34:30,running-time,rs-004842-g4x9b,85b02149-b8bf-4614-8bc5-caed4cdc2217,3,4378.705534
2026/02/05/11:34:30,apply-time,rs-004842-ltftj,f4b3726a-6b38-4152-aa7d-e2fc152f8f96,3,4378.705534
2026/02/05/11:34:30,running-time,rs-004842-ltftj,f4b3726a-6b38-4152-aa7d-e2fc152f8f96,3,4378.705534
2026/02/05/11:34:30,apply-time,rs-004843-5gflj,f73bbab5-4bb4-4f05-89c2-1b142630cf8a,4,4379.705534
2026/02/05/11:34:30,running-time,rs-004843-5gflj,f73bbab5-4bb4-4f05-89c2-1b142630cf8a,4,4379.705534
2026/02/05/11:34:30,apply-time,rs-004843-qjhvq,6140137d-b27e-41eb-aa79-cfdc5cf4e7a9,4,4379.705534
2026/02/05/11:34:30,running-time,rs-004843-qjhvq,6140137d-b27e-41eb-aa79-cfdc5cf4e7a9,4,4379.705534
2026/02/05/11:34:30,apply-time,rs-004843-wzpfr,f19213a2-a61b-4741-855e-9bad57e66103,4,4378.705534
2026/02/05/11:34:30,running-time,rs-004843-wzpfr,f19213a2-a61b-4741-855e-9bad57e66103,4,4379.705534
2026/02/05/11:34:30,apply-time,rs-004844-8br5j,ac73ded7-d731-4982-91cb-44fe9cc299e3,2,4379.705534
2026/02/05/11:34:30,running-time,rs-004844-8br5j,ac73ded7-d731-4982-91cb-44fe9cc299e3,2,4379.705534
2026/02/05/11:34:30,apply-time,rs-004844-h5bfx,2771ef47-74c4-45fb-840a-b689c16cb6a2,2,4379.705534
2026/02/05/11:34:30,running-time,rs-004844-h5bfx,2771ef47-74c4-45fb-840a-b689c16cb6a2,2,4379.705534
2026/02/05/11:34:30,apply-time,rs-004845-9rq7b,da9ddf57-b931-4b27-8d8d-cb2457192ad2,2,4379.705534
2026/02/05/11:34:30,running-time,rs-004845-9rq7b,da9ddf57-b931-4b27-8d8d-cb2457192ad2,2,4379.705534
2026/02/05/11:34:30,apply-time,rs-004845-m46z5,759a3653-6eba-4bdc-9020-a3b9a5dc2589,2,4379.705534
2026/02/05/11:34:30,running-time,rs-004845-m46z5,759a3653-6eba-4bdc-9020-a3b9a5dc2589,2,4379.705534
2026/02/05/11:34:30,apply-time,rs-004846-2dhw4,6d4c78a8-4361-4404-9975-27758d79897b,1,4379.705534
2026/02/05/11:34:30,running-time,rs-004846-2dhw4,6d4c78a8-4361-4404-9975-27758d79897b,1,4379.705534
2026/02/05/11:34:30,apply-time,rs-004847-ndbdw,8729d99e-a0e8-4f7a-ac96-0c32170e4a83,1,4379.705534
2026/02/05/11:34:30,running-time,rs-004847-ndbdw,8729d99e-a0e8-4f7a-ac96-0c32170e4a83,1,4379.705534
2026/02/05/11:34:31,apply-time,rs-004848-fqkrr,58b9eb83-7390-457e-8a5e-1e1c8fdb4cfa,3,4379.705534
2026/02/05/11:34:31,running-time,rs-004848-fqkrr,58b9eb83-7390-457e-8a5e-1e1c8fdb4cfa,3,4379.705534
2026/02/05/11:34:31,apply-time,rs-004849-dxn7t,97391d1e-c1de-4413-af53-f1813d49ac82,4,4380.705534
2026/02/05/11:34:31,running-time,rs-004849-dxn7t,97391d1e-c1de-4413-af53-f1813d49ac82,4,4380.705534
2026/02/05/11:34:31,apply-time,rs-004849-lm6h5,35edace9-7780-4600-bdd7-bd6d9834ba32,4,4380.705534
2026/02/05/11:34:31,apply-time,rs-004850-bgjsd,88a9b359-1152-4173-8318-4aed5e05613b,2,4380.705534
2026/02/05/11:34:31,running-time,rs-004850-bgjsd,88a9b359-1152-4173-8318-4aed5e05613b,2,4380.705534
2026/02/05/11:34:31,apply-time,rs-004850-bnjw5,23dedd52-2fd6-481d-829c-be727004bc51,2,4380.705534
2026/02/05/11:34:31,running-time,rs-004850-bnjw5,23dedd52-2fd6-481d-829c-be727004bc51,2,4380.705534
2026/02/05/11:34:31,apply-time,rs-004850-lb4kq,f728f163-27cc-4209-9c12-e8f5c303f5b2,2,4380.705534
2026/02/05/11:34:31,running-time,rs-004850-lb4kq,f728f163-27cc-4209-9c12-e8f5c303f5b2,2,4380.705534
2026/02/05/11:34:31,apply-time,rs-004851-g7llp,1841a05d-e40d-48b8-abd6-960da256503c,3,4380.705534
2026/02/05/11:34:31,running-time,rs-004851-g7llp,1841a05d-e40d-48b8-abd6-960da256503c,3,4380.705534
2026/02/05/11:34:31,apply-time,rs-004851-r55w9,9772f1ae-edeb-4a30-9b5e-768c6a043031,3,4380.705534
2026/02/05/11:34:31,running-time,rs-004851-r55w9,9772f1ae-edeb-4a30-9b5e-768c6a043031,3,4380.705534
2026/02/05/11:34:31,apply-time,rs-004852-qkz98,43f29719-9eeb-45ad-9f1a-c549985bf118,3,4380.705534
2026/02/05/11:34:31,running-time,rs-004852-qkz98,43f29719-9eeb-45ad-9f1a-c549985bf118,3,4380.705534
2026/02/05/11:34:32,running-time,rs-004849-lm6h5,35edace9-7780-4600-bdd7-bd6d9834ba32,4,4380.705534
2026/02/05/11:34:34,apply-time,rs-004853-8mmf2,8cbc73af-c2c9-4c84-ab26-7fffc204315c,1,4382.705534
2026/02/05/11:34:34,running-time,rs-004853-8mmf2,8cbc73af-c2c9-4c84-ab26-7fffc204315c,1,4382.705534
2026/02/05/11:34:34,apply-time,rs-004853-9gzbs,db7ea757-b60b-40af-9521-96e5ac17f995,1,4382.705534
2026/02/05/11:34:34,running-time,rs-004853-9gzbs,db7ea757-b60b-40af-9521-96e5ac17f995,1,4382.705534
2026/02/05/11:34:34,apply-time,rs-004853-b2htf,97ced276-36bc-4775-812b-35bf9ce5ee66,1,4382.705534
2026/02/05/11:34:34,running-time,rs-004853-b2htf,97ced276-36bc-4775-812b-35bf9ce5ee66,1,4382.705534
2026/02/05/11:34:34,apply-time,rs-004854-cbn9b,eb132c3c-f5af-4968-9ac9-ec51b602cd3a,3,4382.705534
2026/02/05/11:34:34,running-time,rs-004854-cbn9b,eb132c3c-f5af-4968-9ac9-ec51b602cd3a,3,4382.705534
2026/02/05/11:34:34,apply-time,rs-004855-hcdwr,5be48eb8-fa00-4ad5-b07f-02a8d302b9db,1,4382.705534
2026/02/05/11:34:34,running-time,rs-004855-hcdwr,5be48eb8-fa00-4ad5-b07f-02a8d302b9db,1,4382.705534
2026/02/05/11:34:34,apply-time,rs-004855-zt9xf,e1b91eee-bbae-4d1e-898c-1fda11c7a7da,1,4382.705534
2026/02/05/11:34:34,running-time,rs-004855-zt9xf,e1b91eee-bbae-4d1e-898c-1fda11c7a7da,1,4382.705534
2026/02/05/11:34:37,apply-time,rs-004856-m5r7p,e7b0af08-8b60-4f56-aa35-f41073117cae,2,4386.705534
2026/02/05/11:34:37,running-time,rs-004856-m5r7p,e7b0af08-8b60-4f56-aa35-f41073117cae,2,4386.705534
2026/02/05/11:34:37,apply-time,rs-004857-wlvmj,b89c5979-b819-4be3-a2a3-ca7ea4beffed,2,4386.705534
2026/02/05/11:34:38,apply-time,rs-004858-pkx4n,6740a8a7-edc8-4dd8-b545-2b9c4aad1509,3,4387.705534
2026/02/05/11:34:38,running-time,rs-004858-pkx4n,6740a8a7-edc8-4dd8-b545-2b9c4aad1509,3,4387.705534
2026/02/05/11:34:38,apply-time,rs-004859-srjgb,354e9f3a-b12d-4f7f-ac79-0aadd4a2cab9,3,4387.705534
2026/02/05/11:34:38,running-time,rs-004859-srjgb,354e9f3a-b12d-4f7f-ac79-0aadd4a2cab9,3,4387.705534
2026/02/05/11:34:38,apply-time,rs-004859-wlls4,b3d199d0-6265-4682-8676-7a8414e0787d,3,4387.705534
2026/02/05/11:34:38,running-time,rs-004859-wlls4,b3d199d0-6265-4682-8676-7a8414e0787d,3,4387.705534
2026/02/05/11:34:38,apply-time,rs-004860-59txh,3ea82530-b343-49ec-b48d-10be32c47c57,1,4387.705534
2026/02/05/11:34:38,running-time,rs-004860-59txh,3ea82530-b343-49ec-b48d-10be32c47c57,1,4387.705534
2026/02/05/11:34:38,apply-time,rs-004860-8hjtq,85976d92-f324-493c-8f33-0211395b9432,1,4387.705534
2026/02/05/11:34:38,running-time,rs-004860-8hjtq,85976d92-f324-493c-8f33-0211395b9432,1,4387.705534
2026/02/05/11:34:38,apply-time,rs-004860-xbbkv,62e46468-ae48-4502-8eba-3c9a93b93eaa,1,4387.705534
2026/02/05/11:34:38,running-time,rs-004860-xbbkv,62e46468-ae48-4502-8eba-3c9a93b93eaa,1,4387.705534
2026/02/05/11:34:38,apply-time,rs-004861-98xd2,594a14dd-698e-4a9c-b36c-b5a60428c837,2,4387.705534
2026/02/05/11:34:38,running-time,rs-004861-98xd2,594a14dd-698e-4a9c-b36c-b5a60428c837,2,4387.705534
2026/02/05/11:34:38,apply-time,rs-004862-24qbb,182e77c7-ea2e-4ee1-93c0-4d714e06202e,4,4387.705534
2026/02/05/11:34:38,running-time,rs-004862-24qbb,182e77c7-ea2e-4ee1-93c0-4d714e06202e,4,4387.705534
2026/02/05/11:34:38,apply-time,rs-004862-dvpvw,c6bf73e8-228c-4f03-b969-3719c6cebfa2,4,4387.705534
2026/02/05/11:34:38,apply-time,rs-004862-qgrx8,d934fd3b-95fe-4c41-89fd-1597de2735db,4,4387.705534
2026/02/05/11:34:38,apply-time,rs-004863-2x7v2,f1384ee2-2a9e-471c-b5ad-9cec51ba0f96,2,4387.705534
2026/02/05/11:34:38,running-time,rs-004863-2x7v2,f1384ee2-2a9e-471c-b5ad-9cec51ba0f96,2,4387.705534
2026/02/05/11:34:42,running-time,rs-004862-qgrx8,d934fd3b-95fe-4c41-89fd-1597de2735db,4,4391.705534
2026/02/05/11:34:43,running-time,rs-004862-dvpvw,c6bf73e8-228c-4f03-b969-3719c6cebfa2,4,4392.705534
2026/02/05/11:34:48,apply-time,rs-004864-trm4p,d48c1d8e-cd7d-4e5f-9e62-ec1b7bc5fa1f,2,4397.705534
2026/02/05/11:34:48,running-time,rs-004864-trm4p,d48c1d8e-cd7d-4e5f-9e62-ec1b7bc5fa1f,2,4397.705534
2026/02/05/11:34:48,apply-time,rs-004865-gnp5p,37247cbd-af1c-492c-a63b-042a53e3db65,4,4397.705534
2026/02/05/11:34:48,running-time,rs-004865-gnp5p,37247cbd-af1c-492c-a63b-042a53e3db65,4,4397.705534
2026/02/05/11:34:48,apply-time,rs-004866-f8q45,5bc9bffc-129f-42ca-b103-9911b61339a3,2,4397.705534
2026/02/05/11:34:48,running-time,rs-004866-f8q45,5bc9bffc-129f-42ca-b103-9911b61339a3,2,4397.705534
2026/02/05/11:34:48,apply-time,rs-004866-mhzl8,fac85859-b0c8-4949-85c5-9372b4d795ec,2,4397.705534
2026/02/05/11:34:48,running-time,rs-004866-mhzl8,fac85859-b0c8-4949-85c5-9372b4d795ec,2,4397.705534
2026/02/05/11:34:48,apply-time,rs-004867-7gbpq,c1aaef55-0ce8-4ac6-8b34-eadb9d07daa8,4,4397.705534
2026/02/05/11:34:48,running-time,rs-004867-7gbpq,c1aaef55-0ce8-4ac6-8b34-eadb9d07daa8,4,4397.705534
2026/02/05/11:34:48,apply-time,rs-004867-8nc8q,b7deaa68-fd6f-4ff4-9fa4-0881c573af6d,4,4397.705534
2026/02/05/11:34:48,running-time,rs-004867-8nc8q,b7deaa68-fd6f-4ff4-9fa4-0881c573af6d,4,4397.705534
2026/02/05/11:34:48,apply-time,rs-004867-ndjzx,7d86232a-64be-48f5-85db-9e92bbd1aba0,4,4397.705534
2026/02/05/11:34:48,running-time,rs-004867-ndjzx,7d86232a-64be-48f5-85db-9e92bbd1aba0,4,4397.705534
2026/02/05/11:34:48,apply-time,rs-004868-5rd8f,f7aa3d69-16e0-4be8-b1cc-93f9d3f4b4fd,1,4397.705534
2026/02/05/11:34:48,running-time,rs-004868-5rd8f,f7aa3d69-16e0-4be8-b1cc-93f9d3f4b4fd,1,4397.705534
2026/02/05/11:34:48,apply-time,rs-004868-b55mc,ecabd58b-a595-444d-916b-b74bf6acceb3,1,4397.705534
2026/02/05/11:34:48,running-time,rs-004868-b55mc,ecabd58b-a595-444d-916b-b74bf6acceb3,1,4397.705534
2026/02/05/11:34:57,running-time,rs-004857-wlvmj,b89c5979-b819-4be3-a2a3-ca7ea4beffed,2,4406.705534
2026/02/05/11:35:04,apply-time,rs-004869-zb5nd,65bbf577-fcb1-4034-996b-63ebb62b07b1,3,4412.705534
2026/02/05/11:35:04,running-time,rs-004869-zb5nd,65bbf577-fcb1-4034-996b-63ebb62b07b1,3,4412.705534
2026/02/05/11:35:04,apply-time,rs-004870-6z9vs,60edb2ca-00f1-4db2-b1bf-a041dae5f2a7,2,4412.705534
2026/02/05/11:35:04,running-time,rs-004870-6z9vs,60edb2ca-00f1-4db2-b1bf-a041dae5f2a7,2,4412.705534
2026/02/05/11:35:04,apply-time,rs-004870-kh9tc,22d5910e-71c9-43cf-8480-faf6d2a3ac06,2,4412.705534
2026/02/05/11:35:04,running-time,rs-004870-kh9tc,22d5910e-71c9-43cf-8480-faf6d2a3ac06,2,4412.705534
2026/02/05/11:35:04,apply-time,rs-004870-wbwf5,39bd5a53-39ae-4444-809d-3e26999e3010,2,4412.705534
2026/02/05/11:35:04,running-time,rs-004870-wbwf5,39bd5a53-39ae-4444-809d-3e26999e3010,2,4412.705534
2026/02/05/11:35:16,apply-time,rs-004871-96dnl,17a83484-8fdc-4ef9-a154-2eea49c45a6e,2,4425.705534
2026/02/05/11:35:16,running-time,rs-004871-96dnl,17a83484-8fdc-4ef9-a154-2eea49c45a6e,2,4425.705534
2026/02/05/11:35:16,apply-time,rs-004871-cgdp4,f590576b-6111-4386-91e5-c7663cbd38ef,2,4425.705534
2026/02/05/11:35:16,running-time,rs-004871-cgdp4,f590576b-6111-4386-91e5-c7663cbd38ef,2,4425.705534
2026/02/05/11:35:16,apply-time,rs-004871-dllc9,95197568-dc32-4142-883a-76f5ccbc52c6,2,4425.705534
2026/02/05/11:35:16,running-time,rs-004871-dllc9,95197568-dc32-4142-883a-76f5ccbc52c6,2,4425.705534
2026/02/05/11:35:16,apply-time,rs-004872-f4j4t,b5698b82-81d6-4331-9a33-3be46e78757b,4,4425.705534
2026/02/05/11:35:16,running-time,rs-004872-f4j4t,b5698b82-81d6-4331-9a33-3be46e78757b,4,4425.705534
2026/02/05/11:35:16,apply-time,rs-004872-lwphf,6637a345-ab9a-4a01-a6ba-45161b1cd619,4,4425.705534
2026/02/05/11:35:16,running-time,rs-004872-lwphf,6637a345-ab9a-4a01-a6ba-45161b1cd619,4,4425.705534
2026/02/05/11:35:16,apply-time,rs-004872-v982r,db5889fd-b6f3-467e-a4de-9ef801919180,4,4425.705534
2026/02/05/11:35:16,running-time,rs-004872-v982r,db5889fd-b6f3-467e-a4de-9ef801919180,4,4425.705534
2026/02/05/11:35:16,apply-time,rs-004873-plnfg,60d71e13-a265-4320-9603-3bd8a8f522f3,3,4425.705534
2026/02/05/11:35:16,running-time,rs-004873-plnfg,60d71e13-a265-4320-9603-3bd8a8f522f3,3,4425.705534
2026/02/05/11:35:16,apply-time,rs-004873-zgqfk,6fb0763a-7eb5-4b80-a565-340d8bb7d8e3,3,4425.705534
2026/02/05/11:35:16,running-time,rs-004873-zgqfk,6fb0763a-7eb5-4b80-a565-340d8bb7d8e3,3,4425.705534
2026/02/05/11:35:16,apply-time,rs-004874-9tddg,94a4ff00-c87a-43ff-ad27-39ef4c4a0455,1,4425.705534
2026/02/05/11:35:16,running-time,rs-004874-9tddg,94a4ff00-c87a-43ff-ad27-39ef4c4a0455,1,4425.705534
2026/02/05/11:35:16,apply-time,rs-004874-tlbrs,5df1657e-3fb0-4460-b056-83dcee6414a3,1,4425.705534
2026/02/05/11:35:16,running-time,rs-004874-tlbrs,5df1657e-3fb0-4460-b056-83dcee6414a3,1,4425.705534
2026/02/05/11:35:16,apply-time,rs-004874-wj5mv,1492417d-8c20-4d9f-bd87-8084ea4adf29,1,4425.705534
2026/02/05/11:35:16,running-time,rs-004874-wj5mv,1492417d-8c20-4d9f-bd87-8084ea4adf29,1,4425.705534
2026/02/05/11:35:16,apply-time,rs-004875-7gsds,01b2962a-3e19-4fdd-8cf6-f8390969ea1f,2,4425.705534
2026/02/05/11:35:16,running-time,rs-004875-7gsds,01b2962a-3e19-4fdd-8cf6-f8390969ea1f,2,4425.705534
2026/02/05/11:35:17,apply-time,rs-004875-czrmt,4956c4cd-55b0-459d-9cea-dfff26754725,2,4425.705534
2026/02/05/11:35:17,running-time,rs-004875-czrmt,4956c4cd-55b0-459d-9cea-dfff26754725,2,4425.705534
2026/02/05/11:35:17,apply-time,rs-004875-j597j,becf8d74-9d93-4ca6-a9aa-613bcf9a60fc,2,4425.705534
2026/02/05/11:35:17,apply-time,rs-004876-ngnzk,caffbd52-7302-4997-ae2a-9c9b77a87a8b,3,4425.705534
2026/02/05/11:35:17,running-time,rs-004876-ngnzk,caffbd52-7302-4997-ae2a-9c9b77a87a8b,3,4425.705534
2026/02/05/11:35:17,apply-time,rs-004877-bdggj,ff2f9bdf-7130-490d-b696-cddbabff2a21,4,4426.705534
2026/02/05/11:35:17,running-time,rs-004877-bdggj,ff2f9bdf-7130-490d-b696-cddbabff2a21,4,4426.705534
2026/02/05/11:35:17,apply-time,rs-004877-ghwx6,87ccbe9b-f6c6-4a59-a445-c93d4140f0d1,4,4426.705534
2026/02/05/11:35:17,running-time,rs-004877-ghwx6,87ccbe9b-f6c6-4a59-a445-c93d4140f0d1,4,4426.705534
2026/02/05/11:35:17,apply-time,rs-004877-lrh2n,cf7c6690-555f-43e9-a0fb-10d5c7bfd679,4,4426.705534
2026/02/05/11:35:17,running-time,rs-004877-lrh2n,cf7c6690-555f-43e9-a0fb-10d5c7bfd679,4,4426.705534
2026/02/05/11:35:17,apply-time,rs-004878-hq2xk,dbe3fe48-33a1-4fa9-a013-002ab732a5eb,4,4426.705534
2026/02/05/11:35:17,apply-time,rs-004879-f6crm,7cb956bc-255d-4818-b347-04baf851a9a0,1,4426.705534
2026/02/05/11:35:17,running-time,rs-004879-f6crm,7cb956bc-255d-4818-b347-04baf851a9a0,1,4426.705534
2026/02/05/11:35:18,apply-time,rs-004878-5q2gl,41b28f74-b801-424b-bb47-36c0694f8153,4,4427.705534
2026/02/05/11:35:18,running-time,rs-004878-5q2gl,41b28f74-b801-424b-bb47-36c0694f8153,4,4427.705534
2026/02/05/11:35:18,running-time,rs-004878-hq2xk,dbe3fe48-33a1-4fa9-a013-002ab732a5eb,4,4426.705534
2026/02/05/11:35:18,apply-time,rs-004878-k84zl,e0b4acd3-e349-4967-b8d7-818a0323a9cc,4,4426.705534
2026/02/05/11:35:18,running-time,rs-004878-k84zl,e0b4acd3-e349-4967-b8d7-818a0323a9cc,4,4427.705534
2026/02/05/11:35:18,apply-time,rs-004879-2lxvj,1bfb3eeb-8b58-4d8e-9596-35c2f031ad2f,1,4426.705534
2026/02/05/11:35:18,running-time,rs-004879-2lxvj,1bfb3eeb-8b58-4d8e-9596-35c2f031ad2f,1,4427.705534
2026/02/05/11:35:18,apply-time,rs-004879-7vwwd,aaf65ee1-269d-4be9-9e75-881a3f11179f,1,4426.705534
2026/02/05/11:35:18,running-time,rs-004879-7vwwd,aaf65ee1-269d-4be9-9e75-881a3f11179f,1,4426.705534
2026/02/05/11:35:18,apply-time,rs-004880-vb7xx,5ce18234-0d18-4bec-a639-12d0d36deebf,4,4427.705534
2026/02/05/11:35:18,running-time,rs-004880-vb7xx,5ce18234-0d18-4bec-a639-12d0d36deebf,4,4427.705534
2026/02/05/11:35:18,apply-time,rs-004881-vnpdj,b86354f7-c13c-4c07-9217-00543bc4eb72,2,4427.705534
2026/02/05/11:35:18,running-time,rs-004881-vnpdj,b86354f7-c13c-4c07-9217-00543bc4eb72,2,4427.705534
2026/02/05/11:35:18,apply-time,rs-004882-b6zb7,99408c9d-f698-4b7f-923b-cf663c190d4c,1,4427.705534
2026/02/05/11:35:18,running-time,rs-004882-b6zb7,99408c9d-f698-4b7f-923b-cf663c190d4c,1,4427.705534
2026/02/05/11:35:26,apply-time,rs-004883-7dj9w,a1130166-b887-4511-9d22-cebb43b9c59b,4,4435.705534
2026/02/05/11:35:26,running-time,rs-004883-7dj9w,a1130166-b887-4511-9d22-cebb43b9c59b,4,4435.705534
2026/02/05/11:35:26,apply-time,rs-004883-m8jmp,c12745ca-1d0e-44a2-8363-034bc517c48d,4,4435.705534
2026/02/05/11:35:26,running-time,rs-004883-m8jmp,c12745ca-1d0e-44a2-8363-034bc517c48d,4,4435.705534
2026/02/05/11:35:26,apply-time,rs-004884-xzwkn,3db7a681-1b06-4442-a2fb-711600ccf1f4,1,4435.705534
2026/02/05/11:35:26,running-time,rs-004884-xzwkn,3db7a681-1b06-4442-a2fb-711600ccf1f4,1,4435.705534
2026/02/05/11:35:26,apply-time,rs-004884-z4q7z,600c2095-bf4c-4e5c-833b-94056a51d919,1,4435.705534
2026/02/05/11:35:26,running-time,rs-004884-z4q7z,600c2095-bf4c-4e5c-833b-94056a51d919,1,4435.705534
2026/02/05/11:35:26,apply-time,rs-004884-zdkw2,59c929ed-ddb2-4181-8197-ca56d20a970d,1,4435.705534
2026/02/05/11:35:26,running-time,rs-004884-zdkw2,59c929ed-ddb2-4181-8197-ca56d20a970d,1,4435.705534
2026/02/05/11:35:26,apply-time,rs-004885-6qg2j,c1a0a4a2-da34-4756-bea7-bc78bcc8fec7,4,4435.705534
2026/02/05/11:35:26,running-time,rs-004885-6qg2j,c1a0a4a2-da34-4756-bea7-bc78bcc8fec7,4,4435.705534
2026/02/05/11:35:26,apply-time,rs-004885-n4bqh,6acb6472-8415-4db2-85cc-adbfe93d66c6,4,4435.705534
2026/02/05/11:35:26,running-time,rs-004885-n4bqh,6acb6472-8415-4db2-85cc-adbfe93d66c6,4,4435.705534
2026/02/05/11:35:26,apply-time,rs-004885-r4cg9,eba96476-628b-4b79-ae6f-d4cf028f7b73,4,4435.705534
2026/02/05/11:35:26,running-time,rs-004885-r4cg9,eba96476-628b-4b79-ae6f-d4cf028f7b73,4,4435.705534
2026/02/05/11:35:26,apply-time,rs-004886-5hxrh,ed0a5680-e8c6-44f5-b67f-567de3bdfcda,1,4435.705534
2026/02/05/11:35:26,apply-time,rs-004886-jwtht,f16550ed-5965-4b42-9f0f-50abd06f6ac1,1,4435.705534
2026/02/05/11:35:26,apply-time,rs-004887-bdkmb,09cf1159-f8bd-4380-903b-0c29ae1c39fc,3,4435.705534
2026/02/05/11:35:26,apply-time,rs-004887-lnvzm,fa3d9b27-d6b9-4c77-9272-fb13119739b7,3,4435.705534
2026/02/05/11:35:27,running-time,rs-004886-5hxrh,ed0a5680-e8c6-44f5-b67f-567de3bdfcda,1,4436.705534
2026/02/05/11:35:27,running-time,rs-004887-bdkmb,09cf1159-f8bd-4380-903b-0c29ae1c39fc,3,4436.705534
2026/02/05/11:35:27,apply-time,rs-004888-d4rsd,f8ca9904-0a52-4c34-920c-3ebb2cb156ce,1,4435.705534
2026/02/05/11:35:27,running-time,rs-004888-d4rsd,f8ca9904-0a52-4c34-920c-3ebb2cb156ce,1,4436.705534
2026/02/05/11:35:37,apply-time,rs-004889-lxzxt,63a13a16-dc76-428d-bbc2-bcb790de71e6,3,4446.705534
2026/02/05/11:35:37,running-time,rs-004889-lxzxt,63a13a16-dc76-428d-bbc2-bcb790de71e6,3,4446.705534
2026/02/05/11:35:37,apply-time,rs-004889-r4mz7,c1020bf3-9a72-43b3-afbe-6fd7c1056b65,3,4446.705534
2026/02/05/11:35:37,running-time,rs-004889-r4mz7,c1020bf3-9a72-43b3-afbe-6fd7c1056b65,3,4446.705534
2026/02/05/11:35:37,apply-time,rs-004889-sjx9v,73b5d586-3387-4da8-b617-4ecb7b12218d,3,4446.705534
2026/02/05/11:35:37,running-time,rs-004889-sjx9v,73b5d586-3387-4da8-b617-4ecb7b12218d,3,4446.705534
2026/02/05/11:35:37,apply-time,rs-004890-hl5c6,30da73e2-8f11-45a4-8c50-922a4b7d48d4,1,4446.705534
2026/02/05/11:35:37,apply-time,rs-004890-n2f5l,655869da-d4c7-4b02-b842-bb64fde3ef92,1,4446.705534
2026/02/05/11:35:37,apply-time,rs-004890-qqvkp,09918163-0e36-42c1-b5c7-71671c31a511,1,4446.705534
2026/02/05/11:35:37,running-time,rs-004890-qqvkp,09918163-0e36-42c1-b5c7-71671c31a511,1,4446.705534
2026/02/05/11:35:37,apply-time,rs-004891-dmpqb,ce220977-6da6-429b-9a26-8b7c738f4589,2,4446.705534
2026/02/05/11:35:37,apply-time,rs-004891-j7ndc,363c6d20-1e6c-4608-9bc3-8384a9416d67,2,4446.705534
2026/02/05/11:35:37,apply-time,rs-004891-ntx5d,4c2eff6f-79dc-4429-b102-5b4287499556,2,4446.705534
2026/02/05/11:35:37,apply-time,rs-004892-7jbz9,02900e0b-6e91-44ce-beb4-8decab8f40b7,3,4446.705534
2026/02/05/11:35:38,running-time,rs-004890-hl5c6,30da73e2-8f11-45a4-8c50-922a4b7d48d4,1,4446.705534
2026/02/05/11:35:38,running-time,rs-004890-n2f5l,655869da-d4c7-4b02-b842-bb64fde3ef92,1,4446.705534
2026/02/05/11:35:38,running-time,rs-004891-dmpqb,ce220977-6da6-429b-9a26-8b7c738f4589,2,4446.705534
2026/02/05/11:35:38,running-time,rs-004891-j7ndc,363c6d20-1e6c-4608-9bc3-8384a9416d67,2,4446.705534
2026/02/05/11:35:38,running-time,rs-004891-ntx5d,4c2eff6f-79dc-4429-b102-5b4287499556,2,4446.705534
2026/02/05/11:35:38,apply-time,rs-004893-2wdkz,4506285e-903a-469f-bf6b-c75f811b7733,1,4447.705534
2026/02/05/11:35:38,running-time,rs-004893-2wdkz,4506285e-903a-469f-bf6b-c75f811b7733,1,4447.705534
2026/02/05/11:35:38,apply-time,rs-004893-jspv4,8ef42d51-8066-4fc8-8ba3-605d9c8312e1,1,4447.705534
2026/02/05/11:35:38,running-time,rs-004893-jspv4,8ef42d51-8066-4fc8-8ba3-605d9c8312e1,1,4447.705534
2026/02/05/11:35:38,apply-time,rs-004893-zf55w,f2bdcac1-01c6-458f-ab66-a88d6db024ff,1,4447.705534
2026/02/05/11:35:38,running-time,rs-004893-zf55w,f2bdcac1-01c6-458f-ab66-a88d6db024ff,1,4447.705534
2026/02/05/11:35:38,apply-time,rs-004894-jdwbj,9ead8ff3-fa7a-4ffe-8c0d-d2995bddfcd9,2,4447.705534
2026/02/05/11:35:39,apply-time,rs-004894-bsdnd,f7f99487-48cb-428e-9267-e6dd5c65b5b8,2,4447.705534
2026/02/05/11:35:39,running-time,rs-004894-bsdnd,f7f99487-48cb-428e-9267-e6dd5c65b5b8,2,4447.705534
2026/02/05/11:35:39,running-time,rs-004894-jdwbj,9ead8ff3-fa7a-4ffe-8c0d-d2995bddfcd9,2,4447.705534
2026/02/05/11:35:40,apply-time,rs-004895-882lm,788617de-6168-4979-9351-19313d03473d,3,4449.705534
2026/02/05/11:35:40,running-time,rs-004895-882lm,788617de-6168-4979-9351-19313d03473d,3,4449.705534
2026/02/05/11:35:40,apply-time,rs-004895-tv8qw,e3e4bac1-2525-4451-bb76-f01af1f09139,3,4449.705534
2026/02/05/11:35:40,apply-time,rs-004895-xl8rv,dfa1091c-a43b-4687-b495-a2dbf09acbf3,3,4449.705534
2026/02/05/11:35:40,apply-time,rs-004896-4bvgz,e16cf6ad-19c8-4566-898d-f8fbcf532c97,1,4449.705534
2026/02/05/11:35:40,running-time,rs-004896-4bvgz,e16cf6ad-19c8-4566-898d-f8fbcf532c97,1,4449.705534
2026/02/05/11:35:41,apply-time,rs-004897-7k8jj,3a06bad2-b40b-4808-a3e5-aabb6564819a,3,4449.705534
2026/02/05/11:35:41,running-time,rs-004897-7k8jj,3a06bad2-b40b-4808-a3e5-aabb6564819a,3,4449.705534
2026/02/05/11:35:41,apply-time,rs-004897-b7tsr,de87067d-aec2-444d-b68e-ee7532220218,3,4449.705534
2026/02/05/11:35:41,running-time,rs-004897-b7tsr,de87067d-aec2-444d-b68e-ee7532220218,3,4449.705534
2026/02/05/11:35:41,apply-time,rs-004898-4g8lx,cb27e6f1-80ea-4001-8702-24520d9eaa80,3,4450.705534
2026/02/05/11:35:41,apply-time,rs-004898-5mgp6,f613d88d-ba79-4de7-b014-33cdac85c718,3,4450.705534
2026/02/05/11:35:41,apply-time,rs-004898-vwhqp,5f2ff87f-8ee7-4b47-949b-82615a336be6,3,4450.705534
2026/02/05/11:35:41,running-time,rs-004898-vwhqp,5f2ff87f-8ee7-4b47-949b-82615a336be6,3,4450.705534
2026/02/05/11:35:41,apply-time,rs-004899-xkw92,fa800578-f7e1-43c5-a75b-b796e60a30ac,3,4449.705534
2026/02/05/11:35:41,apply-time,rs-004900-qng7c,8e6a914a-ff0a-40d2-9ee8-e97df6678ca3,1,4450.705534
2026/02/05/11:35:41,running-time,rs-004900-qng7c,8e6a914a-ff0a-40d2-9ee8-e97df6678ca3,1,4450.705534
2026/02/05/11:35:41,apply-time,rs-004901-2gb8v,8ba8de38-2dc7-438a-872d-30f04d870484,1,4450.705534
2026/02/05/11:35:41,running-time,rs-004901-2gb8v,8ba8de38-2dc7-438a-872d-30f04d870484,1,4450.705534
2026/02/05/11:35:41,apply-time,rs-004901-l5js6,8e844c5a-b497-4cbf-ac58-5ebd1832e24d,1,4450.705534
2026/02/05/11:35:41,running-time,rs-004901-l5js6,8e844c5a-b497-4cbf-ac58-5ebd1832e24d,1,4450.705534
2026/02/05/11:35:41,apply-time,rs-004902-878q8,e95a3fc8-e024-4236-b23a-e2fcaea72ae3,1,4450.705534
2026/02/05/11:35:41,running-time,rs-004902-878q8,e95a3fc8-e024-4236-b23a-e2fcaea72ae3,1,4450.705534
2026/02/05/11:35:41,apply-time,rs-004902-qcrb6,d8cacb9f-2995-46b5-8949-70318fd37056,1,4450.705534
2026/02/05/11:35:41,running-time,rs-004902-qcrb6,d8cacb9f-2995-46b5-8949-70318fd37056,1,4450.705534
2026/02/05/11:35:41,apply-time,rs-004904-8zg7q,a18f395a-29f5-447d-8605-69bf5f051159,1,4450.705534
2026/02/05/11:35:41,running-time,rs-004904-8zg7q,a18f395a-29f5-447d-8605-69bf5f051159,1,4450.705534
2026/02/05/11:35:41,apply-time,rs-004906-g2w9g,64bf4ca9-2724-49e0-be75-529ce07f9f14,2,4450.705534
2026/02/05/11:35:41,running-time,rs-004906-g2w9g,64bf4ca9-2724-49e0-be75-529ce07f9f14,2,4450.705534
2026/02/05/11:35:42,apply-time,rs-004903-2zpgr,c155248c-e457-43ad-8894-8b2b5f039175,3,4451.705534
2026/02/05/11:35:42,running-time,rs-004903-2zpgr,c155248c-e457-43ad-8894-8b2b5f039175,3,4451.705534
2026/02/05/11:35:42,apply-time,rs-004903-67qhz,c6bfee4a-9b63-4038-bec0-0d0521ee1df1,3,4451.705534
2026/02/05/11:35:42,running-time,rs-004903-67qhz,c6bfee4a-9b63-4038-bec0-0d0521ee1df1,3,4451.705534
2026/02/05/11:35:42,apply-time,rs-004903-nn7md,0024b9da-09ea-4f75-86b7-63f267fae747,3,4451.705534
2026/02/05/11:35:42,running-time,rs-004903-nn7md,0024b9da-09ea-4f75-86b7-63f267fae747,3,4451.705534
2026/02/05/11:35:42,apply-time,rs-004905-c5hbc,2dba43d5-d924-462d-a2c1-5fe537219291,2,4451.705534
2026/02/05/11:35:42,apply-time,rs-004905-s26rx,4a3e94cf-e62d-467c-ae53-f80b1c35d8ff,2,4450.705534
2026/02/05/11:35:42,running-time,rs-004905-s26rx,4a3e94cf-e62d-467c-ae53-f80b1c35d8ff,2,4450.705534
2026/02/05/11:35:42,apply-time,rs-004907-pm4ts,d8c8f55b-a0b1-4c09-beac-c7063d8b43db,4,4451.705534
2026/02/05/11:35:42,running-time,rs-004907-pm4ts,d8c8f55b-a0b1-4c09-beac-c7063d8b43db,4,4451.705534
2026/02/05/11:35:42,apply-time,rs-004908-kj2n5,16ca73ce-8694-414b-b040-c137250ece6d,3,4451.705534
2026/02/05/11:35:42,running-time,rs-004908-kj2n5,16ca73ce-8694-414b-b040-c137250ece6d,3,4451.705534
2026/02/05/11:35:43,running-time,rs-004898-4g8lx,cb27e6f1-80ea-4001-8702-24520d9eaa80,3,4452.705534
2026/02/05/11:35:43,running-time,rs-004899-xkw92,fa800578-f7e1-43c5-a75b-b796e60a30ac,3,4452.705534
2026/02/05/11:35:43,running-time,rs-004905-c5hbc,2dba43d5-d924-462d-a2c1-5fe537219291,2,4452.705534
2026/02/05/11:35:51,apply-time,rs-004909-dn8b5,33d302e5-6a91-4bf4-b502-723cb7065b7b,1,4460.705534
2026/02/05/11:35:51,running-time,rs-004909-dn8b5,33d302e5-6a91-4bf4-b502-723cb7065b7b,1,4460.705534
2026/02/05/11:35:51,apply-time,rs-004909-tmfk4,4bc5dc10-a044-485e-8cd4-6bac00bb697b,1,4460.705534
2026/02/05/11:35:51,running-time,rs-004909-tmfk4,4bc5dc10-a044-485e-8cd4-6bac00bb697b,1,4460.705534
2026/02/05/11:35:52,apply-time,rs-004910-dzjzc,463da1c1-234b-48a0-abd0-66a45493afed,3,4461.705534
2026/02/05/11:35:52,running-time,rs-004910-dzjzc,463da1c1-234b-48a0-abd0-66a45493afed,3,4461.705534
2026/02/05/11:35:52,apply-time,rs-004910-mgfzp,db64d423-c909-49e8-aebf-0c3936d693ec,3,4461.705534
2026/02/05/11:35:52,running-time,rs-004910-mgfzp,db64d423-c909-49e8-aebf-0c3936d693ec,3,4461.705534
2026/02/05/11:35:52,apply-time,rs-004910-zvch9,5224a532-7f35-44af-bb88-623c8e7cd2ae,3,4461.705534
2026/02/05/11:35:52,running-time,rs-004910-zvch9,5224a532-7f35-44af-bb88-623c8e7cd2ae,3,4461.705534
2026/02/05/11:35:52,apply-time,rs-004911-85b9x,5ce949bd-9fee-4a66-9a94-9e466219272e,1,4461.705534
2026/02/05/11:35:52,running-time,rs-004911-85b9x,5ce949bd-9fee-4a66-9a94-9e466219272e,1,4461.705534
2026/02/05/11:35:52,apply-time,rs-004911-vcz5t,7809c1cd-954b-4ded-a0a8-ae3470434053,1,4461.705534
2026/02/05/11:35:52,running-time,rs-004911-vcz5t,7809c1cd-954b-4ded-a0a8-ae3470434053,1,4461.705534
2026/02/05/11:35:52,apply-time,rs-004912-bmnvj,12f8ff0f-917c-4e61-8415-b4353c225a32,1,4461.705534
2026/02/05/11:35:52,running-time,rs-004912-bmnvj,12f8ff0f-917c-4e61-8415-b4353c225a32,1,4461.705534
2026/02/05/11:35:52,apply-time,rs-004912-qgj9c,2cb71ed8-1879-4c7b-8ace-13ee62dd9561,1,4461.705534
2026/02/05/11:35:52,running-time,rs-004912-qgj9c,2cb71ed8-1879-4c7b-8ace-13ee62dd9561,1,4461.705534
2026/02/05/11:35:52,apply-time,rs-004913-mr95d,ee037a97-8f04-41fe-a481-a88382f843d7,1,4461.705534
2026/02/05/11:35:52,apply-time,rs-004913-t7l67,385a15c3-cb0a-43a0-9475-04a0a0635f9b,1,4461.705534
2026/02/05/11:35:52,running-time,rs-004913-t7l67,385a15c3-cb0a-43a0-9475-04a0a0635f9b,1,4461.705534
2026/02/05/11:35:52,apply-time,rs-004913-tqnh4,8cef7ed8-cb0d-4a10-b5f7-37185572f0bb,1,4461.705534
2026/02/05/11:35:52,running-time,rs-004913-tqnh4,8cef7ed8-cb0d-4a10-b5f7-37185572f0bb,1,4461.705534
2026/02/05/11:35:52,apply-time,rs-004914-2rzpj,0d0c82c2-dd3d-44bc-bab9-95cf12447a2b,4,4461.705534
2026/02/05/11:35:52,running-time,rs-004914-2rzpj,0d0c82c2-dd3d-44bc-bab9-95cf12447a2b,4,4461.705534
2026/02/05/11:35:52,apply-time,rs-004914-2ss6n,19ca5423-6101-45ad-857c-238d6ab9e234,4,4461.705534
2026/02/05/11:35:52,running-time,rs-004914-2ss6n,19ca5423-6101-45ad-857c-238d6ab9e234,4,4461.705534
2026/02/05/11:35:52,apply-time,rs-004915-k6rrf,ddfe8931-eb67-44e6-b653-ff8c880c4d40,3,4461.705534
2026/02/05/11:35:52,running-time,rs-004915-k6rrf,ddfe8931-eb67-44e6-b653-ff8c880c4d40,3,4461.705534
2026/02/05/11:35:52,apply-time,rs-004916-hvh92,6d488f98-8641-416c-94d5-980ed078201e,3,4461.705534
2026/02/05/11:35:53,running-time,rs-004913-mr95d,ee037a97-8f04-41fe-a481-a88382f843d7,1,4462.705534
2026/02/05/11:35:53,running-time,rs-004916-hvh92,6d488f98-8641-416c-94d5-980ed078201e,3,4462.705534
2026/02/05/11:35:53,apply-time,rs-004916-vw7dz,2e469a20-ecac-44a6-8942-c95715900dfa,3,4462.705534
2026/02/05/11:35:53,apply-time,rs-004917-9pb6g,18a92f85-4ef6-4519-b120-3ef7e26274f7,2,4461.705534
2026/02/05/11:35:53,running-time,rs-004917-9pb6g,18a92f85-4ef6-4519-b120-3ef7e26274f7,2,4462.705534
2026/02/05/11:35:53,apply-time,rs-004917-jcgpw,1530f78b-de3b-4b48-ace8-d2b915470f58,2,4462.705534
2026/02/05/11:35:53,apply-time,rs-004918-8l5c6,ee4a64fe-bf0d-44e3-a6f7-03a5787972cf,1,4461.705534
2026/02/05/11:35:53,running-time,rs-004918-8l5c6,ee4a64fe-bf0d-44e3-a6f7-03a5787972cf,1,4462.705534
2026/02/05/11:35:54,running-time,rs-004917-jcgpw,1530f78b-de3b-4b48-ace8-d2b915470f58,2,4463.705534
2026/02/05/11:35:57,running-time,rs-004892-7jbz9,02900e0b-6e91-44ce-beb4-8decab8f40b7,3,4466.705534
2026/02/05/11:36:07,apply-time,rs-004919-fzvqd,a93c027c-7de1-4af1-a5f4-c68b92b4cd99,2,4476.705534
2026/02/05/11:36:07,running-time,rs-004919-fzvqd,a93c027c-7de1-4af1-a5f4-c68b92b4cd99,2,4476.705534
2026/02/05/11:36:07,apply-time,rs-004920-6d9ds,b47a9b3d-988b-4495-88b1-e06bab7eb7f4,4,4476.705534
2026/02/05/11:36:07,running-time,rs-004920-6d9ds,b47a9b3d-988b-4495-88b1-e06bab7eb7f4,4,4476.705534
2026/02/05/11:36:07,apply-time,rs-004920-bpcvp,36b0ad60-e425-4834-bc51-a6f4a0509063,4,4476.705534
2026/02/05/11:36:07,running-time,rs-004920-bpcvp,36b0ad60-e425-4834-bc51-a6f4a0509063,4,4476.705534
2026/02/05/11:36:07,apply-time,rs-004920-xjgz2,ace61cc7-478e-4af2-bf00-546302af1840,4,4476.705534
2026/02/05/11:36:07,running-time,rs-004920-xjgz2,ace61cc7-478e-4af2-bf00-546302af1840,4,4476.705534
2026/02/05/11:36:07,apply-time,rs-004921-6zl5t,e97f0186-bfca-478f-8a79-6adfd33cd467,1,4476.705534
2026/02/05/11:36:07,running-time,rs-004921-6zl5t,e97f0186-bfca-478f-8a79-6adfd33cd467,1,4476.705534
2026/02/05/11:36:07,apply-time,rs-004922-rtjsg,dfb3d18c-5979-403b-be5c-0bc109a78049,2,4476.705534
2026/02/05/11:36:07,running-time,rs-004922-rtjsg,dfb3d18c-5979-403b-be5c-0bc109a78049,2,4476.705534
2026/02/05/11:36:07,apply-time,rs-004923-qj5jz,e9e2b77e-593f-43c0-9cc9-4cb6078260b3,1,4476.705534
2026/02/05/11:36:08,running-time,rs-004923-qj5jz,e9e2b77e-593f-43c0-9cc9-4cb6078260b3,1,4476.705534
2026/02/05/11:36:08,apply-time,rs-004924-h8hvm,c7196b87-3671-445b-9430-6e79fc89f2f7,4,4477.705534
2026/02/05/11:36:08,apply-time,rs-004924-z8jdp,303bb6f0-5d87-4662-ba75-de7094bfa66b,4,4477.705534
2026/02/05/11:36:08,running-time,rs-004924-z8jdp,303bb6f0-5d87-4662-ba75-de7094bfa66b,4,4477.705534
2026/02/05/11:36:08,apply-time,rs-004925-8cjqc,270cd1c8-af50-4d6d-8f98-477313e722d9,3,4477.705534
2026/02/05/11:36:08,running-time,rs-004925-8cjqc,270cd1c8-af50-4d6d-8f98-477313e722d9,3,4477.705534
2026/02/05/11:36:08,apply-time,rs-004926-s69sz,98931f1e-dcd7-45af-ac10-fe25d95840ca,3,4477.705534
2026/02/05/11:36:08,running-time,rs-004926-s69sz,98931f1e-dcd7-45af-ac10-fe25d95840ca,3,4477.705534
2026/02/05/11:36:08,apply-time,rs-004926-vxkkw,a7d335ea-8dfa-4f47-ab7e-cb2e7957faa2,3,4477.705534
2026/02/05/11:36:08,running-time,rs-004926-vxkkw,a7d335ea-8dfa-4f47-ab7e-cb2e7957faa2,3,4477.705534
2026/02/05/11:36:08,apply-time,rs-004926-zpg6z,d62eb3d3-e3aa-46fc-97ed-0e9c1560eece,3,4477.705534
2026/02/05/11:36:08,running-time,rs-004926-zpg6z,d62eb3d3-e3aa-46fc-97ed-0e9c1560eece,3,4477.705534
2026/02/05/11:36:09,apply-time,rs-004927-kbhds,a2dcb478-a138-487b-a675-5b9419f78cc4,1,4477.705534
2026/02/05/11:36:09,apply-time,rs-004928-px5n7,05e4e73a-5119-47bf-b9a2-ea0c018b3f3b,1,4477.705534
2026/02/05/11:36:09,running-time,rs-004928-px5n7,05e4e73a-5119-47bf-b9a2-ea0c018b3f3b,1,4477.705534
2026/02/05/11:36:09,apply-time,rs-004928-s97fm,97431c1d-99ae-4165-8247-37c098683146,1,4478.705534
2026/02/05/11:36:09,running-time,rs-004928-s97fm,97431c1d-99ae-4165-8247-37c098683146,1,4478.705534
2026/02/05/11:36:09,apply-time,rs-004929-87mjh,c4010251-6a15-4cd3-b542-fedb9f1fb7ca,3,4477.705534
2026/02/05/11:36:09,running-time,rs-004929-87mjh,c4010251-6a15-4cd3-b542-fedb9f1fb7ca,3,4477.705534
2026/02/05/11:36:09,apply-time,rs-004930-59zj9,484692b1-86d6-4acd-9a23-febe4e15485c,1,4477.705534
2026/02/05/11:36:09,apply-time,rs-004931-ptfnt,7fee84c3-9d02-43d1-849a-e0d1999148b7,3,4478.705534
2026/02/05/11:36:09,running-time,rs-004931-ptfnt,7fee84c3-9d02-43d1-849a-e0d1999148b7,3,4478.705534
2026/02/05/11:36:09,apply-time,rs-004931-vc657,1c8d5a48-a344-41da-95f8-9694667b7d6c,3,4478.705534
2026/02/05/11:36:09,running-time,rs-004931-vc657,1c8d5a48-a344-41da-95f8-9694667b7d6c,3,4478.705534
2026/02/05/11:36:11,running-time,rs-004924-h8hvm,c7196b87-3671-445b-9430-6e79fc89f2f7,4,4479.705534
2026/02/05/11:36:23,apply-time,rs-004932-n5257,84b001a9-9d04-4536-bdc2-9ecec3080168,4,4492.705534
2026/02/05/11:36:23,running-time,rs-004932-n5257,84b001a9-9d04-4536-bdc2-9ecec3080168,4,4492.705534
2026/02/05/11:36:23,apply-time,rs-004932-pqbkc,487324a6-641c-43e9-a81b-5f92554acac5,4,4492.705534
2026/02/05/11:36:23,running-time,rs-004932-pqbkc,487324a6-641c-43e9-a81b-5f92554acac5,4,4492.705534
2026/02/05/11:36:23,apply-time,rs-004932-zqvxd,941708f8-370c-4fcc-9fe9-a42e2b0e68a2,4,4492.705534
2026/02/05/11:36:23,running-time,rs-004932-zqvxd,941708f8-370c-4fcc-9fe9-a42e2b0e68a2,4,4492.705534
2026/02/05/11:36:23,apply-time,rs-004933-7lrxs,7076f123-5f17-4e60-a531-eb60dea60f62,1,4492.705534
2026/02/05/11:36:23,running-time,rs-004933-7lrxs,7076f123-5f17-4e60-a531-eb60dea60f62,1,4492.705534
2026/02/05/11:36:23,apply-time,rs-004933-lnj2c,0d8b8494-3186-4b09-a3a4-45f8fc154c3b,1,4492.705534
2026/02/05/11:36:23,running-time,rs-004933-lnj2c,0d8b8494-3186-4b09-a3a4-45f8fc154c3b,1,4492.705534
2026/02/05/11:36:23,apply-time,rs-004933-qzg8j,91a6f765-ebf0-4acb-88fd-6e1400af9a57,1,4492.705534
2026/02/05/11:36:23,running-time,rs-004933-qzg8j,91a6f765-ebf0-4acb-88fd-6e1400af9a57,1,4492.705534
2026/02/05/11:36:23,apply-time,rs-004934-c8f24,13d447eb-cde2-43b2-bb87-3f4183d40b31,1,4492.705534
2026/02/05/11:36:23,running-time,rs-004934-c8f24,13d447eb-cde2-43b2-bb87-3f4183d40b31,1,4492.705534
2026/02/05/11:36:23,apply-time,rs-004935-7gcd9,2ca07c9a-13a7-40bb-87a9-664e46a0f199,1,4492.705534
2026/02/05/11:36:23,running-time,rs-004935-7gcd9,2ca07c9a-13a7-40bb-87a9-664e46a0f199,1,4492.705534
2026/02/05/11:36:23,apply-time,rs-004935-cr64z,8ee722b5-7aed-4590-973a-78e0aa25a7a9,1,4492.705534
2026/02/05/11:36:23,running-time,rs-004935-cr64z,8ee722b5-7aed-4590-973a-78e0aa25a7a9,1,4492.705534
2026/02/05/11:36:23,apply-time,rs-004935-knjd7,f06bb77e-c69b-40ef-96e0-0805c2db994b,1,4492.705534
2026/02/05/11:36:23,running-time,rs-004935-knjd7,f06bb77e-c69b-40ef-96e0-0805c2db994b,1,4492.705534
2026/02/05/11:36:23,apply-time,rs-004936-spd6j,69cb6216-e743-4e95-bcb4-6e0e4c2c097e,1,4492.705534
2026/02/05/11:36:23,running-time,rs-004936-spd6j,69cb6216-e743-4e95-bcb4-6e0e4c2c097e,1,4492.705534
2026/02/05/11:36:23,apply-time,rs-004937-lbh7h,6514ac2f-050e-413c-8a02-dc3cb7f4b706,3,4492.705534
2026/02/05/11:36:23,running-time,rs-004937-lbh7h,6514ac2f-050e-413c-8a02-dc3cb7f4b706,3,4492.705534
2026/02/05/11:36:23,apply-time,rs-004938-2fkmr,1e39affc-9421-4ffa-bef3-badc5a933fa7,2,4492.705534
2026/02/05/11:36:23,running-time,rs-004938-2fkmr,1e39affc-9421-4ffa-bef3-badc5a933fa7,2,4492.705534
2026/02/05/11:36:23,apply-time,rs-004939-thk8t,6b2d1e3d-daf1-4d67-8f24-ceed6859fcd2,1,4492.705534
2026/02/05/11:36:23,running-time,rs-004939-thk8t,6b2d1e3d-daf1-4d67-8f24-ceed6859fcd2,1,4492.705534
2026/02/05/11:36:24,apply-time,rs-004936-mccgr,ec8488bf-0495-486d-a060-b7607b4740b0,1,4492.705534
2026/02/05/11:36:24,running-time,rs-004936-mccgr,ec8488bf-0495-486d-a060-b7607b4740b0,1,4493.705534
2026/02/05/11:36:24,apply-time,rs-004936-z8zsn,498467da-1363-461d-b499-7e496b547d80,1,4493.705534
2026/02/05/11:36:24,running-time,rs-004936-z8zsn,498467da-1363-461d-b499-7e496b547d80,1,4493.705534
2026/02/05/11:36:24,apply-time,rs-004937-6mpkw,fcf3274d-1c68-4900-8010-779171dea07c,3,4493.705534
2026/02/05/11:36:24,running-time,rs-004937-6mpkw,fcf3274d-1c68-4900-8010-779171dea07c,3,4493.705534
2026/02/05/11:36:24,apply-time,rs-004937-pvcq4,c16c325e-2781-4c20-bcfc-8e19bf3db2f1,3,4493.705534
2026/02/05/11:36:24,running-time,rs-004937-pvcq4,c16c325e-2781-4c20-bcfc-8e19bf3db2f1,3,4493.705534
2026/02/05/11:36:24,apply-time,rs-004938-n8cjg,1c4c58a3-4585-4a2b-b9c0-e565ab6c51e8,2,4492.705534
2026/02/05/11:36:24,running-time,rs-004938-n8cjg,1c4c58a3-4585-4a2b-b9c0-e565ab6c51e8,2,4492.705534
2026/02/05/11:36:24,apply-time,rs-004938-xf58d,aaf36e8a-91c3-43e5-bddb-a6bcad8538d4,2,4492.705534
2026/02/05/11:36:24,running-time,rs-004938-xf58d,aaf36e8a-91c3-43e5-bddb-a6bcad8538d4,2,4492.705534
2026/02/05/11:36:28,apply-time,rs-004940-968vv,84803e75-9277-4d15-a083-f5088a60ebd1,4,4497.705534
2026/02/05/11:36:28,apply-time,rs-004940-pf8w5,da966a55-3238-4c9f-bab9-46003b517d34,4,4497.705534
2026/02/05/11:36:28,apply-time,rs-004940-pggl4,52c0c057-0d3c-4d87-a22c-7acb7ea1515a,4,4497.705534
2026/02/05/11:36:29,running-time,rs-004940-968vv,84803e75-9277-4d15-a083-f5088a60ebd1,4,4497.705534
2026/02/05/11:36:29,running-time,rs-004940-pf8w5,da966a55-3238-4c9f-bab9-46003b517d34,4,4497.705534
2026/02/05/11:36:29,running-time,rs-004940-pggl4,52c0c057-0d3c-4d87-a22c-7acb7ea1515a,4,4497.705534
2026/02/05/11:36:30,apply-time,rs-004941-jshps,18e91ff9-1a93-46b8-823d-0f339af9b094,3,4499.705534
2026/02/05/11:36:30,running-time,rs-004941-jshps,18e91ff9-1a93-46b8-823d-0f339af9b094,3,4499.705534
2026/02/05/11:36:30,apply-time,rs-004942-sz69s,de9131ce-bcb5-45af-b750-3d5fb8440d92,3,4499.705534
2026/02/05/11:36:30,running-time,rs-004942-sz69s,de9131ce-bcb5-45af-b750-3d5fb8440d92,3,4499.705534
2026/02/05/11:36:34,apply-time,rs-004943-mjncj,ee88e9b1-4145-4bbe-b289-9ea64a1918cc,1,4503.705534
2026/02/05/11:36:34,running-time,rs-004943-mjncj,ee88e9b1-4145-4bbe-b289-9ea64a1918cc,1,4503.705534
2026/02/05/11:36:34,apply-time,rs-004944-88lj9,6e8fb9dd-7559-41a7-8962-0e4f04541c74,3,4503.705534
2026/02/05/11:36:34,running-time,rs-004944-88lj9,6e8fb9dd-7559-41a7-8962-0e4f04541c74,3,4503.705534
2026/02/05/11:36:34,apply-time,rs-004944-fr6xj,f0997e62-a5e6-44af-babb-79ae1827104b,3,4503.705534
2026/02/05/11:36:34,running-time,rs-004944-fr6xj,f0997e62-a5e6-44af-babb-79ae1827104b,3,4503.705534
2026/02/05/11:36:34,apply-time,rs-004944-n94g7,e0df000d-108b-4f15-88c8-d3f31f7a7705,3,4503.705534
2026/02/05/11:36:34,running-time,rs-004944-n94g7,e0df000d-108b-4f15-88c8-d3f31f7a7705,3,4503.705534
2026/02/05/11:36:34,apply-time,rs-004945-7rb7t,4b3e50f5-6f85-4ae8-a616-c88c69151ce8,1,4503.705534
2026/02/05/11:36:34,running-time,rs-004945-7rb7t,4b3e50f5-6f85-4ae8-a616-c88c69151ce8,1,4503.705534
2026/02/05/11:36:34,apply-time,rs-004945-9lbw4,74159758-570a-4a09-b52e-fd6fda5f7b48,1,4503.705534
2026/02/05/11:36:34,running-time,rs-004945-9lbw4,74159758-570a-4a09-b52e-fd6fda5f7b48,1,4503.705534
2026/02/05/11:36:34,apply-time,rs-004946-kmkd4,8f960476-f4cd-4622-adab-6e7e1ebd92de,2,4503.705534
2026/02/05/11:36:34,running-time,rs-004946-kmkd4,8f960476-f4cd-4622-adab-6e7e1ebd92de,2,4503.705534
2026/02/05/11:36:34,apply-time,rs-004947-bnjsp,8263fc08-8f31-4674-883a-9974738104f1,1,4503.705534
2026/02/05/11:36:34,running-time,rs-004947-bnjsp,8263fc08-8f31-4674-883a-9974738104f1,1,4503.705534
2026/02/05/11:36:34,apply-time,rs-004947-hnwmz,fb848c2e-9272-4959-a5dd-7fd8c9850fc2,1,4503.705534
2026/02/05/11:36:34,running-time,rs-004947-hnwmz,fb848c2e-9272-4959-a5dd-7fd8c9850fc2,1,4503.705534
2026/02/05/11:36:34,apply-time,rs-004947-zn5g4,1fe818ab-8832-43d2-844f-6922e232c2bc,1,4503.705534
2026/02/05/11:36:34,running-time,rs-004947-zn5g4,1fe818ab-8832-43d2-844f-6922e232c2bc,1,4503.705534
2026/02/05/11:36:34,apply-time,rs-004949-v5dlx,0e367413-3883-4a26-bb8a-b5e1e3d38049,1,4503.705534
2026/02/05/11:36:34,running-time,rs-004949-v5dlx,0e367413-3883-4a26-bb8a-b5e1e3d38049,1,4503.705534
2026/02/05/11:36:34,apply-time,rs-004949-wlgr2,10c04841-f445-4ada-a7b8-7b7f973dade5,1,4503.705534
2026/02/05/11:36:34,apply-time,rs-004950-l4btt,8f1605c9-d465-4791-a5b6-488c998014d9,3,4503.705534
2026/02/05/11:36:34,running-time,rs-004950-l4btt,8f1605c9-d465-4791-a5b6-488c998014d9,3,4503.705534
2026/02/05/11:36:35,apply-time,rs-004948-hh55h,0b375ec0-827b-476a-815d-8df59b9f020e,2,4504.705534
2026/02/05/11:36:35,running-time,rs-004948-hh55h,0b375ec0-827b-476a-815d-8df59b9f020e,2,4504.705534
2026/02/05/11:36:35,apply-time,rs-004948-tr25s,a54bc088-5dda-4b3a-a808-ebc14b3be002,2,4503.705534
2026/02/05/11:36:35,running-time,rs-004948-tr25s,a54bc088-5dda-4b3a-a808-ebc14b3be002,2,4504.705534
2026/02/05/11:36:35,running-time,rs-004949-wlgr2,10c04841-f445-4ada-a7b8-7b7f973dade5,1,4503.705534
2026/02/05/11:36:35,apply-time,rs-004951-fnpwn,e706f335-fbb8-4a23-883e-a1d44881e7cb,4,4504.705534
2026/02/05/11:36:35,running-time,rs-004951-fnpwn,e706f335-fbb8-4a23-883e-a1d44881e7cb,4,4504.705534
2026/02/05/11:36:35,apply-time,rs-004951-vcdvg,76c0847e-2145-4ff3-b458-c5595ae1f830,4,4503.705534
2026/02/05/11:36:35,running-time,rs-004951-vcdvg,76c0847e-2145-4ff3-b458-c5595ae1f830,4,4504.705534
2026/02/05/11:36:40,apply-time,rs-004952-pwj9r,81eba0e3-c141-4e43-87f5-b07ec6d2b5d6,2,4509.705534
2026/02/05/11:36:40,running-time,rs-004952-pwj9r,81eba0e3-c141-4e43-87f5-b07ec6d2b5d6,2,4509.705534
2026/02/05/11:36:40,apply-time,rs-004953-bvhxs,8e925722-3cbf-48cf-8595-7853f8ca40ba,3,4509.705534
2026/02/05/11:36:40,running-time,rs-004953-bvhxs,8e925722-3cbf-48cf-8595-7853f8ca40ba,3,4509.705534
2026/02/05/11:36:40,apply-time,rs-004954-sb794,731d5c2d-6c90-4384-bcb4-2fae03bb4809,1,4509.705534
2026/02/05/11:36:40,running-time,rs-004954-sb794,731d5c2d-6c90-4384-bcb4-2fae03bb4809,1,4509.705534
2026/02/05/11:36:40,apply-time,rs-004955-6cf8k,be68413f-bb2e-4f56-bc45-1c9637ba8172,4,4509.705534
2026/02/05/11:36:40,running-time,rs-004955-6cf8k,be68413f-bb2e-4f56-bc45-1c9637ba8172,4,4509.705534
2026/02/05/11:36:41,apply-time,rs-004956-69nfx,be737ca7-c11b-474b-950d-ca19862fae61,3,4509.705534
2026/02/05/11:36:41,running-time,rs-004956-69nfx,be737ca7-c11b-474b-950d-ca19862fae61,3,4510.705534
2026/02/05/11:36:41,apply-time,rs-004956-rhsv5,7fe0388d-5a22-4f9d-b28e-d55389a90393,3,4509.705534
2026/02/05/11:36:41,running-time,rs-004956-rhsv5,7fe0388d-5a22-4f9d-b28e-d55389a90393,3,4510.705534
2026/02/05/11:36:41,apply-time,rs-004956-szplk,8067a7c6-9152-47b8-b0d6-af75faf47da6,3,4509.705534
2026/02/05/11:36:41,running-time,rs-004956-szplk,8067a7c6-9152-47b8-b0d6-af75faf47da6,3,4509.705534
2026/02/05/11:36:41,apply-time,rs-004957-gkqnd,b500ba31-df0a-4273-84e9-3554b0fd3629,1,4509.705534
2026/02/05/11:36:41,running-time,rs-004957-gkqnd,b500ba31-df0a-4273-84e9-3554b0fd3629,1,4509.705534
2026/02/05/11:36:41,apply-time,rs-004957-tgphl,415d20be-4d6a-45ef-854d-012d082c3008,1,4509.705534
2026/02/05/11:36:41,running-time,rs-004957-tgphl,415d20be-4d6a-45ef-854d-012d082c3008,1,4509.705534
2026/02/05/11:36:41,apply-time,rs-004958-8j8k2,da7fb434-fbfc-4827-9ab4-5bb415acbc2f,2,4509.705534
2026/02/05/11:36:41,apply-time,rs-004959-8kkfr,8ca7be44-47a5-42de-aebb-bc718b55869e,1,4510.705534
2026/02/05/11:36:41,running-time,rs-004959-8kkfr,8ca7be44-47a5-42de-aebb-bc718b55869e,1,4510.705534
2026/02/05/11:36:41,apply-time,rs-004960-5nc4x,39b17811-d45d-4748-800f-1e70d0a6ba32,1,4510.705534
2026/02/05/11:36:41,running-time,rs-004960-5nc4x,39b17811-d45d-4748-800f-1e70d0a6ba32,1,4510.705534
2026/02/05/11:36:41,apply-time,rs-004960-c98jf,dca67dc3-0c4b-46aa-8c14-8b042c6925be,1,4510.705534
2026/02/05/11:36:41,apply-time,rs-004961-jnns9,5bad7907-aec1-48d4-b9de-62cd79c529bd,2,4510.705534
2026/02/05/11:36:42,running-time,rs-004960-c98jf,dca67dc3-0c4b-46aa-8c14-8b042c6925be,1,4510.705534
2026/02/05/11:36:42,apply-time,rs-004961-2hvcg,ceae5951-dc88-4782-b7f1-fd79dac9b732,2,4510.705534
2026/02/05/11:36:42,apply-time,rs-004962-qg57h,5d18ad06-5905-4941-9bfb-22df00de8af1,1,4510.705534
2026/02/05/11:36:42,running-time,rs-004962-qg57h,5d18ad06-5905-4941-9bfb-22df00de8af1,1,4510.705534
2026/02/05/11:36:42,apply-time,rs-004963-jkmpd,1cb7df7f-9c1a-405f-a746-b9c6241128c8,2,4511.705534
2026/02/05/11:36:42,running-time,rs-004963-jkmpd,1cb7df7f-9c1a-405f-a746-b9c6241128c8,2,4511.705534
2026/02/05/11:36:42,apply-time,rs-004963-t2kp7,5a006e67-e57b-4c21-8632-693c173abc9a,2,4511.705534
2026/02/05/11:36:42,running-time,rs-004963-t2kp7,5a006e67-e57b-4c21-8632-693c173abc9a,2,4511.705534
2026/02/05/11:36:42,apply-time,rs-004964-qrpfd,e94f94a0-0df2-4287-9b8b-3bb66fe5317a,3,4511.705534
2026/02/05/11:36:42,running-time,rs-004964-qrpfd,e94f94a0-0df2-4287-9b8b-3bb66fe5317a,3,4511.705534
2026/02/05/11:36:42,apply-time,rs-004965-76rtg,0382d1a2-d73a-4d5b-9627-03271aeb6fe3,1,4511.705534
2026/02/05/11:36:42,apply-time,rs-004966-96k6n,6fa31de6-836b-469c-a6df-ec37a1fde6a4,1,4511.705534
2026/02/05/11:36:42,apply-time,rs-004967-7bmhk,af349d32-2657-4731-83f3-a87ff33b4476,3,4511.705534
2026/02/05/11:36:42,running-time,rs-004967-7bmhk,af349d32-2657-4731-83f3-a87ff33b4476,3,4511.705534
2026/02/05/11:36:42,apply-time,rs-004968-t5ptf,03b26c8d-0ee0-4a8b-aeaf-f0b2aa50b27a,3,4511.705534
2026/02/05/11:36:42,running-time,rs-004968-t5ptf,03b26c8d-0ee0-4a8b-aeaf-f0b2aa50b27a,3,4511.705534
2026/02/05/11:36:43,running-time,rs-004965-76rtg,0382d1a2-d73a-4d5b-9627-03271aeb6fe3,1,4512.705534
2026/02/05/11:36:43,apply-time,rs-004969-x759v,d151c5b8-8777-4cd6-8fdd-1ac74d15b205,2,4511.705534
2026/02/05/11:36:43,running-time,rs-004969-x759v,d151c5b8-8777-4cd6-8fdd-1ac74d15b205,2,4511.705534
2026/02/05/11:36:43,apply-time,rs-004970-nrf4r,f6dd83da-c62a-4d9b-b41c-865d00efb1f9,4,4512.705534
2026/02/05/11:36:43,running-time,rs-004970-nrf4r,f6dd83da-c62a-4d9b-b41c-865d00efb1f9,4,4512.705534
2026/02/05/11:36:43,apply-time,rs-004971-t6wc5,423f2066-acc0-4121-be3f-ed1fcc8684f6,3,4511.705534
2026/02/05/11:36:43,running-time,rs-004971-t6wc5,423f2066-acc0-4121-be3f-ed1fcc8684f6,3,4512.705534
2026/02/05/11:36:43,apply-time,rs-004972-p68kb,69929b18-1a99-4308-a8cb-24fdd773e9f8,1,4512.705534
2026/02/05/11:36:43,running-time,rs-004972-p68kb,69929b18-1a99-4308-a8cb-24fdd773e9f8,1,4512.705534
2026/02/05/11:36:43,apply-time,rs-004973-pr5ff,07d1db52-3843-4336-bb91-3833bf160094,4,4512.705534
2026/02/05/11:36:43,running-time,rs-004973-pr5ff,07d1db52-3843-4336-bb91-3833bf160094,4,4512.705534
2026/02/05/11:36:44,running-time,rs-004961-2hvcg,ceae5951-dc88-4782-b7f1-fd79dac9b732,2,4513.705534
2026/02/05/11:36:44,running-time,rs-004961-jnns9,5bad7907-aec1-48d4-b9de-62cd79c529bd,2,4513.705534
2026/02/05/11:36:45,apply-time,rs-004974-hf9t9,d43d475d-6390-4eaa-a5ca-a628a9cdee94,3,4514.705534
2026/02/05/11:36:45,running-time,rs-004974-hf9t9,d43d475d-6390-4eaa-a5ca-a628a9cdee94,3,4514.705534
2026/02/05/11:36:45,apply-time,rs-004974-wqswf,d838d13f-0c7a-4dbc-98d3-a03aeede1c3c,3,4514.705534
2026/02/05/11:36:45,running-time,rs-004974-wqswf,d838d13f-0c7a-4dbc-98d3-a03aeede1c3c,3,4514.705534
2026/02/05/11:36:45,apply-time,rs-004974-xbbkk,b565cfd5-527d-4f19-8d7c-e01306d74413,3,4514.705534
2026/02/05/11:36:45,apply-time,rs-004975-lthrd,3aa9f8f0-3712-4097-9dfd-a117d1760b88,2,4514.705534
2026/02/05/11:36:45,running-time,rs-004975-lthrd,3aa9f8f0-3712-4097-9dfd-a117d1760b88,2,4514.705534
2026/02/05/11:36:46,running-time,rs-004974-xbbkk,b565cfd5-527d-4f19-8d7c-e01306d74413,3,4514.705534
2026/02/05/11:36:46,apply-time,rs-004976-hb2xb,0022fa74-d6b0-4157-8205-48e491893c2b,1,4515.705534
2026/02/05/11:36:46,running-time,rs-004976-hb2xb,0022fa74-d6b0-4157-8205-48e491893c2b,1,4515.705534
2026/02/05/11:36:46,apply-time,rs-004977-4s578,716de83e-d6c3-4f9a-8cae-3db229883766,4,4515.705534
2026/02/05/11:36:46,running-time,rs-004977-4s578,716de83e-d6c3-4f9a-8cae-3db229883766,4,4515.705534
2026/02/05/11:36:46,apply-time,rs-004978-rcpl8,8fa903b6-158c-4350-a1f7-fe1247f7f28b,1,4515.705534
2026/02/05/11:36:46,running-time,rs-004978-rcpl8,8fa903b6-158c-4350-a1f7-fe1247f7f28b,1,4515.705534
2026/02/05/11:36:50,apply-time,rs-004979-5mnmf,11af3c4a-d4c7-4d36-93c3-37ed9551b0a6,4,4519.705534
2026/02/05/11:36:50,running-time,rs-004979-5mnmf,11af3c4a-d4c7-4d36-93c3-37ed9551b0a6,4,4519.705534
2026/02/05/11:36:50,apply-time,rs-004979-s62l2,35e9fd34-27d3-4f4d-b82f-87a724fa3b24,4,4519.705534
2026/02/05/11:36:50,running-time,rs-004979-s62l2,35e9fd34-27d3-4f4d-b82f-87a724fa3b24,4,4519.705534
2026/02/05/11:36:50,apply-time,rs-004979-wfwf4,a3da6cce-5f46-46bc-88cf-fa538be82271,4,4519.705534
2026/02/05/11:36:50,running-time,rs-004979-wfwf4,a3da6cce-5f46-46bc-88cf-fa538be82271,4,4519.705534
2026/02/05/11:36:50,apply-time,rs-004980-6pnnc,7e53d34c-b16d-489e-be4c-51907eae20c7,4,4519.705534
2026/02/05/11:36:50,running-time,rs-004980-6pnnc,7e53d34c-b16d-489e-be4c-51907eae20c7,4,4519.705534
2026/02/05/11:36:50,apply-time,rs-004981-5tk9k,c9d97a16-fb52-4993-80c4-cc8d2a504877,1,4519.705534
2026/02/05/11:36:50,running-time,rs-004981-5tk9k,c9d97a16-fb52-4993-80c4-cc8d2a504877,1,4519.705534
2026/02/05/11:36:54,apply-time,rs-004982-72rds,aa4d1b1d-e21c-4053-bf7e-5c3041b5cde7,2,4523.705534
2026/02/05/11:36:54,apply-time,rs-004982-8cbws,4de60462-e35f-4b55-aa80-67866bc0b331,2,4523.705534
2026/02/05/11:36:54,apply-time,rs-004983-nmr47,85ed9f75-39a8-4cc6-8b33-87c284ad53a9,4,4523.705534
2026/02/05/11:36:54,running-time,rs-004983-nmr47,85ed9f75-39a8-4cc6-8b33-87c284ad53a9,4,4523.705534
2026/02/05/11:36:54,apply-time,rs-004983-wzsqk,61bc17f2-5de9-4451-aa7f-04befba1ba2f,4,4523.705534
2026/02/05/11:36:54,running-time,rs-004983-wzsqk,61bc17f2-5de9-4451-aa7f-04befba1ba2f,4,4523.705534
2026/02/05/11:36:54,apply-time,rs-004983-xkx6f,ebefb235-f5ef-4cf5-9be0-7ca07cf1c0f9,4,4523.705534
2026/02/05/11:36:54,running-time,rs-004983-xkx6f,ebefb235-f5ef-4cf5-9be0-7ca07cf1c0f9,4,4523.705534
2026/02/05/11:36:54,apply-time,rs-004984-5l64s,0a2d4bf9-f6de-432d-85ac-d7a9a26d8b12,1,4523.705534
2026/02/05/11:36:54,running-time,rs-004984-5l64s,0a2d4bf9-f6de-432d-85ac-d7a9a26d8b12,1,4523.705534
2026/02/05/11:36:54,apply-time,rs-004984-dtgqn,9f754ced-9279-4c68-ad62-04d8a5455473,1,4523.705534
2026/02/05/11:36:54,running-time,rs-004984-dtgqn,9f754ced-9279-4c68-ad62-04d8a5455473,1,4523.705534
2026/02/05/11:36:54,apply-time,rs-004985-vvvkn,49eea178-edb0-4788-9c0e-9685312f9a8f,4,4523.705534
2026/02/05/11:36:54,running-time,rs-004985-vvvkn,49eea178-edb0-4788-9c0e-9685312f9a8f,4,4523.705534
2026/02/05/11:36:55,running-time,rs-004982-72rds,aa4d1b1d-e21c-4053-bf7e-5c3041b5cde7,2,4524.705534
2026/02/05/11:36:55,running-time,rs-004982-8cbws,4de60462-e35f-4b55-aa80-67866bc0b331,2,4524.705534
2026/02/05/11:36:56,apply-time,rs-004986-22v6l,9841217e-af3d-4dfa-9c14-3290c4f7c727,2,4524.705534
2026/02/05/11:36:56,apply-time,rs-004986-khwnd,041775aa-3c85-4409-baa8-5b96c5351ebf,2,4524.705534
2026/02/05/11:36:56,running-time,rs-004986-khwnd,041775aa-3c85-4409-baa8-5b96c5351ebf,2,4525.705534
2026/02/05/11:36:57,apply-time,rs-004987-5hgd9,4b8de81e-0ddb-4b17-b479-dfa576293dbd,2,4525.705534
2026/02/05/11:36:57,running-time,rs-004987-5hgd9,4b8de81e-0ddb-4b17-b479-dfa576293dbd,2,4526.705534
2026/02/05/11:36:57,apply-time,rs-004987-dh526,3d9e80fb-da24-4e6c-9f0f-43cdf2703f9f,2,4525.705534
2026/02/05/11:36:57,running-time,rs-004987-dh526,3d9e80fb-da24-4e6c-9f0f-43cdf2703f9f,2,4525.705534
2026/02/05/11:36:57,apply-time,rs-004988-r6k6n,48920c03-673f-49c7-aba1-48f3b5191746,1,4525.705534
2026/02/05/11:36:57,running-time,rs-004988-r6k6n,48920c03-673f-49c7-aba1-48f3b5191746,1,4526.705534
2026/02/05/11:37:11,apply-time,rs-004989-4kk5c,61607f13-156f-44ca-9b84-ca99cb24b899,2,4540.705534
2026/02/05/11:37:11,running-time,rs-004989-4kk5c,61607f13-156f-44ca-9b84-ca99cb24b899,2,4540.705534
2026/02/05/11:37:11,apply-time,rs-004989-8h82n,c624377d-fa1e-42e0-b598-9f0e695d007f,2,4540.705534
2026/02/05/11:37:11,running-time,rs-004989-8h82n,c624377d-fa1e-42e0-b598-9f0e695d007f,2,4540.705534
2026/02/05/11:37:27,apply-time,rs-004990-zpv22,810bc5ec-fade-4d78-aba5-999690fef6af,2,4556.705534
2026/02/05/11:37:27,running-time,rs-004990-zpv22,810bc5ec-fade-4d78-aba5-999690fef6af,2,4556.705534
2026/02/05/11:37:27,apply-time,rs-004991-nl7rg,e8fdf8f3-a361-47d6-8f32-0fecf5232249,1,4556.705534
2026/02/05/11:37:27,running-time,rs-004991-nl7rg,e8fdf8f3-a361-47d6-8f32-0fecf5232249,1,4556.705534
2026/02/05/11:37:35,apply-time,rs-004992-h6qhg,412c0e70-94e7-4bc4-8650-b79cde14d766,1,4563.705534
2026/02/05/11:37:35,running-time,rs-004992-h6qhg,412c0e70-94e7-4bc4-8650-b79cde14d766,1,4564.705534
2026/02/05/11:37:35,apply-time,rs-004992-pvdph,b8d8a5d5-079d-4338-ad5b-c53a85ffdc6a,1,4563.705534
2026/02/05/11:37:35,running-time,rs-004992-pvdph,b8d8a5d5-079d-4338-ad5b-c53a85ffdc6a,1,4563.705534
2026/02/05/11:37:35,apply-time,rs-004993-d6dq5,c2bbfe47-8809-41af-bbd7-a33dc836eecd,2,4564.705534
2026/02/05/11:37:35,running-time,rs-004993-d6dq5,c2bbfe47-8809-41af-bbd7-a33dc836eecd,2,4564.705534
2026/02/05/11:37:35,apply-time,rs-004993-vtxjs,c60fbe7a-e32d-47f4-9e0e-8f5675aa8fe5,2,4564.705534
2026/02/05/11:37:35,running-time,rs-004993-vtxjs,c60fbe7a-e32d-47f4-9e0e-8f5675aa8fe5,2,4564.705534
2026/02/05/11:37:36,apply-time,rs-004994-99k97,6ebc4f53-4605-40b3-8c60-b7f9eb750f74,2,4565.705534
2026/02/05/11:37:36,running-time,rs-004994-99k97,6ebc4f53-4605-40b3-8c60-b7f9eb750f74,2,4565.705534
2026/02/05/11:37:36,apply-time,rs-004994-tq2h2,9743442c-6464-4dd3-9ed4-077922e1454c,2,4565.705534
2026/02/05/11:37:36,running-time,rs-004994-tq2h2,9743442c-6464-4dd3-9ed4-077922e1454c,2,4565.705534
2026/02/05/11:37:36,apply-time,rs-004995-8lm6r,d46e25a1-0d6f-41fa-b4d7-b6a9699aafcf,1,4565.705534
2026/02/05/11:37:36,running-time,rs-004995-8lm6r,d46e25a1-0d6f-41fa-b4d7-b6a9699aafcf,1,4565.705534
2026/02/05/11:37:36,apply-time,rs-004995-jlzkr,a3f14f75-df51-4bf7-ab6f-a69ebab2fc6f,1,4565.705534
2026/02/05/11:37:36,running-time,rs-004995-jlzkr,a3f14f75-df51-4bf7-ab6f-a69ebab2fc6f,1,4565.705534
2026/02/05/11:37:36,apply-time,rs-004995-k7bmn,7a61f84b-aa27-49de-a2c6-e3d22088142a,1,4565.705534
2026/02/05/11:37:36,running-time,rs-004995-k7bmn,7a61f84b-aa27-49de-a2c6-e3d22088142a,1,4565.705534
2026/02/05/11:37:36,apply-time,rs-004996-dq2pd,df73290d-395b-41dd-a70f-170caebdbf4b,4,4565.705534
2026/02/05/11:37:36,running-time,rs-004996-dq2pd,df73290d-395b-41dd-a70f-170caebdbf4b,4,4565.705534
2026/02/05/11:37:36,apply-time,rs-004996-r2t2b,4a24cbfe-a2ea-44b7-bda3-1b5da4616ac0,4,4565.705534
2026/02/05/11:37:36,running-time,rs-004996-r2t2b,4a24cbfe-a2ea-44b7-bda3-1b5da4616ac0,4,4565.705534
2026/02/05/11:37:36,apply-time,rs-004996-sdvn9,80500126-a2ea-4899-8886-2e583cf1f015,4,4565.705534
2026/02/05/11:37:36,running-time,rs-004996-sdvn9,80500126-a2ea-4899-8886-2e583cf1f015,4,4565.705534
2026/02/05/11:37:36,apply-time,rs-004997-npn52,75bb8129-ace3-4bfe-aba0-f13f5d92d352,3,4565.705534
2026/02/05/11:37:36,running-time,rs-004997-npn52,75bb8129-ace3-4bfe-aba0-f13f5d92d352,3,4565.705534
2026/02/05/11:37:36,apply-time,rs-004997-nq8nh,ee06e49e-bd19-45bf-b1b7-f1e7882c8922,3,4565.705534
2026/02/05/11:37:36,running-time,rs-004997-nq8nh,ee06e49e-bd19-45bf-b1b7-f1e7882c8922,3,4565.705534
2026/02/05/11:37:48,apply-time,rs-004998-8p5fj,b36711f2-18e5-4a07-bfab-89c6d49b44cf,1,4577.705534
2026/02/05/11:37:48,running-time,rs-004998-8p5fj,b36711f2-18e5-4a07-bfab-89c6d49b44cf,1,4577.705534
2026/02/05/11:37:49,apply-time,rs-004999-595mq,fb540dec-31fa-4497-9904-496df74a3b7e,1,4578.705534
2026/02/05/11:37:49,running-time,rs-004999-595mq,fb540dec-31fa-4497-9904-496df74a3b7e,1,4578.705534
2026/02/05/11:37:49,apply-time,rs-004999-c9v2s,cf604087-8f71-41c2-b564-f59c2fd2c6c0,1,4578.705534
2026/02/05/11:37:49,running-time,rs-004999-c9v2s,cf604087-8f71-41c2-b564-f59c2fd2c6c0,1,4578.705534
2026/02/05/11:37:49,apply-time,rs-004999-gj5qw,248f0e0b-53db-41d6-8876-8f5027fd0ffb,1,4578.705534
2026/02/05/11:37:49,running-time,rs-004999-gj5qw,248f0e0b-53db-41d6-8876-8f5027fd0ffb,1,4578.705534
2026/02/05/11:37:50,apply-time,rs-005000-6qnjd,ded0d697-7485-4a1c-974b-1643f2005e60,1,4579.705534
2026/02/05/11:37:50,running-time,rs-005000-6qnjd,ded0d697-7485-4a1c-974b-1643f2005e60,1,4579.705534
2026/02/05/11:37:50,apply-time,rs-005000-rgtvc,8559791f-a708-4567-97d8-e5af6c1c2070,1,4579.705534
2026/02/05/11:37:50,running-time,rs-005000-rgtvc,8559791f-a708-4567-97d8-e5af6c1c2070,1,4579.705534
2026/02/05/11:37:50,apply-time,rs-005001-6p8k2,8962ef44-754b-4e00-bef1-12cfc08553b3,2,4579.705534
2026/02/05/11:37:50,running-time,rs-005001-6p8k2,8962ef44-754b-4e00-bef1-12cfc08553b3,2,4579.705534
2026/02/05/11:37:50,apply-time,rs-005001-bhhn4,f643684a-ec75-4d29-b5f1-cafa8c13a3f3,2,4579.705534
2026/02/05/11:37:50,running-time,rs-005001-bhhn4,f643684a-ec75-4d29-b5f1-cafa8c13a3f3,2,4579.705534
2026/02/05/11:37:50,apply-time,rs-005002-567s9,36e1d190-2b9d-4c94-bd8e-655b189c9521,3,4579.705534
2026/02/05/11:37:50,running-time,rs-005002-567s9,36e1d190-2b9d-4c94-bd8e-655b189c9521,3,4579.705534
2026/02/05/11:37:50,apply-time,rs-005002-6wck8,c75ac103-8082-46ad-bba5-426feea06a51,3,4579.705534
2026/02/05/11:37:50,running-time,rs-005002-6wck8,c75ac103-8082-46ad-bba5-426feea06a51,3,4579.705534
2026/02/05/11:37:50,apply-time,rs-005003-8bqnn,a235c6b3-2eab-442f-a92a-c00b30cc5406,1,4579.705534
2026/02/05/11:37:50,running-time,rs-005003-8bqnn,a235c6b3-2eab-442f-a92a-c00b30cc5406,1,4579.705534
2026/02/05/11:37:55,apply-time,rs-005004-4qfhf,f7afd1a5-9554-4b09-a4af-40c5383a2601,2,4584.705534
2026/02/05/11:37:55,running-time,rs-005004-4qfhf,f7afd1a5-9554-4b09-a4af-40c5383a2601,2,4584.705534
2026/02/05/11:37:55,apply-time,rs-005004-c5lsh,9252d494-b2a9-4382-b9f4-cbdd363bea12,2,4584.705534
2026/02/05/11:37:55,running-time,rs-005004-c5lsh,9252d494-b2a9-4382-b9f4-cbdd363bea12,2,4584.705534
2026/02/05/11:37:57,apply-time,rs-005005-6ft6k,6e92bc80-125c-44e4-958f-abbe9cf1984a,4,4586.705534
2026/02/05/11:37:57,running-time,rs-005005-6ft6k,6e92bc80-125c-44e4-958f-abbe9cf1984a,4,4586.705534
2026/02/05/11:37:57,apply-time,rs-005005-d44sj,4c3f2a53-c5c1-4dc7-b9da-fa37853a6a5c,4,4586.705534
2026/02/05/11:37:57,running-time,rs-005005-d44sj,4c3f2a53-c5c1-4dc7-b9da-fa37853a6a5c,4,4586.705534
2026/02/05/11:37:57,apply-time,rs-005006-flqc5,c9271d56-fcb9-4225-a120-14640192e28e,2,4586.705534
2026/02/05/11:37:57,running-time,rs-005006-flqc5,c9271d56-fcb9-4225-a120-14640192e28e,2,4586.705534
2026/02/05/11:37:57,apply-time,rs-005007-8n4l7,72d17393-cc2a-4603-9482-b6c3f187059d,4,4586.705534
2026/02/05/11:37:57,running-time,rs-005007-8n4l7,72d17393-cc2a-4603-9482-b6c3f187059d,4,4586.705534
2026/02/05/11:37:57,apply-time,rs-005007-fgz4x,48447e1e-e4d8-4014-be67-4a275999c529,4,4586.705534
2026/02/05/11:37:57,running-time,rs-005007-fgz4x,48447e1e-e4d8-4014-be67-4a275999c529,4,4586.705534
2026/02/05/11:37:57,apply-time,rs-005007-ttrgk,461e4169-1bcf-4c3b-ae9a-3e0028be81f7,4,4586.705534
2026/02/05/11:37:57,running-time,rs-005007-ttrgk,461e4169-1bcf-4c3b-ae9a-3e0028be81f7,4,4586.705534
2026/02/05/11:38:01,apply-time,rs-005008-56r9s,dc21bbb6-1087-4e98-bf00-ff00705be69f,2,4590.705534
2026/02/05/11:38:01,running-time,rs-005008-56r9s,dc21bbb6-1087-4e98-bf00-ff00705be69f,2,4590.705534
2026/02/05/11:38:01,apply-time,rs-005008-8lxh4,77bd26a3-e307-46f3-9784-5929b00f01f5,2,4590.705534
2026/02/05/11:38:01,running-time,rs-005008-8lxh4,77bd26a3-e307-46f3-9784-5929b00f01f5,2,4590.705534
2026/02/05/11:38:02,apply-time,rs-005009-c22nq,92579f1e-93bc-4ddd-9141-10ef86f1e9db,2,4591.705534
2026/02/05/11:38:02,running-time,rs-005009-c22nq,92579f1e-93bc-4ddd-9141-10ef86f1e9db,2,4591.705534
2026/02/05/11:38:02,apply-time,rs-005009-nk7h8,e5801e67-9b14-42fe-8ed8-9998f025f80b,2,4591.705534
2026/02/05/11:38:02,running-time,rs-005009-nk7h8,e5801e67-9b14-42fe-8ed8-9998f025f80b,2,4591.705534
2026/02/05/11:38:02,apply-time,rs-005009-rxvl5,f0ac8718-a891-4193-ba45-91806f1ac2a9,2,4591.705534
2026/02/05/11:38:02,running-time,rs-005009-rxvl5,f0ac8718-a891-4193-ba45-91806f1ac2a9,2,4591.705534
2026/02/05/11:38:02,apply-time,rs-005010-7brdp,59a7310f-d21d-4898-a0fe-d089cfe8f777,1,4591.705534
2026/02/05/11:38:02,running-time,rs-005010-7brdp,59a7310f-d21d-4898-a0fe-d089cfe8f777,1,4591.705534
2026/02/05/11:38:02,apply-time,rs-005010-b6j2n,d1f1b613-7a38-42ab-9a18-35b3f29c79e4,1,4591.705534
2026/02/05/11:38:02,running-time,rs-005010-b6j2n,d1f1b613-7a38-42ab-9a18-35b3f29c79e4,1,4591.705534
2026/02/05/11:38:02,apply-time,rs-005010-m24fd,748d0861-2209-46d9-b234-4f57437e3f46,1,4591.705534
2026/02/05/11:38:02,running-time,rs-005010-m24fd,748d0861-2209-46d9-b234-4f57437e3f46,1,4591.705534
2026/02/05/11:38:03,apply-time,rs-005011-h4cx9,17a7fd45-5f0a-4345-9be8-815a5a20ca70,4,4592.705534
2026/02/05/11:38:03,running-time,rs-005011-h4cx9,17a7fd45-5f0a-4345-9be8-815a5a20ca70,4,4592.705534
2026/02/05/11:38:03,apply-time,rs-005011-lf8v4,f34f9e0f-ac13-4460-be39-598c7d8d5297,4,4592.705534
2026/02/05/11:38:03,running-time,rs-005011-lf8v4,f34f9e0f-ac13-4460-be39-598c7d8d5297,4,4592.705534
2026/02/05/11:38:03,apply-time,rs-005012-hqhks,ab9c692a-0c1b-49ef-ab47-c90b7ecea3f3,1,4592.705534
2026/02/05/11:38:03,running-time,rs-005012-hqhks,ab9c692a-0c1b-49ef-ab47-c90b7ecea3f3,1,4592.705534
2026/02/05/11:38:03,apply-time,rs-005012-xk285,b44f2b82-ff55-4abe-bf89-e53a0dc1854f,1,4592.705534
2026/02/05/11:38:03,running-time,rs-005012-xk285,b44f2b82-ff55-4abe-bf89-e53a0dc1854f,1,4592.705534
2026/02/05/11:38:03,apply-time,rs-005013-gtj66,bbafce9e-24f2-48f4-9960-8ec00066b518,2,4592.705534
2026/02/05/11:38:03,apply-time,rs-005013-ksxpf,e681cf4b-d8d8-454e-b341-3d28702eee61,2,4592.705534
2026/02/05/11:38:03,apply-time,rs-005014-2tf4p,9741b6ed-91c9-49d8-8a59-4cac3ede59c9,3,4592.705534
2026/02/05/11:38:03,apply-time,rs-005014-t7cgv,64c4dc87-8a0a-476a-9505-b785ba9c9c73,3,4592.705534
2026/02/05/11:38:03,running-time,rs-005014-t7cgv,64c4dc87-8a0a-476a-9505-b785ba9c9c73,3,4592.705534
2026/02/05/11:38:03,apply-time,rs-005015-tnmgz,8fe791f5-fea4-4b30-a1fc-07113825256a,3,4592.705534
2026/02/05/11:38:03,running-time,rs-005015-tnmgz,8fe791f5-fea4-4b30-a1fc-07113825256a,3,4592.705534
2026/02/05/11:38:04,running-time,rs-005013-ksxpf,e681cf4b-d8d8-454e-b341-3d28702eee61,2,4593.705534
2026/02/05/11:38:04,apply-time,rs-005016-9h8nf,c5e300b5-b0c8-4bab-8cbe-41d06a655138,3,4592.705534
2026/02/05/11:38:04,running-time,rs-005016-9h8nf,c5e300b5-b0c8-4bab-8cbe-41d06a655138,3,4592.705534
2026/02/05/11:38:05,running-time,rs-005013-gtj66,bbafce9e-24f2-48f4-9960-8ec00066b518,2,4594.705534
2026/02/05/11:38:06,apply-time,rs-005017-9bxtf,c6e7dc33-f164-4023-9dff-a012707b791b,2,4595.705534
2026/02/05/11:38:06,running-time,rs-005017-9bxtf,c6e7dc33-f164-4023-9dff-a012707b791b,2,4595.705534
2026/02/05/11:38:06,apply-time,rs-005017-h8ttg,d06ca3d1-525a-4569-9042-d4a1060cc91f,2,4595.705534
2026/02/05/11:38:06,running-time,rs-005017-h8ttg,d06ca3d1-525a-4569-9042-d4a1060cc91f,2,4595.705534
2026/02/05/11:38:06,apply-time,rs-005017-kvpxd,67e26da7-ffa9-41bb-98d3-050d0364022e,2,4595.705534
2026/02/05/11:38:06,running-time,rs-005017-kvpxd,67e26da7-ffa9-41bb-98d3-050d0364022e,2,4595.705534
2026/02/05/11:38:06,apply-time,rs-005018-cfh6v,94a25577-9b3c-4910-bc33-a482030db65e,2,4595.705534
2026/02/05/11:38:06,apply-time,rs-005019-qvp6z,2a21f8b8-9cfc-4e4e-bb93-4a228ddf1d46,1,4595.705534
2026/02/05/11:38:06,running-time,rs-005019-qvp6z,2a21f8b8-9cfc-4e4e-bb93-4a228ddf1d46,1,4595.705534
2026/02/05/11:38:06,apply-time,rs-005020-5znw2,8a8bb539-c0b7-4ddc-a95d-909edac6a5ca,4,4595.705534
2026/02/05/11:38:06,apply-time,rs-005020-gsshd,553499ca-0763-4a24-ba07-a90d422c0f2c,4,4595.705534
2026/02/05/11:38:06,apply-time,rs-005020-vr45p,8854b68f-21e2-494c-bf4a-e84748cc1062,4,4595.705534
2026/02/05/11:38:06,running-time,rs-005020-vr45p,8854b68f-21e2-494c-bf4a-e84748cc1062,4,4595.705534
2026/02/05/11:38:06,apply-time,rs-005021-xzfjj,95e34d2c-00b5-4546-a03e-fdc0977a49ff,3,4595.705534
2026/02/05/11:38:06,running-time,rs-005021-xzfjj,95e34d2c-00b5-4546-a03e-fdc0977a49ff,3,4595.705534
2026/02/05/11:38:06,apply-time,rs-005022-89szr,b4c814fd-9024-493d-8c4b-c307e18c2827,1,4595.705534
2026/02/05/11:38:06,running-time,rs-005022-89szr,b4c814fd-9024-493d-8c4b-c307e18c2827,1,4595.705534
2026/02/05/11:38:06,apply-time,rs-005022-rtswc,a2ab641a-fd35-4d23-affa-a7fcc5e75f3e,1,4595.705534
2026/02/05/11:38:06,running-time,rs-005022-rtswc,a2ab641a-fd35-4d23-affa-a7fcc5e75f3e,1,4595.705534
2026/02/05/11:38:07,apply-time,rs-005023-525cx,501065d4-dbc2-4cda-8f11-1db5db5b1fba,3,4596.705534
2026/02/05/11:38:07,running-time,rs-005023-525cx,501065d4-dbc2-4cda-8f11-1db5db5b1fba,3,4596.705534
2026/02/05/11:38:07,apply-time,rs-005023-c9rmh,34d83dff-b2f8-46b4-8f56-e8995a7e5320,3,4596.705534
2026/02/05/11:38:07,running-time,rs-005023-c9rmh,34d83dff-b2f8-46b4-8f56-e8995a7e5320,3,4596.705534
2026/02/05/11:38:07,apply-time,rs-005023-wv4lm,60adb0a1-fe18-43de-a185-1fd462e09b16,3,4596.705534
2026/02/05/11:38:07,running-time,rs-005023-wv4lm,60adb0a1-fe18-43de-a185-1fd462e09b16,3,4596.705534
2026/02/05/11:38:09,running-time,rs-005020-5znw2,8a8bb539-c0b7-4ddc-a95d-909edac6a5ca,4,4598.705534
2026/02/05/11:38:09,running-time,rs-005020-gsshd,553499ca-0763-4a24-ba07-a90d422c0f2c,4,4598.705534
2026/02/05/11:38:10,running-time,rs-005018-cfh6v,94a25577-9b3c-4910-bc33-a482030db65e,2,4599.705534
2026/02/05/11:38:17,apply-time,rs-005024-259dj,9ef09e96-7af7-4898-9d2d-a383b1e8255a,4,4606.705534
2026/02/05/11:38:17,running-time,rs-005024-259dj,9ef09e96-7af7-4898-9d2d-a383b1e8255a,4,4606.705534
2026/02/05/11:38:17,apply-time,rs-005024-5g5bw,0d8128de-8312-475b-bdbf-4babc5918e63,4,4606.705534
2026/02/05/11:38:17,running-time,rs-005024-5g5bw,0d8128de-8312-475b-bdbf-4babc5918e63,4,4606.705534
2026/02/05/11:38:17,apply-time,rs-005024-kdp65,483dc646-fe0a-48c2-b687-a30416e3ef65,4,4606.705534
2026/02/05/11:38:17,running-time,rs-005024-kdp65,483dc646-fe0a-48c2-b687-a30416e3ef65,4,4606.705534
2026/02/05/11:38:18,apply-time,rs-005025-pz5pd,c750783b-b5c9-43ca-9ec8-dea45584096c,3,4607.705534
2026/02/05/11:38:18,running-time,rs-005025-pz5pd,c750783b-b5c9-43ca-9ec8-dea45584096c,3,4607.705534
2026/02/05/11:38:18,apply-time,rs-005026-xwq7t,894c75fa-57c5-4cb2-b9ab-1d5e2c54406d,4,4607.705534
2026/02/05/11:38:18,apply-time,rs-005027-pnxdj,9b4642ab-355c-4546-81a7-0431cd368855,1,4607.705534
2026/02/05/11:38:18,apply-time,rs-005028-dlggs,f27b4e3a-dde7-4d40-b9ad-fcd430956575,4,4607.705534
2026/02/05/11:38:18,apply-time,rs-005028-lw8v5,0e0e5793-1057-49f0-87a1-cc6cfdd449b0,4,4607.705534
2026/02/05/11:38:18,running-time,rs-005028-lw8v5,0e0e5793-1057-49f0-87a1-cc6cfdd449b0,4,4607.705534
2026/02/05/11:38:18,apply-time,rs-005029-k9jmk,99646c4f-8179-41e1-9fa9-305256592f95,3,4607.705534
2026/02/05/11:38:18,running-time,rs-005029-k9jmk,99646c4f-8179-41e1-9fa9-305256592f95,3,4607.705534
2026/02/05/11:38:19,running-time,rs-005026-xwq7t,894c75fa-57c5-4cb2-b9ab-1d5e2c54406d,4,4607.705534
2026/02/05/11:38:19,running-time,rs-005027-pnxdj,9b4642ab-355c-4546-81a7-0431cd368855,1,4607.705534
2026/02/05/11:38:19,apply-time,rs-005030-52fm2,74feb7a9-84f7-44ec-bb54-74395354bbdc,4,4607.705534
2026/02/05/11:38:19,apply-time,rs-005031-7rpzc,98c49dcd-3f9d-4e7c-a8a5-ff819c655c3f,1,4608.705534
2026/02/05/11:38:19,apply-time,rs-005031-dddvw,eaf6b625-a254-47b5-ab82-e6493f05e716,1,4608.705534
2026/02/05/11:38:19,apply-time,rs-005031-n9pjj,78447321-c792-44ab-b434-e3563e947eb4,1,4608.705534
2026/02/05/11:38:19,apply-time,rs-005032-d5ld9,48e9acca-5f89-48ea-81fe-01cf9d599fc8,1,4608.705534
2026/02/05/11:38:19,running-time,rs-005032-d5ld9,48e9acca-5f89-48ea-81fe-01cf9d599fc8,1,4608.705534
2026/02/05/11:38:19,apply-time,rs-005032-f4pdd,2541b93e-1909-49ed-b8be-8233454d64cc,1,4608.705534
2026/02/05/11:38:19,running-time,rs-005032-f4pdd,2541b93e-1909-49ed-b8be-8233454d64cc,1,4608.705534
2026/02/05/11:38:19,apply-time,rs-005033-965k7,f99d7ba3-d718-41a6-870c-ec8865bee605,1,4608.705534
2026/02/05/11:38:19,apply-time,rs-005033-z874h,93770562-4b25-4759-ae63-a368df163645,1,4608.705534
2026/02/05/11:38:19,apply-time,rs-005034-gnlq4,df679497-fc71-46c2-98ed-13141f292242,1,4608.705534
2026/02/05/11:38:19,running-time,rs-005034-gnlq4,df679497-fc71-46c2-98ed-13141f292242,1,4608.705534
2026/02/05/11:38:19,apply-time,rs-005034-jws2c,4319cdee-79a1-41e7-8ed3-6c39b16b99b3,1,4608.705534
2026/02/05/11:38:19,running-time,rs-005034-jws2c,4319cdee-79a1-41e7-8ed3-6c39b16b99b3,1,4608.705534
2026/02/05/11:38:19,apply-time,rs-005035-txh9n,16ec2fd1-b5ee-4528-852c-a09e08350772,1,4608.705534
2026/02/05/11:38:19,apply-time,rs-005036-bfskg,b0a54210-590d-4532-8933-9ffdde4b0d50,2,4608.705534
2026/02/05/11:38:19,running-time,rs-005036-bfskg,b0a54210-590d-4532-8933-9ffdde4b0d50,2,4608.705534
2026/02/05/11:38:20,apply-time,rs-005035-nzr5s,2d7d3c7c-bfd5-42fa-96cb-f655b619399c,1,4609.705534
2026/02/05/11:38:20,apply-time,rs-005036-l5w8t,0df363a6-a778-48e1-86f3-c573ab6b11e5,2,4609.705534
2026/02/05/11:38:20,running-time,rs-005036-l5w8t,0df363a6-a778-48e1-86f3-c573ab6b11e5,2,4609.705534
2026/02/05/11:38:20,apply-time,rs-005036-zsqn5,2cd19c74-3aea-48dd-bacb-1980f2cff298,2,4609.705534
2026/02/05/11:38:20,apply-time,rs-005037-q8hbv,9e0a8748-d5f7-4d02-9a01-1bc3f72dce52,1,4609.705534
2026/02/05/11:38:21,running-time,rs-005033-z874h,93770562-4b25-4759-ae63-a368df163645,1,4610.705534
2026/02/05/11:38:21,running-time,rs-005035-txh9n,16ec2fd1-b5ee-4528-852c-a09e08350772,1,4610.705534
2026/02/05/11:38:21,running-time,rs-005036-zsqn5,2cd19c74-3aea-48dd-bacb-1980f2cff298,2,4610.705534
2026/02/05/11:38:22,running-time,rs-005035-nzr5s,2d7d3c7c-bfd5-42fa-96cb-f655b619399c,1,4610.705534
2026/02/05/11:38:26,running-time,rs-005033-965k7,f99d7ba3-d718-41a6-870c-ec8865bee605,1,4615.705534
2026/02/05/11:38:28,apply-time,rs-005038-vddsv,ddae0641-5ca0-4427-9532-8c2fc6e909ab,4,4617.705534
2026/02/05/11:38:28,running-time,rs-005038-vddsv,ddae0641-5ca0-4427-9532-8c2fc6e909ab,4,4617.705534
2026/02/05/11:38:28,apply-time,rs-005039-6c5j8,6afe9b00-2bfc-4efa-b431-763953686afd,3,4617.705534
2026/02/05/11:38:28,running-time,rs-005039-6c5j8,6afe9b00-2bfc-4efa-b431-763953686afd,3,4617.705534
2026/02/05/11:38:28,apply-time,rs-005039-6q284,68d3a104-10e3-41b8-9e38-11ca73c0bbc9,3,4617.705534
2026/02/05/11:38:28,running-time,rs-005039-6q284,68d3a104-10e3-41b8-9e38-11ca73c0bbc9,3,4617.705534
2026/02/05/11:38:31,apply-time,rs-005040-dhghx,7a5feac4-ac83-439b-a4c0-85d9affdf5d8,2,4620.705534
2026/02/05/11:38:31,running-time,rs-005040-dhghx,7a5feac4-ac83-439b-a4c0-85d9affdf5d8,2,4620.705534
2026/02/05/11:38:31,apply-time,rs-005040-fmp8t,51bcfffa-cd95-4046-a7e4-f5d2515a5617,2,4620.705534
2026/02/05/11:38:31,running-time,rs-005040-fmp8t,51bcfffa-cd95-4046-a7e4-f5d2515a5617,2,4620.705534
2026/02/05/11:38:31,apply-time,rs-005040-phx46,7c5d3367-b2dc-4c2b-9a1b-de8e9014b22c,2,4620.705534
2026/02/05/11:38:31,apply-time,rs-005041-8n7zw,3ba7ddc7-f11c-42ba-b6f6-b6be264f640d,2,4620.705534
2026/02/05/11:38:31,running-time,rs-005041-8n7zw,3ba7ddc7-f11c-42ba-b6f6-b6be264f640d,2,4620.705534
2026/02/05/11:38:31,apply-time,rs-005041-dfm7s,251751f6-b622-4fb3-a7a8-9ccad906a456,2,4619.705534
2026/02/05/11:38:31,running-time,rs-005041-dfm7s,251751f6-b622-4fb3-a7a8-9ccad906a456,2,4620.705534
2026/02/05/11:38:31,apply-time,rs-005041-dhzzl,5a89a362-d7de-486d-8490-bcd8de201af5,2,4619.705534
2026/02/05/11:38:31,running-time,rs-005041-dhzzl,5a89a362-d7de-486d-8490-bcd8de201af5,2,4620.705534
2026/02/05/11:38:31,apply-time,rs-005042-84jmn,53e94528-b488-4904-909c-2c6076d15a59,3,4619.705534
2026/02/05/11:38:31,running-time,rs-005042-84jmn,53e94528-b488-4904-909c-2c6076d15a59,3,4620.705534
2026/02/05/11:38:31,apply-time,rs-005042-vwfsd,ca043e16-b41a-48c0-8e93-7a551a454639,3,4620.705534
2026/02/05/11:38:31,running-time,rs-005042-vwfsd,ca043e16-b41a-48c0-8e93-7a551a454639,3,4620.705534
2026/02/05/11:38:31,apply-time,rs-005043-hphbp,bb61845d-a3dd-4b8b-bd4c-ce59e42edf47,2,4619.705534
2026/02/05/11:38:31,running-time,rs-005043-hphbp,bb61845d-a3dd-4b8b-bd4c-ce59e42edf47,2,4620.705534
2026/02/05/11:38:31,apply-time,rs-005044-8g9vr,f3ff1b42-7c5d-4158-920b-f48d116c3b36,1,4620.705534
2026/02/05/11:38:31,running-time,rs-005044-8g9vr,f3ff1b42-7c5d-4158-920b-f48d116c3b36,1,4620.705534
2026/02/05/11:38:31,apply-time,rs-005045-6zhxp,bea6172a-cb6d-4e3b-bb26-e35f9ba1a539,3,4620.705534
2026/02/05/11:38:31,running-time,rs-005045-6zhxp,bea6172a-cb6d-4e3b-bb26-e35f9ba1a539,3,4620.705534
2026/02/05/11:38:31,apply-time,rs-005045-s9m6b,87b84d36-eda7-4601-a6b8-912697c60c47,3,4620.705534
2026/02/05/11:38:31,running-time,rs-005045-s9m6b,87b84d36-eda7-4601-a6b8-912697c60c47,3,4620.705534
2026/02/05/11:38:32,apply-time,rs-005046-lv5tw,f55094da-3abc-4314-9651-ed4e71fb02f4,4,4621.705534
2026/02/05/11:38:32,apply-time,rs-005046-ntfdc,beac7a82-f0ae-405e-855f-06ec8a85bfe4,4,4621.705534
2026/02/05/11:38:32,running-time,rs-005046-ntfdc,beac7a82-f0ae-405e-855f-06ec8a85bfe4,4,4621.705534
2026/02/05/11:38:32,apply-time,rs-005047-6fnr9,d168d802-8755-4740-8692-42abbea33773,1,4621.705534
2026/02/05/11:38:32,running-time,rs-005047-6fnr9,d168d802-8755-4740-8692-42abbea33773,1,4621.705534
2026/02/05/11:38:32,apply-time,rs-005047-6sxcq,36cff31b-b2b8-4d6a-a37c-cc054cf65f4b,1,4621.705534
2026/02/05/11:38:32,running-time,rs-005047-6sxcq,36cff31b-b2b8-4d6a-a37c-cc054cf65f4b,1,4621.705534
2026/02/05/11:38:32,apply-time,rs-005048-w4d48,02b49e35-c581-49ce-b46f-cf80d3246163,4,4621.705534
2026/02/05/11:38:32,apply-time,rs-005049-92qsh,f3dbb32d-9a7c-431a-9925-691f938c1ba2,2,4621.705534
2026/02/05/11:38:32,running-time,rs-005049-92qsh,f3dbb32d-9a7c-431a-9925-691f938c1ba2,2,4621.705534
2026/02/05/11:38:32,apply-time,rs-005049-9q9lq,261991b4-bc1c-4ff7-893e-06b5a9c20f8d,2,4621.705534
2026/02/05/11:38:32,running-time,rs-005049-9q9lq,261991b4-bc1c-4ff7-893e-06b5a9c20f8d,2,4621.705534
2026/02/05/11:38:32,apply-time,rs-005049-w22tv,0de875d7-53c0-4f2a-8eed-5a098e11e3a8,2,4621.705534
2026/02/05/11:38:32,running-time,rs-005049-w22tv,0de875d7-53c0-4f2a-8eed-5a098e11e3a8,2,4621.705534
2026/02/05/11:38:34,running-time,rs-005046-lv5tw,f55094da-3abc-4314-9651-ed4e71fb02f4,4,4623.705534
2026/02/05/11:38:34,apply-time,rs-005050-c8t8j,657bfa12-af7c-43af-a4e6-5f0e538a9e97,2,4623.705534
2026/02/05/11:38:34,running-time,rs-005050-c8t8j,657bfa12-af7c-43af-a4e6-5f0e538a9e97,2,4623.705534
2026/02/05/11:38:34,apply-time,rs-005050-z82nb,ed5727ef-c67f-41df-bf41-71f27863ce56,2,4623.705534
2026/02/05/11:38:34,running-time,rs-005050-z82nb,ed5727ef-c67f-41df-bf41-71f27863ce56,2,4623.705534
2026/02/05/11:38:34,apply-time,rs-005051-lsmcn,9d1cc495-70b7-4d0a-b257-3363d919c6ab,1,4623.705534
2026/02/05/11:38:34,running-time,rs-005051-lsmcn,9d1cc495-70b7-4d0a-b257-3363d919c6ab,1,4623.705534
2026/02/05/11:38:34,apply-time,rs-005051-s8mxc,662e7ace-4195-4d0a-94ae-fe9f4ef5ea64,1,4623.705534
2026/02/05/11:38:34,running-time,rs-005051-s8mxc,662e7ace-4195-4d0a-94ae-fe9f4ef5ea64,1,4623.705534
2026/02/05/11:38:35,running-time,rs-005028-dlggs,f27b4e3a-dde7-4d40-b9ad-fcd430956575,4,4624.705534
2026/02/05/11:38:36,apply-time,rs-005052-hm89r,c4b3b354-d81d-4887-801b-a9aaaca15733,1,4625.705534
2026/02/05/11:38:36,apply-time,rs-005052-l96jl,59179b75-c4b5-4b57-a056-8b906230a3f7,1,4625.705534
2026/02/05/11:38:36,running-time,rs-005052-l96jl,59179b75-c4b5-4b57-a056-8b906230a3f7,1,4625.705534
2026/02/05/11:38:36,apply-time,rs-005053-c8llc,836329f0-189a-4698-9653-b917ef926c70,3,4625.705534
2026/02/05/11:38:36,running-time,rs-005053-c8llc,836329f0-189a-4698-9653-b917ef926c70,3,4625.705534
2026/02/05/11:38:36,apply-time,rs-005053-gwz8w,69c6be46-5d40-4cad-892c-9794d88a97f4,3,4625.705534
2026/02/05/11:38:36,running-time,rs-005053-gwz8w,69c6be46-5d40-4cad-892c-9794d88a97f4,3,4625.705534
2026/02/05/11:38:36,apply-time,rs-005053-hg4kp,2c8b1027-2c01-487b-89b6-aa8ab09cc908,3,4625.705534
2026/02/05/11:38:36,running-time,rs-005053-hg4kp,2c8b1027-2c01-487b-89b6-aa8ab09cc908,3,4625.705534
2026/02/05/11:38:36,apply-time,rs-005054-j94dn,5ed5206c-bcd8-41a6-9d40-960e74bfc873,1,4625.705534
2026/02/05/11:38:36,running-time,rs-005054-j94dn,5ed5206c-bcd8-41a6-9d40-960e74bfc873,1,4625.705534
2026/02/05/11:38:36,apply-time,rs-005055-hzhlt,66cc8b55-7aaf-4d28-a536-a99dab32bfcc,2,4625.705534
2026/02/05/11:38:36,running-time,rs-005055-hzhlt,66cc8b55-7aaf-4d28-a536-a99dab32bfcc,2,4625.705534
2026/02/05/11:38:36,apply-time,rs-005055-lkqgp,f403be72-0242-4a39-ba72-2e43b3e56855,2,4625.705534
2026/02/05/11:38:36,apply-time,rs-005056-psgnz,724f0595-af43-4f83-91d3-c90979f3b80b,4,4625.705534
2026/02/05/11:38:36,running-time,rs-005056-psgnz,724f0595-af43-4f83-91d3-c90979f3b80b,4,4625.705534
2026/02/05/11:38:36,apply-time,rs-005057-twb6g,24e5c6b1-693f-4e12-b9a5-84df651fdea7,2,4625.705534
2026/02/05/11:38:36,running-time,rs-005057-twb6g,24e5c6b1-693f-4e12-b9a5-84df651fdea7,2,4625.705534
2026/02/05/11:38:37,running-time,rs-005052-hm89r,c4b3b354-d81d-4887-801b-a9aaaca15733,1,4626.705534
2026/02/05/11:38:37,running-time,rs-005055-lkqgp,f403be72-0242-4a39-ba72-2e43b3e56855,2,4626.705534
2026/02/05/11:38:37,apply-time,rs-005058-t7zhf,562cb422-4528-42de-9151-f35380a58593,1,4626.705534
2026/02/05/11:38:37,apply-time,rs-005059-bz88c,1ad0f11e-933c-48a0-80a0-959c2f37d4d5,3,4626.705534
2026/02/05/11:38:37,apply-time,rs-005060-4fhhn,ad6a1509-a0fc-41ce-81be-85056272722b,4,4626.705534
2026/02/05/11:38:37,apply-time,rs-005060-rj5xq,cb4aa319-3fcc-45dd-a544-f4078952d4cf,4,4626.705534
2026/02/05/11:38:37,apply-time,rs-005061-hvcpq,420a89b8-6b61-47af-8bb2-dc40e3f55626,2,4626.705534
2026/02/05/11:38:37,apply-time,rs-005061-t9rgb,d22e102c-d55e-4d4f-974b-3b9d6301264a,2,4626.705534
2026/02/05/11:38:38,running-time,rs-005059-bz88c,1ad0f11e-933c-48a0-80a0-959c2f37d4d5,3,4627.705534
2026/02/05/11:38:38,running-time,rs-005060-rj5xq,cb4aa319-3fcc-45dd-a544-f4078952d4cf,4,4627.705534
2026/02/05/11:38:38,running-time,rs-005061-hvcpq,420a89b8-6b61-47af-8bb2-dc40e3f55626,2,4627.705534
2026/02/05/11:38:39,running-time,rs-005061-t9rgb,d22e102c-d55e-4d4f-974b-3b9d6301264a,2,4627.705534
2026/02/05/11:38:40,running-time,rs-005060-4fhhn,ad6a1509-a0fc-41ce-81be-85056272722b,4,4629.705534
2026/02/05/11:38:42,running-time,rs-005040-phx46,7c5d3367-b2dc-4c2b-9a1b-de8e9014b22c,2,4631.705534
2026/02/05/11:38:43,apply-time,rs-005062-p7g85,bf045bbf-d26c-4775-a495-d44b340532b0,1,4632.705534
2026/02/05/11:38:43,running-time,rs-005062-p7g85,bf045bbf-d26c-4775-a495-d44b340532b0,1,4632.705534
2026/02/05/11:38:43,apply-time,rs-005063-7lm4r,6b26221a-4f1f-4dca-9cb5-50057c2fcd4f,1,4632.705534
2026/02/05/11:38:43,running-time,rs-005063-7lm4r,6b26221a-4f1f-4dca-9cb5-50057c2fcd4f,1,4632.705534
2026/02/05/11:38:43,apply-time,rs-005063-f9v27,88921ebc-b03e-4362-95ae-62befefd1ebf,1,4632.705534
2026/02/05/11:38:43,running-time,rs-005063-f9v27,88921ebc-b03e-4362-95ae-62befefd1ebf,1,4632.705534
2026/02/05/11:38:43,apply-time,rs-005063-z8vzt,d7aeac1e-779c-4820-91b8-dba98e54787b,1,4632.705534
2026/02/05/11:38:43,running-time,rs-005063-z8vzt,d7aeac1e-779c-4820-91b8-dba98e54787b,1,4632.705534
2026/02/05/11:38:43,apply-time,rs-005064-dmw79,bacc3d50-73bf-48c7-9cb3-2155c0e1e706,4,4632.705534
2026/02/05/11:38:43,running-time,rs-005064-dmw79,bacc3d50-73bf-48c7-9cb3-2155c0e1e706,4,4632.705534
2026/02/05/11:38:43,apply-time,rs-005065-9g4lr,e85ca7e3-508b-4299-ae58-6cde318e60b5,1,4632.705534
2026/02/05/11:38:43,running-time,rs-005065-9g4lr,e85ca7e3-508b-4299-ae58-6cde318e60b5,1,4632.705534
2026/02/05/11:38:43,apply-time,rs-005065-t2ff6,678fa8a4-2702-4133-8d49-b1f493e75403,1,4632.705534
2026/02/05/11:38:43,running-time,rs-005065-t2ff6,678fa8a4-2702-4133-8d49-b1f493e75403,1,4632.705534
2026/02/05/11:38:46,apply-time,rs-005066-plfcq,82314288-b742-4521-9dd4-4d3232be8d02,3,4635.705534
2026/02/05/11:38:46,running-time,rs-005066-plfcq,82314288-b742-4521-9dd4-4d3232be8d02,3,4635.705534
2026/02/05/11:38:46,apply-time,rs-005067-d57wb,7298cb59-3a36-4e51-ba7a-26e82143bab3,2,4635.705534
2026/02/05/11:38:46,running-time,rs-005067-d57wb,7298cb59-3a36-4e51-ba7a-26e82143bab3,2,4635.705534
2026/02/05/11:38:46,apply-time,rs-005068-6nnv4,c00a3dd8-725a-4ed2-b67c-991c16832b38,3,4635.705534
2026/02/05/11:38:46,running-time,rs-005068-6nnv4,c00a3dd8-725a-4ed2-b67c-991c16832b38,3,4635.705534
2026/02/05/11:38:46,apply-time,rs-005068-k7swn,a6949341-4b5b-4490-90c0-1d7f7d41f4c4,3,4635.705534
2026/02/05/11:38:46,running-time,rs-005068-k7swn,a6949341-4b5b-4490-90c0-1d7f7d41f4c4,3,4635.705534
2026/02/05/11:38:46,apply-time,rs-005069-2vfpm,2c3320b6-147d-496f-98e2-f8ee659846bf,2,4635.705534
2026/02/05/11:38:46,running-time,rs-005069-2vfpm,2c3320b6-147d-496f-98e2-f8ee659846bf,2,4635.705534
2026/02/05/11:38:46,apply-time,rs-005069-gzvkx,ee23331e-c95a-4af0-b3f6-d7e80bb037ed,2,4635.705534
2026/02/05/11:38:46,running-time,rs-005069-gzvkx,ee23331e-c95a-4af0-b3f6-d7e80bb037ed,2,4635.705534
2026/02/05/11:38:46,apply-time,rs-005070-gsmtg,404f0214-9047-45ac-9c37-e33769970610,2,4635.705534
2026/02/05/11:38:46,running-time,rs-005070-gsmtg,404f0214-9047-45ac-9c37-e33769970610,2,4635.705534
2026/02/05/11:38:46,apply-time,rs-005070-kg8ld,ebcdfbe8-2816-40ed-b22f-81ad1d3b3e79,2,4635.705534
2026/02/05/11:38:46,running-time,rs-005070-kg8ld,ebcdfbe8-2816-40ed-b22f-81ad1d3b3e79,2,4635.705534
2026/02/05/11:38:46,apply-time,rs-005070-vd7sp,f55a81da-779f-4f9f-9453-6af426a3fbbc,2,4635.705534
2026/02/05/11:38:46,running-time,rs-005070-vd7sp,f55a81da-779f-4f9f-9453-6af426a3fbbc,2,4635.705534
2026/02/05/11:38:51,apply-time,rs-005071-nt6dt,611bbc7d-733c-4b9e-bd42-aa59d256a133,2,4640.705534
2026/02/05/11:38:51,running-time,rs-005071-nt6dt,611bbc7d-733c-4b9e-bd42-aa59d256a133,2,4640.705534
2026/02/05/11:38:51,apply-time,rs-005071-vsdkt,dc64af0d-a38c-4378-811e-94aa7713fa26,2,4640.705534
2026/02/05/11:38:53,apply-time,rs-005072-ptgq7,d637e9f3-3cee-4026-8e31-be8a5e534747,1,4642.705534
2026/02/05/11:38:53,running-time,rs-005072-ptgq7,d637e9f3-3cee-4026-8e31-be8a5e534747,1,4642.705534
2026/02/05/11:38:53,apply-time,rs-005073-2c2vs,2be593d5-91ae-44f4-9a3e-6bf16c7e5208,2,4642.705534
2026/02/05/11:38:53,running-time,rs-005073-2c2vs,2be593d5-91ae-44f4-9a3e-6bf16c7e5208,2,4642.705534
2026/02/05/11:38:53,apply-time,rs-005073-zv9jh,83967c15-5d51-4e1a-acef-d97a4c7db61d,2,4642.705534
2026/02/05/11:38:53,running-time,rs-005073-zv9jh,83967c15-5d51-4e1a-acef-d97a4c7db61d,2,4642.705534
2026/02/05/11:38:54,apply-time,rs-005074-s987d,edbe6f32-efa4-4913-af67-bddbed2457eb,2,4643.705534
2026/02/05/11:38:54,apply-time,rs-005075-5dj5w,337012c5-8652-4c4c-9f9f-07d7518c7817,3,4643.705534
2026/02/05/11:38:54,running-time,rs-005075-5dj5w,337012c5-8652-4c4c-9f9f-07d7518c7817,3,4643.705534
2026/02/05/11:38:54,apply-time,rs-005075-dz7gk,abba7039-849c-4404-9662-efb7bcafc3b0,3,4643.705534
2026/02/05/11:38:54,apply-time,rs-005076-82nrz,6b45472c-05e0-4772-8119-7bedfa4d9a6f,1,4643.705534
2026/02/05/11:38:55,running-time,rs-005075-dz7gk,abba7039-849c-4404-9662-efb7bcafc3b0,3,4643.705534
2026/02/05/11:38:55,running-time,rs-005076-82nrz,6b45472c-05e0-4772-8119-7bedfa4d9a6f,1,4643.705534
2026/02/05/11:38:55,apply-time,rs-005076-94xzf,a32264eb-77a9-442e-9b4f-e5f932ca3dab,1,4643.705534
2026/02/05/11:38:55,running-time,rs-005076-94xzf,a32264eb-77a9-442e-9b4f-e5f932ca3dab,1,4644.705534
2026/02/05/11:38:55,apply-time,rs-005077-ccsl9,8d4d6517-c9db-4457-aa80-2b7c407c1677,4,4644.705534
2026/02/05/11:38:55,apply-time,rs-005077-jk6cg,1b23a3e5-2f46-402f-a67f-7bc9d52ecaf0,4,4644.705534
2026/02/05/11:38:55,apply-time,rs-005077-x977d,a82f79fc-4cbc-4e46-ba54-21589f54b360,4,4644.705534
2026/02/05/11:38:56,running-time,rs-005077-jk6cg,1b23a3e5-2f46-402f-a67f-7bc9d52ecaf0,4,4645.705534
2026/02/05/11:38:57,running-time,rs-005077-ccsl9,8d4d6517-c9db-4457-aa80-2b7c407c1677,4,4646.705534
2026/02/05/11:38:57,running-time,rs-005077-x977d,a82f79fc-4cbc-4e46-ba54-21589f54b360,4,4646.705534
2026/02/05/11:39:01,running-time,rs-005074-s987d,edbe6f32-efa4-4913-af67-bddbed2457eb,2,4649.705534
2026/02/05/11:39:02,apply-time,rs-005078-n5jpj,f5db5583-46af-4fd4-996e-c38cf55c9ee2,3,4651.705534
2026/02/05/11:39:02,running-time,rs-005078-n5jpj,f5db5583-46af-4fd4-996e-c38cf55c9ee2,3,4651.705534
2026/02/05/11:39:02,apply-time,rs-005079-rxgp7,ad0802f0-0114-4d55-9992-18a42136f5aa,1,4651.705534
2026/02/05/11:39:02,running-time,rs-005079-rxgp7,ad0802f0-0114-4d55-9992-18a42136f5aa,1,4651.705534
2026/02/05/11:39:02,apply-time,rs-005080-lch2f,30791e11-54a7-4d47-85fb-dd09ea578f1d,3,4651.705534
2026/02/05/11:39:02,running-time,rs-005080-lch2f,30791e11-54a7-4d47-85fb-dd09ea578f1d,3,4651.705534
2026/02/05/11:39:02,apply-time,rs-005081-bjn9n,0889280c-99b6-413b-9e2a-c61210d077c7,2,4651.705534
2026/02/05/11:39:02,running-time,rs-005081-bjn9n,0889280c-99b6-413b-9e2a-c61210d077c7,2,4651.705534
2026/02/05/11:39:02,apply-time,rs-005081-q2fwx,a7e38abf-f239-4735-9cf7-cafd35cf4b35,2,4651.705534
2026/02/05/11:39:02,running-time,rs-005081-q2fwx,a7e38abf-f239-4735-9cf7-cafd35cf4b35,2,4651.705534
2026/02/05/11:39:02,apply-time,rs-005081-vwzpw,a38f1f49-fd20-4e25-b222-21813ac4e6cc,2,4651.705534
2026/02/05/11:39:02,running-time,rs-005081-vwzpw,a38f1f49-fd20-4e25-b222-21813ac4e6cc,2,4651.705534
2026/02/05/11:39:02,apply-time,rs-005082-kk5wc,d080cc7e-4e92-44a9-bb4e-4a74bae18c0c,3,4651.705534
2026/02/05/11:39:02,running-time,rs-005082-kk5wc,d080cc7e-4e92-44a9-bb4e-4a74bae18c0c,3,4651.705534
2026/02/05/11:39:02,apply-time,rs-005083-f2prm,a87ea49a-f75b-43a6-b938-f267886cebf7,3,4651.705534
2026/02/05/11:39:02,running-time,rs-005083-f2prm,a87ea49a-f75b-43a6-b938-f267886cebf7,3,4651.705534
2026/02/05/11:39:02,apply-time,rs-005083-rwrfx,45ab3c7d-a39a-4c03-969e-46b8e6759495,3,4651.705534
2026/02/05/11:39:02,running-time,rs-005083-rwrfx,45ab3c7d-a39a-4c03-969e-46b8e6759495,3,4651.705534
2026/02/05/11:39:03,apply-time,rs-005084-vjctd,96956690-a26d-4ae0-a178-ef43a768ae76,2,4652.705534
2026/02/05/11:39:03,apply-time,rs-005084-xnnsp,76fa1ccd-330b-4a60-89df-e621642f3c52,2,4652.705534
2026/02/05/11:39:03,apply-time,rs-005085-4658d,a349837d-9c8a-47c9-8261-6a5a98b70778,2,4652.705534
2026/02/05/11:39:03,running-time,rs-005085-4658d,a349837d-9c8a-47c9-8261-6a5a98b70778,2,4652.705534
2026/02/05/11:39:03,apply-time,rs-005085-kg964,56a79df4-a042-4faf-8d61-4cbfbd21c988,2,4652.705534
2026/02/05/11:39:03,running-time,rs-005085-kg964,56a79df4-a042-4faf-8d61-4cbfbd21c988,2,4652.705534
2026/02/05/11:39:03,apply-time,rs-005085-kp9th,ecf0bb37-e59b-4f6c-9c6a-74070d836b14,2,4652.705534
2026/02/05/11:39:03,running-time,rs-005085-kp9th,ecf0bb37-e59b-4f6c-9c6a-74070d836b14,2,4652.705534
2026/02/05/11:39:03,apply-time,rs-005086-lvcdf,0d0fb9eb-cade-40e6-9b27-eecb32ad2867,2,4652.705534
2026/02/05/11:39:03,running-time,rs-005086-lvcdf,0d0fb9eb-cade-40e6-9b27-eecb32ad2867,2,4652.705534
2026/02/05/11:39:03,apply-time,rs-005087-rbfnw,4aa32cc4-b27d-40c4-b685-5a27a14d0148,3,4652.705534
2026/02/05/11:39:03,apply-time,rs-005088-dzt68,18019a9c-e0b5-4b27-9811-11fdcfa27cdd,3,4652.705534
2026/02/05/11:39:04,running-time,rs-005087-rbfnw,4aa32cc4-b27d-40c4-b685-5a27a14d0148,3,4653.705534
2026/02/05/11:39:04,apply-time,rs-005088-nb2jm,26480429-61bb-4a0c-9989-a2531e3f15f2,3,4653.705534
2026/02/05/11:39:04,apply-time,rs-005089-ghk2k,4f698c03-d329-471b-9d7d-d1e2b9d65b3a,3,4652.705534
2026/02/05/11:39:04,running-time,rs-005089-ghk2k,4f698c03-d329-471b-9d7d-d1e2b9d65b3a,3,4653.705534
2026/02/05/11:39:04,apply-time,rs-005090-kd28f,43e0abe8-505c-438e-ad83-cffd9c7ec2bf,1,4653.705534
2026/02/05/11:39:04,apply-time,rs-005090-swlbs,331d365d-6c8a-4116-87c4-7397cfa10daf,1,4653.705534
2026/02/05/11:39:04,apply-time,rs-005091-6fqsw,e582737b-201f-48e9-91e6-166a59688f41,2,4653.705534
2026/02/05/11:39:04,apply-time,rs-005091-gsn6b,b18c6378-d011-42ad-b179-f9b261e42641,2,4653.705534
2026/02/05/11:39:04,apply-time,rs-005092-58nvj,ba289988-4d78-461e-baf1-50e284fa5918,2,4653.705534
2026/02/05/11:39:04,apply-time,rs-005092-qhkfm,5b5b76eb-b070-43f3-b041-bfabc0d3d6e6,2,4653.705534
2026/02/05/11:39:04,apply-time,rs-005092-x5pjw,93cf3751-9a83-442d-83fe-de10b95d6a99,2,4653.705534
2026/02/05/11:39:04,apply-time,rs-005093-zt76w,b41c7c70-5695-4953-a831-7e83763b170a,3,4653.705534
2026/02/05/11:39:04,running-time,rs-005093-zt76w,b41c7c70-5695-4953-a831-7e83763b170a,3,4653.705534
2026/02/05/11:39:05,running-time,rs-005090-kd28f,43e0abe8-505c-438e-ad83-cffd9c7ec2bf,1,4654.705534
2026/02/05/11:39:05,running-time,rs-005090-swlbs,331d365d-6c8a-4116-87c4-7397cfa10daf,1,4654.705534
2026/02/05/11:39:05,apply-time,rs-005091-2cnb6,5633283c-46f9-49e3-8b6c-5708ab6ca677,2,4653.705534
2026/02/05/11:39:05,running-time,rs-005092-qhkfm,5b5b76eb-b070-43f3-b041-bfabc0d3d6e6,2,4654.705534
2026/02/05/11:39:05,apply-time,rs-005093-9xzdk,bc453f52-c473-4240-bc4c-2fa0e6567cee,3,4654.705534
2026/02/05/11:39:05,running-time,rs-005093-9xzdk,bc453f52-c473-4240-bc4c-2fa0e6567cee,3,4654.705534
2026/02/05/11:39:05,apply-time,rs-005093-mcw6m,d2595b9a-cd7c-4f36-b402-4115286f7195,3,4654.705534
2026/02/05/11:39:05,running-time,rs-005093-mcw6m,d2595b9a-cd7c-4f36-b402-4115286f7195,3,4654.705534
2026/02/05/11:39:05,apply-time,rs-005094-8tx4s,718fbb01-a3b0-4df7-bbc3-c0530924a96a,1,4654.705534
2026/02/05/11:39:05,running-time,rs-005094-8tx4s,718fbb01-a3b0-4df7-bbc3-c0530924a96a,1,4654.705534
2026/02/05/11:39:05,apply-time,rs-005095-vhclb,8d4c0d93-2a3d-4609-bfd5-a6d0cf9e07a5,3,4654.705534
2026/02/05/11:39:05,running-time,rs-005095-vhclb,8d4c0d93-2a3d-4609-bfd5-a6d0cf9e07a5,3,4654.705534
2026/02/05/11:39:05,apply-time,rs-005096-wfkv2,4d5e938f-bb79-4ddc-b532-c3eeffc54970,1,4654.705534
2026/02/05/11:39:05,apply-time,rs-005097-pxgqq,337fef56-217b-4f01-bf04-235453440f42,4,4654.705534
2026/02/05/11:39:05,running-time,rs-005097-pxgqq,337fef56-217b-4f01-bf04-235453440f42,4,4654.705534
2026/02/05/11:39:06,running-time,rs-005096-wfkv2,4d5e938f-bb79-4ddc-b532-c3eeffc54970,1,4654.705534
2026/02/05/11:39:06,apply-time,rs-005097-hncqn,b7687a31-c039-40a9-8a93-f9d8056244bf,4,4655.705534
2026/02/05/11:39:06,running-time,rs-005097-hncqn,b7687a31-c039-40a9-8a93-f9d8056244bf,4,4655.705534
2026/02/05/11:39:06,apply-time,rs-005098-7mmvt,1759af4c-df66-4178-895f-5a03bb9c530b,4,4655.705534
2026/02/05/11:39:06,apply-time,rs-005098-n4f6r,3bd36fa4-808c-4656-8018-d85929691883,4,4655.705534
2026/02/05/11:39:07,running-time,rs-005098-7mmvt,1759af4c-df66-4178-895f-5a03bb9c530b,4,4656.705534
2026/02/05/11:39:08,running-time,rs-005098-n4f6r,3bd36fa4-808c-4656-8018-d85929691883,4,4657.705534
2026/02/05/11:39:10,running-time,rs-005084-vjctd,96956690-a26d-4ae0-a178-ef43a768ae76,2,4659.705534
2026/02/05/11:39:17,apply-time,rs-005099-2vlhk,97491cb2-01c3-474c-920f-b0cac85372ea,1,4666.705534
2026/02/05/11:39:17,running-time,rs-005099-2vlhk,97491cb2-01c3-474c-920f-b0cac85372ea,1,4666.705534
2026/02/05/11:39:17,apply-time,rs-005099-44ckq,bad10a39-7736-4fea-9e47-670d3caf42c4,1,4666.705534
2026/02/05/11:39:17,running-time,rs-005099-44ckq,bad10a39-7736-4fea-9e47-670d3caf42c4,1,4666.705534
2026/02/05/11:39:17,apply-time,rs-005099-l8l8h,9b90f4e2-b51d-4e20-98c0-12020c404933,1,4666.705534
2026/02/05/11:39:17,running-time,rs-005099-l8l8h,9b90f4e2-b51d-4e20-98c0-12020c404933,1,4666.705534
2026/02/05/11:39:17,apply-time,rs-005100-c2skm,4e6b9101-3941-427b-8bdf-1dc702291b8e,3,4666.705534
2026/02/05/11:39:17,running-time,rs-005100-c2skm,4e6b9101-3941-427b-8bdf-1dc702291b8e,3,4666.705534
2026/02/05/11:39:17,apply-time,rs-005100-kts42,5686c45c-4369-4152-a560-2e86c951f330,3,4666.705534
2026/02/05/11:39:17,running-time,rs-005100-kts42,5686c45c-4369-4152-a560-2e86c951f330,3,4666.705534
2026/02/05/11:39:17,apply-time,rs-005100-rjddc,a9c63482-ea32-498e-b59d-26613be55fc7,3,4666.705534
2026/02/05/11:39:17,running-time,rs-005100-rjddc,a9c63482-ea32-498e-b59d-26613be55fc7,3,4666.705534
2026/02/05/11:39:17,apply-time,rs-005101-nlkll,a73751a1-2dff-424f-9526-8f11c3af801d,4,4666.705534
2026/02/05/11:39:17,apply-time,rs-005101-xhzlj,646c5514-3c04-4c7f-bf67-234e843ae76f,4,4666.705534
2026/02/05/11:39:17,apply-time,rs-005102-652x5,85767469-6653-4b6a-873c-f0b88c17d8dd,3,4666.705534
2026/02/05/11:39:17,apply-time,rs-005102-qmb9x,4180ffb0-c17b-48c0-b374-756a0b153927,3,4666.705534
2026/02/05/11:39:17,apply-time,rs-005102-spnkc,b9daf143-15ec-43c0-9d5a-42010cc3b675,3,4666.705534
2026/02/05/11:39:17,apply-time,rs-005103-5tt4x,36f639b1-dac2-4295-8cc6-c07845f1dbbf,1,4666.705534
2026/02/05/11:39:17,apply-time,rs-005103-pfzxh,ab80a896-58a8-40c7-a012-be7f230f1a37,1,4666.705534
2026/02/05/11:39:18,apply-time,rs-005104-brtq9,fa3d17c1-ed89-4ae6-8a6f-1da679463fba,3,4667.705534
2026/02/05/11:39:18,apply-time,rs-005104-ccww8,a47e9252-5f25-42f3-b5b9-92ebc2e5ba5e,3,4667.705534
2026/02/05/11:39:18,apply-time,rs-005104-kdv4p,ee5d88f3-da47-42cc-8d64-27a839082447,3,4667.705534
2026/02/05/11:39:18,apply-time,rs-005105-sr7rn,ffa08158-a274-4802-8815-e1cd9cc62201,1,4667.705534
2026/02/05/11:39:18,running-time,rs-005105-sr7rn,ffa08158-a274-4802-8815-e1cd9cc62201,1,4667.705534
2026/02/05/11:39:18,apply-time,rs-005106-twjnr,86dab816-f16b-46de-a22a-d264f36c49c1,3,4667.705534
2026/02/05/11:39:18,running-time,rs-005106-twjnr,86dab816-f16b-46de-a22a-d264f36c49c1,3,4667.705534
2026/02/05/11:39:18,apply-time,rs-005107-2nsxm,660af490-dccf-4bb7-9fe8-0081a44541c0,1,4667.705534
2026/02/05/11:39:19,apply-time,rs-005105-9cx8g,3161dfba-fff4-442a-ae8c-f3d29dcaa586,1,4668.705534
2026/02/05/11:39:19,apply-time,rs-005105-qqns2,d2f6f840-dbd9-4983-8849-70ad3de0fd26,1,4668.705534
2026/02/05/11:39:19,apply-time,rs-005106-gxc7f,31e0150b-a018-4640-8089-a5a7942697ef,3,4667.705534
2026/02/05/11:39:19,running-time,rs-005106-gxc7f,31e0150b-a018-4640-8089-a5a7942697ef,3,4668.705534
2026/02/05/11:39:19,apply-time,rs-005107-zjx8j,02ba1874-b003-4658-a5c5-6fda8f4922a9,1,4668.705534
2026/02/05/11:39:20,running-time,rs-005105-9cx8g,3161dfba-fff4-442a-ae8c-f3d29dcaa586,1,4669.705534
2026/02/05/11:39:20,running-time,rs-005107-2nsxm,660af490-dccf-4bb7-9fe8-0081a44541c0,1,4669.705534
2026/02/05/11:39:22,running-time,rs-005105-qqns2,d2f6f840-dbd9-4983-8849-70ad3de0fd26,1,4671.705534
2026/02/05/11:39:23,running-time,rs-005104-brtq9,fa3d17c1-ed89-4ae6-8a6f-1da679463fba,3,4672.705534
2026/02/05/11:39:23,running-time,rs-005104-ccww8,a47e9252-5f25-42f3-b5b9-92ebc2e5ba5e,3,4672.705534
2026/02/05/11:39:23,running-time,rs-005104-kdv4p,ee5d88f3-da47-42cc-8d64-27a839082447,3,4672.705534
2026/02/05/11:39:30,apply-time,rs-005108-4h7ld,1bfd0f87-676d-4eeb-b63c-8ea4fa04e301,2,4679.705534
2026/02/05/11:39:30,running-time,rs-005108-4h7ld,1bfd0f87-676d-4eeb-b63c-8ea4fa04e301,2,4679.705534
2026/02/05/11:39:38,apply-time,rs-005109-2jskx,c3466299-62e0-42c6-b406-0d7f9da5c4fd,1,4687.705534
2026/02/05/11:39:38,running-time,rs-005109-2jskx,c3466299-62e0-42c6-b406-0d7f9da5c4fd,1,4687.705534
2026/02/05/11:39:38,apply-time,rs-005110-gxrc9,b1ac877a-4449-48a8-aa5c-47cb1794d9cf,2,4687.705534
2026/02/05/11:39:38,running-time,rs-005110-gxrc9,b1ac877a-4449-48a8-aa5c-47cb1794d9cf,2,4687.705534
2026/02/05/11:39:41,running-time,rs-005092-x5pjw,93cf3751-9a83-442d-83fe-de10b95d6a99,2,4690.705534
2026/02/05/11:39:41,apply-time,rs-005111-cgs5v,0aefc0c3-d66a-471c-9c53-a37d537bf8ce,4,4690.705534
2026/02/05/11:39:41,running-time,rs-005111-cgs5v,0aefc0c3-d66a-471c-9c53-a37d537bf8ce,4,4690.705534
2026/02/05/11:39:41,apply-time,rs-005111-msh2l,abf9d838-1675-4fd1-bafa-ad14dcaef0f6,4,4690.705534
2026/02/05/11:39:41,running-time,rs-005111-msh2l,abf9d838-1675-4fd1-bafa-ad14dcaef0f6,4,4690.705534
2026/02/05/11:39:41,apply-time,rs-005112-bkkm6,f12d29f6-34a6-405f-ae0e-ba31be8788e5,1,4690.705534
2026/02/05/11:39:41,running-time,rs-005112-bkkm6,f12d29f6-34a6-405f-ae0e-ba31be8788e5,1,4690.705534
2026/02/05/11:39:41,apply-time,rs-005113-jc4jc,9abe6436-5ff1-4de4-bbb8-9c6691589ddd,3,4690.705534
2026/02/05/11:39:41,running-time,rs-005113-jc4jc,9abe6436-5ff1-4de4-bbb8-9c6691589ddd,3,4690.705534
2026/02/05/11:39:41,apply-time,rs-005113-lckl9,1913b082-d024-4538-b97c-0ecda04198f0,3,4690.705534
2026/02/05/11:39:42,running-time,rs-005113-lckl9,1913b082-d024-4538-b97c-0ecda04198f0,3,4691.705534
2026/02/05/11:39:52,apply-time,rs-005114-9zkfj,72eeabed-10d2-4a65-9d87-96c8a9c424c3,2,4701.705534
2026/02/05/11:39:52,apply-time,rs-005114-b898l,618ba7f6-4e14-4f74-8f48-1ec29488a5d5,2,4701.705534
2026/02/05/11:39:52,running-time,rs-005114-b898l,618ba7f6-4e14-4f74-8f48-1ec29488a5d5,2,4701.705534
2026/02/05/11:39:52,apply-time,rs-005114-g59kl,95d00aa6-b762-4716-bd8b-bcd91a1daa3e,2,4701.705534
2026/02/05/11:39:57,apply-time,rs-005115-6xp9f,b20d7c35-0bab-4b7c-964b-8809192e6bda,3,4706.705534
2026/02/05/11:39:57,running-time,rs-005115-6xp9f,b20d7c35-0bab-4b7c-964b-8809192e6bda,3,4706.705534
2026/02/05/11:39:57,apply-time,rs-005115-nrv9h,689bd9ab-1eb2-4082-aef1-f4e41e8da4d5,3,4706.705534
2026/02/05/11:39:57,running-time,rs-005115-nrv9h,689bd9ab-1eb2-4082-aef1-f4e41e8da4d5,3,4706.705534
2026/02/05/11:39:58,apply-time,rs-005116-flcjz,233067cc-d932-48d6-880a-5438f995c56b,4,4707.705534
2026/02/05/11:39:58,running-time,rs-005116-flcjz,233067cc-d932-48d6-880a-5438f995c56b,4,4707.705534
2026/02/05/11:39:58,apply-time,rs-005116-vg5rx,0b92aa15-9445-48af-b19c-2bb1ec900bb4,4,4707.705534
2026/02/05/11:39:58,running-time,rs-005116-vg5rx,0b92aa15-9445-48af-b19c-2bb1ec900bb4,4,4707.705534
2026/02/05/11:39:58,apply-time,rs-005116-znd6m,d4d6c0b7-701d-4777-a3d4-95ec35692509,4,4707.705534
2026/02/05/11:39:58,running-time,rs-005116-znd6m,d4d6c0b7-701d-4777-a3d4-95ec35692509,4,4707.705534
2026/02/05/11:39:58,apply-time,rs-005117-6r4rf,0d938578-bfda-4686-8535-a90cd99bb312,1,4707.705534
2026/02/05/11:39:58,running-time,rs-005117-6r4rf,0d938578-bfda-4686-8535-a90cd99bb312,1,4707.705534
2026/02/05/11:39:58,apply-time,rs-005118-82z6m,bdb80e32-bb8c-44ee-9bce-26ba634df198,4,4707.705534
2026/02/05/11:39:58,running-time,rs-005118-82z6m,bdb80e32-bb8c-44ee-9bce-26ba634df198,4,4707.705534
2026/02/05/11:39:58,apply-time,rs-005118-pn2px,2071b1e2-e3cf-4a90-b15c-d9ca3c02495e,4,4707.705534
2026/02/05/11:39:58,running-time,rs-005118-pn2px,2071b1e2-e3cf-4a90-b15c-d9ca3c02495e,4,4707.705534
2026/02/05/11:39:58,apply-time,rs-005119-d7tzb,021a8e48-df1b-44a7-9242-607dbd30430c,2,4707.705534
2026/02/05/11:39:58,running-time,rs-005119-d7tzb,021a8e48-df1b-44a7-9242-607dbd30430c,2,4707.705534
2026/02/05/11:39:58,apply-time,rs-005120-c4g6m,baf09b1a-8bec-4727-bdab-53d841f71cfc,1,4707.705534
2026/02/05/11:39:58,running-time,rs-005120-c4g6m,baf09b1a-8bec-4727-bdab-53d841f71cfc,1,4707.705534
2026/02/05/11:39:58,apply-time,rs-005120-lw58b,840d8739-95b9-462a-b2f0-0cb3cac64e59,1,4707.705534
2026/02/05/11:39:58,running-time,rs-005120-lw58b,840d8739-95b9-462a-b2f0-0cb3cac64e59,1,4707.705534
2026/02/05/11:39:58,apply-time,rs-005120-skb6p,b2b1fcc0-4da3-4ec6-a278-f01b8cfb894c,1,4707.705534
2026/02/05/11:39:58,running-time,rs-005120-skb6p,b2b1fcc0-4da3-4ec6-a278-f01b8cfb894c,1,4707.705534
2026/02/05/11:40:01,apply-time,rs-005121-s54p8,bffac0de-7882-418e-be46-b4b956bdc9ec,2,4710.705534
2026/02/05/11:40:01,apply-time,rs-005122-tns6g,14eb23b8-1239-46dc-9a81-000e78975360,2,4710.705534
2026/02/05/11:40:01,running-time,rs-005122-tns6g,14eb23b8-1239-46dc-9a81-000e78975360,2,4710.705534
2026/02/05/11:40:02,apply-time,rs-005123-d6bpn,e7cd5779-217b-4678-aeea-f043a5960ff1,2,4711.705534
2026/02/05/11:40:02,apply-time,rs-005123-f2tj6,619142bf-9ba9-48a4-889c-c64949bca715,2,4711.705534
2026/02/05/11:40:02,apply-time,rs-005124-smbfl,3e4da611-8202-4c8f-9dfb-f63eaae023ff,4,4711.705534
2026/02/05/11:40:02,running-time,rs-005124-smbfl,3e4da611-8202-4c8f-9dfb-f63eaae023ff,4,4711.705534
2026/02/05/11:40:03,apply-time,rs-005125-vxxv4,80e383fb-a55e-4297-8230-f59dbbed5f58,1,4712.705534
2026/02/05/11:40:03,apply-time,rs-005126-l94pz,38837ff4-ddc1-41f5-9705-a611c449eeb5,3,4713.705534
2026/02/05/11:40:04,running-time,rs-005125-vxxv4,80e383fb-a55e-4297-8230-f59dbbed5f58,1,4713.705534
2026/02/05/11:40:04,running-time,rs-005126-l94pz,38837ff4-ddc1-41f5-9705-a611c449eeb5,3,4713.705534
2026/02/05/11:40:04,apply-time,rs-005126-qwtff,8e80a426-5432-41e0-b66a-3adb7a5ad341,3,4713.705534
2026/02/05/11:40:04,running-time,rs-005126-qwtff,8e80a426-5432-41e0-b66a-3adb7a5ad341,3,4713.705534
2026/02/05/11:40:04,apply-time,rs-005127-qrzrh,a8f7cd8c-c08d-425b-a7d0-34f8ba27a000,1,4713.705534
2026/02/05/11:40:04,apply-time,rs-005128-6fnz4,8b4bdb60-dcc8-4524-8f3b-58fcf8052d7a,3,4713.705534
2026/02/05/11:40:04,running-time,rs-005128-6fnz4,8b4bdb60-dcc8-4524-8f3b-58fcf8052d7a,3,4714.705534
2026/02/05/11:40:04,apply-time,rs-005128-8flc6,2f9bb428-95ef-4606-bc2f-d15a3d9fdc97,3,4713.705534
2026/02/05/11:40:04,running-time,rs-005128-8flc6,2f9bb428-95ef-4606-bc2f-d15a3d9fdc97,3,4714.705534
2026/02/05/11:40:04,apply-time,rs-005128-r2ntw,0d21083b-3854-468e-aa6f-fe7c54b90ea0,3,4713.705534
2026/02/05/11:40:04,running-time,rs-005128-r2ntw,0d21083b-3854-468e-aa6f-fe7c54b90ea0,3,4713.705534
2026/02/05/11:40:04,apply-time,rs-005129-8sg2f,2721c25f-922a-4f1b-ae89-2ff23a4ca79c,2,4713.705534
2026/02/05/11:40:04,running-time,rs-005129-8sg2f,2721c25f-922a-4f1b-ae89-2ff23a4ca79c,2,4713.705534
2026/02/05/11:40:04,apply-time,rs-005130-pwrqv,3c7401e9-85dc-4d24-a733-872f7e813ae6,1,4714.705534
2026/02/05/11:40:05,apply-time,rs-005130-qxf4k,9442c7de-4b53-448c-8fb2-d7ef68be90d4,1,4714.705534
2026/02/05/11:40:05,apply-time,rs-005131-74wdp,ddad9167-49a3-4606-b737-63d9d2e96be2,1,4714.705534
2026/02/05/11:40:05,apply-time,rs-005131-8m9lp,1d687b82-bd91-4626-9ece-eb7615cdcab8,1,4714.705534
2026/02/05/11:40:05,apply-time,rs-005131-lxvhn,c0f89d04-fe2e-4e5a-9d02-05f7380b75e9,1,4714.705534
2026/02/05/11:40:05,apply-time,rs-005132-22m94,4cbe9a50-60a2-49cd-bf46-ffa583be46f4,2,4714.705534
2026/02/05/11:40:05,running-time,rs-005132-22m94,4cbe9a50-60a2-49cd-bf46-ffa583be46f4,2,4714.705534
2026/02/05/11:40:05,apply-time,rs-005132-kvc4k,ef3edd56-581a-46cf-b539-13faf8c393df,2,4714.705534
2026/02/05/11:40:05,running-time,rs-005132-kvc4k,ef3edd56-581a-46cf-b539-13faf8c393df,2,4714.705534
2026/02/05/11:40:05,apply-time,rs-005132-n9qjq,c51b3be0-efa0-409d-8726-f874a7fd47bd,2,4714.705534
2026/02/05/11:40:05,apply-time,rs-005133-whqr6,ae3e4474-78fb-480f-8caa-f90a744b5d64,4,4714.705534
2026/02/05/11:40:05,running-time,rs-005133-whqr6,ae3e4474-78fb-480f-8caa-f90a744b5d64,4,4714.705534
2026/02/05/11:40:05,apply-time,rs-005134-2xb4b,aecb0d37-a284-4f2f-8591-cbb5d40dc1bf,1,4714.705534
2026/02/05/11:40:05,apply-time,rs-005134-5722m,109cc59d-d5b0-4940-9bd8-c8dbc0089af3,1,4714.705534
2026/02/05/11:40:05,apply-time,rs-005134-n65lx,199a41bd-9977-4309-9201-6596b26f60e3,1,4714.705534
2026/02/05/11:40:05,apply-time,rs-005135-7d9tf,37d8a13f-af19-4a1e-8da6-e37fc3ea7066,4,4714.705534
2026/02/05/11:40:05,apply-time,rs-005135-d5bzx,faba2c82-5244-47ea-b47a-7cece3d793e9,4,4714.705534
2026/02/05/11:40:05,apply-time,rs-005135-vxxhm,c1c7d2bb-98ea-448d-80c5-7a51df07285a,4,4714.705534
2026/02/05/11:40:05,apply-time,rs-005136-vj7zv,fc4cf531-ce12-49d8-bd38-b43c6e1cf8f7,2,4714.705534
2026/02/05/11:40:05,running-time,rs-005136-vj7zv,fc4cf531-ce12-49d8-bd38-b43c6e1cf8f7,2,4714.705534
2026/02/05/11:40:06,running-time,rs-005132-n9qjq,c51b3be0-efa0-409d-8726-f874a7fd47bd,2,4715.705534
2026/02/05/11:40:06,apply-time,rs-005137-qwjqr,f84e8fee-8447-408b-b385-c5bf57f3a666,4,4715.705534
2026/02/05/11:40:06,running-time,rs-005137-qwjqr,f84e8fee-8447-408b-b385-c5bf57f3a666,4,4715.705534
2026/02/05/11:40:06,apply-time,rs-005138-65ltn,3750e19d-ddf9-497a-a999-9b40ec7f08a7,1,4715.705534
2026/02/05/11:40:06,running-time,rs-005138-65ltn,3750e19d-ddf9-497a-a999-9b40ec7f08a7,1,4715.705534
2026/02/05/11:40:06,apply-time,rs-005138-bg2dt,b3e5fad0-26f5-4e7a-828e-5aa0ad2942e9,1,4715.705534
2026/02/05/11:40:06,running-time,rs-005138-bg2dt,b3e5fad0-26f5-4e7a-828e-5aa0ad2942e9,1,4715.705534
2026/02/05/11:40:06,apply-time,rs-005138-s4n7s,ee62e8c2-d378-40d0-9d42-7fcd3c7af2a0,1,4715.705534
2026/02/05/11:40:06,running-time,rs-005138-s4n7s,ee62e8c2-d378-40d0-9d42-7fcd3c7af2a0,1,4715.705534
2026/02/05/11:40:07,running-time,rs-005134-5722m,109cc59d-d5b0-4940-9bd8-c8dbc0089af3,1,4716.705534
2026/02/05/11:40:07,apply-time,rs-005139-bvw6s,ef8d4c9c-b432-4683-bf5d-5d2b2edf1238,2,4716.705534
2026/02/05/11:40:07,apply-time,rs-005140-kjsvz,a0cf33e1-37d2-4cba-9966-ddbc3cb49e40,4,4716.705534
2026/02/05/11:40:07,apply-time,rs-005140-z69qm,492bc99d-312e-479b-adf2-799b38dd9462,4,4716.705534
2026/02/05/11:40:07,apply-time,rs-005140-zbskp,b9c7ce09-d3cf-4eb9-bc5a-977cf8caf436,4,4716.705534
2026/02/05/11:40:07,apply-time,rs-005141-4mqgq,9e659c13-6bdf-4e2b-8ad8-5f6774b1cf61,1,4716.705534
2026/02/05/11:40:07,running-time,rs-005141-4mqgq,9e659c13-6bdf-4e2b-8ad8-5f6774b1cf61,1,4716.705534
2026/02/05/11:40:07,apply-time,rs-005142-zktcj,f20655ff-b443-4845-b93c-87890d7896de,3,4716.705534
2026/02/05/11:40:07,running-time,rs-005142-zktcj,f20655ff-b443-4845-b93c-87890d7896de,3,4716.705534
2026/02/05/11:40:07,apply-time,rs-005143-n22dc,a6679ec8-a4a4-4d42-be29-f0c93afb937f,2,4717.705534
2026/02/05/11:40:08,apply-time,rs-005139-h7fpg,ab4d33b3-fa93-4ce6-a71f-ad66d059a7bb,2,4717.705534
2026/02/05/11:40:08,apply-time,rs-005141-kgqtb,3c8846fd-92e2-4742-8421-4f50f0adabdf,1,4717.705534
2026/02/05/11:40:08,running-time,rs-005141-kgqtb,3c8846fd-92e2-4742-8421-4f50f0adabdf,1,4717.705534
2026/02/05/11:40:08,apply-time,rs-005141-t5nmw,0c5631b2-18e5-44e9-a2e2-f78d1f14bcc2,1,4717.705534
2026/02/05/11:40:08,running-time,rs-005141-t5nmw,0c5631b2-18e5-44e9-a2e2-f78d1f14bcc2,1,4717.705534
2026/02/05/11:40:08,apply-time,rs-005142-sz6ld,ba7496a8-81b3-4059-ac6c-2ddb93336400,3,4717.705534
2026/02/05/11:40:08,running-time,rs-005142-sz6ld,ba7496a8-81b3-4059-ac6c-2ddb93336400,3,4717.705534
2026/02/05/11:40:08,running-time,rs-005143-n22dc,a6679ec8-a4a4-4d42-be29-f0c93afb937f,2,4717.705534
2026/02/05/11:40:08,apply-time,rs-005144-dg7cl,a0e252bf-3caf-4d78-b4fb-40f04d95dd17,2,4717.705534
2026/02/05/11:40:08,apply-time,rs-005144-rpghs,5904c9c3-27a5-4e57-8ef5-b9dee0e421cb,2,4717.705534
2026/02/05/11:40:08,apply-time,rs-005145-6tbvz,e8adf5b2-b527-423b-a176-2d86ecf3d248,2,4717.705534
2026/02/05/11:40:08,apply-time,rs-005145-n6qs9,784e1037-4dc1-4b8c-98d7-b17a469f9147,2,4717.705534
2026/02/05/11:40:08,apply-time,rs-005146-4pckg,e588c9e8-8e5e-45c2-9389-27f5f9f0898e,4,4717.705534
2026/02/05/11:40:08,running-time,rs-005146-4pckg,e588c9e8-8e5e-45c2-9389-27f5f9f0898e,4,4717.705534
2026/02/05/11:40:08,apply-time,rs-005147-cf9dr,1ecfffa5-b13a-447c-aed4-d6de0c78fa70,3,4717.705534
2026/02/05/11:40:08,running-time,rs-005147-cf9dr,1ecfffa5-b13a-447c-aed4-d6de0c78fa70,3,4717.705534
2026/02/05/11:40:08,apply-time,rs-005148-gs77q,8799745f-7002-4945-8bf4-3f20b774b426,2,4717.705534
2026/02/05/11:40:09,running-time,rs-005140-z69qm,492bc99d-312e-479b-adf2-799b38dd9462,4,4718.705534
2026/02/05/11:40:09,running-time,rs-005140-zbskp,b9c7ce09-d3cf-4eb9-bc5a-977cf8caf436,4,4718.705534
2026/02/05/11:40:09,apply-time,rs-005147-cds7b,4966780e-a90f-4e41-b347-6698164db5e0,3,4718.705534
2026/02/05/11:40:09,apply-time,rs-005148-tfl2w,5d464fdd-6639-4317-85bb-3f286ab5d483,2,4718.705534
2026/02/05/11:40:09,apply-time,rs-005148-vbw8p,76f67f9d-1db4-44b3-86eb-78281a77b3d0,2,4718.705534
2026/02/05/11:40:09,apply-time,rs-005149-xt5z6,dca558b5-0f83-45e5-a067-dccd7905d6e1,1,4718.705534
2026/02/05/11:40:09,apply-time,rs-005150-8ghjg,7a564cf0-79d4-40cf-8d5a-959c80e6d767,3,4718.705534
2026/02/05/11:40:09,apply-time,rs-005150-wwttb,6429089a-1fdd-47e6-a77e-fcf4ad94ed81,3,4718.705534
2026/02/05/11:40:09,apply-time,rs-005151-n9v9r,22f34246-deb2-40d5-b449-947af77162cd,3,4718.705534
2026/02/05/11:40:09,apply-time,rs-005152-8mhm5,3e21aac8-5ea0-41e6-ba23-d3bbcd95440d,1,4718.705534
2026/02/05/11:40:09,apply-time,rs-005154-nrtq6,db728482-fad6-48ef-aedc-c3646ce9e6ec,4,4718.705534
2026/02/05/11:40:09,running-time,rs-005154-nrtq6,db728482-fad6-48ef-aedc-c3646ce9e6ec,4,4718.705534
2026/02/05/11:40:10,running-time,rs-005147-cds7b,4966780e-a90f-4e41-b347-6698164db5e0,3,4719.705534
2026/02/05/11:40:10,running-time,rs-005149-xt5z6,dca558b5-0f83-45e5-a067-dccd7905d6e1,1,4719.705534
2026/02/05/11:40:10,apply-time,rs-005152-9mf6v,7678c34a-65b2-4f78-bfdb-3847d251bad7,1,4719.705534
2026/02/05/11:40:10,apply-time,rs-005153-6vcxj,98deb71b-7035-4d82-b811-e9d7094e9302,1,4719.705534
2026/02/05/11:40:10,apply-time,rs-005153-fvn6m,c3138cc1-44a4-40f2-9e44-457d434e1eb8,1,4719.705534
2026/02/05/11:40:10,apply-time,rs-005153-zhjmp,8f600887-4b47-4bf3-9086-b2da5318a64c,1,4719.705534
2026/02/05/11:40:10,apply-time,rs-005154-c4xj5,b6e1bfc6-612e-43e3-af4a-b065239f64fb,4,4719.705534
2026/02/05/11:40:10,running-time,rs-005154-c4xj5,b6e1bfc6-612e-43e3-af4a-b065239f64fb,4,4719.705534
2026/02/05/11:40:10,apply-time,rs-005154-jpxs6,2a279056-2a1c-4430-98f2-6b817b2dfc31,4,4719.705534
2026/02/05/11:40:10,running-time,rs-005154-jpxs6,2a279056-2a1c-4430-98f2-6b817b2dfc31,4,4719.705534
2026/02/05/11:40:10,apply-time,rs-005155-cqhpg,9ac8c1f3-b7cd-44bf-89fd-1a07b26a9edd,3,4720.705534
2026/02/05/11:40:11,running-time,rs-005139-bvw6s,ef8d4c9c-b432-4683-bf5d-5d2b2edf1238,2,4720.705534
2026/02/05/11:40:11,running-time,rs-005151-n9v9r,22f34246-deb2-40d5-b449-947af77162cd,3,4720.705534
2026/02/05/11:40:11,running-time,rs-005155-cqhpg,9ac8c1f3-b7cd-44bf-89fd-1a07b26a9edd,3,4720.705534
2026/02/05/11:40:11,apply-time,rs-005156-62qps,31cec0cb-ee0c-40d5-a33e-9734d1540938,3,4720.705534
2026/02/05/11:40:11,running-time,rs-005156-62qps,31cec0cb-ee0c-40d5-a33e-9734d1540938,3,4720.705534
2026/02/05/11:40:12,running-time,rs-005130-pwrqv,3c7401e9-85dc-4d24-a733-872f7e813ae6,1,4721.705534
2026/02/05/11:40:12,apply-time,rs-005157-gfrb9,0125126b-970b-443a-8418-dc0cca9a74dd,2,4721.705534
2026/02/05/11:40:12,apply-time,rs-005158-8dmp9,815dba02-c5f4-4609-962b-7467b65125cf,3,4721.705534
2026/02/05/11:40:12,running-time,rs-005158-8dmp9,815dba02-c5f4-4609-962b-7467b65125cf,3,4721.705534
2026/02/05/11:40:13,running-time,rs-005130-qxf4k,9442c7de-4b53-448c-8fb2-d7ef68be90d4,1,4722.705534
2026/02/05/11:40:13,running-time,rs-005157-gfrb9,0125126b-970b-443a-8418-dc0cca9a74dd,2,4722.705534
2026/02/05/11:40:13,apply-time,rs-005158-88f6k,758e6b0e-140a-40d8-8f45-fdac43eb57f7,3,4722.705534
2026/02/05/11:40:13,running-time,rs-005158-88f6k,758e6b0e-140a-40d8-8f45-fdac43eb57f7,3,4722.705534
2026/02/05/11:40:13,apply-time,rs-005158-mr789,eee3c423-1d5f-45ee-967b-9139b8ff3346,3,4722.705534
2026/02/05/11:40:13,running-time,rs-005158-mr789,eee3c423-1d5f-45ee-967b-9139b8ff3346,3,4722.705534
2026/02/05/11:40:14,apply-time,rs-005159-7clvj,593d560e-c824-498c-a1e2-ae0007737952,4,4723.705534
2026/02/05/11:40:14,apply-time,rs-005159-qjf77,a6c1bc48-9b34-4305-abc4-9fe0fea061e4,4,4723.705534
2026/02/05/11:40:15,running-time,rs-005139-h7fpg,ab4d33b3-fa93-4ce6-a71f-ad66d059a7bb,2,4724.705534
2026/02/05/11:40:22,apply-time,rs-005160-55rzq,a3c2b484-26b1-41ff-8ce4-409bfc480a40,4,4731.705534
2026/02/05/11:40:22,running-time,rs-005160-55rzq,a3c2b484-26b1-41ff-8ce4-409bfc480a40,4,4731.705534
2026/02/05/11:40:22,apply-time,rs-005161-8xdcs,793c6d4f-e359-44f4-ad3b-11ec846c9f4d,1,4731.705534
2026/02/05/11:40:22,running-time,rs-005161-8xdcs,793c6d4f-e359-44f4-ad3b-11ec846c9f4d,1,4731.705534
2026/02/05/11:40:22,apply-time,rs-005162-4w7js,ed14ff4b-1d87-4942-b5d5-5e1f394499fc,2,4732.705534
2026/02/05/11:40:23,apply-time,rs-005163-55prj,d1b0f94c-1bc8-47e8-ac6d-7a9d826ea9ee,3,4732.705534
2026/02/05/11:40:23,running-time,rs-005163-55prj,d1b0f94c-1bc8-47e8-ac6d-7a9d826ea9ee,3,4732.705534
2026/02/05/11:40:23,apply-time,rs-005163-wxhkw,21337e06-8ce3-4567-885a-48f7d6e90beb,3,4732.705534
2026/02/05/11:40:23,running-time,rs-005163-wxhkw,21337e06-8ce3-4567-885a-48f7d6e90beb,3,4732.705534
2026/02/05/11:40:23,apply-time,rs-005163-z6bv8,a47683c4-3777-4fad-a70b-d27f36b346a6,3,4732.705534
2026/02/05/11:40:23,running-time,rs-005163-z6bv8,a47683c4-3777-4fad-a70b-d27f36b346a6,3,4732.705534
2026/02/05/11:40:23,apply-time,rs-005164-swxqx,34a69713-2940-4208-b62e-3b8af66e05bb,1,4732.705534
2026/02/05/11:40:23,running-time,rs-005164-swxqx,34a69713-2940-4208-b62e-3b8af66e05bb,1,4732.705534
2026/02/05/11:40:23,apply-time,rs-005165-6d4j8,ad7b2fb2-68c3-4b4d-a53f-2befaedae543,4,4732.705534
2026/02/05/11:40:23,running-time,rs-005165-6d4j8,ad7b2fb2-68c3-4b4d-a53f-2befaedae543,4,4732.705534
2026/02/05/11:40:23,apply-time,rs-005165-vnqwc,17803259-1a81-444d-aeb8-2dc8d1bc9630,4,4732.705534
2026/02/05/11:40:23,running-time,rs-005165-vnqwc,17803259-1a81-444d-aeb8-2dc8d1bc9630,4,4732.705534
2026/02/05/11:40:23,apply-time,rs-005166-4rx7z,9d8f0973-776f-416b-acbe-9e436297b491,1,4732.705534
2026/02/05/11:40:23,apply-time,rs-005167-2ktz4,eb3373b9-7bc7-434b-a3b9-de3e2ca3115f,3,4732.705534
2026/02/05/11:40:23,running-time,rs-005167-2ktz4,eb3373b9-7bc7-434b-a3b9-de3e2ca3115f,3,4732.705534
2026/02/05/11:40:23,apply-time,rs-005167-tlpnl,b7200587-7e73-47e3-ab40-6469c5932909,3,4732.705534
2026/02/05/11:40:23,running-time,rs-005167-tlpnl,b7200587-7e73-47e3-ab40-6469c5932909,3,4732.705534
2026/02/05/11:40:23,apply-time,rs-005168-29gbk,35761fd3-9593-464d-b893-39bb08a956f3,1,4732.705534
2026/02/05/11:40:23,running-time,rs-005168-29gbk,35761fd3-9593-464d-b893-39bb08a956f3,1,4732.705534
2026/02/05/11:40:24,apply-time,rs-005168-t8zlh,4227d78a-889a-40e7-b646-98a022989614,1,4733.705534
2026/02/05/11:40:24,running-time,rs-005168-t8zlh,4227d78a-889a-40e7-b646-98a022989614,1,4733.705534
2026/02/05/11:40:24,apply-time,rs-005168-x7f2l,e574a7fb-68c4-4d16-ac47-081e9e4bb7c3,1,4733.705534
2026/02/05/11:40:24,running-time,rs-005168-x7f2l,e574a7fb-68c4-4d16-ac47-081e9e4bb7c3,1,4733.705534
2026/02/05/11:40:24,apply-time,rs-005169-bgb6l,a8a8d2ef-dbff-465b-857d-5fbb6ebcc59b,2,4733.705534
2026/02/05/11:40:24,running-time,rs-005169-bgb6l,a8a8d2ef-dbff-465b-857d-5fbb6ebcc59b,2,4733.705534
2026/02/05/11:40:24,apply-time,rs-005170-jpbcl,cbe2931a-bab3-4412-bf73-eac790f140ff,2,4733.705534
2026/02/05/11:40:24,running-time,rs-005170-jpbcl,cbe2931a-bab3-4412-bf73-eac790f140ff,2,4733.705534
2026/02/05/11:40:24,apply-time,rs-005171-9w7bl,4404ea19-d609-4d45-b1af-b25f34bc76aa,1,4733.705534
2026/02/05/11:40:25,running-time,rs-005171-9w7bl,4404ea19-d609-4d45-b1af-b25f34bc76aa,1,4734.705534
2026/02/05/11:40:25,apply-time,rs-005172-h7jg2,3c01be5d-0ecf-46c4-bf03-60a38b8f4892,2,4734.705534
2026/02/05/11:40:25,running-time,rs-005172-h7jg2,3c01be5d-0ecf-46c4-bf03-60a38b8f4892,2,4734.705534
2026/02/05/11:40:25,apply-time,rs-005173-6968x,a75fb587-a96e-4a85-aa67-e6ef7298fc22,2,4734.705534
2026/02/05/11:40:25,running-time,rs-005173-6968x,a75fb587-a96e-4a85-aa67-e6ef7298fc22,2,4734.705534
2026/02/05/11:40:25,apply-time,rs-005173-9h8wv,fe860c97-33f5-41c0-99b5-ff0924c91022,2,4734.705534
2026/02/05/11:40:25,running-time,rs-005173-9h8wv,fe860c97-33f5-41c0-99b5-ff0924c91022,2,4734.705534
2026/02/05/11:40:25,apply-time,rs-005173-ggfvf,ca4177f2-fd69-4cd8-96db-fbd85be8d250,2,4734.705534
2026/02/05/11:40:26,running-time,rs-005166-4rx7z,9d8f0973-776f-416b-acbe-9e436297b491,1,4735.705534
2026/02/05/11:40:26,running-time,rs-005173-ggfvf,ca4177f2-fd69-4cd8-96db-fbd85be8d250,2,4735.705534
2026/02/05/11:40:40,apply-time,rs-005174-pcn4l,4fb5180c-cc71-4232-9435-e86000fe1d56,1,4749.705534
2026/02/05/11:40:40,running-time,rs-005174-pcn4l,4fb5180c-cc71-4232-9435-e86000fe1d56,1,4750.705534
2026/02/05/11:40:40,apply-time,rs-005175-xdjjs,62d36e0c-f0b4-486c-a519-a7e89f9ee2a2,1,4749.705534
2026/02/05/11:40:40,running-time,rs-005175-xdjjs,62d36e0c-f0b4-486c-a519-a7e89f9ee2a2,1,4750.705534
2026/02/05/11:40:40,apply-time,rs-005176-6nsz8,49d7f907-3d8f-474f-b6d3-02baf57aa916,4,4749.705534
2026/02/05/11:40:40,running-time,rs-005176-6nsz8,49d7f907-3d8f-474f-b6d3-02baf57aa916,4,4750.705534
2026/02/05/11:40:40,apply-time,rs-005177-jjpbq,716908f9-d839-4905-b6e8-94207b5c6879,1,4749.705534
2026/02/05/11:40:40,running-time,rs-005177-jjpbq,716908f9-d839-4905-b6e8-94207b5c6879,1,4749.705534
2026/02/05/11:40:40,apply-time,rs-005177-jv7dt,e7069011-311c-42e2-bd0e-e641eb689ec6,1,4749.705534
2026/02/05/11:40:40,running-time,rs-005177-jv7dt,e7069011-311c-42e2-bd0e-e641eb689ec6,1,4750.705534
2026/02/05/11:40:41,apply-time,rs-005178-cckzm,41fcb8ac-776b-4ce8-8f23-fdadffacfc12,2,4750.705534
2026/02/05/11:40:41,running-time,rs-005178-cckzm,41fcb8ac-776b-4ce8-8f23-fdadffacfc12,2,4750.705534
2026/02/05/11:40:41,apply-time,rs-005178-td9c2,6844c9a3-f336-467f-a739-55b1cd810bef,2,4750.705534
2026/02/05/11:40:41,apply-time,rs-005178-zmbgl,53d41c2c-992e-4e92-ac0d-62a89fc6626c,2,4750.705534
2026/02/05/11:40:41,running-time,rs-005178-zmbgl,53d41c2c-992e-4e92-ac0d-62a89fc6626c,2,4750.705534
2026/02/05/11:40:41,apply-time,rs-005179-4rt66,59014756-0e02-45e3-871b-23c32e89acec,1,4750.705534
2026/02/05/11:40:41,running-time,rs-005179-4rt66,59014756-0e02-45e3-871b-23c32e89acec,1,4750.705534
2026/02/05/11:40:41,apply-time,rs-005180-r8qtc,ec519282-4071-4f8b-9881-fc9cb067fd28,1,4750.705534
2026/02/05/11:40:41,running-time,rs-005180-r8qtc,ec519282-4071-4f8b-9881-fc9cb067fd28,1,4750.705534
2026/02/05/11:40:41,apply-time,rs-005181-kt8d7,0c5614b1-723d-412a-b51a-578d29252a9d,3,4750.705534
2026/02/05/11:40:41,running-time,rs-005181-kt8d7,0c5614b1-723d-412a-b51a-578d29252a9d,3,4750.705534
2026/02/05/11:40:45,running-time,rs-005178-td9c2,6844c9a3-f336-467f-a739-55b1cd810bef,2,4754.705534
2026/02/05/11:40:46,apply-time,rs-005182-l9rgx,81c12787-1b13-4b3f-abdc-d6e9a6dca2df,3,4755.705534
2026/02/05/11:40:46,running-time,rs-005182-l9rgx,81c12787-1b13-4b3f-abdc-d6e9a6dca2df,3,4755.705534
2026/02/05/11:40:46,apply-time,rs-005182-w7sqv,f6d96554-3cc3-45b1-9c30-82c71fc32926,3,4755.705534
2026/02/05/11:40:46,running-time,rs-005182-w7sqv,f6d96554-3cc3-45b1-9c30-82c71fc32926,3,4755.705534
2026/02/05/11:40:46,apply-time,rs-005182-xzkkn,d5e9de5e-3056-443e-b769-be7d35c0454b,3,4755.705534
2026/02/05/11:40:46,running-time,rs-005182-xzkkn,d5e9de5e-3056-443e-b769-be7d35c0454b,3,4755.705534
2026/02/05/11:40:47,apply-time,rs-005183-94ghz,bb83ce1f-5679-4b51-b793-d6a5317fdb47,4,4756.705534
2026/02/05/11:40:47,running-time,rs-005183-94ghz,bb83ce1f-5679-4b51-b793-d6a5317fdb47,4,4756.705534
2026/02/05/11:40:47,apply-time,rs-005183-g44s8,4d4f4acc-43fe-4f5c-b35b-ae47467041c7,4,4756.705534
2026/02/05/11:40:47,running-time,rs-005183-g44s8,4d4f4acc-43fe-4f5c-b35b-ae47467041c7,4,4756.705534
2026/02/05/11:40:47,apply-time,rs-005183-nrwhj,597872b6-007d-4f85-ad1c-836b4e27bd80,4,4756.705534
2026/02/05/11:40:47,running-time,rs-005183-nrwhj,597872b6-007d-4f85-ad1c-836b4e27bd80,4,4756.705534
2026/02/05/11:40:47,apply-time,rs-005184-797kt,adf5cd06-b219-4369-862d-10a695b56c38,2,4756.705534
2026/02/05/11:40:47,running-time,rs-005184-797kt,adf5cd06-b219-4369-862d-10a695b56c38,2,4756.705534
2026/02/05/11:40:47,apply-time,rs-005184-b7d4p,f5a6d531-96c1-4167-9c6d-287c4fe79ade,2,4756.705534
2026/02/05/11:40:47,running-time,rs-005184-b7d4p,f5a6d531-96c1-4167-9c6d-287c4fe79ade,2,4756.705534
2026/02/05/11:40:47,apply-time,rs-005184-ws8m4,823e4c22-df9f-424b-b2da-8816d0ad00b6,2,4756.705534
2026/02/05/11:40:47,running-time,rs-005184-ws8m4,823e4c22-df9f-424b-b2da-8816d0ad00b6,2,4756.705534
2026/02/05/11:40:47,apply-time,rs-005185-5rqvw,67822849-a9e9-40d3-a761-000e0b5dcbe9,4,4756.705534
2026/02/05/11:40:47,running-time,rs-005185-5rqvw,67822849-a9e9-40d3-a761-000e0b5dcbe9,4,4756.705534
2026/02/05/11:40:47,apply-time,rs-005185-x5lbz,0609f761-e918-4f45-8b52-5c75b0202993,4,4756.705534
2026/02/05/11:40:47,running-time,rs-005185-x5lbz,0609f761-e918-4f45-8b52-5c75b0202993,4,4756.705534
2026/02/05/11:40:47,apply-time,rs-005186-7ph5x,59d3e9d8-da0d-4427-9783-4714200e4113,1,4756.705534
2026/02/05/11:40:47,apply-time,rs-005186-d7lwx,47bfb686-8df6-4f7c-8ff2-151a414a8b10,1,4756.705534
2026/02/05/11:40:47,apply-time,rs-005186-h5kmn,406c6de5-bf4f-4d65-a327-f99e70ca3270,1,4756.705534
2026/02/05/11:40:49,apply-time,rs-005187-kdkp6,9df039d8-721d-47ed-a856-d36148148a64,4,4758.705534
2026/02/05/11:40:49,running-time,rs-005187-kdkp6,9df039d8-721d-47ed-a856-d36148148a64,4,4758.705534
2026/02/05/11:40:49,apply-time,rs-005187-p4gb2,15b3fbe0-32d3-4a8b-9486-faf4db3a2649,4,4758.705534
2026/02/05/11:40:49,running-time,rs-005187-p4gb2,15b3fbe0-32d3-4a8b-9486-faf4db3a2649,4,4758.705534
2026/02/05/11:40:49,apply-time,rs-005188-4z86h,f8d797ad-7bb1-4b33-b54b-3a20fd770371,1,4758.705534
2026/02/05/11:40:50,running-time,rs-005188-4z86h,f8d797ad-7bb1-4b33-b54b-3a20fd770371,1,4759.705534
2026/02/05/11:41:00,apply-time,rs-005189-xlc7s,0764a9ad-7df7-46c9-be52-ceef2766d5e4,2,4769.705534
2026/02/05/11:41:00,running-time,rs-005189-xlc7s,0764a9ad-7df7-46c9-be52-ceef2766d5e4,2,4769.705534
2026/02/05/11:41:01,apply-time,rs-005190-h6kbv,975f100d-21e9-41f0-816c-dbf0b8c4db83,3,4770.705534
2026/02/05/11:41:01,running-time,rs-005190-h6kbv,975f100d-21e9-41f0-816c-dbf0b8c4db83,3,4770.705534
2026/02/05/11:41:01,apply-time,rs-005190-vhqzv,b16d4470-53dd-4366-9f7d-3a4d5c0bd9d5,3,4770.705534
2026/02/05/11:41:01,running-time,rs-005190-vhqzv,b16d4470-53dd-4366-9f7d-3a4d5c0bd9d5,3,4771.705534
2026/02/05/11:41:01,apply-time,rs-005191-4zm8t,f30c826f-e9f8-4795-a6a2-388b9ad96e7f,3,4770.705534
2026/02/05/11:41:01,running-time,rs-005191-4zm8t,f30c826f-e9f8-4795-a6a2-388b9ad96e7f,3,4771.705534
2026/02/05/11:41:01,apply-time,rs-005191-shskv,c7cdf5f5-543f-4aec-988a-1fa50645beae,3,4770.705534
2026/02/05/11:41:01,running-time,rs-005191-shskv,c7cdf5f5-543f-4aec-988a-1fa50645beae,3,4771.705534
2026/02/05/11:41:06,apply-time,rs-005192-52jcm,b1bd71c6-f521-496d-86dc-e9ffd0f9e5cf,1,4775.705534
2026/02/05/11:41:06,running-time,rs-005192-52jcm,b1bd71c6-f521-496d-86dc-e9ffd0f9e5cf,1,4775.705534
2026/02/05/11:41:06,apply-time,rs-005192-8t246,565cc065-57b4-4e35-a45c-326e5bdda13a,1,4775.705534
2026/02/05/11:41:06,running-time,rs-005192-8t246,565cc065-57b4-4e35-a45c-326e5bdda13a,1,4775.705534
2026/02/05/11:41:06,apply-time,rs-005192-hh87q,9e527fea-0db5-4117-9de6-092b7afb0272,1,4775.705534
2026/02/05/11:41:06,running-time,rs-005192-hh87q,9e527fea-0db5-4117-9de6-092b7afb0272,1,4775.705534
2026/02/05/11:41:07,apply-time,rs-005193-4tlmg,1bf2f2b2-bb2b-4184-aa47-aae7b7b69982,2,4776.705534
2026/02/05/11:41:07,running-time,rs-005193-4tlmg,1bf2f2b2-bb2b-4184-aa47-aae7b7b69982,2,4776.705534
2026/02/05/11:41:07,apply-time,rs-005193-76xpk,230f8eb6-e133-4565-b225-5f3e4116ba4c,2,4776.705534
2026/02/05/11:41:07,running-time,rs-005193-76xpk,230f8eb6-e133-4565-b225-5f3e4116ba4c,2,4776.705534
2026/02/05/11:41:07,apply-time,rs-005194-m8jgj,bf896d17-b62d-4fd9-b1ce-da460e4e4b86,4,4776.705534
2026/02/05/11:41:07,running-time,rs-005194-m8jgj,bf896d17-b62d-4fd9-b1ce-da460e4e4b86,4,4776.705534
2026/02/05/11:41:12,apply-time,rs-005195-8fvfb,037f61fb-0776-4822-a8f4-6caa528e5c80,2,4781.705534
2026/02/05/11:41:12,running-time,rs-005195-8fvfb,037f61fb-0776-4822-a8f4-6caa528e5c80,2,4781.705534
2026/02/05/11:41:12,apply-time,rs-005195-cg7v8,a05d213b-da44-4c95-9839-f4d8d6f0b111,2,4781.705534
2026/02/05/11:41:12,running-time,rs-005195-cg7v8,a05d213b-da44-4c95-9839-f4d8d6f0b111,2,4781.705534
2026/02/05/11:41:12,apply-time,rs-005195-zv4nd,00374a48-dda8-4eaf-bb66-e75a348f631a,2,4781.705534
2026/02/05/11:41:12,running-time,rs-005195-zv4nd,00374a48-dda8-4eaf-bb66-e75a348f631a,2,4781.705534
2026/02/05/11:41:12,apply-time,rs-005196-tqq89,915f296b-8916-43fa-be33-2ba6d45925ac,1,4781.705534
2026/02/05/11:41:12,running-time,rs-005196-tqq89,915f296b-8916-43fa-be33-2ba6d45925ac,1,4781.705534
2026/02/05/11:41:12,apply-time,rs-005196-tw94n,9706c6e2-aac4-49c0-9439-7ce99faf0916,1,4781.705534
2026/02/05/11:41:12,running-time,rs-005196-tw94n,9706c6e2-aac4-49c0-9439-7ce99faf0916,1,4781.705534
2026/02/05/11:41:12,apply-time,rs-005196-xzlc4,448e1264-419b-4b63-984f-32a379b0271e,1,4781.705534
2026/02/05/11:41:12,running-time,rs-005196-xzlc4,448e1264-419b-4b63-984f-32a379b0271e,1,4781.705534
2026/02/05/11:41:12,apply-time,rs-005197-jkss5,17e772fc-d0c1-47bd-9529-3fb49c690a87,4,4781.705534
2026/02/05/11:41:12,apply-time,rs-005197-ktpmf,42c6984c-bd08-475b-8b97-d8c2e72d9cea,4,4781.705534
2026/02/05/11:41:12,apply-time,rs-005198-2zr8k,e0f0e05a-eea3-4502-b75f-23284471a0d2,4,4781.705534
2026/02/05/11:41:12,running-time,rs-005198-2zr8k,e0f0e05a-eea3-4502-b75f-23284471a0d2,4,4781.705534
2026/02/05/11:41:12,apply-time,rs-005198-pdqs7,bccbb447-fdda-4fd0-bcde-a8f19760e7fc,4,4781.705534
2026/02/05/11:41:12,running-time,rs-005198-pdqs7,bccbb447-fdda-4fd0-bcde-a8f19760e7fc,4,4781.705534
2026/02/05/11:41:12,apply-time,rs-005198-zq7sc,e59209b7-a2b0-4e18-9802-a805d92aed7f,4,4781.705534
2026/02/05/11:41:12,running-time,rs-005198-zq7sc,e59209b7-a2b0-4e18-9802-a805d92aed7f,4,4781.705534
2026/02/05/11:41:13,apply-time,rs-005199-c4nbp,6513c54f-63f3-4b3b-b953-02fc5bdf9f28,3,4782.705534
2026/02/05/11:41:13,running-time,rs-005199-c4nbp,6513c54f-63f3-4b3b-b953-02fc5bdf9f28,3,4782.705534
2026/02/05/11:41:13,apply-time,rs-005199-q7chl,ec335ea8-8c9c-4d4d-a898-ceeb3325d0a9,3,4782.705534
2026/02/05/11:41:13,running-time,rs-005199-q7chl,ec335ea8-8c9c-4d4d-a898-ceeb3325d0a9,3,4782.705534
2026/02/05/11:41:13,apply-time,rs-005200-wbhx5,57e25652-7ab4-4e7e-8f13-8a0a8a709a65,1,4782.705534
2026/02/05/11:41:13,running-time,rs-005200-wbhx5,57e25652-7ab4-4e7e-8f13-8a0a8a709a65,1,4782.705534
2026/02/05/11:41:13,apply-time,rs-005201-6tk2x,e335e66e-faa2-4d9b-a18b-8756e6c6052f,4,4782.705534
2026/02/05/11:41:13,running-time,rs-005201-6tk2x,e335e66e-faa2-4d9b-a18b-8756e6c6052f,4,4782.705534
2026/02/05/11:41:13,apply-time,rs-005201-njqz4,e7ddf07c-049c-4ffd-8b7f-0d0ecd9cc969,4,4782.705534
2026/02/05/11:41:13,running-time,rs-005201-njqz4,e7ddf07c-049c-4ffd-8b7f-0d0ecd9cc969,4,4782.705534
2026/02/05/11:41:13,apply-time,rs-005202-5z9zr,7de737c2-cc4b-4058-8077-5367b5c3a3cb,3,4782.705534
2026/02/05/11:41:14,apply-time,rs-005202-b6q69,12ea51f1-ee3c-4246-ab0d-4ba976badd8c,3,4783.705534
2026/02/05/11:41:14,apply-time,rs-005202-r5cvf,b87d8e35-dd26-4ee1-9f63-d8bfe67698d2,3,4783.705534
2026/02/05/11:41:15,running-time,rs-005202-r5cvf,b87d8e35-dd26-4ee1-9f63-d8bfe67698d2,3,4784.705534
2026/02/05/11:41:18,running-time,rs-005202-b6q69,12ea51f1-ee3c-4246-ab0d-4ba976badd8c,3,4787.705534
2026/02/05/11:41:21,apply-time,rs-005203-rf79h,d2c11562-d885-4fe2-bfea-68aa914ae31c,3,4790.705534
2026/02/05/11:41:21,running-time,rs-005203-rf79h,d2c11562-d885-4fe2-bfea-68aa914ae31c,3,4790.705534
2026/02/05/11:41:21,apply-time,rs-005204-tblt7,02072090-1e68-493d-8efa-fd3d5a894c5c,3,4790.705534
2026/02/05/11:41:21,running-time,rs-005204-tblt7,02072090-1e68-493d-8efa-fd3d5a894c5c,3,4790.705534
2026/02/05/11:41:21,apply-time,rs-005204-thnph,4a55be0b-1cd4-4847-a1af-5daed1f9bd5f,3,4790.705534
2026/02/05/11:41:21,running-time,rs-005204-thnph,4a55be0b-1cd4-4847-a1af-5daed1f9bd5f,3,4790.705534
2026/02/05/11:41:24,apply-time,rs-005205-tmmvh,12ca4afb-7988-4151-aff9-78a599aecd20,3,4793.705534
2026/02/05/11:41:24,running-time,rs-005205-tmmvh,12ca4afb-7988-4151-aff9-78a599aecd20,3,4793.705534
2026/02/05/11:41:24,apply-time,rs-005206-fnvx8,c90e3501-18b2-4d8d-a6ce-cce43f0e42dd,2,4793.705534
2026/02/05/11:41:24,running-time,rs-005206-fnvx8,c90e3501-18b2-4d8d-a6ce-cce43f0e42dd,2,4793.705534
2026/02/05/11:41:24,apply-time,rs-005206-hdzw7,b49e801c-982e-4e30-9f57-ca33c6c27540,2,4793.705534
2026/02/05/11:41:24,running-time,rs-005206-hdzw7,b49e801c-982e-4e30-9f57-ca33c6c27540,2,4793.705534
2026/02/05/11:41:24,apply-time,rs-005207-2dcm4,6cd9cd20-3400-43dc-9245-84fab4d53332,1,4793.705534
2026/02/05/11:41:24,running-time,rs-005207-2dcm4,6cd9cd20-3400-43dc-9245-84fab4d53332,1,4793.705534
2026/02/05/11:41:24,apply-time,rs-005207-sfrm4,779fd507-27f0-47ae-ad79-d7a2b921cdda,1,4793.705534
2026/02/05/11:41:24,running-time,rs-005207-sfrm4,779fd507-27f0-47ae-ad79-d7a2b921cdda,1,4793.705534
2026/02/05/11:41:25,apply-time,rs-005208-6nbgz,02286938-7e7a-490f-8abb-2e098d4f8d1c,4,4794.705534
2026/02/05/11:41:25,running-time,rs-005208-6nbgz,02286938-7e7a-490f-8abb-2e098d4f8d1c,4,4794.705534
2026/02/05/11:41:25,apply-time,rs-005208-86v8h,e123146e-c4da-4c71-ae99-beddd3b815f6,4,4794.705534
2026/02/05/11:41:25,running-time,rs-005208-86v8h,e123146e-c4da-4c71-ae99-beddd3b815f6,4,4794.705534
2026/02/05/11:41:25,apply-time,rs-005209-k59tv,7022f564-531b-412a-87a2-69ca3f854c6c,1,4794.705534
2026/02/05/11:41:26,running-time,rs-005209-k59tv,7022f564-531b-412a-87a2-69ca3f854c6c,1,4795.705534
2026/02/05/11:41:26,apply-time,rs-005210-9tr8h,f6ffcc70-b36a-490e-b2ab-605eb03866db,1,4795.705534
2026/02/05/11:41:26,running-time,rs-005210-9tr8h,f6ffcc70-b36a-490e-b2ab-605eb03866db,1,4795.705534
2026/02/05/11:41:26,apply-time,rs-005210-dvhk7,1e384030-0655-4bdd-988f-4f63284d73e2,1,4795.705534
2026/02/05/11:41:26,running-time,rs-005210-dvhk7,1e384030-0655-4bdd-988f-4f63284d73e2,1,4795.705534
2026/02/05/11:41:37,apply-time,rs-005211-2m6kd,fe5d4523-3c4d-4e32-a630-775d2dc71bac,2,4806.705534
2026/02/05/11:41:37,running-time,rs-005211-2m6kd,fe5d4523-3c4d-4e32-a630-775d2dc71bac,2,4806.705534
2026/02/05/11:41:37,apply-time,rs-005212-tzghv,34674465-323e-4dff-b048-1bcc79eacc19,2,4806.705534
2026/02/05/11:41:37,running-time,rs-005212-tzghv,34674465-323e-4dff-b048-1bcc79eacc19,2,4806.705534
2026/02/05/11:41:37,apply-time,rs-005213-92rl6,faa4caa1-cce5-4fa6-acac-a133fcc91dc5,3,4806.705534
2026/02/05/11:41:37,running-time,rs-005213-92rl6,faa4caa1-cce5-4fa6-acac-a133fcc91dc5,3,4807.705534
2026/02/05/11:41:37,apply-time,rs-005214-cqwnp,f51cc608-3280-4eee-adbd-c50e4356ff17,2,4806.705534
2026/02/05/11:41:37,running-time,rs-005214-cqwnp,f51cc608-3280-4eee-adbd-c50e4356ff17,2,4806.705534
2026/02/05/11:41:37,apply-time,rs-005214-vnbk7,2e7724c4-c14b-4919-8dee-033217cc87cc,2,4806.705534
2026/02/05/11:41:37,running-time,rs-005214-vnbk7,2e7724c4-c14b-4919-8dee-033217cc87cc,2,4807.705534
2026/02/05/11:41:37,apply-time,rs-005215-6k7xt,f22dce02-48b4-480c-befb-11e00e97e55e,2,4806.705534
2026/02/05/11:41:37,running-time,rs-005215-6k7xt,f22dce02-48b4-480c-befb-11e00e97e55e,2,4806.705534
2026/02/05/11:41:38,apply-time,rs-005216-mvpgj,617a2e68-f141-4f8b-911f-608ab2a66862,2,4807.705534
2026/02/05/11:41:38,running-time,rs-005216-mvpgj,617a2e68-f141-4f8b-911f-608ab2a66862,2,4807.705534
2026/02/05/11:41:38,apply-time,rs-005216-r576x,e2edb4f2-af93-4ab0-8af3-d5e71568323e,2,4807.705534
2026/02/05/11:41:38,running-time,rs-005216-r576x,e2edb4f2-af93-4ab0-8af3-d5e71568323e,2,4807.705534
2026/02/05/11:41:38,apply-time,rs-005217-gvh2p,79b916c7-515f-4680-b4d2-e755d1931e23,2,4807.705534
2026/02/05/11:41:38,running-time,rs-005217-gvh2p,79b916c7-515f-4680-b4d2-e755d1931e23,2,4807.705534
2026/02/05/11:41:38,apply-time,rs-005217-rxwq5,c57f02d3-4b70-477a-9325-159050eb684b,2,4807.705534
2026/02/05/11:41:38,running-time,rs-005217-rxwq5,c57f02d3-4b70-477a-9325-159050eb684b,2,4807.705534
2026/02/05/11:41:38,apply-time,rs-005217-zcx2t,3e8776d0-1dd3-47af-a628-ac7d4bdd5097,2,4807.705534
2026/02/05/11:41:38,running-time,rs-005217-zcx2t,3e8776d0-1dd3-47af-a628-ac7d4bdd5097,2,4807.705534
2026/02/05/11:41:38,apply-time,rs-005218-7xpxh,bba7e702-a373-4ffa-bd63-d153f56f9e3f,1,4807.705534
2026/02/05/11:41:38,running-time,rs-005218-7xpxh,bba7e702-a373-4ffa-bd63-d153f56f9e3f,1,4807.705534
2026/02/05/11:41:38,apply-time,rs-005218-r8bd5,ac026647-edd7-44b2-9b5f-a4f2e5c6ebdc,1,4807.705534
2026/02/05/11:41:38,running-time,rs-005218-r8bd5,ac026647-edd7-44b2-9b5f-a4f2e5c6ebdc,1,4807.705534
2026/02/05/11:41:38,apply-time,rs-005219-8n7mn,b9c668d7-765c-4f59-9509-67fbef12042b,1,4807.705534
2026/02/05/11:41:38,running-time,rs-005219-8n7mn,b9c668d7-765c-4f59-9509-67fbef12042b,1,4807.705534
2026/02/05/11:41:38,apply-time,rs-005219-ggqr5,82475e73-2aa0-4cd1-b6e6-409f08d39b2a,1,4807.705534
2026/02/05/11:41:38,running-time,rs-005219-ggqr5,82475e73-2aa0-4cd1-b6e6-409f08d39b2a,1,4807.705534
2026/02/05/11:41:38,apply-time,rs-005221-5jxdm,328d8e2e-03a1-41cc-a1cb-9c3021381703,3,4808.705534
2026/02/05/11:41:38,apply-time,rs-005222-6qxmj,04294797-6c97-4692-9b66-2df7c7c910e1,1,4807.705534
2026/02/05/11:41:38,running-time,rs-005222-6qxmj,04294797-6c97-4692-9b66-2df7c7c910e1,1,4808.705534
2026/02/05/11:41:38,apply-time,rs-005223-gmdvw,d80da82f-3c00-4aa6-b230-b4496aa289c8,2,4807.705534
2026/02/05/11:41:38,running-time,rs-005223-gmdvw,d80da82f-3c00-4aa6-b230-b4496aa289c8,2,4807.705534
2026/02/05/11:41:38,apply-time,rs-005224-sfwwp,e40c35c1-81aa-4afb-a1c6-04245c6f08f9,3,4807.705534
2026/02/05/11:41:38,running-time,rs-005224-sfwwp,e40c35c1-81aa-4afb-a1c6-04245c6f08f9,3,4807.705534
2026/02/05/11:41:39,apply-time,rs-005220-9ldv9,f479863e-17bf-42e7-949e-8e7270ba031c,3,4808.705534
2026/02/05/11:41:39,running-time,rs-005220-9ldv9,f479863e-17bf-42e7-949e-8e7270ba031c,3,4808.705534
2026/02/05/11:41:39,apply-time,rs-005220-v78rf,5a17a3e2-7ad8-469e-9031-54ddb97bfdcf,3,4808.705534
2026/02/05/11:41:39,running-time,rs-005220-v78rf,5a17a3e2-7ad8-469e-9031-54ddb97bfdcf,3,4808.705534
2026/02/05/11:41:39,apply-time,rs-005221-pw77d,3d022e12-be81-4c35-9f16-d7bab44175fc,3,4808.705534
2026/02/05/11:41:39,apply-time,rs-005221-v2h28,8ee486b0-22dd-422c-b695-ca4696600eba,3,4808.705534
2026/02/05/11:41:39,apply-time,rs-005222-m258v,58668251-3c69-4a8d-b991-245080c5bc88,1,4808.705534
2026/02/05/11:41:39,running-time,rs-005222-m258v,58668251-3c69-4a8d-b991-245080c5bc88,1,4808.705534
2026/02/05/11:41:39,apply-time,rs-005222-zm2px,b42b2609-dfd4-4988-b9b2-774daf207af8,1,4808.705534
2026/02/05/11:41:39,running-time,rs-005222-zm2px,b42b2609-dfd4-4988-b9b2-774daf207af8,1,4808.705534
2026/02/05/11:41:39,apply-time,rs-005223-fwlg5,7bdb0ade-24b2-444d-ad82-a254994e5e16,2,4808.705534
2026/02/05/11:41:39,running-time,rs-005223-fwlg5,7bdb0ade-24b2-444d-ad82-a254994e5e16,2,4808.705534
2026/02/05/11:41:39,apply-time,rs-005224-v4b5m,3d236c40-0923-4ba2-b90a-5b0653ea2cc3,3,4808.705534
2026/02/05/11:41:39,running-time,rs-005224-v4b5m,3d236c40-0923-4ba2-b90a-5b0653ea2cc3,3,4808.705534
2026/02/05/11:41:39,apply-time,rs-005225-7tn6r,cfd02c62-c1b0-48d8-9862-067b6a8efb0c,4,4808.705534
2026/02/05/11:41:39,running-time,rs-005225-7tn6r,cfd02c62-c1b0-48d8-9862-067b6a8efb0c,4,4809.705534
2026/02/05/11:41:39,apply-time,rs-005228-g8hfw,9c4dd3d1-4f5b-40ef-8215-50685f91db3d,1,4809.705534
2026/02/05/11:41:40,apply-time,rs-005225-4kt7n,4f8ee736-9b3a-41a7-a936-ba1e91d84cb5,4,4809.705534
2026/02/05/11:41:40,running-time,rs-005225-4kt7n,4f8ee736-9b3a-41a7-a936-ba1e91d84cb5,4,4809.705534
2026/02/05/11:41:40,apply-time,rs-005225-7q9kv,b1f4c97f-0558-4561-b1e7-ba31be2c2dbf,4,4809.705534
2026/02/05/11:41:40,running-time,rs-005225-7q9kv,b1f4c97f-0558-4561-b1e7-ba31be2c2dbf,4,4809.705534
2026/02/05/11:41:40,apply-time,rs-005226-j67h5,9fd5db17-a3a2-4a9a-827e-6f0260a2a2fc,2,4809.705534
2026/02/05/11:41:40,running-time,rs-005226-j67h5,9fd5db17-a3a2-4a9a-827e-6f0260a2a2fc,2,4809.705534
2026/02/05/11:41:40,apply-time,rs-005226-n2jxc,a08ebe94-31d4-4e9a-b1c8-3c5ad791aea3,2,4809.705534
2026/02/05/11:41:40,running-time,rs-005226-n2jxc,a08ebe94-31d4-4e9a-b1c8-3c5ad791aea3,2,4809.705534
2026/02/05/11:41:40,apply-time,rs-005226-pcf2r,94b3de48-6d9a-4f56-8c5c-62fd9663b8a7,2,4809.705534
2026/02/05/11:41:40,running-time,rs-005226-pcf2r,94b3de48-6d9a-4f56-8c5c-62fd9663b8a7,2,4809.705534
2026/02/05/11:41:40,apply-time,rs-005227-9qlkg,22021472-e64e-49a4-9caf-fd28ecb7ae08,1,4809.705534
2026/02/05/11:41:40,apply-time,rs-005227-x8mfg,2034f538-a8d6-4db6-b13f-76748872ee09,1,4809.705534
2026/02/05/11:41:40,apply-time,rs-005229-rn8gd,5637aeab-df98-42d8-aaf5-6aa4a9fe2a95,2,4809.705534
2026/02/05/11:41:40,running-time,rs-005229-rn8gd,5637aeab-df98-42d8-aaf5-6aa4a9fe2a95,2,4809.705534
2026/02/05/11:41:40,apply-time,rs-005230-nngzz,cd527b11-eb09-4a2f-8f96-e49f7af9b911,3,4809.705534
2026/02/05/11:41:40,running-time,rs-005230-nngzz,cd527b11-eb09-4a2f-8f96-e49f7af9b911,3,4809.705534
2026/02/05/11:41:41,running-time,rs-005227-9qlkg,22021472-e64e-49a4-9caf-fd28ecb7ae08,1,4811.705534
2026/02/05/11:41:41,apply-time,rs-005231-vzd29,3958f410-e131-4de3-9ea5-7200c1ab9d00,1,4811.705534
2026/02/05/11:41:42,running-time,rs-005227-x8mfg,2034f538-a8d6-4db6-b13f-76748872ee09,1,4811.705534
2026/02/05/11:41:42,running-time,rs-005228-g8hfw,9c4dd3d1-4f5b-40ef-8215-50685f91db3d,1,4811.705534
2026/02/05/11:41:42,apply-time,rs-005231-9sq28,5fbf1964-5163-4838-8d3c-c97674e8c7ff,1,4811.705534
2026/02/05/11:41:42,running-time,rs-005231-9sq28,5fbf1964-5163-4838-8d3c-c97674e8c7ff,1,4811.705534
2026/02/05/11:41:42,apply-time,rs-005231-qm6zq,e3585246-b131-4cf8-bc17-aa79e0aa12cc,1,4811.705534
2026/02/05/11:41:42,running-time,rs-005231-qm6zq,e3585246-b131-4cf8-bc17-aa79e0aa12cc,1,4811.705534
2026/02/05/11:41:42,running-time,rs-005231-vzd29,3958f410-e131-4de3-9ea5-7200c1ab9d00,1,4811.705534
2026/02/05/11:41:42,apply-time,rs-005232-lhggc,066e30ce-4048-47ee-8f6e-f620c5de34ec,1,4811.705534
2026/02/05/11:41:42,running-time,rs-005232-lhggc,066e30ce-4048-47ee-8f6e-f620c5de34ec,1,4811.705534
2026/02/05/11:41:42,apply-time,rs-005233-klm86,e258ec1b-a56d-4cd7-9ac6-148e875b4731,1,4811.705534
2026/02/05/11:41:42,running-time,rs-005233-klm86,e258ec1b-a56d-4cd7-9ac6-148e875b4731,1,4811.705534
2026/02/05/11:41:42,apply-time,rs-005234-t9jjw,061e91ad-363f-4bb3-8bfc-3ac10ce909c5,2,4811.705534
2026/02/05/11:41:42,apply-time,rs-005235-9phlh,e81c7363-0718-42e2-8cf0-31bd49bfcb6f,2,4811.705534
2026/02/05/11:41:42,apply-time,rs-005235-nbpn7,0613c5d0-b606-4589-9889-7000f2bd33f9,2,4812.705534
2026/02/05/11:41:42,apply-time,rs-005235-p8mg6,26e048f7-c11c-4234-8a60-e7f46011b61a,2,4811.705534
2026/02/05/11:41:42,apply-time,rs-005236-flf98,d7ce3209-e64a-45ad-9285-95a95e22a428,3,4811.705534
2026/02/05/11:41:42,running-time,rs-005236-flf98,d7ce3209-e64a-45ad-9285-95a95e22a428,3,4811.705534
2026/02/05/11:41:43,apply-time,rs-005234-n4ttx,551b0b2b-9389-4076-8f71-0c21b4646597,2,4812.705534
2026/02/05/11:41:43,apply-time,rs-005234-qx4st,53da313a-990a-4d20-8168-c6a016ec37c7,2,4812.705534
2026/02/05/11:41:43,running-time,rs-005235-9phlh,e81c7363-0718-42e2-8cf0-31bd49bfcb6f,2,4812.705534
2026/02/05/11:41:43,running-time,rs-005235-nbpn7,0613c5d0-b606-4589-9889-7000f2bd33f9,2,4812.705534
2026/02/05/11:41:43,running-time,rs-005235-p8mg6,26e048f7-c11c-4234-8a60-e7f46011b61a,2,4812.705534
2026/02/05/11:41:43,apply-time,rs-005236-wp9tn,35fa84bd-6e4c-4ea1-8fa1-27d1fefd47e1,3,4812.705534
2026/02/05/11:41:43,running-time,rs-005236-wp9tn,35fa84bd-6e4c-4ea1-8fa1-27d1fefd47e1,3,4812.705534
2026/02/05/11:41:43,apply-time,rs-005237-24fbz,2fdbf284-58f8-4441-919c-e28c2de3af13,2,4812.705534
2026/02/05/11:41:43,apply-time,rs-005237-f4pvl,f4bae4d7-6aa2-42b4-aa10-8fab38c668cd,2,4812.705534
2026/02/05/11:41:43,apply-time,rs-005238-x65mm,5736707d-b507-44aa-bedd-459051cb742e,1,4812.705534
2026/02/05/11:41:43,apply-time,rs-005239-cw545,28601845-408a-46c8-92d3-bae78b7bd2a9,4,4813.705534
2026/02/05/11:41:43,running-time,rs-005239-cw545,28601845-408a-46c8-92d3-bae78b7bd2a9,4,4813.705534
2026/02/05/11:41:43,apply-time,rs-005239-sjfw9,e6d81dd0-9bb0-4439-8c42-d6a6c0624d20,4,4812.705534
2026/02/05/11:41:43,running-time,rs-005239-sjfw9,e6d81dd0-9bb0-4439-8c42-d6a6c0624d20,4,4812.705534
2026/02/05/11:41:46,running-time,rs-005237-24fbz,2fdbf284-58f8-4441-919c-e28c2de3af13,2,4815.705534
2026/02/05/11:41:46,running-time,rs-005237-f4pvl,f4bae4d7-6aa2-42b4-aa10-8fab38c668cd,2,4815.705534
2026/02/05/11:41:53,apply-time,rs-005240-4sszc,5850eb69-64f9-4954-986c-d200a2889027,1,4822.705534
2026/02/05/11:41:53,running-time,rs-005240-4sszc,5850eb69-64f9-4954-986c-d200a2889027,1,4822.705534
2026/02/05/11:41:53,apply-time,rs-005240-8xhvf,a6e8ffff-9d05-426c-ad2a-effcaf445edc,1,4822.705534
2026/02/05/11:41:53,running-time,rs-005240-8xhvf,a6e8ffff-9d05-426c-ad2a-effcaf445edc,1,4822.705534
2026/02/05/11:41:53,apply-time,rs-005240-dnwth,ec825f67-a18c-45d6-a7e7-accb8dbf26d5,1,4822.705534
2026/02/05/11:41:53,running-time,rs-005240-dnwth,ec825f67-a18c-45d6-a7e7-accb8dbf26d5,1,4822.705534
2026/02/05/11:41:53,apply-time,rs-005241-dc59r,5b4bd28c-9271-4162-bd6a-3f8d78cb8b52,1,4823.705534
2026/02/05/11:41:53,apply-time,rs-005241-fprdh,d1bbf8e0-5b7e-47a8-b035-6c26c3cba13e,1,4823.705534
2026/02/05/11:41:53,running-time,rs-005241-fprdh,d1bbf8e0-5b7e-47a8-b035-6c26c3cba13e,1,4823.705534
2026/02/05/11:41:53,apply-time,rs-005241-tjq4n,d821bbf7-7025-467f-bfea-a5c0446f27fc,1,4823.705534
2026/02/05/11:41:53,apply-time,rs-005242-b9tdw,9cf3bf05-66e6-44a1-802a-93a6482c2673,1,4823.705534
2026/02/05/11:41:53,apply-time,rs-005242-lc6np,3300e78c-b07c-4a86-8d52-c7faa37bb266,1,4823.705534
2026/02/05/11:41:53,running-time,rs-005242-lc6np,3300e78c-b07c-4a86-8d52-c7faa37bb266,1,4823.705534
2026/02/05/11:41:53,apply-time,rs-005243-9xhlm,a9c2b2ad-2518-4b21-bb35-b98f5d87eac8,3,4823.705534
2026/02/05/11:41:53,apply-time,rs-005243-f4qwd,ea34aba2-8812-410c-b441-6724ea20bc0f,3,4823.705534
2026/02/05/11:41:53,apply-time,rs-005244-kc84d,2a5238d7-3d24-4634-b86a-8564dac22db1,4,4823.705534
2026/02/05/11:41:53,running-time,rs-005244-kc84d,2a5238d7-3d24-4634-b86a-8564dac22db1,4,4823.705534
2026/02/05/11:41:53,apply-time,rs-005244-rsqhm,a033cd48-22c2-42af-a448-d5d50c3a20c2,4,4823.705534
2026/02/05/11:41:53,apply-time,rs-005245-hsmrw,4642cacf-6bcb-489c-9125-c1c77434f866,3,4823.705534
2026/02/05/11:41:54,running-time,rs-005241-dc59r,5b4bd28c-9271-4162-bd6a-3f8d78cb8b52,1,4823.705534
2026/02/05/11:41:54,running-time,rs-005241-tjq4n,d821bbf7-7025-467f-bfea-a5c0446f27fc,1,4823.705534
2026/02/05/11:41:54,running-time,rs-005242-b9tdw,9cf3bf05-66e6-44a1-802a-93a6482c2673,1,4823.705534
2026/02/05/11:41:54,running-time,rs-005243-9xhlm,a9c2b2ad-2518-4b21-bb35-b98f5d87eac8,3,4823.705534
2026/02/05/11:41:54,running-time,rs-005243-f4qwd,ea34aba2-8812-410c-b441-6724ea20bc0f,3,4823.705534
2026/02/05/11:41:54,running-time,rs-005245-hsmrw,4642cacf-6bcb-489c-9125-c1c77434f866,3,4823.705534
2026/02/05/11:41:54,apply-time,rs-005246-tsnv2,2cdec50f-e5ca-48ef-bc89-5b294aed11af,1,4823.705534
2026/02/05/11:41:54,running-time,rs-005246-tsnv2,2cdec50f-e5ca-48ef-bc89-5b294aed11af,1,4823.705534
2026/02/05/11:41:54,apply-time,rs-005247-65tmh,7ba8bfcd-eb00-4f8e-9864-c764f29c2620,1,4823.705534
2026/02/05/11:41:54,running-time,rs-005247-65tmh,7ba8bfcd-eb00-4f8e-9864-c764f29c2620,1,4823.705534
2026/02/05/11:41:54,apply-time,rs-005248-m2pgp,7ec91c6b-0eac-449e-b68a-4ac599583386,1,4824.705534
2026/02/05/11:41:54,running-time,rs-005248-m2pgp,7ec91c6b-0eac-449e-b68a-4ac599583386,1,4824.705534
2026/02/05/11:41:56,apply-time,rs-005249-b4n8d,4f2ece94-bba4-4238-ad5b-749750bad3ed,1,4825.705534
2026/02/05/11:41:56,running-time,rs-005249-b4n8d,4f2ece94-bba4-4238-ad5b-749750bad3ed,1,4825.705534
2026/02/05/11:41:56,apply-time,rs-005249-lh27n,e65f4962-4447-4e9b-b953-05baba01afc8,1,4825.705534
2026/02/05/11:41:56,running-time,rs-005249-lh27n,e65f4962-4447-4e9b-b953-05baba01afc8,1,4825.705534
2026/02/05/11:41:56,apply-time,rs-005249-ndxvw,42a142f3-6aa6-4eaf-815e-24f40c74f9fb,1,4825.705534
2026/02/05/11:41:56,running-time,rs-005249-ndxvw,42a142f3-6aa6-4eaf-815e-24f40c74f9fb,1,4825.705534
2026/02/05/11:41:56,apply-time,rs-005250-zq6kr,bd9d0619-ce3e-4f3b-b3cf-e80cb2ecd995,1,4825.705534
2026/02/05/11:41:56,apply-time,rs-005251-24r75,f5eb0e2b-2329-4585-af25-bca9d1d8b37f,3,4825.705534
2026/02/05/11:41:56,running-time,rs-005251-24r75,f5eb0e2b-2329-4585-af25-bca9d1d8b37f,3,4825.705534
2026/02/05/11:41:56,apply-time,rs-005251-n9mnx,5a05968a-b878-48cc-925f-ed09a825deb2,3,4825.705534
2026/02/05/11:41:56,running-time,rs-005251-n9mnx,5a05968a-b878-48cc-925f-ed09a825deb2,3,4825.705534
2026/02/05/11:41:56,apply-time,rs-005252-9mrp6,5556e61c-eb81-4356-be4c-db52db765510,3,4825.705534
2026/02/05/11:41:56,running-time,rs-005252-9mrp6,5556e61c-eb81-4356-be4c-db52db765510,3,4825.705534
2026/02/05/11:41:56,apply-time,rs-005253-bzmkd,d7703eb8-349e-4d0c-8f0e-41aa8c1070a6,2,4826.705534
2026/02/05/11:41:57,running-time,rs-005250-zq6kr,bd9d0619-ce3e-4f3b-b3cf-e80cb2ecd995,1,4826.705534
2026/02/05/11:41:57,apply-time,rs-005253-clb4k,07de7119-e769-490c-a8f4-75298c8c1a36,2,4826.705534
2026/02/05/11:41:57,apply-time,rs-005253-wbn8j,5a54649d-a0d8-4092-8b71-e6c7a1ab371e,2,4826.705534
2026/02/05/11:41:57,apply-time,rs-005254-xsr2s,02c3a46b-6019-4c5c-938f-a6c849a0306b,4,4826.705534
2026/02/05/11:41:57,running-time,rs-005254-xsr2s,02c3a46b-6019-4c5c-938f-a6c849a0306b,4,4826.705534
2026/02/05/11:41:57,apply-time,rs-005255-p4w5c,10036a52-6258-4c29-b15f-3cb55bd83947,2,4826.705534
2026/02/05/11:41:57,running-time,rs-005255-p4w5c,10036a52-6258-4c29-b15f-3cb55bd83947,2,4826.705534
2026/02/05/11:41:57,apply-time,rs-005255-s9xb4,0ca83e18-83d8-4c81-8a66-09d8224e589a,2,4826.705534
2026/02/05/11:41:57,running-time,rs-005255-s9xb4,0ca83e18-83d8-4c81-8a66-09d8224e589a,2,4826.705534
2026/02/05/11:41:57,apply-time,rs-005255-z2z78,03b1b1cb-fdf3-4706-b2a5-a0cb42f193eb,2,4826.705534
2026/02/05/11:42:06,apply-time,rs-005256-wd66t,09f042b1-c491-4dd7-99ed-50170bc33b23,1,4835.705534
2026/02/05/11:42:06,running-time,rs-005256-wd66t,09f042b1-c491-4dd7-99ed-50170bc33b23,1,4835.705534
2026/02/05/11:42:06,apply-time,rs-005256-z49zj,07faefb9-beac-4f71-8e88-d5026d0ab22c,1,4835.705534
2026/02/05/11:42:06,running-time,rs-005256-z49zj,07faefb9-beac-4f71-8e88-d5026d0ab22c,1,4835.705534
2026/02/05/11:42:06,apply-time,rs-005257-j55vs,50d5ecd1-8817-4736-840c-492a241ec62c,2,4835.705534
2026/02/05/11:42:06,running-time,rs-005257-j55vs,50d5ecd1-8817-4736-840c-492a241ec62c,2,4835.705534
2026/02/05/11:42:06,apply-time,rs-005257-scfpd,41c970b7-fa20-4448-8d5c-dadb4aa77245,2,4835.705534
2026/02/05/11:42:06,running-time,rs-005257-scfpd,41c970b7-fa20-4448-8d5c-dadb4aa77245,2,4835.705534
2026/02/05/11:42:09,apply-time,rs-005258-8rjp8,2f4efd2b-e97b-4088-b0b2-82a259076caa,3,4838.705534
2026/02/05/11:42:09,running-time,rs-005258-8rjp8,2f4efd2b-e97b-4088-b0b2-82a259076caa,3,4838.705534
2026/02/05/11:42:09,apply-time,rs-005259-cfvg6,e3948a92-9025-43ee-a7b7-bcf3b6c81de0,1,4838.705534
2026/02/05/11:42:09,running-time,rs-005259-cfvg6,e3948a92-9025-43ee-a7b7-bcf3b6c81de0,1,4838.705534
2026/02/05/11:42:09,apply-time,rs-005260-gv5pj,0c307765-1931-453f-9c8b-2df9b29c148d,4,4838.705534
2026/02/05/11:42:09,running-time,rs-005260-gv5pj,0c307765-1931-453f-9c8b-2df9b29c148d,4,4838.705534
2026/02/05/11:42:09,apply-time,rs-005260-txvj7,ad758738-4b69-4d5e-88ee-e822176a228c,4,4838.705534
2026/02/05/11:42:09,running-time,rs-005260-txvj7,ad758738-4b69-4d5e-88ee-e822176a228c,4,4838.705534
2026/02/05/11:42:09,apply-time,rs-005261-5dx5k,0aeb96cd-caef-4366-bd33-b9747ec56d3e,1,4838.705534
2026/02/05/11:42:09,running-time,rs-005261-5dx5k,0aeb96cd-caef-4366-bd33-b9747ec56d3e,1,4838.705534
2026/02/05/11:42:09,apply-time,rs-005261-qrqr5,0e097b13-5616-438b-b1e4-24e25ccb73ab,1,4838.705534
2026/02/05/11:42:09,apply-time,rs-005262-jnccn,ca3e7e42-94a1-4a2b-aac9-8eb47452193c,4,4838.705534
2026/02/05/11:42:09,apply-time,rs-005262-pt96j,f5085cf9-7edc-45f7-ab8a-201374ad596d,4,4838.705534
2026/02/05/11:42:09,apply-time,rs-005262-s5r6q,51713474-ba2e-4d98-931b-f2d6b122c173,4,4838.705534
2026/02/05/11:42:09,apply-time,rs-005263-djxfq,304af0ad-1e3a-4e24-b356-5b1d17fd34a2,4,4838.705534
2026/02/05/11:42:09,running-time,rs-005263-djxfq,304af0ad-1e3a-4e24-b356-5b1d17fd34a2,4,4838.705534
2026/02/05/11:42:09,apply-time,rs-005263-rfn4k,a0058cd6-96ec-496b-9fff-e642573b8605,4,4838.705534
2026/02/05/11:42:09,running-time,rs-005263-rfn4k,a0058cd6-96ec-496b-9fff-e642573b8605,4,4838.705534
2026/02/05/11:42:10,apply-time,rs-005264-dhzts,835b12a6-c939-407d-88c8-30c55c489a8d,4,4839.705534
2026/02/05/11:42:10,running-time,rs-005264-dhzts,835b12a6-c939-407d-88c8-30c55c489a8d,4,4839.705534
2026/02/05/11:42:10,apply-time,rs-005264-w8j7l,36a148f6-fda3-4556-b72a-4f876ace11db,4,4839.705534
2026/02/05/11:42:10,running-time,rs-005264-w8j7l,36a148f6-fda3-4556-b72a-4f876ace11db,4,4839.705534
2026/02/05/11:42:10,apply-time,rs-005265-bhfnm,d17f78a9-798a-46cf-913a-e25e952f48bb,3,4839.705534
2026/02/05/11:42:10,running-time,rs-005265-bhfnm,d17f78a9-798a-46cf-913a-e25e952f48bb,3,4839.705534
2026/02/05/11:42:10,apply-time,rs-005266-gsbrx,0104837c-1c78-4a5f-9659-a9b804953b50,4,4839.705534
2026/02/05/11:42:10,running-time,rs-005266-gsbrx,0104837c-1c78-4a5f-9659-a9b804953b50,4,4839.705534
2026/02/05/11:42:10,apply-time,rs-005267-62fh8,a701ff1c-f9ba-455e-b66f-48492fcec699,4,4839.705534
2026/02/05/11:42:11,running-time,rs-005267-62fh8,a701ff1c-f9ba-455e-b66f-48492fcec699,4,4840.705534
2026/02/05/11:42:11,apply-time,rs-005267-fwtwg,52e4b000-e0d3-4492-94fb-f167a1e37cd8,4,4840.705534
2026/02/05/11:42:11,apply-time,rs-005267-m7pqq,d8cb7556-188a-4d2f-9eda-fa93d478c1a4,4,4840.705534
2026/02/05/11:42:11,apply-time,rs-005268-hz6dp,3462f177-a40d-460c-b243-9ae540168a69,1,4840.705534
2026/02/05/11:42:11,apply-time,rs-005269-lck8g,b14a5e78-b5e1-480e-9d76-62edaa2bcf3d,3,4840.705534
2026/02/05/11:42:12,running-time,rs-005267-fwtwg,52e4b000-e0d3-4492-94fb-f167a1e37cd8,4,4841.705534
2026/02/05/11:42:12,running-time,rs-005269-lck8g,b14a5e78-b5e1-480e-9d76-62edaa2bcf3d,3,4841.705534
2026/02/05/11:42:13,running-time,rs-005267-m7pqq,d8cb7556-188a-4d2f-9eda-fa93d478c1a4,4,4842.705534
2026/02/05/11:42:13,running-time,rs-005268-hz6dp,3462f177-a40d-460c-b243-9ae540168a69,1,4842.705534
2026/02/05/11:42:13,apply-time,rs-005270-dr8r4,b20de088-68b5-4e0d-af47-87b0d22a08a4,4,4842.705534
2026/02/05/11:42:13,running-time,rs-005270-dr8r4,b20de088-68b5-4e0d-af47-87b0d22a08a4,4,4842.705534
2026/02/05/11:42:13,apply-time,rs-005270-tbd4s,00a6e246-f53d-416e-a3ff-0bb2b521d953,4,4842.705534
2026/02/05/11:42:13,apply-time,rs-005270-wc5mv,52a73750-3e0a-47fb-a40d-acbbc866a129,4,4842.705534
2026/02/05/11:42:14,running-time,rs-005270-tbd4s,00a6e246-f53d-416e-a3ff-0bb2b521d953,4,4843.705534
2026/02/05/11:42:14,running-time,rs-005270-wc5mv,52a73750-3e0a-47fb-a40d-acbbc866a129,4,4843.705534
2026/02/05/11:42:23,apply-time,rs-005271-46bnn,319168df-7c5f-4147-8138-b5f361077d59,4,4851.705534
2026/02/05/11:42:23,running-time,rs-005271-46bnn,319168df-7c5f-4147-8138-b5f361077d59,4,4851.705534
2026/02/05/11:42:23,apply-time,rs-005271-j8gxt,e17a5304-c299-4e63-b694-016443402308,4,4851.705534
2026/02/05/11:42:23,running-time,rs-005271-j8gxt,e17a5304-c299-4e63-b694-016443402308,4,4851.705534
2026/02/05/11:42:23,apply-time,rs-005271-khwcv,fa02aa66-18e2-4540-ac31-5db36ad0904f,4,4851.705534
2026/02/05/11:42:23,running-time,rs-005271-khwcv,fa02aa66-18e2-4540-ac31-5db36ad0904f,4,4851.705534
2026/02/05/11:42:23,apply-time,rs-005272-ntdsd,3470a5a4-1667-48d2-a4b4-2c517888af89,1,4851.705534
2026/02/05/11:42:23,running-time,rs-005272-ntdsd,3470a5a4-1667-48d2-a4b4-2c517888af89,1,4851.705534
2026/02/05/11:42:23,apply-time,rs-005272-vsq7j,cfe477e5-68b3-4a74-a5ce-efb201f6ffe8,1,4851.705534
2026/02/05/11:42:23,apply-time,rs-005273-6r5x9,30e6efb3-28fc-432b-8bed-11661d621853,1,4851.705534
2026/02/05/11:42:23,running-time,rs-005273-6r5x9,30e6efb3-28fc-432b-8bed-11661d621853,1,4851.705534
2026/02/05/11:42:23,apply-time,rs-005273-lwtsk,ad19d3cb-e4ec-4318-bddb-9cc17e5d1a06,1,4851.705534
2026/02/05/11:42:23,running-time,rs-005273-lwtsk,ad19d3cb-e4ec-4318-bddb-9cc17e5d1a06,1,4851.705534
2026/02/05/11:42:23,apply-time,rs-005274-d8hjx,fa0d8c15-6447-4f72-807e-3889015edd68,4,4851.705534
2026/02/05/11:42:23,running-time,rs-005274-d8hjx,fa0d8c15-6447-4f72-807e-3889015edd68,4,4851.705534
2026/02/05/11:42:23,apply-time,rs-005274-n4xkn,226494d4-c776-4ac4-a85c-880191a008ab,4,4851.705534
2026/02/05/11:42:23,running-time,rs-005274-n4xkn,226494d4-c776-4ac4-a85c-880191a008ab,4,4851.705534
2026/02/05/11:42:23,apply-time,rs-005275-4fg6b,2745fe92-bf7f-4c9f-9bae-2200f8c6cfa8,3,4851.705534
2026/02/05/11:42:23,running-time,rs-005275-4fg6b,2745fe92-bf7f-4c9f-9bae-2200f8c6cfa8,3,4851.705534
2026/02/05/11:42:23,apply-time,rs-005276-ddkwn,bd456099-48ca-437b-80d7-724cfa796503,4,4851.705534
2026/02/05/11:42:23,running-time,rs-005276-ddkwn,bd456099-48ca-437b-80d7-724cfa796503,4,4851.705534
2026/02/05/11:42:23,apply-time,rs-005277-f7r8j,c29859ea-ee2f-4d3a-94ec-3db56fd2f83e,1,4851.705534
2026/02/05/11:42:23,running-time,rs-005277-f7r8j,c29859ea-ee2f-4d3a-94ec-3db56fd2f83e,1,4851.705534
2026/02/05/11:42:24,apply-time,rs-005278-mjqhd,766dcfff-d96e-4d7d-841d-1b627f6a3548,3,4852.705534
2026/02/05/11:42:24,running-time,rs-005278-mjqhd,766dcfff-d96e-4d7d-841d-1b627f6a3548,3,4853.705534
2026/02/05/11:42:24,apply-time,rs-005278-p8gp7,30a89583-c21f-4707-b78b-47f1ad0fbe63,3,4852.705534
2026/02/05/11:42:24,running-time,rs-005278-p8gp7,30a89583-c21f-4707-b78b-47f1ad0fbe63,3,4853.705534
2026/02/05/11:42:24,apply-time,rs-005278-t8zbn,1ede285d-6da0-4c11-bf21-ec2d57c42ce9,3,4852.705534
2026/02/05/11:42:24,apply-time,rs-005279-tb59v,6c0c0f5d-feb0-4146-9b80-913d718ffbf4,1,4852.705534
2026/02/05/11:42:25,running-time,rs-005278-t8zbn,1ede285d-6da0-4c11-bf21-ec2d57c42ce9,3,4853.705534
2026/02/05/11:42:26,running-time,rs-005279-tb59v,6c0c0f5d-feb0-4146-9b80-913d718ffbf4,1,4854.705534
2026/02/05/11:42:29,running-time,rs-005272-vsq7j,cfe477e5-68b3-4a74-a5ce-efb201f6ffe8,1,4857.705534
2026/02/05/11:42:36,apply-time,rs-005280-b2njq,bc785e40-ec3d-43dd-af40-77ad97adf67b,3,4864.705534
2026/02/05/11:42:36,running-time,rs-005280-b2njq,bc785e40-ec3d-43dd-af40-77ad97adf67b,3,4864.705534
2026/02/05/11:42:36,apply-time,rs-005280-ctqqt,db0c301c-317c-44e5-8ae2-1704d51de006,3,4864.705534
2026/02/05/11:42:36,running-time,rs-005280-ctqqt,db0c301c-317c-44e5-8ae2-1704d51de006,3,4864.705534
2026/02/05/11:42:36,apply-time,rs-005281-9j7vc,974eede3-c4f0-40f6-8872-712c8bdaa083,2,4864.705534
2026/02/05/11:42:36,running-time,rs-005281-9j7vc,974eede3-c4f0-40f6-8872-712c8bdaa083,2,4864.705534
2026/02/05/11:42:36,apply-time,rs-005281-rkqfn,59656560-0950-4fd8-a465-e0c166ac36a4,2,4864.705534
2026/02/05/11:42:36,running-time,rs-005281-rkqfn,59656560-0950-4fd8-a465-e0c166ac36a4,2,4864.705534
2026/02/05/11:42:36,apply-time,rs-005281-x98cz,b9b9eb35-aed9-4e00-b211-8a1ed6cbc798,2,4864.705534
2026/02/05/11:42:36,running-time,rs-005281-x98cz,b9b9eb35-aed9-4e00-b211-8a1ed6cbc798,2,4864.705534
2026/02/05/11:42:36,apply-time,rs-005282-r7pfv,57444d39-cd98-4fbb-b9fd-ac68e38acd4e,1,4864.705534
2026/02/05/11:42:36,running-time,rs-005282-r7pfv,57444d39-cd98-4fbb-b9fd-ac68e38acd4e,1,4864.705534
2026/02/05/11:42:36,apply-time,rs-005283-8dnrx,e352de94-80e5-43a7-a1c7-cf1a0db18a79,1,4864.705534
2026/02/05/11:42:36,running-time,rs-005283-8dnrx,e352de94-80e5-43a7-a1c7-cf1a0db18a79,1,4864.705534
2026/02/05/11:42:36,apply-time,rs-005284-7x2rh,26f9766c-2ee0-439c-beb5-a6eebcf85639,2,4864.705534
2026/02/05/11:42:36,running-time,rs-005284-7x2rh,26f9766c-2ee0-439c-beb5-a6eebcf85639,2,4864.705534
2026/02/05/11:42:36,apply-time,rs-005285-7dk5t,2b6cd8c3-821a-452b-bc89-01c8fd59925f,4,4864.705534
2026/02/05/11:42:36,running-time,rs-005285-7dk5t,2b6cd8c3-821a-452b-bc89-01c8fd59925f,4,4864.705534
2026/02/05/11:42:36,apply-time,rs-005286-jzdk8,fd3bea0b-0e20-4341-8c37-4c3bfaa5e99a,1,4865.705534
2026/02/05/11:42:36,running-time,rs-005286-jzdk8,fd3bea0b-0e20-4341-8c37-4c3bfaa5e99a,1,4865.705534
2026/02/05/11:42:36,apply-time,rs-005286-tkrjr,0867b8ac-071a-43f3-a7e3-390bc68120ab,1,4865.705534
2026/02/05/11:42:36,running-time,rs-005286-tkrjr,0867b8ac-071a-43f3-a7e3-390bc68120ab,1,4865.705534
2026/02/05/11:42:36,apply-time,rs-005286-v6pwb,4a2d20f3-5874-413f-802b-b6c0daa5ef18,1,4865.705534
2026/02/05/11:42:37,running-time,rs-005286-v6pwb,4a2d20f3-5874-413f-802b-b6c0daa5ef18,1,4865.705534
2026/02/05/11:42:37,apply-time,rs-005287-tqsqs,4cdb9657-d33f-44c3-80e2-7142ae9be3dc,2,4865.705534
2026/02/05/11:42:37,running-time,rs-005287-tqsqs,4cdb9657-d33f-44c3-80e2-7142ae9be3dc,2,4865.705534
2026/02/05/11:42:37,apply-time,rs-005288-6h29n,451e7a71-214d-4bf0-b87e-28c8bd45e5b7,2,4865.705534
2026/02/05/11:42:37,running-time,rs-005288-6h29n,451e7a71-214d-4bf0-b87e-28c8bd45e5b7,2,4865.705534
2026/02/05/11:42:37,apply-time,rs-005288-mn8z7,b54397f2-a20a-4f7c-b0fe-c2358a46efc4,2,4865.705534
2026/02/05/11:42:37,running-time,rs-005288-mn8z7,b54397f2-a20a-4f7c-b0fe-c2358a46efc4,2,4865.705534
2026/02/05/11:42:37,apply-time,rs-005288-v97jh,a7640932-7607-4042-ac38-2a7ad79485b4,2,4865.705534
2026/02/05/11:42:37,running-time,rs-005288-v97jh,a7640932-7607-4042-ac38-2a7ad79485b4,2,4865.705534
2026/02/05/11:42:37,apply-time,rs-005289-fjwhk,65fe5f6b-3c2c-4457-b055-d17fc1d683f9,4,4865.705534
2026/02/05/11:42:37,running-time,rs-005289-fjwhk,65fe5f6b-3c2c-4457-b055-d17fc1d683f9,4,4865.705534
2026/02/05/11:42:39,apply-time,rs-005290-4zcmm,bf8c0667-c174-4121-be5d-4b1d77c83c39,1,4867.705534
2026/02/05/11:42:39,running-time,rs-005290-4zcmm,bf8c0667-c174-4121-be5d-4b1d77c83c39,1,4867.705534
2026/02/05/11:42:39,apply-time,rs-005290-kzfvr,ad361296-271a-4004-89f2-e7b6665175ef,1,4867.705534
2026/02/05/11:42:39,running-time,rs-005290-kzfvr,ad361296-271a-4004-89f2-e7b6665175ef,1,4867.705534
2026/02/05/11:42:40,apply-time,rs-005291-rj6c2,6ad2ea53-23c6-461a-a2f2-ed1537844c5e,1,4868.705534
2026/02/05/11:42:40,running-time,rs-005291-rj6c2,6ad2ea53-23c6-461a-a2f2-ed1537844c5e,1,4868.705534
2026/02/05/11:42:40,apply-time,rs-005291-wrg2r,ed601b5a-0e81-4c42-8852-f1626302078b,1,4868.705534
2026/02/05/11:42:40,running-time,rs-005291-wrg2r,ed601b5a-0e81-4c42-8852-f1626302078b,1,4868.705534
2026/02/05/11:42:40,apply-time,rs-005291-znj29,4866d6c3-f933-4c65-ba31-4e2049e0921f,1,4868.705534
2026/02/05/11:42:40,running-time,rs-005291-znj29,4866d6c3-f933-4c65-ba31-4e2049e0921f,1,4868.705534
2026/02/05/11:42:40,apply-time,rs-005292-xs5dt,f7f55389-c844-4112-9f2c-5098c02fc842,1,4868.705534
2026/02/05/11:42:40,apply-time,rs-005293-tkl6m,26702c39-0c9e-435f-932a-129b0372f5d2,2,4868.705534
2026/02/05/11:42:40,apply-time,rs-005294-wk8q5,c4cbcd90-e754-4140-8371-4766dd020915,1,4868.705534
2026/02/05/11:42:40,running-time,rs-005294-wk8q5,c4cbcd90-e754-4140-8371-4766dd020915,1,4868.705534
2026/02/05/11:42:40,apply-time,rs-005295-694t8,e73ed7f8-17fa-4813-915d-170f4da574de,2,4868.705534
2026/02/05/11:42:40,apply-time,rs-005295-bbdmh,f27c8b9d-9edf-430d-a975-b6928c724d60,2,4868.705534
2026/02/05/11:42:41,running-time,rs-005293-tkl6m,26702c39-0c9e-435f-932a-129b0372f5d2,2,4870.705534
2026/02/05/11:42:42,running-time,rs-005292-xs5dt,f7f55389-c844-4112-9f2c-5098c02fc842,1,4870.705534
2026/02/05/11:42:42,apply-time,rs-005296-7bgkq,fc99bcbe-9276-4f62-bbf3-bb02f63ac52b,2,4870.705534
2026/02/05/11:42:42,running-time,rs-005296-7bgkq,fc99bcbe-9276-4f62-bbf3-bb02f63ac52b,2,4870.705534
2026/02/05/11:42:42,apply-time,rs-005297-78z2z,a4dd64bf-abf8-4450-8c13-93aa5ceb0bee,2,4870.705534
2026/02/05/11:42:42,apply-time,rs-005297-fhgm8,1342c739-e53a-4836-a4ba-66e365e0ae41,2,4870.705534
2026/02/05/11:42:42,apply-time,rs-005298-8vnlm,f99ed948-9f78-4363-88d7-be776f6d7394,2,4870.705534
2026/02/05/11:42:42,apply-time,rs-005298-xp6nx,76bc4a16-93d9-4767-a39d-c6086d9505c0,2,4870.705534
2026/02/05/11:42:42,apply-time,rs-005299-flk6x,cb10986e-78b7-4508-87ad-d501663efb0d,4,4870.705534
2026/02/05/11:42:42,running-time,rs-005299-flk6x,cb10986e-78b7-4508-87ad-d501663efb0d,4,4870.705534
2026/02/05/11:42:42,apply-time,rs-005299-ghh5t,adc9b9ba-cd57-4609-8f69-5490a8c38fd5,4,4870.705534
2026/02/05/11:42:42,running-time,rs-005299-ghh5t,adc9b9ba-cd57-4609-8f69-5490a8c38fd5,4,4870.705534
2026/02/05/11:42:42,apply-time,rs-005299-llbsn,21ed8294-d160-4c99-97fc-c15c8085a808,4,4870.705534
2026/02/05/11:42:42,running-time,rs-005299-llbsn,21ed8294-d160-4c99-97fc-c15c8085a808,4,4870.705534
2026/02/05/11:42:42,apply-time,rs-005300-dxmlf,cbb5de3f-14c8-466d-988b-e5875339d709,3,4871.705534
2026/02/05/11:42:42,running-time,rs-005300-dxmlf,cbb5de3f-14c8-466d-988b-e5875339d709,3,4871.705534
2026/02/05/11:42:42,apply-time,rs-005301-lrpfm,15ba2dfe-cae1-469c-a4be-3c7c1bc1f9e5,3,4871.705534
2026/02/05/11:42:42,apply-time,rs-005301-zjkwv,5d4f478e-a374-44b5-b3bc-a6ea12f7dc06,3,4871.705534
2026/02/05/11:42:43,apply-time,rs-005301-57zl2,c51f795a-8ff6-49bb-aecb-e7e4559a51a9,3,4871.705534
2026/02/05/11:42:43,running-time,rs-005301-57zl2,c51f795a-8ff6-49bb-aecb-e7e4559a51a9,3,4871.705534
2026/02/05/11:42:43,running-time,rs-005301-lrpfm,15ba2dfe-cae1-469c-a4be-3c7c1bc1f9e5,3,4871.705534
2026/02/05/11:42:43,running-time,rs-005301-zjkwv,5d4f478e-a374-44b5-b3bc-a6ea12f7dc06,3,4871.705534
2026/02/05/11:42:43,apply-time,rs-005302-6gcnp,f105b0e9-edff-46d0-be7b-fcd7db71c149,2,4871.705534
2026/02/05/11:42:43,running-time,rs-005302-6gcnp,f105b0e9-edff-46d0-be7b-fcd7db71c149,2,4871.705534
2026/02/05/11:42:43,apply-time,rs-005302-9xnjt,3b471807-5d33-43a3-a320-1bbb9d9678bf,2,4871.705534
2026/02/05/11:42:43,running-time,rs-005302-9xnjt,3b471807-5d33-43a3-a320-1bbb9d9678bf,2,4871.705534
2026/02/05/11:42:43,apply-time,rs-005302-sdgbs,819cfc28-bfd1-4c47-832e-c606f06fbfae,2,4871.705534
2026/02/05/11:42:43,running-time,rs-005302-sdgbs,819cfc28-bfd1-4c47-832e-c606f06fbfae,2,4871.705534
2026/02/05/11:42:43,apply-time,rs-005303-bdg7x,1f93fce5-9f16-4ed8-bd76-22cd6f72ee45,1,4871.705534
2026/02/05/11:42:43,running-time,rs-005303-bdg7x,1f93fce5-9f16-4ed8-bd76-22cd6f72ee45,1,4871.705534
2026/02/05/11:42:43,apply-time,rs-005303-hb2f5,9ae1ba8a-e75d-42c1-833f-d9392897a48b,1,4871.705534
2026/02/05/11:42:43,apply-time,rs-005303-t7l95,34aa28df-ac2d-4a04-9af1-0dfcbd51cb58,1,4871.705534
2026/02/05/11:42:43,running-time,rs-005303-t7l95,34aa28df-ac2d-4a04-9af1-0dfcbd51cb58,1,4871.705534
2026/02/05/11:42:43,apply-time,rs-005304-d7tkf,3b51a0fd-75c7-419e-948b-bb3cef582bf8,1,4871.705534
2026/02/05/11:42:43,apply-time,rs-005305-ft4h2,b8a7bf02-4fe2-4697-9599-356c19ef8f48,3,4871.705534
2026/02/05/11:42:43,running-time,rs-005305-ft4h2,b8a7bf02-4fe2-4697-9599-356c19ef8f48,3,4872.705534
2026/02/05/11:42:44,running-time,rs-005303-hb2f5,9ae1ba8a-e75d-42c1-833f-d9392897a48b,1,4872.705534
2026/02/05/11:42:44,apply-time,rs-005305-fbpb4,e89f2fea-dfec-4045-a44d-68d91973b356,3,4872.705534
2026/02/05/11:42:44,running-time,rs-005305-fbpb4,e89f2fea-dfec-4045-a44d-68d91973b356,3,4872.705534
2026/02/05/11:42:44,apply-time,rs-005305-zgb4h,d46d27f3-2937-4326-8f8f-4a2619a5f5f4,3,4872.705534
2026/02/05/11:42:45,running-time,rs-005298-xp6nx,76bc4a16-93d9-4767-a39d-c6086d9505c0,2,4874.705534
2026/02/05/11:42:45,running-time,rs-005305-zgb4h,d46d27f3-2937-4326-8f8f-4a2619a5f5f4,3,4873.705534
2026/02/05/11:42:47,running-time,rs-005298-8vnlm,f99ed948-9f78-4363-88d7-be776f6d7394,2,4875.705534
2026/02/05/11:42:58,apply-time,rs-005306-7cclp,b81d8b3c-db7c-4188-88f5-54159213f2b1,1,4886.705534
2026/02/05/11:42:58,running-time,rs-005306-7cclp,b81d8b3c-db7c-4188-88f5-54159213f2b1,1,4886.705534
2026/02/05/11:42:58,apply-time,rs-005306-cr42g,68570caa-8687-4440-9785-99343dcc3e8f,1,4886.705534
2026/02/05/11:42:58,running-time,rs-005306-cr42g,68570caa-8687-4440-9785-99343dcc3e8f,1,4886.705534
2026/02/05/11:42:58,apply-time,rs-005306-gmxlk,a1a4d73f-eabf-4bae-be9c-31b62f6a02fd,1,4886.705534
2026/02/05/11:42:58,running-time,rs-005306-gmxlk,a1a4d73f-eabf-4bae-be9c-31b62f6a02fd,1,4886.705534
2026/02/05/11:42:58,apply-time,rs-005307-28kkw,6de54f2a-4668-448b-9ca5-9f688f810569,2,4887.705534
2026/02/05/11:42:58,running-time,rs-005307-28kkw,6de54f2a-4668-448b-9ca5-9f688f810569,2,4887.705534
2026/02/05/11:42:58,apply-time,rs-005307-bg497,af61ba1e-7f0f-4612-b837-3cb388679a04,2,4887.705534
2026/02/05/11:42:58,running-time,rs-005307-bg497,af61ba1e-7f0f-4612-b837-3cb388679a04,2,4887.705534
2026/02/05/11:43:04,apply-time,rs-005308-hr4q8,8710c1b9-3937-4eb0-b81a-dec4170c662f,1,4892.705534
2026/02/05/11:43:04,running-time,rs-005308-hr4q8,8710c1b9-3937-4eb0-b81a-dec4170c662f,1,4892.705534
2026/02/05/11:43:04,apply-time,rs-005309-8h4q5,a628b274-7493-443d-92e3-df9832366ac6,2,4892.705534
2026/02/05/11:43:04,running-time,rs-005309-8h4q5,a628b274-7493-443d-92e3-df9832366ac6,2,4892.705534
2026/02/05/11:43:04,apply-time,rs-005309-fszxm,eb12d65a-9f2f-4bb0-a648-db9514579600,2,4892.705534
2026/02/05/11:43:04,running-time,rs-005309-fszxm,eb12d65a-9f2f-4bb0-a648-db9514579600,2,4892.705534
2026/02/05/11:43:04,apply-time,rs-005309-lqlbx,3eff1467-1ba3-4011-8802-547fa8916451,2,4892.705534
2026/02/05/11:43:04,running-time,rs-005309-lqlbx,3eff1467-1ba3-4011-8802-547fa8916451,2,4892.705534
2026/02/05/11:43:04,apply-time,rs-005310-2zdmw,f0d5c862-2733-4118-8454-8546b49f6163,2,4892.705534
2026/02/05/11:43:04,apply-time,rs-005310-6h2j8,87774684-20d8-4fbe-a0fd-3b252065f2eb,2,4892.705534
2026/02/05/11:43:04,running-time,rs-005310-6h2j8,87774684-20d8-4fbe-a0fd-3b252065f2eb,2,4892.705534
2026/02/05/11:43:04,apply-time,rs-005310-8qdb5,4fa7f065-8251-4c18-b298-f8f6e8b4d630,2,4892.705534
2026/02/05/11:43:04,running-time,rs-005310-8qdb5,4fa7f065-8251-4c18-b298-f8f6e8b4d630,2,4892.705534
2026/02/05/11:43:04,apply-time,rs-005311-5kht7,b2654496-6be8-4d90-8122-2265b079ce63,2,4892.705534
2026/02/05/11:43:04,running-time,rs-005311-5kht7,b2654496-6be8-4d90-8122-2265b079ce63,2,4892.705534
2026/02/05/11:43:04,apply-time,rs-005311-xldrq,f525fed0-3d05-4332-adbf-2c004e63db9a,2,4892.705534
2026/02/05/11:43:04,running-time,rs-005311-xldrq,f525fed0-3d05-4332-adbf-2c004e63db9a,2,4892.705534
2026/02/05/11:43:06,apply-time,rs-005312-pr68k,a121e6a0-fb37-4d25-9893-9ae02e947a56,2,4894.705534
2026/02/05/11:43:06,apply-time,rs-005313-f9ktc,bafa1e9f-ff17-44be-a1c0-6dc6a102e229,4,4895.705534
2026/02/05/11:43:07,running-time,rs-005313-f9ktc,bafa1e9f-ff17-44be-a1c0-6dc6a102e229,4,4895.705534
2026/02/05/11:43:07,apply-time,rs-005314-zm86w,08c35852-b4ec-4881-97ae-1ad2a0bd9d21,1,4895.705534
2026/02/05/11:43:07,running-time,rs-005314-zm86w,08c35852-b4ec-4881-97ae-1ad2a0bd9d21,1,4895.705534
2026/02/05/11:43:07,apply-time,rs-005315-pkjnz,e1436503-1ef9-4746-b83c-94509cdaaaa6,2,4895.705534
2026/02/05/11:43:07,running-time,rs-005315-pkjnz,e1436503-1ef9-4746-b83c-94509cdaaaa6,2,4895.705534
2026/02/05/11:43:07,apply-time,rs-005316-495v2,ea9344c9-ce15-4c10-b942-a95f3c6f35a7,4,4895.705534
2026/02/05/11:43:07,running-time,rs-005316-495v2,ea9344c9-ce15-4c10-b942-a95f3c6f35a7,4,4895.705534
2026/02/05/11:43:07,apply-time,rs-005317-g294d,d070c89e-fa1b-4c3f-9ca8-72cb14c800d5,2,4895.705534
2026/02/05/11:43:07,running-time,rs-005317-g294d,d070c89e-fa1b-4c3f-9ca8-72cb14c800d5,2,4895.705534
2026/02/05/11:43:07,apply-time,rs-005318-2ljwp,04bce7f7-0666-4034-91ba-8b0ad7ed0d64,2,4895.705534
2026/02/05/11:43:07,running-time,rs-005318-2ljwp,04bce7f7-0666-4034-91ba-8b0ad7ed0d64,2,4895.705534
2026/02/05/11:43:07,apply-time,rs-005318-sb8tx,ffc14b8f-3f5d-465d-93d0-0c5ffe472457,2,4895.705534
2026/02/05/11:43:07,running-time,rs-005318-sb8tx,ffc14b8f-3f5d-465d-93d0-0c5ffe472457,2,4895.705534
2026/02/05/11:43:07,apply-time,rs-005318-trt9r,71441516-0646-41c6-a6ac-e8d4fdecf956,2,4895.705534
2026/02/05/11:43:07,running-time,rs-005318-trt9r,71441516-0646-41c6-a6ac-e8d4fdecf956,2,4895.705534
2026/02/05/11:43:07,apply-time,rs-005319-6pt5p,5aeff3b3-47f0-411a-9f6b-5779e2ffb656,3,4895.705534
2026/02/05/11:43:07,apply-time,rs-005320-25977,dd2a56fe-3fc1-405a-a260-472f3855305c,2,4896.705534
2026/02/05/11:43:07,apply-time,rs-005320-gr47g,101c03f3-b62f-45b3-ab67-330712f2fc81,2,4896.705534
2026/02/05/11:43:07,apply-time,rs-005320-z8c5d,45836521-5dd8-423d-b5b7-b952f6c5d045,2,4895.705534
2026/02/05/11:43:07,apply-time,rs-005321-8cdld,37bcf2d8-e373-4e54-940a-3ae77dde688e,2,4896.705534
2026/02/05/11:43:07,apply-time,rs-005321-pscx2,d8cac41c-2cc6-453f-9999-cc7d27126e54,2,4895.705534
2026/02/05/11:43:08,apply-time,rs-005321-bc8gk,6ff4db85-ff75-4864-be38-d387f79e973d,2,4896.705534
2026/02/05/11:43:09,running-time,rs-005321-bc8gk,6ff4db85-ff75-4864-be38-d387f79e973d,2,4897.705534
2026/02/05/11:43:09,running-time,rs-005321-pscx2,d8cac41c-2cc6-453f-9999-cc7d27126e54,2,4897.705534
2026/02/05/11:43:09,apply-time,rs-005322-w65wg,2628d651-f970-4565-80ec-9abd9320551a,3,4897.705534
2026/02/05/11:43:09,apply-time,rs-005322-x42mk,d335cd12-142d-4e55-94e0-f092552d46ed,3,4897.705534
2026/02/05/11:43:09,apply-time,rs-005322-x82f6,ba585ae8-e9e0-49c9-a23c-6874f160d967,3,4897.705534
2026/02/05/11:43:09,running-time,rs-005322-x82f6,ba585ae8-e9e0-49c9-a23c-6874f160d967,3,4898.705534
2026/02/05/11:43:09,apply-time,rs-005323-9z9wm,8fe40334-3e1c-43ac-9697-ac555cf822c0,1,4897.705534
2026/02/05/11:43:09,apply-time,rs-005323-bzx6p,61edb75a-f208-4a49-86b8-10e4c8d0c5b7,1,4897.705534
2026/02/05/11:43:10,running-time,rs-005322-w65wg,2628d651-f970-4565-80ec-9abd9320551a,3,4898.705534
2026/02/05/11:43:10,running-time,rs-005322-x42mk,d335cd12-142d-4e55-94e0-f092552d46ed,3,4898.705534
2026/02/05/11:43:10,running-time,rs-005323-bzx6p,61edb75a-f208-4a49-86b8-10e4c8d0c5b7,1,4898.705534
2026/02/05/11:43:11,running-time,rs-005321-8cdld,37bcf2d8-e373-4e54-940a-3ae77dde688e,2,4899.705534
2026/02/05/11:43:11,running-time,rs-005323-9z9wm,8fe40334-3e1c-43ac-9697-ac555cf822c0,1,4900.705534
2026/02/05/11:43:12,apply-time,rs-005324-6sbr7,8da3e13d-3b0a-408f-844d-dd487b1b6b22,4,4901.705534
2026/02/05/11:43:12,running-time,rs-005324-6sbr7,8da3e13d-3b0a-408f-844d-dd487b1b6b22,4,4901.705534
2026/02/05/11:43:12,apply-time,rs-005325-27sz6,15c091cc-5848-44ef-abe1-582611a91841,1,4901.705534
2026/02/05/11:43:12,running-time,rs-005325-27sz6,15c091cc-5848-44ef-abe1-582611a91841,1,4901.705534
2026/02/05/11:43:12,apply-time,rs-005325-nq5ph,abd5e8d9-0947-459a-9eec-cdbdc2906f78,1,4901.705534
2026/02/05/11:43:12,running-time,rs-005325-nq5ph,abd5e8d9-0947-459a-9eec-cdbdc2906f78,1,4901.705534
2026/02/05/11:43:16,apply-time,rs-005326-gdzbw,09d336b3-d997-4fab-b9b9-f9a223dbc482,2,4904.705534
2026/02/05/11:43:16,running-time,rs-005326-gdzbw,09d336b3-d997-4fab-b9b9-f9a223dbc482,2,4904.705534
2026/02/05/11:43:16,apply-time,rs-005326-pq9md,76826eaf-7976-41a1-a7bc-eae6208192a8,2,4904.705534
2026/02/05/11:43:16,running-time,rs-005326-pq9md,76826eaf-7976-41a1-a7bc-eae6208192a8,2,4904.705534
2026/02/05/11:43:17,running-time,rs-005319-6pt5p,5aeff3b3-47f0-411a-9f6b-5779e2ffb656,3,4905.705534
2026/02/05/11:43:28,apply-time,rs-004691-m5p82,3ca35fab-86ea-4caf-a53d-dd5fdf5c6f3d,1,4917.705534
2026/02/05/11:43:28,running-time,rs-004691-m5p82,3ca35fab-86ea-4caf-a53d-dd5fdf5c6f3d,1,4917.705534
2026/02/05/11:43:28,running-time,rs-005202-5z9zr,7de737c2-cc4b-4058-8077-5367b5c3a3cb,3,4917.705534
2026/02/05/11:43:31,apply-time,rs-005327-5sxlh,8989eaa2-88fa-4120-afea-e36371edb5da,1,4919.705534
2026/02/05/11:43:31,running-time,rs-005327-5sxlh,8989eaa2-88fa-4120-afea-e36371edb5da,1,4919.705534
2026/02/05/11:43:31,apply-time,rs-005327-mtgrk,a6530509-7b46-4565-a8d1-5afbed192203,1,4919.705534
2026/02/05/11:43:31,running-time,rs-005327-mtgrk,a6530509-7b46-4565-a8d1-5afbed192203,1,4919.705534
2026/02/05/11:43:31,apply-time,rs-005328-b4kdm,e9ecd2e9-c0b2-4653-b62c-444dedf4ec19,1,4919.705534
2026/02/05/11:43:31,apply-time,rs-005328-ffmd8,ffa2f9c8-7561-44c5-bdf7-fd5f0eb48a83,1,4919.705534
2026/02/05/11:43:31,apply-time,rs-005328-fmplm,9990d550-2698-41c4-a9c9-2e80d0762c6b,1,4919.705534
2026/02/05/11:43:31,apply-time,rs-005329-rv7lx,073d3b53-d5d4-4e03-89e4-de6d8e733a03,4,4919.705534
2026/02/05/11:43:31,running-time,rs-005329-rv7lx,073d3b53-d5d4-4e03-89e4-de6d8e733a03,4,4919.705534
2026/02/05/11:43:31,apply-time,rs-005330-qrm4r,935ee447-9f03-446b-a305-4857078e0075,2,4919.705534
2026/02/05/11:43:31,running-time,rs-005330-qrm4r,935ee447-9f03-446b-a305-4857078e0075,2,4919.705534
2026/02/05/11:43:31,apply-time,rs-005330-qstx7,bc09af68-2d62-414a-849f-b35aa3dc20b3,2,4919.705534
2026/02/05/11:43:31,running-time,rs-005330-qstx7,bc09af68-2d62-414a-849f-b35aa3dc20b3,2,4919.705534
2026/02/05/11:43:31,apply-time,rs-005330-z42m9,6192c438-d0c9-43b4-bf81-3fada890f2d3,2,4919.705534
2026/02/05/11:43:31,running-time,rs-005330-z42m9,6192c438-d0c9-43b4-bf81-3fada890f2d3,2,4919.705534
2026/02/05/11:43:32,apply-time,rs-005333-jzln5,dc561704-649f-4757-8376-73eeb6394d3f,1,4921.705534
2026/02/05/11:43:32,apply-time,rs-005333-kg2nx,f04cf8b7-0fd3-4f7c-8c57-7651cde7a27a,1,4921.705534
2026/02/05/11:43:32,apply-time,rs-005333-sp5dx,30434bc3-4b62-475e-957a-e5763b10167a,1,4921.705534
2026/02/05/11:43:32,apply-time,rs-005334-2w46g,c3eb62e2-3dd0-4246-b37c-3e5573c99b88,1,4921.705534
2026/02/05/11:43:33,apply-time,rs-005331-mjc2v,ef3b1f5c-0d9c-4411-a45a-4839aa162e52,4,4921.705534
2026/02/05/11:43:33,running-time,rs-005331-mjc2v,ef3b1f5c-0d9c-4411-a45a-4839aa162e52,4,4921.705534
2026/02/05/11:43:33,apply-time,rs-005331-r9wq2,04db5961-382b-4ad0-9227-2be642b2b9d0,4,4921.705534
2026/02/05/11:43:33,running-time,rs-005331-r9wq2,04db5961-382b-4ad0-9227-2be642b2b9d0,4,4922.705534
2026/02/05/11:43:33,apply-time,rs-005332-xk99t,736e6b05-10b5-4b0c-91ac-8848f9b28768,2,4921.705534
2026/02/05/11:43:33,running-time,rs-005332-xk99t,736e6b05-10b5-4b0c-91ac-8848f9b28768,2,4921.705534
2026/02/05/11:43:33,running-time,rs-005333-jzln5,dc561704-649f-4757-8376-73eeb6394d3f,1,4921.705534
2026/02/05/11:43:33,running-time,rs-005333-kg2nx,f04cf8b7-0fd3-4f7c-8c57-7651cde7a27a,1,4921.705534
2026/02/05/11:43:33,running-time,rs-005333-sp5dx,30434bc3-4b62-475e-957a-e5763b10167a,1,4921.705534
2026/02/05/11:43:33,running-time,rs-005334-2w46g,c3eb62e2-3dd0-4246-b37c-3e5573c99b88,1,4921.705534
2026/02/05/11:43:33,apply-time,rs-005334-5vkqf,8222187f-9642-4529-bed9-80891971503a,1,4921.705534
2026/02/05/11:43:33,apply-time,rs-005335-hkrxw,fbc56c24-7ac9-488f-97f8-3c78dce19c2b,3,4921.705534
2026/02/05/11:43:33,running-time,rs-005335-hkrxw,fbc56c24-7ac9-488f-97f8-3c78dce19c2b,3,4921.705534
2026/02/05/11:43:33,apply-time,rs-005335-hzqf9,f6c7b19b-6cfe-49df-a936-c68f9e3f2d70,3,4921.705534
2026/02/05/11:43:33,apply-time,rs-005335-zsrcf,b745ffb1-9803-4358-93a1-a829d27c4000,3,4921.705534
2026/02/05/11:43:33,running-time,rs-005335-zsrcf,b745ffb1-9803-4358-93a1-a829d27c4000,3,4922.705534
2026/02/05/11:43:33,apply-time,rs-005336-47pbt,5c203568-91b1-4052-bfe7-8bdf97b51640,3,4921.705534
2026/02/05/11:43:33,running-time,rs-005336-47pbt,5c203568-91b1-4052-bfe7-8bdf97b51640,3,4922.705534
2026/02/05/11:43:33,apply-time,rs-005337-kbljm,c388189a-9627-43fa-99dc-eb66da60643f,4,4922.705534
2026/02/05/11:43:33,apply-time,rs-005338-4p49l,64d7b3bc-1d2a-423b-98e1-5c93d46812e7,2,4922.705534
2026/02/05/11:43:33,apply-time,rs-005339-fjmzj,b1df3ca4-5406-4513-8fe8-e49532323258,4,4922.705534
2026/02/05/11:43:33,apply-time,rs-005340-4z2tb,07a7b5e4-3e2d-41d9-88bc-637a095ea8f0,2,4921.705534
2026/02/05/11:43:33,apply-time,rs-005340-g5cf4,4d6aebde-396c-4104-b74a-b6f1e48c4689,2,4922.705534
2026/02/05/11:43:33,apply-time,rs-005340-zm5km,b9ec4c17-0891-47e9-a568-e38be0d12eae,2,4922.705534
2026/02/05/11:43:34,running-time,rs-005337-kbljm,c388189a-9627-43fa-99dc-eb66da60643f,4,4922.705534
2026/02/05/11:43:34,apply-time,rs-005341-ls72c,b1b7c3d2-3a7e-495f-8d15-4f2df3bf31bb,4,4922.705534
2026/02/05/11:43:34,apply-time,rs-005341-rnls6,af0575a1-5496-4329-bb2f-ae601c7e9d35,4,4922.705534
2026/02/05/11:43:34,apply-time,rs-005341-xhrv5,a89abe03-9202-45b1-9979-f691ba590450,4,4922.705534
2026/02/05/11:43:34,apply-time,rs-005342-npqvk,8258687a-4607-4212-af4d-34fe5d89899e,1,4922.705534
2026/02/05/11:43:34,running-time,rs-005342-npqvk,8258687a-4607-4212-af4d-34fe5d89899e,1,4922.705534
2026/02/05/11:43:34,apply-time,rs-005343-8m7lf,585e7c57-9588-4b10-a464-ef77602833eb,1,4923.705534
2026/02/05/11:43:34,running-time,rs-005343-8m7lf,585e7c57-9588-4b10-a464-ef77602833eb,1,4923.705534
2026/02/05/11:43:34,apply-time,rs-005343-t9rfd,18c1e312-0fd1-4478-9e61-3a7bc83233c7,1,4922.705534
2026/02/05/11:43:34,running-time,rs-005343-t9rfd,18c1e312-0fd1-4478-9e61-3a7bc83233c7,1,4922.705534
2026/02/05/11:43:34,apply-time,rs-005344-bw4jn,2fa605ee-792c-4c4f-b358-b900f14e6303,4,4922.705534
2026/02/05/11:43:34,running-time,rs-005344-bw4jn,2fa605ee-792c-4c4f-b358-b900f14e6303,4,4922.705534
2026/02/05/11:43:34,apply-time,rs-005344-dwdth,e842df02-e671-4067-8078-ebfb6f870ec6,4,4923.705534
2026/02/05/11:43:34,apply-time,rs-005345-7tlsn,33c43e96-2109-4391-a8d5-df669cd415df,4,4922.705534
2026/02/05/11:43:34,running-time,rs-005345-7tlsn,33c43e96-2109-4391-a8d5-df669cd415df,4,4922.705534
2026/02/05/11:43:34,apply-time,rs-005345-fp58x,dc62c0ac-95d9-4c16-b093-61ae81871def,4,4923.705534
2026/02/05/11:43:34,running-time,rs-005345-fp58x,dc62c0ac-95d9-4c16-b093-61ae81871def,4,4923.705534
2026/02/05/11:43:35,running-time,rs-005339-fjmzj,b1df3ca4-5406-4513-8fe8-e49532323258,4,4923.705534
2026/02/05/11:43:35,running-time,rs-005340-4z2tb,07a7b5e4-3e2d-41d9-88bc-637a095ea8f0,2,4923.705534
2026/02/05/11:43:35,running-time,rs-005340-zm5km,b9ec4c17-0891-47e9-a568-e38be0d12eae,2,4924.705534
2026/02/05/11:43:35,apply-time,rs-005346-7dprv,af0a00cb-f762-4aa7-87d0-a35e75237b0b,4,4923.705534
2026/02/05/11:43:35,apply-time,rs-005347-qnp9p,344d8d7d-1d4a-486d-988c-aa9a4664fbbd,4,4923.705534
2026/02/05/11:43:35,running-time,rs-005347-qnp9p,344d8d7d-1d4a-486d-988c-aa9a4664fbbd,4,4923.705534
2026/02/05/11:43:35,apply-time,rs-005349-55ps2,ef5aab0a-836a-490c-8f29-a41d0ad4a4ed,3,4923.705534
2026/02/05/11:43:35,apply-time,rs-005349-bzxq9,ad94e7e8-e40e-43ca-b386-def43b252f05,3,4923.705534
2026/02/05/11:43:35,apply-time,rs-005349-qn8x9,861568f5-68c5-4296-97b9-50f359a18d59,3,4923.705534
2026/02/05/11:43:35,apply-time,rs-005350-bpfpc,b280038f-bc70-4aa3-b121-c3b9aaf8ee2b,3,4923.705534
2026/02/05/11:43:35,running-time,rs-005350-bpfpc,b280038f-bc70-4aa3-b121-c3b9aaf8ee2b,3,4923.705534
2026/02/05/11:43:35,apply-time,rs-005350-sbqc4,a4954d2f-7f18-4c07-adf8-88138fc3f807,3,4924.705534
2026/02/05/11:43:35,running-time,rs-005350-sbqc4,a4954d2f-7f18-4c07-adf8-88138fc3f807,3,4924.705534
2026/02/05/11:43:36,apply-time,rs-005351-wvsb9,3e6f06b3-5dc5-47ae-b45b-ba56cd8b0518,1,4924.705534
2026/02/05/11:43:36,apply-time,rs-005352-2ftx2,ba634f76-ac32-4a45-ac23-1918a710f491,3,4924.705534
2026/02/05/11:43:36,running-time,rs-005352-2ftx2,ba634f76-ac32-4a45-ac23-1918a710f491,3,4924.705534
2026/02/05/11:43:36,apply-time,rs-005352-945bv,93d3ec56-90de-4db1-9f12-586e3940beaf,3,4924.705534
2026/02/05/11:43:36,running-time,rs-005352-945bv,93d3ec56-90de-4db1-9f12-586e3940beaf,3,4925.705534
2026/02/05/11:43:36,apply-time,rs-005352-ptz49,895bb5b8-322c-401d-901e-c8bd6664d88e,3,4924.705534
2026/02/05/11:43:36,running-time,rs-005352-ptz49,895bb5b8-322c-401d-901e-c8bd6664d88e,3,4925.705534
2026/02/05/11:43:36,apply-time,rs-005354-6tjdv,22465f68-1195-40c0-92ac-d205398147e6,3,4924.705534
2026/02/05/11:43:36,running-time,rs-005354-6tjdv,22465f68-1195-40c0-92ac-d205398147e6,3,4924.705534
2026/02/05/11:43:36,apply-time,rs-005355-4bzd6,dac315be-d3a2-4a8b-8b47-4e486267c189,3,4924.705534
2026/02/05/11:43:36,running-time,rs-005355-4bzd6,dac315be-d3a2-4a8b-8b47-4e486267c189,3,4924.705534
2026/02/05/11:43:36,apply-time,rs-005355-slph7,0478e313-ee30-47f1-a098-2624333507e8,3,4924.705534
2026/02/05/11:43:36,running-time,rs-005355-slph7,0478e313-ee30-47f1-a098-2624333507e8,3,4924.705534
2026/02/05/11:43:36,apply-time,rs-005356-gl75c,6d5c840c-bd66-4de0-8644-1a92e24fb3ff,4,4925.705534
2026/02/05/11:43:37,running-time,rs-005356-gl75c,6d5c840c-bd66-4de0-8644-1a92e24fb3ff,4,4925.705534
2026/02/05/11:43:37,apply-time,rs-005356-kvf69,326c973a-4a2a-4ada-b3e4-9676cda8c273,4,4925.705534
2026/02/05/11:43:37,running-time,rs-005356-kvf69,326c973a-4a2a-4ada-b3e4-9676cda8c273,4,4926.705534
2026/02/05/11:43:37,apply-time,rs-005357-6gc6q,3416da1a-090f-4ff2-9eb5-041a7443dad3,2,4925.705534
2026/02/05/11:43:37,running-time,rs-005357-6gc6q,3416da1a-090f-4ff2-9eb5-041a7443dad3,2,4926.705534
2026/02/05/11:43:37,apply-time,rs-005357-6glg5,8946b7d7-4e60-4a9e-a767-34b9cb30bff4,2,4926.705534
2026/02/05/11:43:37,running-time,rs-005357-6glg5,8946b7d7-4e60-4a9e-a767-34b9cb30bff4,2,4926.705534
2026/02/05/11:43:37,apply-time,rs-005358-4r6ml,e4d30e3f-9c88-4c1a-8929-d87c80ec1250,2,4925.705534
2026/02/05/11:43:37,running-time,rs-005358-4r6ml,e4d30e3f-9c88-4c1a-8929-d87c80ec1250,2,4925.705534
2026/02/05/11:43:37,apply-time,rs-005359-8822t,db90b1bb-77ed-4719-873f-76cb755fa3d6,1,4925.705534
2026/02/05/11:43:37,running-time,rs-005359-8822t,db90b1bb-77ed-4719-873f-76cb755fa3d6,1,4926.705534
2026/02/05/11:43:37,apply-time,rs-005359-jtqqh,f7178ff9-813c-4f07-820e-8e8529542c0d,1,4926.705534
2026/02/05/11:43:37,running-time,rs-005359-jtqqh,f7178ff9-813c-4f07-820e-8e8529542c0d,1,4926.705534
2026/02/05/11:43:37,apply-time,rs-005359-sb6ms,107c0953-62ec-4215-ad1b-6c9d01e64251,1,4926.705534
2026/02/05/11:43:37,apply-time,rs-005360-tdbzk,966d220d-186a-4cbd-bada-19d90280997c,4,4926.705534
2026/02/05/11:43:38,running-time,rs-005340-g5cf4,4d6aebde-396c-4104-b74a-b6f1e48c4689,2,4927.705534
2026/02/05/11:43:38,running-time,rs-005359-sb6ms,107c0953-62ec-4215-ad1b-6c9d01e64251,1,4926.705534
2026/02/05/11:43:38,apply-time,rs-005360-tfzxb,3622cd9a-1eae-4b4e-98fe-16d8a71ccda0,4,4926.705534
2026/02/05/11:43:38,apply-time,rs-005360-zskg5,6b608a3f-51d2-419b-853d-fd6328837979,4,4926.705534
2026/02/05/11:43:38,apply-time,rs-005362-5j5wk,201caf23-2281-4e50-a3f5-a77a9f312a48,1,4927.705534
2026/02/05/11:43:38,running-time,rs-005362-5j5wk,201caf23-2281-4e50-a3f5-a77a9f312a48,1,4927.705534
2026/02/05/11:43:38,apply-time,rs-005362-fc6t4,650668ed-f3d9-48e1-9639-413d54789cc7,1,4926.705534
2026/02/05/11:43:38,running-time,rs-005362-fc6t4,650668ed-f3d9-48e1-9639-413d54789cc7,1,4926.705534
2026/02/05/11:43:39,apply-time,rs-005363-s6l7h,49f98085-9c5e-4f0c-bd23-b67bd003db39,1,4927.705534
2026/02/05/11:43:39,apply-time,rs-005363-w9rlk,8b3d526a-daa0-4aa7-b74c-2bdc35f9e24e,1,4927.705534
2026/02/05/11:43:39,apply-time,rs-005364-p2gd7,8ffad9be-366e-484d-aae1-835ca46381f5,1,4927.705534
2026/02/05/11:43:39,running-time,rs-005364-p2gd7,8ffad9be-366e-484d-aae1-835ca46381f5,1,4927.705534
2026/02/05/11:43:39,apply-time,rs-005365-l2w4t,a0c75271-789e-4e32-9c8c-1907f16cfb82,3,4928.705534
2026/02/05/11:43:39,running-time,rs-005365-l2w4t,a0c75271-789e-4e32-9c8c-1907f16cfb82,3,4928.705534
2026/02/05/11:43:39,apply-time,rs-005365-p8m5x,72dc5019-3387-421e-af58-1e0e3b0a9629,3,4927.705534
2026/02/05/11:43:39,running-time,rs-005365-p8m5x,72dc5019-3387-421e-af58-1e0e3b0a9629,3,4927.705534
2026/02/05/11:43:39,apply-time,rs-005366-7hvx5,96575fa6-75b2-499c-9f0f-72dc5d5ef143,3,4928.705534
2026/02/05/11:43:39,apply-time,rs-005366-mvxn5,d0362da6-a9a9-412b-9455-62b946a4f6c6,3,4928.705534
2026/02/05/11:43:39,apply-time,rs-005366-rxjgx,4d609a6b-8de1-4158-ab6a-29edf881ec38,3,4927.705534
2026/02/05/11:43:40,running-time,rs-005366-7hvx5,96575fa6-75b2-499c-9f0f-72dc5d5ef143,3,4929.705534
2026/02/05/11:43:40,running-time,rs-005366-mvxn5,d0362da6-a9a9-412b-9455-62b946a4f6c6,3,4929.705534
2026/02/05/11:43:40,running-time,rs-005366-rxjgx,4d609a6b-8de1-4158-ab6a-29edf881ec38,3,4928.705534
2026/02/05/11:43:40,apply-time,rs-005367-x4fr7,9b8979ed-d6b3-40f8-b67b-928b58a504da,3,4929.705534
2026/02/05/11:43:41,apply-time,rs-005368-lsbq8,00224598-d248-4cef-9d12-942810bf5124,2,4929.705534
2026/02/05/11:43:41,apply-time,rs-005369-zlcl4,433f69cd-0280-4ac4-9f86-5f55d60e1dc3,2,4929.705534
2026/02/05/11:43:41,apply-time,rs-005370-28247,3f64503b-68fd-4b16-9cb2-c723ab5d919b,4,4929.705534
2026/02/05/11:43:41,running-time,rs-005370-28247,3f64503b-68fd-4b16-9cb2-c723ab5d919b,4,4929.705534
2026/02/05/11:43:41,apply-time,rs-005370-6bgwl,bbf1566e-ab97-429f-994e-fbfcd67c06cd,4,4929.705534
2026/02/05/11:43:41,apply-time,rs-005370-rw4vw,767ff97c-4cd9-484a-9965-1679b58bb435,4,4929.705534
2026/02/05/11:43:41,running-time,rs-005370-rw4vw,767ff97c-4cd9-484a-9965-1679b58bb435,4,4929.705534
2026/02/05/11:43:41,apply-time,rs-005371-2t2t5,e15ff3c4-c232-4e99-a246-9faeb262da07,2,4929.705534
2026/02/05/11:43:41,apply-time,rs-005371-9b8j7,baeab486-2058-4bdd-b04a-9d6c0769b748,2,4929.705534
2026/02/05/11:43:41,apply-time,rs-005371-t7d9f,f326c2f7-acb4-4879-bec3-77acf2c87014,2,4929.705534
2026/02/05/11:43:41,running-time,rs-005371-t7d9f,f326c2f7-acb4-4879-bec3-77acf2c87014,2,4929.705534
2026/02/05/11:43:42,running-time,rs-005369-zlcl4,433f69cd-0280-4ac4-9f86-5f55d60e1dc3,2,4930.705534
2026/02/05/11:43:42,apply-time,rs-005372-wdklv,32b28913-9eb6-4604-85b5-005ec989ae29,4,4930.705534
2026/02/05/11:43:42,apply-time,rs-005373-45fpl,67b2c838-c4be-4186-9c3f-0ec446032158,1,4930.705534
2026/02/05/11:43:42,apply-time,rs-005373-l4vx2,03aa2900-c348-4d86-b214-7c9b4bf6f20d,1,4930.705534
2026/02/05/11:43:42,apply-time,rs-005374-4jmdj,b62224af-ddc3-4f30-900b-af0490508464,1,4930.705534
2026/02/05/11:43:42,running-time,rs-005374-4jmdj,b62224af-ddc3-4f30-900b-af0490508464,1,4930.705534
2026/02/05/11:43:42,apply-time,rs-005374-88wlr,c599b56d-3258-438c-9a57-9adfb58d2280,1,4930.705534
2026/02/05/11:43:43,apply-time,rs-005375-9t994,e59f701f-5d3f-4378-a9f0-dd6b748e1302,2,4931.705534
2026/02/05/11:43:43,apply-time,rs-005375-mtfls,d0444571-9082-48dc-b777-bcc68e7706a8,2,4931.705534
2026/02/05/11:43:43,apply-time,rs-005375-wx645,4a28d9d5-ce59-45ca-9e4c-7180be759091,2,4931.705534
2026/02/05/11:43:43,apply-time,rs-005376-f7njg,fbb6cdd2-6938-4cfd-864c-5caa2cb81a4a,2,4932.705534
2026/02/05/11:43:43,apply-time,rs-005377-nlqqv,cd8c0bc6-60b8-4400-b179-b8ea6dfb368b,4,4932.705534
2026/02/05/11:43:43,apply-time,rs-005378-kwdpg,72ae3955-a6cf-4d33-bede-c59a0b063819,4,4932.705534
2026/02/05/11:43:43,apply-time,rs-005379-ptljf,91316112-5d1c-4350-a53e-148356cf41b9,2,4932.705534
2026/02/05/11:43:44,running-time,rs-005371-9b8j7,baeab486-2058-4bdd-b04a-9d6c0769b748,2,4932.705534
2026/02/05/11:43:44,running-time,rs-005378-kwdpg,72ae3955-a6cf-4d33-bede-c59a0b063819,4,4932.705534
2026/02/05/11:43:44,apply-time,rs-005380-fbpjt,c3cfeab3-68aa-4040-a1ec-172d211a901e,3,4933.705534
2026/02/05/11:43:44,apply-time,rs-005381-llhfp,78ddf1a5-1de2-440b-9146-5a7a7c066abf,2,4932.705534
2026/02/05/11:43:44,apply-time,rs-005382-cxjtq,30103b0e-670f-42fe-9db0-ea0f7b3f9b90,2,4933.705534
2026/02/05/11:43:44,running-time,rs-005382-cxjtq,30103b0e-670f-42fe-9db0-ea0f7b3f9b90,2,4933.705534
2026/02/05/11:43:45,apply-time,rs-005380-c9rxt,e209c91e-d6a0-426b-a358-e224c2c683fa,3,4933.705534
2026/02/05/11:43:45,apply-time,rs-005380-hnwxh,a6635807-2454-4fd2-bac4-6592b900bb7c,3,4933.705534
2026/02/05/11:43:45,apply-time,rs-005382-rffxk,7c894a72-6029-4355-a7f1-749c2b7d1cb1,2,4933.705534
2026/02/05/11:43:45,running-time,rs-005382-rffxk,7c894a72-6029-4355-a7f1-749c2b7d1cb1,2,4933.705534
2026/02/05/11:43:45,apply-time,rs-005383-76j6j,7310e59b-dd11-449a-a502-dd71e18ac63b,1,4933.705534
2026/02/05/11:43:45,running-time,rs-005383-76j6j,7310e59b-dd11-449a-a502-dd71e18ac63b,1,4933.705534
2026/02/05/11:43:45,apply-time,rs-005383-ch628,d9f8c7b1-0ad9-4bb4-b8a1-580116cc4eaf,1,4933.705534
2026/02/05/11:43:45,running-time,rs-005383-ch628,d9f8c7b1-0ad9-4bb4-b8a1-580116cc4eaf,1,4933.705534
2026/02/05/11:43:45,apply-time,rs-005384-lhpqh,5b96ed38-5040-4a02-992d-e281380cf7cb,3,4933.705534
2026/02/05/11:43:45,apply-time,rs-005384-lktcp,e82c04ba-8a18-45c7-b182-6d300212e96b,3,4933.705534
2026/02/05/11:43:45,apply-time,rs-005384-lmwbl,a43138cb-7a23-4c2e-81ff-d1e9661d3308,3,4933.705534
2026/02/05/11:43:45,apply-time,rs-005385-wqpb4,173a6500-07fc-4197-8106-1cfcedf24cf1,4,4934.705534
2026/02/05/11:43:45,apply-time,rs-005386-rskmv,b5a873c2-c165-445e-bb5f-33a458310041,4,4933.705534
2026/02/05/11:43:46,running-time,rs-005363-s6l7h,49f98085-9c5e-4f0c-bd23-b67bd003db39,1,4935.705534
2026/02/05/11:43:46,running-time,rs-005367-x4fr7,9b8979ed-d6b3-40f8-b67b-928b58a504da,3,4934.705534
2026/02/05/11:43:46,running-time,rs-005371-2t2t5,e15ff3c4-c232-4e99-a246-9faeb262da07,2,4934.705534
2026/02/05/11:43:46,running-time,rs-005373-45fpl,67b2c838-c4be-4186-9c3f-0ec446032158,1,4934.705534
2026/02/05/11:43:46,running-time,rs-005373-l4vx2,03aa2900-c348-4d86-b214-7c9b4bf6f20d,1,4934.705534
2026/02/05/11:43:46,running-time,rs-005376-f7njg,fbb6cdd2-6938-4cfd-864c-5caa2cb81a4a,2,4934.705534
2026/02/05/11:43:46,running-time,rs-005381-llhfp,78ddf1a5-1de2-440b-9146-5a7a7c066abf,2,4934.705534
2026/02/05/11:43:46,running-time,rs-005384-lhpqh,5b96ed38-5040-4a02-992d-e281380cf7cb,3,4934.705534
2026/02/05/11:43:46,running-time,rs-005384-lktcp,e82c04ba-8a18-45c7-b182-6d300212e96b,3,4934.705534
2026/02/05/11:43:46,running-time,rs-005384-lmwbl,a43138cb-7a23-4c2e-81ff-d1e9661d3308,3,4934.705534
2026/02/05/11:43:46,running-time,rs-005386-rskmv,b5a873c2-c165-445e-bb5f-33a458310041,4,4934.705534
2026/02/05/11:43:49,running-time,rs-005341-ls72c,b1b7c3d2-3a7e-495f-8d15-4f2df3bf31bb,4,4938.705534
2026/02/05/11:43:49,running-time,rs-005341-xhrv5,a89abe03-9202-45b1-9979-f691ba590450,4,4938.705534
2026/02/05/11:43:51,running-time,rs-005341-rnls6,af0575a1-5496-4329-bb2f-ae601c7e9d35,4,4939.705534
2026/02/05/11:43:55,running-time,rs-005380-hnwxh,a6635807-2454-4fd2-bac4-6592b900bb7c,3,4943.705534
2026/02/05/11:44:00,apply-time,rs-005387-c2hfr,a6ac3067-eaaa-4bf6-96d3-75c6786db215,1,4948.705534
2026/02/05/11:44:00,running-time,rs-005387-c2hfr,a6ac3067-eaaa-4bf6-96d3-75c6786db215,1,4948.705534
2026/02/05/11:44:00,apply-time,rs-005388-4cz7n,40f0b7ef-7136-49a1-9a98-d14c836d40a8,2,4948.705534
2026/02/05/11:44:00,apply-time,rs-005388-59gcf,317303e7-8baf-4eeb-a0a7-1f12adc507bc,2,4948.705534
2026/02/05/11:44:00,apply-time,rs-005388-dxtkx,df8add28-039b-4e17-8538-5248fce6ad4b,2,4948.705534
2026/02/05/11:44:00,apply-time,rs-005389-4g4gk,761e245c-055f-4ca2-9baa-078f8c1bf2f1,1,4948.705534
2026/02/05/11:44:00,apply-time,rs-005389-7qb4l,afa3c7c5-4d3f-47f4-a9d6-80272a68c918,1,4948.705534
2026/02/05/11:44:00,apply-time,rs-005389-qflt8,387a47d6-7f23-434a-9ba0-8d2a97923eb5,1,4948.705534
2026/02/05/11:44:00,running-time,rs-005389-qflt8,387a47d6-7f23-434a-9ba0-8d2a97923eb5,1,4949.705534
2026/02/05/11:44:01,running-time,rs-005389-4g4gk,761e245c-055f-4ca2-9baa-078f8c1bf2f1,1,4949.705534
2026/02/05/11:44:04,running-time,rs-005368-lsbq8,00224598-d248-4cef-9d12-942810bf5124,2,4952.705534
2026/02/05/11:44:07,apply-time,rs-005390-8txc8,4b8bfa1c-9a55-43e6-97eb-030dcdcb0982,2,4956.705534
2026/02/05/11:44:07,apply-time,rs-005390-b6sql,f6a05dfc-6d54-48b5-86be-da9e6c877963,2,4956.705534
2026/02/05/11:44:07,apply-time,rs-005392-5dffk,94a33acc-6bd8-49e9-880d-76b110e4e99a,2,4956.705534
2026/02/05/11:44:08,running-time,rs-005390-8txc8,4b8bfa1c-9a55-43e6-97eb-030dcdcb0982,2,4956.705534
2026/02/05/11:44:08,running-time,rs-005390-b6sql,f6a05dfc-6d54-48b5-86be-da9e6c877963,2,4956.705534
2026/02/05/11:44:08,apply-time,rs-005391-7q68t,50e172ee-4fb1-4ace-b8ed-ce15286acbba,1,4956.705534
2026/02/05/11:44:08,running-time,rs-005391-7q68t,50e172ee-4fb1-4ace-b8ed-ce15286acbba,1,4956.705534
2026/02/05/11:44:08,apply-time,rs-005391-zhkt6,c4b84f87-8054-415c-a34a-3c99568a5ea5,1,4956.705534
2026/02/05/11:44:08,running-time,rs-005391-zhkt6,c4b84f87-8054-415c-a34a-3c99568a5ea5,1,4956.705534
2026/02/05/11:44:08,running-time,rs-005392-5dffk,94a33acc-6bd8-49e9-880d-76b110e4e99a,2,4956.705534
2026/02/05/11:44:08,apply-time,rs-005392-hbwdt,0cdf7d72-9f1d-4ffe-8229-8bb1e3ae194d,2,4956.705534
2026/02/05/11:44:08,apply-time,rs-005392-xt5kg,6000f447-270b-48e1-9ffe-0c56e2fd4c58,2,4956.705534
2026/02/05/11:44:08,running-time,rs-005392-xt5kg,6000f447-270b-48e1-9ffe-0c56e2fd4c58,2,4956.705534
2026/02/05/11:44:22,apply-time,rs-005393-pmrbl,4d8e32b6-4a10-4803-9f93-ceac314fa382,1,4970.705534
2026/02/05/11:44:22,running-time,rs-005393-pmrbl,4d8e32b6-4a10-4803-9f93-ceac314fa382,1,4970.705534
2026/02/05/11:44:22,apply-time,rs-005394-pxpv5,5cf67a9d-fe3b-4fda-bde0-8d858f258ec1,1,4970.705534
2026/02/05/11:44:22,running-time,rs-005394-pxpv5,5cf67a9d-fe3b-4fda-bde0-8d858f258ec1,1,4970.705534
2026/02/05/11:44:26,apply-time,rs-005395-2sh6g,28d935a4-0c0c-4938-85e7-369a534b9fa3,1,4974.705534
2026/02/05/11:44:26,apply-time,rs-005395-9wxzs,ede23965-223f-44a3-8458-91be0a919b12,1,4974.705534
2026/02/05/11:44:26,apply-time,rs-005396-f64jw,13d761ca-dc47-4ef8-9ef1-9ed92a433903,3,4974.705534
2026/02/05/11:44:26,running-time,rs-005396-f64jw,13d761ca-dc47-4ef8-9ef1-9ed92a433903,3,4974.705534
2026/02/05/11:44:26,apply-time,rs-005397-hbtw2,01a575e8-8528-4dcc-bce5-4067cb2f71a7,2,4974.705534
2026/02/05/11:44:26,running-time,rs-005397-hbtw2,01a575e8-8528-4dcc-bce5-4067cb2f71a7,2,4974.705534
2026/02/05/11:44:26,apply-time,rs-005397-zqrnx,66fe20aa-1292-458c-af85-2bb32492b7d0,2,4974.705534
2026/02/05/11:44:26,running-time,rs-005397-zqrnx,66fe20aa-1292-458c-af85-2bb32492b7d0,2,4974.705534
2026/02/05/11:44:29,apply-time,rs-005398-j5wwr,d787a087-8ab0-4728-96a2-be0d7f419ab7,2,4977.705534
2026/02/05/11:44:29,apply-time,rs-005398-m4zq5,e1306ac1-f933-436e-bd31-97cabf336694,2,4977.705534
2026/02/05/11:44:29,apply-time,rs-005399-hbkhx,a8c9760c-73ff-4075-8153-fa7ce0ac92eb,1,4977.705534
2026/02/05/11:44:29,running-time,rs-005399-hbkhx,a8c9760c-73ff-4075-8153-fa7ce0ac92eb,1,4977.705534
2026/02/05/11:44:29,apply-time,rs-005399-rr5m6,00a62620-6f51-4f2e-b435-edfbca236264,1,4977.705534
2026/02/05/11:44:29,running-time,rs-005399-rr5m6,00a62620-6f51-4f2e-b435-edfbca236264,1,4977.705534
2026/02/05/11:44:29,apply-time,rs-005399-wc48r,d81ae0dd-37cc-47a9-9e40-4144d2375cdb,1,4977.705534
2026/02/05/11:44:29,running-time,rs-005399-wc48r,d81ae0dd-37cc-47a9-9e40-4144d2375cdb,1,4977.705534
2026/02/05/11:44:29,apply-time,rs-005400-6tj2d,1f8ed209-8d04-4187-99de-da13d914a6e2,2,4977.705534
2026/02/05/11:44:29,running-time,rs-005400-6tj2d,1f8ed209-8d04-4187-99de-da13d914a6e2,2,4977.705534
2026/02/05/11:44:29,apply-time,rs-005400-l8p26,f22f1515-f682-4ed8-b5f6-e88cd96246ca,2,4977.705534
2026/02/05/11:44:29,running-time,rs-005400-l8p26,f22f1515-f682-4ed8-b5f6-e88cd96246ca,2,4977.705534
2026/02/05/11:44:29,apply-time,rs-005401-hrplb,81aa6aa2-9d6b-4635-8fd6-3001e687f570,1,4977.705534
2026/02/05/11:44:29,running-time,rs-005401-hrplb,81aa6aa2-9d6b-4635-8fd6-3001e687f570,1,4977.705534
2026/02/05/11:44:29,apply-time,rs-005402-9k5wt,a6d017d7-55f8-4385-b440-b8f5a2936005,1,4977.705534
2026/02/05/11:44:29,running-time,rs-005402-9k5wt,a6d017d7-55f8-4385-b440-b8f5a2936005,1,4977.705534
2026/02/05/11:44:29,apply-time,rs-005402-fdmxj,0a8a3b27-ac76-493d-8456-9e6b501b628a,1,4977.705534
2026/02/05/11:44:29,running-time,rs-005402-fdmxj,0a8a3b27-ac76-493d-8456-9e6b501b628a,1,4978.705534
2026/02/05/11:44:29,apply-time,rs-005403-k7mxr,538ab9bc-ec2f-4ed9-a0b5-b99098572b50,1,4978.705534
2026/02/05/11:44:29,running-time,rs-005403-k7mxr,538ab9bc-ec2f-4ed9-a0b5-b99098572b50,1,4978.705534
2026/02/05/11:44:30,apply-time,rs-005404-7wr6d,a697d901-90c2-4d18-8127-d375bcc38e42,1,4978.705534
2026/02/05/11:44:30,apply-time,rs-005405-ndx55,2dc9decf-8a63-4fb6-9af4-d8806a890ae5,4,4978.705534
2026/02/05/11:44:30,running-time,rs-005405-ndx55,2dc9decf-8a63-4fb6-9af4-d8806a890ae5,4,4978.705534
2026/02/05/11:44:30,apply-time,rs-005406-29zcx,8a92105d-95f4-43dd-8295-0e9386593be9,1,4978.705534
2026/02/05/11:44:30,apply-time,rs-005406-9hv8z,9fd81dec-c064-4fd3-8d70-feb9a8c445d0,1,4978.705534
2026/02/05/11:44:34,apply-time,rs-005407-f7crt,8fb53d93-db63-47f9-93d2-27ca064927a3,4,4982.705534
2026/02/05/11:44:34,apply-time,rs-005407-fkck5,f049f84c-533f-47b4-a36b-ba9da265117b,4,4982.705534
2026/02/05/11:44:34,apply-time,rs-005407-kxw7w,3540f517-7424-44de-91db-53f21787e48f,4,4982.705534
2026/02/05/11:44:34,apply-time,rs-005408-f29ch,1fcb91dc-6254-4a87-8cc1-3c516eb37560,1,4983.705534
2026/02/05/11:44:34,apply-time,rs-005409-hdft5,e78068d2-8247-49b6-a3f9-7659d6475758,1,4983.705534
2026/02/05/11:44:34,running-time,rs-005409-hdft5,e78068d2-8247-49b6-a3f9-7659d6475758,1,4983.705534
2026/02/05/11:44:34,apply-time,rs-005410-874f4,179a6789-cd5e-413b-af91-f5e3245befa3,4,4983.705534
2026/02/05/11:44:34,running-time,rs-005410-874f4,179a6789-cd5e-413b-af91-f5e3245befa3,4,4983.705534
2026/02/05/11:44:34,apply-time,rs-005411-5gts8,04a5e351-5508-4bb8-897a-d1377b59df5c,1,4983.705534
2026/02/05/11:44:34,apply-time,rs-005411-mf689,327e6e3d-527a-4d8f-835e-bdc19261090a,1,4983.705534
2026/02/05/11:44:34,apply-time,rs-005411-qjxrw,1ffd005d-4d25-4778-b779-06fbc4c05b6d,1,4983.705534
2026/02/05/11:44:34,apply-time,rs-005412-2wm52,eafcbede-3f90-407e-a4c6-703b5f295cd2,3,4983.705534
2026/02/05/11:44:34,apply-time,rs-005412-dlqzt,76f2408d-24e0-4fae-876b-c7df6697dd4c,3,4983.705534
2026/02/05/11:44:34,apply-time,rs-005412-mr7jj,66e1b4c4-130c-4250-94db-931151e6dad1,3,4983.705534
2026/02/05/11:44:34,running-time,rs-005412-mr7jj,66e1b4c4-130c-4250-94db-931151e6dad1,3,4983.705534
2026/02/05/11:44:35,running-time,rs-005412-2wm52,eafcbede-3f90-407e-a4c6-703b5f295cd2,3,4984.705534
2026/02/05/11:44:35,running-time,rs-005412-dlqzt,76f2408d-24e0-4fae-876b-c7df6697dd4c,3,4984.705534
2026/02/05/11:44:35,apply-time,rs-005413-76dw5,3d7ab29c-d88f-4a6e-be93-5c2c1286b27e,1,4983.705534
2026/02/05/11:44:35,apply-time,rs-005413-lz9vf,78c159f9-87ae-470b-ac14-a64e469f671f,1,4983.705534
2026/02/05/11:44:35,apply-time,rs-005414-5s87j,62044f20-0062-4936-b046-1450a87a0742,1,4983.705534
2026/02/05/11:44:36,running-time,rs-005413-lz9vf,78c159f9-87ae-470b-ac14-a64e469f671f,1,4984.705534
2026/02/05/11:44:36,running-time,rs-005414-5s87j,62044f20-0062-4936-b046-1450a87a0742,1,4984.705534
2026/02/05/11:44:36,apply-time,rs-005415-gj7c4,6ef05f0f-d1ec-4e67-ad50-8a2109afa753,3,4985.705534
2026/02/05/11:44:37,apply-time,rs-005416-hkqs9,d9262bff-c7ba-4c14-9031-ae3c73a83f85,4,4985.705534
2026/02/05/11:44:37,apply-time,rs-005416-p556z,d7f6d03f-6ccb-4be7-a954-7503589e664e,4,4985.705534
2026/02/05/11:44:37,apply-time,rs-005416-wrx5p,c1be6c53-1e41-4073-aabd-194c99553bd4,4,4985.705534
2026/02/05/11:44:37,apply-time,rs-005417-mjcm4,279acb5d-7b19-4585-af35-4cbff7f9f284,2,4985.705534
2026/02/05/11:44:37,running-time,rs-005417-mjcm4,279acb5d-7b19-4585-af35-4cbff7f9f284,2,4985.705534
2026/02/05/11:44:37,apply-time,rs-005417-vg8ck,dbfa7d46-4c51-4d33-bb04-5f2dbc352c7e,2,4985.705534
2026/02/05/11:44:37,running-time,rs-005417-vg8ck,dbfa7d46-4c51-4d33-bb04-5f2dbc352c7e,2,4985.705534
2026/02/05/11:44:37,apply-time,rs-005418-cvx8m,c5d42433-7021-44e9-9448-d0df7a708281,2,4985.705534
2026/02/05/11:44:37,apply-time,rs-005419-7jqk9,88a98ba5-aa31-4a80-a67e-f650142cdee1,3,4985.705534
2026/02/05/11:44:37,running-time,rs-005419-7jqk9,88a98ba5-aa31-4a80-a67e-f650142cdee1,3,4985.705534
2026/02/05/11:44:37,apply-time,rs-005419-vrffv,b5562b43-c7fd-4143-9acb-2c92f65552f8,3,4985.705534
2026/02/05/11:44:37,running-time,rs-005419-vrffv,b5562b43-c7fd-4143-9acb-2c92f65552f8,3,4985.705534
2026/02/05/11:44:37,apply-time,rs-005420-tq2gl,b0306b6a-c566-452c-b799-447c43f660b8,4,4985.705534
2026/02/05/11:44:37,apply-time,rs-005421-94db2,8bc00ad1-2ee8-4661-91e6-870ff81d35b0,3,4986.705534
2026/02/05/11:44:37,apply-time,rs-005421-hgb6c,e8bd7ae1-c15e-4f3c-ae36-dbcc89b2f836,3,4986.705534
2026/02/05/11:44:37,apply-time,rs-005422-246jl,2e3f2926-1b03-47c1-82ec-526761e3c9cd,1,4986.705534
2026/02/05/11:44:37,apply-time,rs-005422-45fc4,7f32a267-a98e-4531-9e1d-956b32feee47,1,4986.705534
2026/02/05/11:44:37,apply-time,rs-005422-wbl22,1a9a3a1e-1db9-4d74-a163-cd1ce6aaa147,1,4986.705534
2026/02/05/11:44:37,running-time,rs-005422-wbl22,1a9a3a1e-1db9-4d74-a163-cd1ce6aaa147,1,4986.705534
2026/02/05/11:44:38,apply-time,rs-005423-htv5h,bd3e40e8-7319-4555-8b8c-d0c4f18f3c5f,1,4986.705534
2026/02/05/11:44:38,apply-time,rs-005424-fnwjj,c3d7748e-aab2-45c7-8cfc-eb91ab8a2ff7,4,4987.705534
2026/02/05/11:44:38,apply-time,rs-005425-2lnkh,7a4c394e-0d06-4ed2-bcfc-abc2a2a9af62,1,4987.705534
2026/02/05/11:44:38,apply-time,rs-005426-6ctgc,86d32941-6d2d-4d0b-bfc2-d074f75915ef,4,4987.705534
2026/02/05/11:44:38,apply-time,rs-005427-nn7zd,e76df904-7f1d-42c1-9b64-b467da9c38e1,2,4987.705534
2026/02/05/11:44:39,running-time,rs-005422-45fc4,7f32a267-a98e-4531-9e1d-956b32feee47,1,4987.705534
2026/02/05/11:44:39,apply-time,rs-005424-vbs56,7e210cc6-70c2-4804-9f27-743d3b28a928,4,4987.705534
2026/02/05/11:44:39,apply-time,rs-005425-l7dwv,d2b42fdf-fbf8-4631-902f-bd9e1ecdaf52,1,4987.705534
2026/02/05/11:44:39,apply-time,rs-005425-ldm4g,fdfd1b98-ac34-4338-aa00-532e2ee16287,1,4987.705534
2026/02/05/11:44:39,apply-time,rs-005427-g8cdv,dd280f55-6092-4028-9a58-44256c70f72f,2,4987.705534
2026/02/05/11:44:39,apply-time,rs-005427-pbbq9,e99ef981-4af1-4160-b31a-8390aadadaff,2,4987.705534
2026/02/05/11:44:39,apply-time,rs-005428-jsw2b,302d87b1-0a72-4ba7-8675-b8232658675f,4,4987.705534
2026/02/05/11:44:39,apply-time,rs-005429-vnrj9,bb908d05-64cf-4319-8968-03bb4331696f,2,4987.705534
2026/02/05/11:44:39,apply-time,rs-005430-tljv5,b587d740-62cc-4b88-8c17-25ad833adecc,2,4988.705534
2026/02/05/11:44:39,apply-time,rs-005431-hsp7s,e3b541b9-993d-47bc-bc35-43e11b982184,2,4988.705534
2026/02/05/11:44:39,apply-time,rs-005432-jw5d6,01f0251e-5d6a-4fe6-93ec-ad2387563269,4,4988.705534
2026/02/05/11:44:40,running-time,rs-005429-vnrj9,bb908d05-64cf-4319-8968-03bb4331696f,2,4989.705534
2026/02/05/11:44:40,apply-time,rs-005430-bppxc,37db1c63-20b6-4f3f-9b2d-0440a1671d5a,2,4988.705534
2026/02/05/11:44:40,running-time,rs-005430-tljv5,b587d740-62cc-4b88-8c17-25ad833adecc,2,4989.705534
2026/02/05/11:44:41,running-time,rs-005426-6ctgc,86d32941-6d2d-4d0b-bfc2-d074f75915ef,4,4989.705534
2026/02/05/11:44:41,running-time,rs-005430-bppxc,37db1c63-20b6-4f3f-9b2d-0440a1671d5a,2,4989.705534
2026/02/05/11:44:42,running-time,rs-005420-tq2gl,b0306b6a-c566-452c-b799-447c43f660b8,4,4990.705534
2026/02/05/11:44:43,running-time,rs-005422-246jl,2e3f2926-1b03-47c1-82ec-526761e3c9cd,1,4992.705534
2026/02/05/11:44:43,running-time,rs-005428-jsw2b,302d87b1-0a72-4ba7-8675-b8232658675f,4,4992.705534
2026/02/05/11:44:43,running-time,rs-005432-jw5d6,01f0251e-5d6a-4fe6-93ec-ad2387563269,4,4992.705534
2026/02/05/11:44:44,running-time,rs-005418-cvx8m,c5d42433-7021-44e9-9448-d0df7a708281,2,4992.705534
2026/02/05/11:44:46,apply-time,rs-005433-llk8r,55bc6450-c36a-45c5-91f1-fbd4b9da44f3,4,4994.705534
2026/02/05/11:44:46,apply-time,rs-005433-wv9ns,5351cf0b-a740-4c30-9dec-0ac7c7311822,4,4994.705534
2026/02/05/11:44:46,apply-time,rs-005434-lx5w8,a66857a7-7e10-4656-aa40-c59160d9e8a0,2,4994.705534
2026/02/05/11:44:46,apply-time,rs-005434-r6c89,2310f152-0dd7-4c0d-a161-1b930230594d,2,4994.705534
2026/02/05/11:44:46,apply-time,rs-005435-65xnl,6f7036d3-f148-4ce1-be9f-6f0c46b3649e,2,4994.705534
2026/02/05/11:44:46,apply-time,rs-005435-zbjxt,dbebdd5c-0c3d-41c7-8fda-e4ea7ee92c9a,2,4994.705534
2026/02/05/11:44:47,running-time,rs-005435-65xnl,6f7036d3-f148-4ce1-be9f-6f0c46b3649e,2,4995.705534
2026/02/05/11:44:47,apply-time,rs-005436-bgjcz,e8e9a179-dd2f-43b4-a313-3309754fd3e8,4,4995.705534
2026/02/05/11:44:47,running-time,rs-005436-bgjcz,e8e9a179-dd2f-43b4-a313-3309754fd3e8,4,4995.705534
2026/02/05/11:44:47,apply-time,rs-005437-n6ldn,4b396d8b-5f84-420e-b0cb-a1afe77f3209,1,4995.705534
2026/02/05/11:44:47,apply-time,rs-005437-slzmc,49d206f1-963b-4d7e-8a56-8b70cad115c7,1,4995.705534
2026/02/05/11:44:47,running-time,rs-005437-slzmc,49d206f1-963b-4d7e-8a56-8b70cad115c7,1,4995.705534
2026/02/05/11:44:47,apply-time,rs-005438-4dgvz,8826b4e0-9af8-472f-9c29-2e3b47090745,2,4995.705534
2026/02/05/11:44:47,apply-time,rs-005438-rxzgx,317264ea-3b41-4db1-b3d2-4d8b4ed04d5b,2,4995.705534
2026/02/05/11:44:47,apply-time,rs-005438-vvsgx,c977db42-8368-471c-9eab-5285f90a23ee,2,4995.705534
2026/02/05/11:44:47,apply-time,rs-005439-4vwdx,fd9e34ec-6943-4723-870c-8b92b579aad4,1,4995.705534
2026/02/05/11:44:47,apply-time,rs-005439-mwr54,cbb151a5-9eb1-4f32-b150-e61ea3527518,1,4995.705534
2026/02/05/11:44:47,apply-time,rs-005440-phhcm,c8803069-f7c6-4b7c-9863-6110dcb5d491,1,4996.705534
2026/02/05/11:44:47,apply-time,rs-005440-rsv54,08af2858-77f7-48e5-b065-2bdaab1172cb,1,4996.705534
2026/02/05/11:44:47,apply-time,rs-005440-v9pdm,d3e47879-0650-4459-970b-a4b16d9991de,1,4996.705534
2026/02/05/11:44:47,apply-time,rs-005443-8lchn,3e2bac5c-959c-4ea3-a17d-ec431303f053,2,4996.705534
2026/02/05/11:44:48,running-time,rs-005437-n6ldn,4b396d8b-5f84-420e-b0cb-a1afe77f3209,1,4996.705534
2026/02/05/11:44:48,apply-time,rs-005441-nx5dx,63e04ca2-b9fb-4672-bf53-542297984889,1,4996.705534
2026/02/05/11:44:48,apply-time,rs-005441-w746v,7bdba015-ae9f-48ed-87c6-e10b2dc203da,1,4996.705534
2026/02/05/11:44:48,apply-time,rs-005441-xxdcq,5e9cfa70-6887-4b3c-a9be-188294fb7801,1,4996.705534
2026/02/05/11:44:48,apply-time,rs-005442-9sn6k,cae1b186-c112-481d-a5a5-2909744aa03d,2,4996.705534
2026/02/05/11:44:48,apply-time,rs-005442-mz7mh,8bfca95c-96d2-436a-be29-ad5ce169ff40,2,4996.705534
2026/02/05/11:44:48,apply-time,rs-005442-r52zl,db553aa6-5e48-4e35-870e-51f54f18af73,2,4996.705534
2026/02/05/11:44:48,running-time,rs-005443-8lchn,3e2bac5c-959c-4ea3-a17d-ec431303f053,2,4997.705534
2026/02/05/11:44:49,running-time,rs-005440-phhcm,c8803069-f7c6-4b7c-9863-6110dcb5d491,1,4997.705534
2026/02/05/11:44:49,running-time,rs-005440-rsv54,08af2858-77f7-48e5-b065-2bdaab1172cb,1,4997.705534
2026/02/05/11:44:49,running-time,rs-005440-v9pdm,d3e47879-0650-4459-970b-a4b16d9991de,1,4997.705534
2026/02/05/11:44:50,apply-time,rs-005444-bnqrt,d9fc7258-ba18-4a83-b17d-a4f92e13806e,1,4998.705534
2026/02/05/11:44:50,running-time,rs-005444-bnqrt,d9fc7258-ba18-4a83-b17d-a4f92e13806e,1,4998.705534
2026/02/05/11:44:50,apply-time,rs-005444-lvjjj,10a11586-7be8-4539-8edc-830f75a8e14c,1,4998.705534
2026/02/05/11:44:50,running-time,rs-005444-lvjjj,10a11586-7be8-4539-8edc-830f75a8e14c,1,4998.705534
2026/02/05/11:44:50,apply-time,rs-005445-m59v2,36e639c6-af9a-4899-998c-09b1eed994e9,1,4998.705534
2026/02/05/11:44:51,running-time,rs-005435-zbjxt,dbebdd5c-0c3d-41c7-8fda-e4ea7ee92c9a,2,4999.705534
2026/02/05/11:44:51,running-time,rs-005438-rxzgx,317264ea-3b41-4db1-b3d2-4d8b4ed04d5b,2,4999.705534
2026/02/05/11:44:51,running-time,rs-005441-w746v,7bdba015-ae9f-48ed-87c6-e10b2dc203da,1,4999.705534
2026/02/05/11:44:51,running-time,rs-005441-xxdcq,5e9cfa70-6887-4b3c-a9be-188294fb7801,1,4999.705534
2026/02/05/11:44:51,running-time,rs-005445-m59v2,36e639c6-af9a-4899-998c-09b1eed994e9,1,4999.705534
2026/02/05/11:44:52,running-time,rs-005441-nx5dx,63e04ca2-b9fb-4672-bf53-542297984889,1,5000.705534
2026/02/05/11:44:53,running-time,rs-005439-mwr54,cbb151a5-9eb1-4f32-b150-e61ea3527518,1,5001.705534
2026/02/05/11:45:02,apply-time,rs-005446-g478h,77524a17-37d5-4ab0-b258-1ca1589bb141,1,5010.705534
2026/02/05/11:45:02,running-time,rs-005446-g478h,77524a17-37d5-4ab0-b258-1ca1589bb141,1,5010.705534
2026/02/05/11:45:02,apply-time,rs-005446-lrc5k,a35c5c73-cf37-48b6-ad4d-ac99ac8ac55d,1,5010.705534
2026/02/05/11:45:02,running-time,rs-005446-lrc5k,a35c5c73-cf37-48b6-ad4d-ac99ac8ac55d,1,5010.705534
2026/02/05/11:45:02,apply-time,rs-005446-r949w,65a43667-d12e-4a65-b35e-2d4f216e5c3d,1,5010.705534
2026/02/05/11:45:02,running-time,rs-005446-r949w,65a43667-d12e-4a65-b35e-2d4f216e5c3d,1,5010.705534
2026/02/05/11:45:02,apply-time,rs-005447-92b9b,b21c8a90-c347-4249-aa99-4870be3ba291,2,5011.705534
2026/02/05/11:45:02,running-time,rs-005447-92b9b,b21c8a90-c347-4249-aa99-4870be3ba291,2,5011.705534
2026/02/05/11:45:02,apply-time,rs-005447-jnr2d,5220882e-9645-4745-a3b7-de54702d7d09,2,5011.705534
2026/02/05/11:45:02,running-time,rs-005447-jnr2d,5220882e-9645-4745-a3b7-de54702d7d09,2,5011.705534
2026/02/05/11:45:03,apply-time,rs-005448-n4cgd,83797159-3107-4c5b-8850-0e908ddacdb5,2,5011.705534
2026/02/05/11:45:03,apply-time,rs-005449-htfcv,d0559532-65ca-4043-9f81-08d53b2b1529,1,5011.705534
2026/02/05/11:45:03,apply-time,rs-005449-z9qrv,9e051ba1-9a2a-46ca-8edf-db20f4605123,1,5011.705534
2026/02/05/11:45:03,apply-time,rs-005450-zlx6h,9b013d1b-301d-4d6d-a822-f0a030ad67f2,1,5011.705534
2026/02/05/11:45:03,apply-time,rs-005451-gg2b4,eb78ba3b-e845-450b-be0c-bb37ea090df4,1,5011.705534
2026/02/05/11:45:03,running-time,rs-005451-gg2b4,eb78ba3b-e845-450b-be0c-bb37ea090df4,1,5011.705534
2026/02/05/11:45:03,apply-time,rs-005451-tw6rk,be117ef4-835f-45cd-a15e-d44fe3bce59d,1,5011.705534
2026/02/05/11:45:03,apply-time,rs-005451-z7wkb,d0a2c014-d059-40b4-a5d4-ebb780c81e37,1,5011.705534
2026/02/05/11:45:03,running-time,rs-005451-z7wkb,d0a2c014-d059-40b4-a5d4-ebb780c81e37,1,5011.705534
2026/02/05/11:45:03,apply-time,rs-005452-2jp2s,3f8c0173-86da-4252-b0e5-13363ddc5328,4,5011.705534
2026/02/05/11:45:03,running-time,rs-005452-2jp2s,3f8c0173-86da-4252-b0e5-13363ddc5328,4,5012.705534
2026/02/05/11:45:03,apply-time,rs-005452-6cqrr,4cc7c006-7e66-46fd-a353-9aa011fcb4e5,4,5011.705534
2026/02/05/11:45:03,running-time,rs-005452-6cqrr,4cc7c006-7e66-46fd-a353-9aa011fcb4e5,4,5011.705534
2026/02/05/11:45:03,apply-time,rs-005453-nf4wg,dfe8f824-f88c-4e5e-87b9-5db1a634a2b3,1,5012.705534
2026/02/05/11:45:03,apply-time,rs-005453-v8gq4,8c79a6dd-b4b3-487a-9701-558c4f2c4165,1,5012.705534
2026/02/05/11:45:03,apply-time,rs-005453-xxv8r,04a12755-0b35-40f8-8119-7260a9e067ba,1,5012.705534
2026/02/05/11:45:03,apply-time,rs-005454-xqs42,18255396-4693-43b0-beb9-a56e27fb223a,2,5012.705534
2026/02/05/11:45:04,apply-time,rs-005454-5j9gm,9d40c7dc-5163-49e9-b343-fd580a1ce673,2,5012.705534
2026/02/05/11:45:04,apply-time,rs-005455-48xwf,5783793d-925d-46c6-8a07-7e14a7c8c200,2,5012.705534
2026/02/05/11:45:04,apply-time,rs-005455-fxjwp,bab57172-8fe3-4cc1-be6d-96dfd192d641,2,5012.705534
2026/02/05/11:45:04,apply-time,rs-005458-bhvxh,597819ad-c5a0-4b0c-88d3-c6b335f7ab22,1,5013.705534
2026/02/05/11:45:04,apply-time,rs-005458-wmvg9,d54cfe28-7a05-489f-96a5-637207a192be,1,5013.705534
2026/02/05/11:45:05,running-time,rs-005454-xqs42,18255396-4693-43b0-beb9-a56e27fb223a,2,5014.705534
2026/02/05/11:45:05,running-time,rs-005455-fxjwp,bab57172-8fe3-4cc1-be6d-96dfd192d641,2,5014.705534
2026/02/05/11:45:05,apply-time,rs-005456-8k72p,9d336ce3-127a-443a-b479-12265b387020,4,5013.705534
2026/02/05/11:45:05,apply-time,rs-005456-bg6rd,37ab3ab1-b1b0-40e8-93e4-52e860df5a4f,4,5013.705534
2026/02/05/11:45:05,apply-time,rs-005456-ncp2g,3ff93b4a-4c79-4c57-9c6f-defcc2e22704,4,5013.705534
2026/02/05/11:45:05,apply-time,rs-005457-4kvzg,87d42c1d-a6a9-433d-95bb-f4f9cd44ea36,3,5013.705534
2026/02/05/11:45:05,apply-time,rs-005457-kq4wp,0c099f9d-f78f-4b42-bdeb-dcd3b0d7382c,3,5013.705534
2026/02/05/11:45:05,apply-time,rs-005457-lxtzr,b007058c-070f-423a-ab4e-de761df84990,3,5013.705534
2026/02/05/11:45:05,apply-time,rs-005459-krpnq,3fcc6e90-885f-4a75-a272-ff37da527e6e,1,5013.705534
2026/02/05/11:45:05,apply-time,rs-005459-t4jbd,8b56d698-b4fb-4474-8640-bfa596f2f138,1,5013.705534
2026/02/05/11:45:05,apply-time,rs-005460-582zt,2f85f648-4255-4c3a-af8e-f20fd5c03aaa,3,5013.705534
2026/02/05/11:45:05,apply-time,rs-005460-j4f49,0985688f-5371-4491-97a0-08a0bc3d4858,3,5013.705534
2026/02/05/11:45:05,apply-time,rs-005461-6w4fs,5d8b2334-c1e1-44e9-afcf-8c00e05bac19,3,5013.705534
2026/02/05/11:45:05,apply-time,rs-005461-7lbcx,3265c40d-c7a6-4736-940f-f2db2c979f1e,3,5014.705534
2026/02/05/11:45:05,apply-time,rs-005461-9vrn6,e70010cd-4fc5-4907-bc23-88fcc4d1e846,3,5014.705534
2026/02/05/11:45:06,running-time,rs-005455-48xwf,5783793d-925d-46c6-8a07-7e14a7c8c200,2,5015.705534
2026/02/05/11:45:06,running-time,rs-005456-bg6rd,37ab3ab1-b1b0-40e8-93e4-52e860df5a4f,4,5015.705534
2026/02/05/11:45:06,running-time,rs-005456-ncp2g,3ff93b4a-4c79-4c57-9c6f-defcc2e22704,4,5014.705534
2026/02/05/11:45:06,running-time,rs-005461-6w4fs,5d8b2334-c1e1-44e9-afcf-8c00e05bac19,3,5015.705534
2026/02/05/11:45:06,running-time,rs-005461-7lbcx,3265c40d-c7a6-4736-940f-f2db2c979f1e,3,5014.705534
2026/02/05/11:45:06,apply-time,rs-005462-xtdf4,9ea93b2c-5709-4c5f-90e8-41e50ee5174f,1,5014.705534
2026/02/05/11:45:06,running-time,rs-005462-xtdf4,9ea93b2c-5709-4c5f-90e8-41e50ee5174f,1,5014.705534
2026/02/05/11:45:06,apply-time,rs-005463-686vz,5788392e-8e9d-4161-8f57-812f5cbd15b6,2,5014.705534
2026/02/05/11:45:06,running-time,rs-005463-686vz,5788392e-8e9d-4161-8f57-812f5cbd15b6,2,5014.705534
2026/02/05/11:45:06,apply-time,rs-005463-xpv69,84d14049-9977-4b6c-86c8-71bbf69c5a8b,2,5014.705534
2026/02/05/11:45:06,apply-time,rs-005464-8dwls,d5fda44e-6e37-49a3-a61f-47dc29129139,3,5014.705534
2026/02/05/11:45:06,apply-time,rs-005464-hh77f,7d15992a-cc10-457c-bdaa-c0ed6374415c,3,5014.705534
2026/02/05/11:45:06,apply-time,rs-005464-xj44j,19d6d30a-888a-4bfa-8e92-f113fa783fad,3,5014.705534
2026/02/05/11:45:06,apply-time,rs-005465-lnl5z,2b04251e-5c52-4bbd-9bae-7cfe9ead5808,3,5015.705534
2026/02/05/11:45:06,apply-time,rs-005465-sgsv6,56297d1b-5a95-466b-b339-6809553bfaa4,3,5014.705534
2026/02/05/11:45:07,running-time,rs-005456-8k72p,9d336ce3-127a-443a-b479-12265b387020,4,5015.705534
2026/02/05/11:45:07,running-time,rs-005457-4kvzg,87d42c1d-a6a9-433d-95bb-f4f9cd44ea36,3,5015.705534
2026/02/05/11:45:07,running-time,rs-005458-bhvxh,597819ad-c5a0-4b0c-88d3-c6b335f7ab22,1,5015.705534
2026/02/05/11:45:07,running-time,rs-005458-wmvg9,d54cfe28-7a05-489f-96a5-637207a192be,1,5015.705534
2026/02/05/11:45:07,running-time,rs-005465-lnl5z,2b04251e-5c52-4bbd-9bae-7cfe9ead5808,3,5015.705534
2026/02/05/11:45:07,apply-time,rs-005466-dq9sf,35339ce3-915d-4786-b01e-a11f3f866555,3,5016.705534
2026/02/05/11:45:07,apply-time,rs-005466-ts94b,2ea53a2a-dfdc-40d4-978b-7e65ecf7c438,3,5016.705534
2026/02/05/11:45:07,apply-time,rs-005466-ttxgf,8badc6e3-3901-4227-b665-96b1bc2c59c5,3,5015.705534
2026/02/05/11:45:07,apply-time,rs-005467-jbn2q,626ffa86-1645-4abe-9da4-22759be777ed,1,5015.705534
2026/02/05/11:45:07,running-time,rs-005467-jbn2q,626ffa86-1645-4abe-9da4-22759be777ed,1,5016.705534
2026/02/05/11:45:07,apply-time,rs-005468-lw6cc,1cbdf7df-ba20-451e-b9d9-23c684405936,1,5015.705534
2026/02/05/11:45:07,running-time,rs-005468-lw6cc,1cbdf7df-ba20-451e-b9d9-23c684405936,1,5015.705534
2026/02/05/11:45:07,apply-time,rs-005469-rjrlk,5c28de1f-bf73-41ed-9a04-ab366e70ee2f,4,5015.705534
2026/02/05/11:45:07,running-time,rs-005469-rjrlk,5c28de1f-bf73-41ed-9a04-ab366e70ee2f,4,5016.705534
2026/02/05/11:45:08,running-time,rs-005457-lxtzr,b007058c-070f-423a-ab4e-de761df84990,3,5017.705534
2026/02/05/11:45:08,running-time,rs-005464-8dwls,d5fda44e-6e37-49a3-a61f-47dc29129139,3,5017.705534
2026/02/05/11:45:09,running-time,rs-005464-hh77f,7d15992a-cc10-457c-bdaa-c0ed6374415c,3,5018.705534
2026/02/05/11:45:10,running-time,rs-005459-krpnq,3fcc6e90-885f-4a75-a272-ff37da527e6e,1,5018.705534
2026/02/05/11:45:10,running-time,rs-005459-t4jbd,8b56d698-b4fb-4474-8640-bfa596f2f138,1,5018.705534
2026/02/05/11:45:10,running-time,rs-005465-sgsv6,56297d1b-5a95-466b-b339-6809553bfaa4,3,5018.705534
2026/02/05/11:45:18,running-time,rs-005453-v8gq4,8c79a6dd-b4b3-487a-9701-558c4f2c4165,1,5026.705534
2026/02/05/11:45:21,apply-time,rs-005470-qnfkq,af620a06-5d10-4ff2-8b45-8519c8ae7400,2,5029.705534
2026/02/05/11:45:21,running-time,rs-005470-qnfkq,af620a06-5d10-4ff2-8b45-8519c8ae7400,2,5029.705534
2026/02/05/11:45:21,apply-time,rs-005470-xhdkb,757e54f7-b3fc-4a7e-9801-9fb158609cdd,2,5029.705534
2026/02/05/11:45:21,running-time,rs-005470-xhdkb,757e54f7-b3fc-4a7e-9801-9fb158609cdd,2,5029.705534
2026/02/05/11:45:21,apply-time,rs-005471-mrhlf,20137cb7-49f8-43b4-8de9-f9304b853c2e,4,5029.705534
2026/02/05/11:45:21,running-time,rs-005471-mrhlf,20137cb7-49f8-43b4-8de9-f9304b853c2e,4,5029.705534
2026/02/05/11:45:21,apply-time,rs-005472-s9ndw,e98f2dd1-cf82-4563-9412-ffa34f58e292,3,5029.705534
2026/02/05/11:45:21,running-time,rs-005472-s9ndw,e98f2dd1-cf82-4563-9412-ffa34f58e292,3,5029.705534
2026/02/05/11:45:21,apply-time,rs-005473-xjqpf,9b3e20cc-3b64-4056-b585-b2df3c5a53b0,1,5029.705534
2026/02/05/11:45:21,apply-time,rs-005474-q48m2,11f40f69-fa40-46f7-9b2a-cb3ccfc33b36,2,5029.705534
2026/02/05/11:45:21,apply-time,rs-005474-vkc9l,e9f53b96-2daa-4260-b22f-d9911734a25d,2,5029.705534
2026/02/05/11:45:21,apply-time,rs-005474-xf4s8,738d3ab6-41ff-4af6-b5ee-610008128177,2,5029.705534
2026/02/05/11:45:21,apply-time,rs-005475-5265n,1f78a13f-8d93-489d-a144-1ca120162098,1,5030.705534
2026/02/05/11:45:21,apply-time,rs-005475-bh98m,00683b09-84b0-46d6-ac15-81c784f6e43f,1,5030.705534
2026/02/05/11:45:21,running-time,rs-005475-bh98m,00683b09-84b0-46d6-ac15-81c784f6e43f,1,5030.705534
2026/02/05/11:45:21,apply-time,rs-005476-2wd42,06570441-1e52-4f73-8556-b7272216dfac,4,5030.705534
2026/02/05/11:45:21,apply-time,rs-005476-7vm95,4c1798fb-e3da-4855-a92f-fdd505a37916,4,5030.705534
2026/02/05/11:45:21,apply-time,rs-005477-29cbk,1a2ad4e8-bf1e-41ae-9993-d3c6660c0496,1,5030.705534
2026/02/05/11:45:21,running-time,rs-005477-29cbk,1a2ad4e8-bf1e-41ae-9993-d3c6660c0496,1,5030.705534
2026/02/05/11:45:22,apply-time,rs-005477-4kr6c,a621e63c-93b2-4bbc-a1f6-710775ab2fe7,1,5030.705534
2026/02/05/11:45:22,running-time,rs-005477-4kr6c,a621e63c-93b2-4bbc-a1f6-710775ab2fe7,1,5030.705534
2026/02/05/11:45:22,apply-time,rs-005478-qmlvx,d4999e7a-0ed8-4841-a272-76426f8e4ba8,3,5030.705534
2026/02/05/11:45:23,running-time,rs-005476-7vm95,4c1798fb-e3da-4855-a92f-fdd505a37916,4,5032.705534
2026/02/05/11:45:23,running-time,rs-005478-qmlvx,d4999e7a-0ed8-4841-a272-76426f8e4ba8,3,5032.705534
2026/02/05/11:45:24,running-time,rs-005476-2wd42,06570441-1e52-4f73-8556-b7272216dfac,4,5032.705534
2026/02/05/11:45:25,running-time,rs-005442-r52zl,db553aa6-5e48-4e35-870e-51f54f18af73,2,5034.705534
2026/02/05/11:45:25,running-time,rs-005474-vkc9l,e9f53b96-2daa-4260-b22f-d9911734a25d,2,5033.705534
2026/02/05/11:45:25,running-time,rs-005475-5265n,1f78a13f-8d93-489d-a144-1ca120162098,1,5033.705534
2026/02/05/11:45:26,running-time,rs-005474-xf4s8,738d3ab6-41ff-4af6-b5ee-610008128177,2,5034.705534
2026/02/05/11:45:26,apply-time,rs-005479-565nl,24e99c5a-e40e-4665-96a9-5be901a516ae,2,5035.705534
2026/02/05/11:45:26,apply-time,rs-005479-hgpmf,79df4898-81a0-447d-8980-6a2519e19cca,2,5035.705534
2026/02/05/11:45:26,running-time,rs-005479-hgpmf,79df4898-81a0-447d-8980-6a2519e19cca,2,5035.705534
2026/02/05/11:45:26,apply-time,rs-005479-njgx9,f414af14-aabd-48e2-9bb5-4ad15a403f5d,2,5035.705534
2026/02/05/11:45:26,running-time,rs-005479-njgx9,f414af14-aabd-48e2-9bb5-4ad15a403f5d,2,5035.705534
2026/02/05/11:45:26,apply-time,rs-005480-lqbg4,c8c2f1fb-cc43-481d-8900-8212c97b71d5,1,5035.705534
2026/02/05/11:45:26,running-time,rs-005480-lqbg4,c8c2f1fb-cc43-481d-8900-8212c97b71d5,1,5035.705534
2026/02/05/11:45:26,apply-time,rs-005480-nsbdv,ab9adff4-ed21-4b66-8c43-1bf8df184f3e,1,5035.705534
2026/02/05/11:45:26,apply-time,rs-005480-vsn45,48b1a4f0-26db-403a-a8f6-5ae219b4080e,1,5035.705534
2026/02/05/11:45:27,running-time,rs-005480-vsn45,48b1a4f0-26db-403a-a8f6-5ae219b4080e,1,5035.705534
2026/02/05/11:45:28,running-time,rs-005479-565nl,24e99c5a-e40e-4665-96a9-5be901a516ae,2,5036.705534
2026/02/05/11:45:28,running-time,rs-005480-nsbdv,ab9adff4-ed21-4b66-8c43-1bf8df184f3e,1,5036.705534
2026/02/05/11:45:30,apply-time,rs-005481-8cx7g,e2850d57-1ade-43b5-88b2-a07a26966997,2,5039.705534
2026/02/05/11:45:30,apply-time,rs-005481-nnf6w,f899c415-5e2b-4470-b968-27e63bd7904c,2,5039.705534
2026/02/05/11:45:30,apply-time,rs-005481-vrt7s,8ab1f80b-e465-4cec-af6d-a3b46bf6c7f7,2,5039.705534
2026/02/05/11:45:30,apply-time,rs-005482-qcj88,bfe6180f-6749-4d41-84a5-b5504f8cd0a3,3,5039.705534
2026/02/05/11:45:30,apply-time,rs-005483-2c45t,da032e1a-f4ba-493c-a47c-92a73c1710a2,3,5039.705534
2026/02/05/11:45:30,running-time,rs-005483-2c45t,da032e1a-f4ba-493c-a47c-92a73c1710a2,3,5039.705534
2026/02/05/11:45:30,apply-time,rs-005483-cmgpk,81b4a61b-82a8-46a4-b094-af9c5af90422,3,5039.705534
2026/02/05/11:45:30,running-time,rs-005483-cmgpk,81b4a61b-82a8-46a4-b094-af9c5af90422,3,5039.705534
2026/02/05/11:45:30,apply-time,rs-005483-kgnqx,d273f091-08be-4679-b98e-78318377209c,3,5039.705534
2026/02/05/11:45:30,apply-time,rs-005484-675ts,7d6732c9-cdd7-43f2-8d0f-7f8d0ea9b957,4,5039.705534
2026/02/05/11:45:30,apply-time,rs-005484-dfgvr,c35ae500-e535-498f-9be4-0f28cbdd9ac2,4,5039.705534
2026/02/05/11:45:30,apply-time,rs-005484-zl6rb,2ef581dd-069b-4b19-928d-4bb697442770,4,5039.705534
2026/02/05/11:45:30,running-time,rs-005484-zl6rb,2ef581dd-069b-4b19-928d-4bb697442770,4,5039.705534
2026/02/05/11:45:31,running-time,rs-005484-675ts,7d6732c9-cdd7-43f2-8d0f-7f8d0ea9b957,4,5039.705534
2026/02/05/11:45:31,running-time,rs-005484-dfgvr,c35ae500-e535-498f-9be4-0f28cbdd9ac2,4,5039.705534
2026/02/05/11:45:31,apply-time,rs-005485-ft456,c676af08-7da1-4343-bb51-61cc7d9cafb4,1,5039.705534
2026/02/05/11:45:31,apply-time,rs-005485-klvft,f269aa7d-c13b-4f9d-a6a7-33d2ba0d15a8,1,5039.705534
2026/02/05/11:45:31,apply-time,rs-005486-5p2rk,00f2888c-5d63-42d8-832f-49989dc6a461,4,5039.705534
2026/02/05/11:45:31,apply-time,rs-005486-k7dlf,75bc3458-cf0c-4d05-abaa-f27eded54362,4,5039.705534
2026/02/05/11:45:31,apply-time,rs-005487-gszdb,2dba39f6-8a8b-4872-9908-7d7bd19f54c4,4,5039.705534
2026/02/05/11:45:31,running-time,rs-005487-gszdb,2dba39f6-8a8b-4872-9908-7d7bd19f54c4,4,5039.705534
2026/02/05/11:45:31,apply-time,rs-005488-9rx7v,ccb008d5-9153-444a-bfef-17254b998fc5,1,5040.705534
2026/02/05/11:45:31,apply-time,rs-005488-g5cxg,114f4f1b-4430-4d35-a6c8-1d54901b25ee,1,5039.705534
2026/02/05/11:45:31,apply-time,rs-005489-82qxr,32ac71a6-116e-48c2-ae5e-247217682427,4,5040.705534
2026/02/05/11:45:32,apply-time,rs-005490-9chgp,643341c4-6899-40e2-8eb8-a9d4cdfe2c6e,3,5040.705534
2026/02/05/11:45:32,running-time,rs-005490-9chgp,643341c4-6899-40e2-8eb8-a9d4cdfe2c6e,3,5040.705534
2026/02/05/11:45:32,apply-time,rs-005491-9p8z7,c953957c-8268-4d7e-bf1d-5e6f1d2b3fdd,2,5041.705534
2026/02/05/11:45:32,apply-time,rs-005492-qd4qr,2a1c8c15-df4a-4546-94be-e0633b0d60a9,1,5041.705534
2026/02/05/11:45:32,running-time,rs-005492-qd4qr,2a1c8c15-df4a-4546-94be-e0633b0d60a9,1,5041.705534
2026/02/05/11:45:32,apply-time,rs-005493-7lc6n,0ca781da-475a-4206-8927-994ee11cd428,1,5041.705534
2026/02/05/11:45:32,apply-time,rs-005494-lhfjt,2750f1e0-a596-45d0-8ae0-6eb58b2d89c1,3,5041.705534
2026/02/05/11:45:33,running-time,rs-005482-qcj88,bfe6180f-6749-4d41-84a5-b5504f8cd0a3,3,5041.705534
2026/02/05/11:45:33,apply-time,rs-005494-nb2gn,0ead82a7-3924-4871-b024-21a3b7c324b6,3,5041.705534
2026/02/05/11:45:33,apply-time,rs-005495-nw2sg,9f0ef2f5-55c6-4f20-960c-8ba00c080ec2,1,5041.705534
2026/02/05/11:45:33,running-time,rs-005495-nw2sg,9f0ef2f5-55c6-4f20-960c-8ba00c080ec2,1,5042.705534
2026/02/05/11:45:33,apply-time,rs-005496-szs5z,cd15d1b9-acc3-4bbc-ab83-a6d8c0944cc4,3,5041.705534
2026/02/05/11:45:33,apply-time,rs-005497-g86xr,d2ca36dc-47b3-48e6-b2cb-7b858d40d036,2,5041.705534
2026/02/05/11:45:33,running-time,rs-005497-g86xr,d2ca36dc-47b3-48e6-b2cb-7b858d40d036,2,5041.705534
2026/02/05/11:45:33,apply-time,rs-005497-sz7rw,5e4d7a5c-b19c-4769-bcc6-8a660a2b4799,2,5041.705534
2026/02/05/11:45:33,running-time,rs-005497-sz7rw,5e4d7a5c-b19c-4769-bcc6-8a660a2b4799,2,5041.705534
2026/02/05/11:45:33,apply-time,rs-005498-5tqgs,90cc4586-a4bd-45a8-a6eb-12b1c74c97e5,3,5042.705534
2026/02/05/11:45:33,running-time,rs-005498-5tqgs,90cc4586-a4bd-45a8-a6eb-12b1c74c97e5,3,5042.705534
2026/02/05/11:45:33,apply-time,rs-005498-8lsmc,32445145-7dae-4ddc-8550-a59de0af1058,3,5041.705534
2026/02/05/11:45:33,running-time,rs-005498-8lsmc,32445145-7dae-4ddc-8550-a59de0af1058,3,5041.705534
2026/02/05/11:45:34,running-time,rs-005496-szs5z,cd15d1b9-acc3-4bbc-ab83-a6d8c0944cc4,3,5043.705534
2026/02/05/11:45:35,running-time,rs-005442-mz7mh,8bfca95c-96d2-436a-be29-ad5ce169ff40,2,5043.705534
2026/02/05/11:45:36,running-time,rs-005474-q48m2,11f40f69-fa40-46f7-9b2a-cb3ccfc33b36,2,5044.705534
2026/02/05/11:45:36,apply-time,rs-005499-2rr48,bb1196bb-9b9c-4c9e-8203-a7017775fdba,2,5045.705534
2026/02/05/11:45:36,apply-time,rs-005501-vh9nt,1a8b1bbf-6d0f-432f-863a-f17125ff9921,2,5045.705534
2026/02/05/11:45:37,running-time,rs-005499-2rr48,bb1196bb-9b9c-4c9e-8203-a7017775fdba,2,5045.705534
2026/02/05/11:45:37,apply-time,rs-005499-dnpv6,7a4bc0ee-de02-4ca3-ad86-7483237cb808,2,5045.705534
2026/02/05/11:45:37,running-time,rs-005499-dnpv6,7a4bc0ee-de02-4ca3-ad86-7483237cb808,2,5045.705534
2026/02/05/11:45:37,apply-time,rs-005500-ll79x,2c6043d2-474a-4ca4-a41d-f051708baf50,4,5045.705534
2026/02/05/11:45:37,apply-time,rs-005500-tdn69,cb3fc41f-14ef-466b-9be5-e82d15b49d2a,4,5045.705534
2026/02/05/11:45:37,apply-time,rs-005500-wvghh,4914cad6-1e74-4ea5-8129-650664e82834,4,5045.705534
2026/02/05/11:45:37,apply-time,rs-005501-tknvk,5bbae3b1-d84b-4a03-9147-4212c124e8c5,2,5045.705534
2026/02/05/11:45:37,apply-time,rs-005502-2xp5p,064681b0-49d4-4e27-ad10-d6e44de8a341,1,5045.705534
2026/02/05/11:45:37,apply-time,rs-005502-w8fj7,ce84d9d8-8896-4fe1-a8a4-c0bcd9354e84,1,5045.705534
2026/02/05/11:45:37,apply-time,rs-005503-x4r74,e88c5a54-b925-48b1-a9ec-3488a781b36a,4,5045.705534
2026/02/05/11:45:37,running-time,rs-005503-x4r74,e88c5a54-b925-48b1-a9ec-3488a781b36a,4,5045.705534
2026/02/05/11:45:37,apply-time,rs-005504-jg29b,0d747433-fbba-479e-9bbc-3cf288f5e0c7,1,5046.705534
2026/02/05/11:45:37,apply-time,rs-005504-xrtjv,9188e3fe-43af-43f4-bbad-59ae66a926ae,1,5045.705534
2026/02/05/11:45:37,apply-time,rs-005505-pxhjl,b2eae86a-1de0-4f5d-8f6d-bef14c867853,3,5045.705534
2026/02/05/11:45:37,apply-time,rs-005506-v68s8,eddd232e-6e02-4b57-8eaf-15752a28bfd3,2,5045.705534
2026/02/05/11:45:37,apply-time,rs-005507-9rhz5,3eff3639-fd56-4d2a-a68e-f84457144c3c,1,5045.705534
2026/02/05/11:45:37,apply-time,rs-005508-4ln8l,afeabfd5-ece7-4f3b-b955-327468000608,1,5045.705534
2026/02/05/11:45:37,apply-time,rs-005508-qkr9p,c247f43a-7d2d-42d2-820b-5c841e9fc504,1,5046.705534
2026/02/05/11:45:38,running-time,rs-005504-xrtjv,9188e3fe-43af-43f4-bbad-59ae66a926ae,1,5046.705534
2026/02/05/11:45:38,running-time,rs-005508-4ln8l,afeabfd5-ece7-4f3b-b955-327468000608,1,5046.705534
2026/02/05/11:45:38,running-time,rs-005508-qkr9p,c247f43a-7d2d-42d2-820b-5c841e9fc504,1,5046.705534
2026/02/05/11:45:39,running-time,rs-005500-ll79x,2c6043d2-474a-4ca4-a41d-f051708baf50,4,5048.705534
2026/02/05/11:45:39,running-time,rs-005500-wvghh,4914cad6-1e74-4ea5-8129-650664e82834,4,5048.705534
2026/02/05/11:45:39,apply-time,rs-005509-6tqxr,e21d770d-132f-48e7-85ae-6dc9a0610953,1,5047.705534
2026/02/05/11:45:39,running-time,rs-005509-6tqxr,e21d770d-132f-48e7-85ae-6dc9a0610953,1,5047.705534
2026/02/05/11:45:39,apply-time,rs-005509-82rz8,405db255-9547-4d55-a607-1263da566e48,1,5047.705534
2026/02/05/11:45:39,running-time,rs-005509-82rz8,405db255-9547-4d55-a607-1263da566e48,1,5047.705534
2026/02/05/11:45:39,apply-time,rs-005510-h7d67,837ec0cd-91ac-4458-b5aa-0ea58edf009c,3,5047.705534
2026/02/05/11:45:39,running-time,rs-005510-h7d67,837ec0cd-91ac-4458-b5aa-0ea58edf009c,3,5047.705534
2026/02/05/11:45:39,apply-time,rs-005510-n899p,98199d9e-299e-4b86-8b91-b2228ad942a8,3,5047.705534
2026/02/05/11:45:39,running-time,rs-005510-n899p,98199d9e-299e-4b86-8b91-b2228ad942a8,3,5047.705534
2026/02/05/11:45:40,running-time,rs-005493-7lc6n,0ca781da-475a-4206-8927-994ee11cd428,1,5048.705534
2026/02/05/11:45:40,running-time,rs-005504-jg29b,0d747433-fbba-479e-9bbc-3cf288f5e0c7,1,5048.705534
2026/02/05/11:45:47,running-time,rs-005501-vh9nt,1a8b1bbf-6d0f-432f-863a-f17125ff9921,2,5055.705534
2026/02/05/11:45:51,running-time,rs-005501-tknvk,5bbae3b1-d84b-4a03-9147-4212c124e8c5,2,5060.705534
2026/02/05/11:45:53,apply-time,rs-005511-8ptdc,d65d1642-2abd-4708-92fe-526690ae38f8,2,5061.705534
2026/02/05/11:45:53,running-time,rs-005511-8ptdc,d65d1642-2abd-4708-92fe-526690ae38f8,2,5061.705534
2026/02/05/11:45:53,apply-time,rs-005512-n2bjl,3fa945f0-d1ef-4173-a3c1-e12ab921ba21,1,5061.705534
2026/02/05/11:45:53,running-time,rs-005512-n2bjl,3fa945f0-d1ef-4173-a3c1-e12ab921ba21,1,5061.705534
2026/02/05/11:45:53,apply-time,rs-005512-zxkgd,a7e5a923-3ef5-49ac-be39-f44bf099b87d,1,5061.705534
2026/02/05/11:45:53,running-time,rs-005512-zxkgd,a7e5a923-3ef5-49ac-be39-f44bf099b87d,1,5061.705534
2026/02/05/11:45:53,apply-time,rs-005513-smrs5,e6966fce-e9df-4dab-97ec-7cc7d6d3ceee,3,5061.705534
2026/02/05/11:45:53,apply-time,rs-005514-lrkf2,3a05096e-4fe2-4b09-bb58-6e9c1948ccd3,3,5061.705534
2026/02/05/11:45:53,running-time,rs-005514-lrkf2,3a05096e-4fe2-4b09-bb58-6e9c1948ccd3,3,5061.705534
2026/02/05/11:45:53,apply-time,rs-005515-92kdz,b7563753-b080-470e-b7b9-4c202229468d,1,5061.705534
2026/02/05/11:45:53,running-time,rs-005515-92kdz,b7563753-b080-470e-b7b9-4c202229468d,1,5061.705534
2026/02/05/11:45:53,apply-time,rs-005515-zcr9s,dcb2ca7c-3316-468e-bd5d-1df300603367,1,5061.705534
2026/02/05/11:45:53,running-time,rs-005515-zcr9s,dcb2ca7c-3316-468e-bd5d-1df300603367,1,5061.705534
2026/02/05/11:45:55,apply-time,rs-005516-jstws,9023da64-9e6c-4a93-9175-e69975c99356,2,5063.705534
2026/02/05/11:45:55,running-time,rs-005516-jstws,9023da64-9e6c-4a93-9175-e69975c99356,2,5063.705534
2026/02/05/11:45:55,apply-time,rs-005516-rz2pr,7014765e-4353-4f5e-9c3c-88df86ba50c7,2,5063.705534
2026/02/05/11:45:55,running-time,rs-005516-rz2pr,7014765e-4353-4f5e-9c3c-88df86ba50c7,2,5063.705534
2026/02/05/11:45:55,apply-time,rs-005517-bkbj7,75af2e28-b522-4f91-ba14-deba1eaebccc,1,5063.705534
2026/02/05/11:45:55,apply-time,rs-005517-cjlxv,35b41f54-887e-48e3-982c-4981bb70960a,1,5063.705534
2026/02/05/11:45:55,apply-time,rs-005517-sdp48,da3b6fb4-02a9-4ae3-a521-de7ec1055c69,1,5063.705534
2026/02/05/11:45:55,apply-time,rs-005518-crb6n,70ed55cc-0552-4f7a-a755-76b2e38a20b4,1,5063.705534
2026/02/05/11:45:55,running-time,rs-005518-crb6n,70ed55cc-0552-4f7a-a755-76b2e38a20b4,1,5063.705534
2026/02/05/11:45:55,apply-time,rs-005518-xd7h6,c2c9dc3e-85ec-4df2-8e05-2c65e93d68f0,1,5063.705534
2026/02/05/11:45:55,running-time,rs-005518-xd7h6,c2c9dc3e-85ec-4df2-8e05-2c65e93d68f0,1,5063.705534
2026/02/05/11:45:55,apply-time,rs-005519-24cb2,cb2313fd-0902-476f-b709-743bcd1281ab,2,5063.705534
2026/02/05/11:45:55,apply-time,rs-005519-8hwcp,fb328bea-be70-41dc-87d4-9518f764e32a,2,5063.705534
2026/02/05/11:45:55,running-time,rs-005519-8hwcp,fb328bea-be70-41dc-87d4-9518f764e32a,2,5064.705534
2026/02/05/11:45:55,apply-time,rs-005519-jljmk,31cea6ca-182f-481d-b58d-69f30f1bdbeb,2,5063.705534
2026/02/05/11:45:55,running-time,rs-005519-jljmk,31cea6ca-182f-481d-b58d-69f30f1bdbeb,2,5064.705534
2026/02/05/11:45:57,running-time,rs-005519-24cb2,cb2313fd-0902-476f-b709-743bcd1281ab,2,5066.705534
2026/02/05/11:45:58,running-time,rs-005517-bkbj7,75af2e28-b522-4f91-ba14-deba1eaebccc,1,5066.705534
2026/02/05/11:45:58,running-time,rs-005517-cjlxv,35b41f54-887e-48e3-982c-4981bb70960a,1,5066.705534
2026/02/05/11:45:59,apply-time,rs-005520-2pxcj,b385bf10-6779-438c-9dac-c702d47db632,1,5068.705534
2026/02/05/11:45:59,running-time,rs-005520-2pxcj,b385bf10-6779-438c-9dac-c702d47db632,1,5068.705534
2026/02/05/11:45:59,apply-time,rs-005520-qv2cd,deefc638-a4ae-4470-98de-04f2a8575ad8,1,5068.705534
2026/02/05/11:45:59,running-time,rs-005520-qv2cd,deefc638-a4ae-4470-98de-04f2a8575ad8,1,5068.705534
2026/02/05/11:45:59,apply-time,rs-005521-p5rhz,b2edfe74-dc45-4b2d-8852-baff42497ba8,4,5068.705534
2026/02/05/11:45:59,apply-time,rs-005522-ms5x8,18433406-c9dc-4b6d-9a5f-d86ed79581ad,3,5068.705534
2026/02/05/11:45:59,running-time,rs-005522-ms5x8,18433406-c9dc-4b6d-9a5f-d86ed79581ad,3,5068.705534
2026/02/05/11:45:59,apply-time,rs-005522-wv8jk,ad198e61-5840-48bf-9ba3-ef40e017d5ca,3,5068.705534
2026/02/05/11:45:59,running-time,rs-005522-wv8jk,ad198e61-5840-48bf-9ba3-ef40e017d5ca,3,5068.705534
2026/02/05/11:45:59,apply-time,rs-005522-z8cw4,aebe8ae5-18a0-45f6-aac8-ff30c0e9da00,3,5068.705534
2026/02/05/11:45:59,running-time,rs-005522-z8cw4,aebe8ae5-18a0-45f6-aac8-ff30c0e9da00,3,5068.705534
2026/02/05/11:46:03,apply-time,rs-005523-htlrn,87ccd05c-2171-4bdc-970d-8d6e9b0512c0,3,5071.705534
2026/02/05/11:46:03,apply-time,rs-005523-vkdhf,63bad02d-97ae-4e22-91c5-76b66dc27381,3,5071.705534
2026/02/05/11:46:03,running-time,rs-005523-vkdhf,63bad02d-97ae-4e22-91c5-76b66dc27381,3,5071.705534
2026/02/05/11:46:03,apply-time,rs-005524-hr8gt,aa01fbe6-b4ba-4da9-b8a6-e4b8e1eb7ad5,3,5071.705534
2026/02/05/11:46:03,apply-time,rs-005524-l4j4l,82e0bf0e-feed-4008-a9f7-7c61a23345bf,3,5071.705534
2026/02/05/11:46:03,apply-time,rs-005525-5bvd5,5133be43-a8a2-4423-a505-b28d4cda44c5,2,5071.705534
2026/02/05/11:46:03,apply-time,rs-005526-5p5dd,98fac3ea-115f-48f7-b262-e1785e21fced,1,5071.705534
2026/02/05/11:46:03,running-time,rs-005526-5p5dd,98fac3ea-115f-48f7-b262-e1785e21fced,1,5071.705534
2026/02/05/11:46:03,apply-time,rs-005527-j7bj5,135c3df6-82b2-42cd-b4d4-dfec4df7e23c,3,5071.705534
2026/02/05/11:46:03,running-time,rs-005527-j7bj5,135c3df6-82b2-42cd-b4d4-dfec4df7e23c,3,5071.705534
2026/02/05/11:46:03,apply-time,rs-005527-pk2sn,0f0dbf9f-0589-487d-8e42-ab4295c88035,3,5071.705534
2026/02/05/11:46:03,running-time,rs-005527-pk2sn,0f0dbf9f-0589-487d-8e42-ab4295c88035,3,5071.705534
2026/02/05/11:46:03,apply-time,rs-005528-fl7c6,f833ead0-18e3-4ee5-aef2-af848e068d8d,1,5072.705534
2026/02/05/11:46:03,apply-time,rs-005529-pcp98,d5368d2c-5158-49d7-a314-8de1dc1ebf4e,2,5071.705534
2026/02/05/11:46:03,running-time,rs-005529-pcp98,d5368d2c-5158-49d7-a314-8de1dc1ebf4e,2,5071.705534
2026/02/05/11:46:03,apply-time,rs-005529-rfxrf,63b7a49b-48c1-4dc1-b5c2-33d619662517,2,5072.705534
2026/02/05/11:46:03,apply-time,rs-005530-6szbh,66115931-c16f-4398-a622-f7c1ce5c7959,1,5072.705534
2026/02/05/11:46:03,running-time,rs-005530-6szbh,66115931-c16f-4398-a622-f7c1ce5c7959,1,5072.705534
2026/02/05/11:46:03,apply-time,rs-005530-dbh8w,6cc7d94c-f490-4a68-a9ae-966950d277f7,1,5072.705534
2026/02/05/11:46:03,running-time,rs-005530-dbh8w,6cc7d94c-f490-4a68-a9ae-966950d277f7,1,5072.705534
2026/02/05/11:46:04,apply-time,rs-005531-bqtfz,455121da-400a-458b-8f24-781810e50a20,2,5073.705534
2026/02/05/11:46:04,apply-time,rs-005531-rbzbg,a54c16ab-8a36-4c75-832a-35d0242d0745,2,5073.705534
2026/02/05/11:46:05,running-time,rs-005524-hr8gt,aa01fbe6-b4ba-4da9-b8a6-e4b8e1eb7ad5,3,5073.705534
2026/02/05/11:46:05,apply-time,rs-005532-97dfv,32598bbb-b4d9-401f-9baf-fb3cb46cc8ad,1,5074.705534
2026/02/05/11:46:05,running-time,rs-005532-97dfv,32598bbb-b4d9-401f-9baf-fb3cb46cc8ad,1,5074.705534
2026/02/05/11:46:05,apply-time,rs-005532-sb6vn,9e6b2f3f-92fc-4652-a933-cdab60915257,1,5073.705534
2026/02/05/11:46:05,running-time,rs-005532-sb6vn,9e6b2f3f-92fc-4652-a933-cdab60915257,1,5074.705534
2026/02/05/11:46:05,apply-time,rs-005533-sdmwn,217e0593-ddd7-410e-be3b-439651d8f8fe,2,5073.705534
2026/02/05/11:46:10,running-time,rs-005524-l4j4l,82e0bf0e-feed-4008-a9f7-7c61a23345bf,3,5078.705534
2026/02/05/11:46:11,running-time,rs-005523-htlrn,87ccd05c-2171-4bdc-970d-8d6e9b0512c0,3,5080.705534
2026/02/05/11:46:13,running-time,rs-005525-5bvd5,5133be43-a8a2-4423-a505-b28d4cda44c5,2,5081.705534
2026/02/05/11:46:14,running-time,rs-005517-sdp48,da3b6fb4-02a9-4ae3-a521-de7ec1055c69,1,5082.705534
2026/02/05/11:46:19,apply-time,rs-005534-s6rsh,71d52fec-d762-479b-8442-09df44e765d3,3,5088.705534
2026/02/05/11:46:19,running-time,rs-005534-s6rsh,71d52fec-d762-479b-8442-09df44e765d3,3,5088.705534
2026/02/05/11:46:19,apply-time,rs-005535-wngq7,121ce3ff-8754-45f5-b5a4-f5cd3854f973,3,5088.705534
2026/02/05/11:46:19,running-time,rs-005535-wngq7,121ce3ff-8754-45f5-b5a4-f5cd3854f973,3,5088.705534
2026/02/05/11:46:19,apply-time,rs-005535-z5srm,68443582-8835-4cbf-8b45-7a97137ceab4,3,5088.705534
2026/02/05/11:46:19,running-time,rs-005535-z5srm,68443582-8835-4cbf-8b45-7a97137ceab4,3,5088.705534
2026/02/05/11:46:22,apply-time,rs-005536-2wnzc,dfcc19a1-43a8-4371-8ef9-c68ee3e0021c,3,5091.705534
2026/02/05/11:46:22,running-time,rs-005536-2wnzc,dfcc19a1-43a8-4371-8ef9-c68ee3e0021c,3,5091.705534
2026/02/05/11:46:24,apply-time,rs-005537-4s96z,319471df-0d42-4e49-901c-b6d479f62922,3,5092.705534
2026/02/05/11:46:24,running-time,rs-005537-4s96z,319471df-0d42-4e49-901c-b6d479f62922,3,5092.705534
2026/02/05/11:46:24,apply-time,rs-005537-qcrqr,7aa40212-7c08-4e04-bf0b-656d262a2433,3,5092.705534
2026/02/05/11:46:24,running-time,rs-005537-qcrqr,7aa40212-7c08-4e04-bf0b-656d262a2433,3,5092.705534
2026/02/05/11:46:24,apply-time,rs-005538-8v65q,5600175c-7273-41df-8725-c1a86a3db49d,2,5092.705534
2026/02/05/11:46:24,apply-time,rs-005538-sdwgk,ccb5700a-1c88-434f-8f4f-455623b85ae3,2,5092.705534
2026/02/05/11:46:24,apply-time,rs-005539-8txx4,c424453c-7c70-4622-832a-3cbb7e3dfc9b,3,5092.705534
2026/02/05/11:46:24,running-time,rs-005539-8txx4,c424453c-7c70-4622-832a-3cbb7e3dfc9b,3,5092.705534
2026/02/05/11:46:24,apply-time,rs-005539-bsbwp,202d0328-1195-4066-ab7e-518a598b044d,3,5092.705534
2026/02/05/11:46:24,running-time,rs-005539-bsbwp,202d0328-1195-4066-ab7e-518a598b044d,3,5092.705534
2026/02/05/11:46:24,apply-time,rs-005539-hjtgx,3daac475-a040-453e-b77b-f3a9488b57eb,3,5092.705534
2026/02/05/11:46:24,running-time,rs-005539-hjtgx,3daac475-a040-453e-b77b-f3a9488b57eb,3,5092.705534
2026/02/05/11:46:24,apply-time,rs-005540-75nvs,24a9a356-9898-49f2-a1ad-c605740ee8ce,4,5092.705534
2026/02/05/11:46:24,running-time,rs-005540-75nvs,24a9a356-9898-49f2-a1ad-c605740ee8ce,4,5092.705534
2026/02/05/11:46:24,apply-time,rs-005540-gxvt4,9180f7cd-2d1d-46e0-a885-1012add40592,4,5092.705534
2026/02/05/11:46:24,running-time,rs-005540-gxvt4,9180f7cd-2d1d-46e0-a885-1012add40592,4,5092.705534
2026/02/05/11:46:24,apply-time,rs-005541-f6n2d,b3d58704-98d9-4d2e-853e-b3aba129681c,4,5092.705534
2026/02/05/11:46:24,running-time,rs-005541-f6n2d,b3d58704-98d9-4d2e-853e-b3aba129681c,4,5092.705534
2026/02/05/11:46:27,apply-time,rs-005542-9qrnp,b98932e3-3ffb-49c5-a567-92f56f7ccc46,3,5095.705534
2026/02/05/11:46:27,apply-time,rs-005542-bvpg4,bb0f4d21-138e-4256-81db-8c9468acf750,3,5095.705534
2026/02/05/11:46:27,apply-time,rs-005542-dlf4l,4ca86284-024e-4783-aae4-f2e88e04b238,3,5095.705534
2026/02/05/11:46:27,apply-time,rs-005543-q5hp7,8fbd1340-577c-4279-a62e-09ede41e8728,3,5095.705534
2026/02/05/11:46:27,running-time,rs-005543-q5hp7,8fbd1340-577c-4279-a62e-09ede41e8728,3,5095.705534
2026/02/05/11:46:27,apply-time,rs-005544-d5l2k,450d13f9-e00b-4419-8f4b-b5eb46cc7d3b,4,5095.705534
2026/02/05/11:46:27,apply-time,rs-005545-2kw7k,d96a5cad-07a5-4d67-9b7a-29dc29dba08f,2,5095.705534
2026/02/05/11:46:27,running-time,rs-005545-2kw7k,d96a5cad-07a5-4d67-9b7a-29dc29dba08f,2,5095.705534
2026/02/05/11:46:27,apply-time,rs-005545-mqr2c,d4b99147-2b7a-40b0-bb90-de7d334c5b34,2,5095.705534
2026/02/05/11:46:27,running-time,rs-005545-mqr2c,d4b99147-2b7a-40b0-bb90-de7d334c5b34,2,5095.705534
2026/02/05/11:46:41,apply-time,rs-005546-f2478,943c2fa7-2dce-471c-98a6-06b5b69eabe4,3,5109.705534
2026/02/05/11:46:41,running-time,rs-005546-f2478,943c2fa7-2dce-471c-98a6-06b5b69eabe4,3,5109.705534
2026/02/05/11:46:41,apply-time,rs-005546-k5pcm,babcadd4-06e1-4ab6-857d-13f06f2bb784,3,5109.705534
2026/02/05/11:46:41,running-time,rs-005546-k5pcm,babcadd4-06e1-4ab6-857d-13f06f2bb784,3,5109.705534
2026/02/05/11:46:41,apply-time,rs-005546-pcrm2,7e8b7fdc-3ece-4244-a02c-246a600cd62a,3,5109.705534
2026/02/05/11:46:44,apply-time,rs-005547-r46sq,31761274-3b4c-4bff-b433-29da7986bb8d,1,5112.705534
2026/02/05/11:46:44,apply-time,rs-005547-r4wkv,e3e658d5-825b-4b0f-ad23-2c5916561ab0,1,5112.705534
2026/02/05/11:46:44,apply-time,rs-005547-zr295,b8f6a602-6d9b-484f-9ce5-fe7fd2f44b51,1,5112.705534
2026/02/05/11:46:48,running-time,rs-005546-pcrm2,7e8b7fdc-3ece-4244-a02c-246a600cd62a,3,5116.705534
2026/02/05/11:46:51,apply-time,rs-005548-c4cp7,6e04ebbe-5fb2-4364-9ec4-570826bd8175,3,5120.705534
2026/02/05/11:46:51,apply-time,rs-005549-8d5zh,04cfa675-842f-42d9-92db-260094ab3a19,3,5120.705534
2026/02/05/11:46:51,running-time,rs-005549-8d5zh,04cfa675-842f-42d9-92db-260094ab3a19,3,5120.705534
2026/02/05/11:46:51,apply-time,rs-005550-2c9kt,fafd5b98-e362-4310-9f3f-f509e7e3d675,1,5120.705534
2026/02/05/11:46:51,running-time,rs-005550-2c9kt,fafd5b98-e362-4310-9f3f-f509e7e3d675,1,5120.705534
2026/02/05/11:46:51,apply-time,rs-005550-96nps,e84bd93c-26bb-4ea8-8b22-b424bbf7353f,1,5120.705534
2026/02/05/11:46:51,running-time,rs-005550-96nps,e84bd93c-26bb-4ea8-8b22-b424bbf7353f,1,5120.705534
2026/02/05/11:46:51,apply-time,rs-005551-bz624,d221af91-caad-4166-8ab0-97601bdae60b,1,5120.705534
2026/02/05/11:46:51,running-time,rs-005551-bz624,d221af91-caad-4166-8ab0-97601bdae60b,1,5120.705534
2026/02/05/11:46:51,apply-time,rs-005552-8sxqp,c5ce49f9-8992-4cc9-bf3a-91a8b350ca28,2,5120.705534
2026/02/05/11:46:51,running-time,rs-005552-8sxqp,c5ce49f9-8992-4cc9-bf3a-91a8b350ca28,2,5120.705534
2026/02/05/11:46:51,apply-time,rs-005552-dhnhz,73a409c1-9cab-4184-a9ee-b2b8e5efc978,2,5120.705534
2026/02/05/11:46:51,running-time,rs-005552-dhnhz,73a409c1-9cab-4184-a9ee-b2b8e5efc978,2,5120.705534
2026/02/05/11:46:51,apply-time,rs-005552-rb946,85b887eb-5b08-47fe-88e6-ca45606dbedb,2,5120.705534
2026/02/05/11:46:51,running-time,rs-005552-rb946,85b887eb-5b08-47fe-88e6-ca45606dbedb,2,5120.705534
2026/02/05/11:46:54,apply-time,rs-005553-lk6kp,e5fce081-261c-4ba6-922a-a4797a48592b,1,5123.705534
2026/02/05/11:46:54,running-time,rs-005553-lk6kp,e5fce081-261c-4ba6-922a-a4797a48592b,1,5123.705534
2026/02/05/11:46:54,apply-time,rs-005553-xpd2f,c4044ac0-f23a-4fcf-bba4-3ebab64cca0f,1,5123.705534
2026/02/05/11:46:54,running-time,rs-005553-xpd2f,c4044ac0-f23a-4fcf-bba4-3ebab64cca0f,1,5123.705534
2026/02/05/11:46:54,apply-time,rs-005553-zrngr,ca80a23d-cd9f-4b3b-b4eb-8d96cddefac3,1,5123.705534
2026/02/05/11:46:54,running-time,rs-005553-zrngr,ca80a23d-cd9f-4b3b-b4eb-8d96cddefac3,1,5123.705534
2026/02/05/11:46:54,apply-time,rs-005554-4q2wb,13c86d2b-22e4-47c9-888a-748fb4e7de8b,4,5123.705534
2026/02/05/11:46:54,running-time,rs-005554-4q2wb,13c86d2b-22e4-47c9-888a-748fb4e7de8b,4,5123.705534
2026/02/05/11:46:54,apply-time,rs-005554-jbpdc,9d6bfd87-a466-418d-8a19-ab64f20fad72,4,5123.705534
2026/02/05/11:46:54,running-time,rs-005554-jbpdc,9d6bfd87-a466-418d-8a19-ab64f20fad72,4,5123.705534
2026/02/05/11:46:54,apply-time,rs-005554-t5zb6,8dc78394-edb9-4ea4-95ea-253bf3f6f7fa,4,5123.705534
2026/02/05/11:46:54,running-time,rs-005554-t5zb6,8dc78394-edb9-4ea4-95ea-253bf3f6f7fa,4,5123.705534
2026/02/05/11:46:54,apply-time,rs-005555-2fgwq,1f9be818-696b-46c0-b2bf-85d8844d8cd6,3,5123.705534
2026/02/05/11:46:54,apply-time,rs-005556-8drmm,7a5e5320-26f8-42b5-8e78-4706c61f2465,1,5123.705534
2026/02/05/11:46:54,apply-time,rs-005556-fbq57,9cc7133d-0f37-4dd8-9bc2-c2fac48ab2bc,1,5123.705534
2026/02/05/11:46:54,apply-time,rs-005557-dqz8w,f6e3ad72-6ae6-4bc2-8287-db736f1758a0,2,5123.705534
2026/02/05/11:46:54,apply-time,rs-005557-s9lrb,037512db-0ee3-4b2f-b7f3-d0f5c1f63437,2,5123.705534
2026/02/05/11:46:54,apply-time,rs-005558-cvqv5,87114c5b-4791-46e7-96f4-9eb75e8985d4,1,5123.705534
2026/02/05/11:46:54,running-time,rs-005558-cvqv5,87114c5b-4791-46e7-96f4-9eb75e8985d4,1,5123.705534
2026/02/05/11:46:54,apply-time,rs-005558-sh9cz,4355414c-bde6-428a-8bae-5a56a3294f73,1,5123.705534
2026/02/05/11:46:54,running-time,rs-005558-sh9cz,4355414c-bde6-428a-8bae-5a56a3294f73,1,5123.705534
2026/02/05/11:46:55,running-time,rs-005556-8drmm,7a5e5320-26f8-42b5-8e78-4706c61f2465,1,5123.705534
2026/02/05/11:46:55,running-time,rs-005556-fbq57,9cc7133d-0f37-4dd8-9bc2-c2fac48ab2bc,1,5123.705534
2026/02/05/11:46:55,apply-time,rs-005559-rqzjx,c53d946e-94a6-4df4-8bb6-17bd4b1d6ca2,1,5123.705534
2026/02/05/11:46:55,apply-time,rs-005560-8g8jd,82513477-ca7c-42d3-985d-ff26f6925221,4,5123.705534
2026/02/05/11:46:55,running-time,rs-005560-8g8jd,82513477-ca7c-42d3-985d-ff26f6925221,4,5123.705534
2026/02/05/11:46:55,apply-time,rs-005560-pvmn7,b8854016-e335-4097-9082-b335b623265a,4,5124.705534
2026/02/05/11:46:55,apply-time,rs-005561-fggp5,e2109ac6-79c5-405c-b5d6-1554644ae799,4,5124.705534
2026/02/05/11:46:55,apply-time,rs-005561-tbgc7,4b33db72-04f0-46bb-83fb-4b67378ce840,4,5124.705534
2026/02/05/11:46:56,running-time,rs-005560-pvmn7,b8854016-e335-4097-9082-b335b623265a,4,5125.705534
2026/02/05/11:46:56,apply-time,rs-005561-dvxzn,da54674c-6939-4c2f-8878-13eef3ff12df,4,5124.705534
2026/02/05/11:46:58,running-time,rs-005559-rqzjx,c53d946e-94a6-4df4-8bb6-17bd4b1d6ca2,1,5126.705534
2026/02/05/11:47:09,apply-time,rs-005562-9xgzs,5629ba72-e8dd-485e-a726-83b791830a6a,3,5137.705534
2026/02/05/11:47:09,running-time,rs-005562-9xgzs,5629ba72-e8dd-485e-a726-83b791830a6a,3,5137.705534
2026/02/05/11:47:09,apply-time,rs-005563-mpfx6,27ac5d70-3f1e-44ba-871e-9d04fbd0c24c,1,5137.705534
2026/02/05/11:47:09,running-time,rs-005563-mpfx6,27ac5d70-3f1e-44ba-871e-9d04fbd0c24c,1,5137.705534
2026/02/05/11:47:09,apply-time,rs-005564-cfnms,62109535-679a-4492-ba4d-caf08938248d,1,5137.705534
2026/02/05/11:47:09,running-time,rs-005564-cfnms,62109535-679a-4492-ba4d-caf08938248d,1,5137.705534
2026/02/05/11:47:09,apply-time,rs-005564-j58j5,8f1c30e9-11a7-480f-988c-cd3920e605c1,1,5137.705534
2026/02/05/11:47:09,running-time,rs-005564-j58j5,8f1c30e9-11a7-480f-988c-cd3920e605c1,1,5137.705534
2026/02/05/11:47:09,apply-time,rs-005564-qxphp,2014b565-2f96-4ac1-9638-a16ed9b7bbb4,1,5137.705534
2026/02/05/11:47:09,running-time,rs-005564-qxphp,2014b565-2f96-4ac1-9638-a16ed9b7bbb4,1,5137.705534
2026/02/05/11:47:09,apply-time,rs-005565-gjg8s,b33a5c31-bc62-4618-b16e-0045276b2074,2,5137.705534
2026/02/05/11:47:09,running-time,rs-005565-gjg8s,b33a5c31-bc62-4618-b16e-0045276b2074,2,5137.705534
2026/02/05/11:47:09,apply-time,rs-005565-s5g6k,a888b7a4-58e0-43ab-b687-1d5704ae3ae4,2,5137.705534
2026/02/05/11:47:09,apply-time,rs-005566-88jkg,26e0bab9-4151-494c-9dfa-949d01e2a98f,1,5137.705534
2026/02/05/11:47:09,apply-time,rs-005566-8hqls,9544382c-9d2b-4618-9676-5b4521554abb,1,5137.705534
2026/02/05/11:47:09,apply-time,rs-005566-cp724,aa3b12cf-1e9f-4fec-b5c3-fbe493386964,1,5137.705534
2026/02/05/11:47:09,apply-time,rs-005567-2gnc4,352746ad-f211-4405-8bad-abd1599a9593,3,5138.705534
2026/02/05/11:47:09,running-time,rs-005567-2gnc4,352746ad-f211-4405-8bad-abd1599a9593,3,5138.705534
2026/02/05/11:47:09,apply-time,rs-005568-bsp7s,0094d035-7c79-4c6f-b356-f62db5656cc9,2,5138.705534
2026/02/05/11:47:09,running-time,rs-005568-bsp7s,0094d035-7c79-4c6f-b356-f62db5656cc9,2,5138.705534
2026/02/05/11:47:09,apply-time,rs-005569-722l7,bf453834-c65a-4e3a-b571-8324f6b9a7b3,2,5138.705534
2026/02/05/11:47:09,running-time,rs-005569-722l7,bf453834-c65a-4e3a-b571-8324f6b9a7b3,2,5138.705534
2026/02/05/11:47:09,apply-time,rs-005570-92st9,a3c316dc-1609-4ff8-b444-6599ab2c8f68,3,5138.705534
2026/02/05/11:47:09,running-time,rs-005570-92st9,a3c316dc-1609-4ff8-b444-6599ab2c8f68,3,5138.705534
2026/02/05/11:47:10,apply-time,rs-005567-lgc5t,65e5696c-edf9-4a7c-9b4e-c04a35f00299,3,5138.705534
2026/02/05/11:47:10,apply-time,rs-005567-pxcq8,c6a00ae6-9183-4970-b7fe-702c9d3525aa,3,5138.705534
2026/02/05/11:47:10,running-time,rs-005567-pxcq8,c6a00ae6-9183-4970-b7fe-702c9d3525aa,3,5138.705534
2026/02/05/11:47:10,apply-time,rs-005568-gzlgr,b34fec89-a5b0-4369-aaf8-01090084600c,2,5138.705534
2026/02/05/11:47:10,running-time,rs-005568-gzlgr,b34fec89-a5b0-4369-aaf8-01090084600c,2,5138.705534
2026/02/05/11:47:10,apply-time,rs-005570-6mmv5,b88fc62b-0472-4f86-babd-4eafe9b0520d,3,5138.705534
2026/02/05/11:47:10,apply-time,rs-005570-vqq5v,10e1d8ef-0646-4682-95c8-2afe999b3489,3,5138.705534
2026/02/05/11:47:10,apply-time,rs-005571-rdl8w,ceeb8a29-d582-44eb-8c83-0ad5c885031a,1,5139.705534
2026/02/05/11:47:10,running-time,rs-005571-rdl8w,ceeb8a29-d582-44eb-8c83-0ad5c885031a,1,5139.705534
2026/02/05/11:47:10,apply-time,rs-005571-v7z9g,567ceedc-3efe-4f85-a536-e0927f41877f,1,5139.705534
2026/02/05/11:47:10,running-time,rs-005571-v7z9g,567ceedc-3efe-4f85-a536-e0927f41877f,1,5139.705534
2026/02/05/11:47:13,running-time,rs-005566-cp724,aa3b12cf-1e9f-4fec-b5c3-fbe493386964,1,5141.705534
2026/02/05/11:47:15,running-time,rs-005567-lgc5t,65e5696c-edf9-4a7c-9b4e-c04a35f00299,3,5143.705534
2026/02/05/11:47:15,running-time,rs-005570-6mmv5,b88fc62b-0472-4f86-babd-4eafe9b0520d,3,5144.705534
2026/02/05/11:47:15,running-time,rs-005570-vqq5v,10e1d8ef-0646-4682-95c8-2afe999b3489,3,5143.705534
2026/02/05/11:47:22,apply-time,rs-005572-6mv7p,2bb21a26-fba8-486a-87c6-69c6b3af534a,3,5150.705534
2026/02/05/11:47:22,running-time,rs-005572-6mv7p,2bb21a26-fba8-486a-87c6-69c6b3af534a,3,5150.705534
2026/02/05/11:47:22,apply-time,rs-005572-nbxms,f0e8b8c2-68ea-4519-9e64-c2722a00ec9d,3,5150.705534
2026/02/05/11:47:22,running-time,rs-005572-nbxms,f0e8b8c2-68ea-4519-9e64-c2722a00ec9d,3,5150.705534
2026/02/05/11:47:22,apply-time,rs-005573-cfjww,1741011f-3e38-446b-835d-ab615f89639f,4,5150.705534
2026/02/05/11:47:22,running-time,rs-005573-cfjww,1741011f-3e38-446b-835d-ab615f89639f,4,5150.705534
2026/02/05/11:47:22,apply-time,rs-005573-sfh8g,557aaad5-c875-4c17-b7e5-698ca2eee3ef,4,5150.705534
2026/02/05/11:47:22,running-time,rs-005573-sfh8g,557aaad5-c875-4c17-b7e5-698ca2eee3ef,4,5150.705534
2026/02/05/11:47:22,apply-time,rs-005574-9l6ff,1727ba1a-5aa9-4951-a00d-e1f6744c24d9,1,5150.705534
2026/02/05/11:47:22,apply-time,rs-005574-dd9bb,bfeea493-caad-46a8-8462-6ac706c6fe8a,1,5150.705534
2026/02/05/11:47:22,apply-time,rs-005574-vr2ch,969715f2-4c61-441f-9ad3-235dfdf621b8,1,5150.705534
2026/02/05/11:47:22,apply-time,rs-005575-h6p4p,ea49aa97-a0f6-4bfa-8bdc-51c1fffdfa04,1,5150.705534
2026/02/05/11:47:22,apply-time,rs-005576-4864l,10bcbf12-dc10-484f-a71b-f3a7f97c3603,3,5150.705534
2026/02/05/11:47:22,running-time,rs-005576-4864l,10bcbf12-dc10-484f-a71b-f3a7f97c3603,3,5150.705534
2026/02/05/11:47:22,apply-time,rs-005576-7pztl,32d51c45-a2e9-4a37-9229-e358594a7a15,3,5150.705534
2026/02/05/11:47:22,running-time,rs-005576-7pztl,32d51c45-a2e9-4a37-9229-e358594a7a15,3,5150.705534
2026/02/05/11:47:22,apply-time,rs-005577-4q87n,a37225ee-d0f7-404e-8414-f4ce34c28e9c,4,5151.705534
2026/02/05/11:47:22,running-time,rs-005577-4q87n,a37225ee-d0f7-404e-8414-f4ce34c28e9c,4,5151.705534
2026/02/05/11:47:22,apply-time,rs-005577-52zsg,8ff60129-1adf-4976-a861-947be0ab9621,4,5151.705534
2026/02/05/11:47:22,running-time,rs-005577-52zsg,8ff60129-1adf-4976-a861-947be0ab9621,4,5151.705534
2026/02/05/11:47:22,apply-time,rs-005577-rgq86,54074194-b84a-4fb8-a3eb-0f1c60fa33b3,4,5151.705534
2026/02/05/11:47:23,running-time,rs-005575-h6p4p,ea49aa97-a0f6-4bfa-8bdc-51c1fffdfa04,1,5151.705534
2026/02/05/11:47:23,running-time,rs-005577-rgq86,54074194-b84a-4fb8-a3eb-0f1c60fa33b3,4,5151.705534
2026/02/05/11:47:23,apply-time,rs-005578-dc5nr,fc7aac83-0e77-4315-b0e5-218c14799637,1,5152.705534
2026/02/05/11:47:23,apply-time,rs-005579-54qqp,df7e0d5d-09f1-49b3-aa33-6614d63aa01b,3,5152.705534
2026/02/05/11:47:23,apply-time,rs-005579-5w6vl,dfef7825-f901-46aa-b814-4d66fd540b1c,3,5152.705534
2026/02/05/11:47:23,apply-time,rs-005579-c6nrg,b2cf6dad-fb8c-48f6-bb40-f1df55d127ea,3,5152.705534
2026/02/05/11:47:23,apply-time,rs-005580-cnp5v,7699fa17-3bd7-4880-8ba1-9a4ff6581bd5,1,5152.705534
2026/02/05/11:47:23,running-time,rs-005580-cnp5v,7699fa17-3bd7-4880-8ba1-9a4ff6581bd5,1,5152.705534
2026/02/05/11:47:23,apply-time,rs-005581-bfq9k,cfdd7ac8-e72d-4098-b6b9-f26bb14665f4,4,5152.705534
2026/02/05/11:47:23,apply-time,rs-005583-nzm6n,4296d0e7-fd4a-4a17-935d-dbfda132406e,1,5152.705534
2026/02/05/11:47:24,apply-time,rs-005580-65fx9,024a73c5-a226-4ee0-bf47-3197f69db3d9,1,5152.705534
2026/02/05/11:47:24,running-time,rs-005580-65fx9,024a73c5-a226-4ee0-bf47-3197f69db3d9,1,5153.705534
2026/02/05/11:47:24,apply-time,rs-005580-6h5zd,fb1ffb38-0adb-4924-8618-1a41ab8dff6d,1,5152.705534
2026/02/05/11:47:24,apply-time,rs-005582-fc4jw,2f25cfed-bcb6-476e-b3c6-e37600057815,4,5152.705534
2026/02/05/11:47:24,running-time,rs-005582-fc4jw,2f25cfed-bcb6-476e-b3c6-e37600057815,4,5153.705534
2026/02/05/11:47:24,apply-time,rs-005583-f4wtw,4e8a205b-253d-4012-bcec-f563e8ee97fe,1,5152.705534
2026/02/05/11:47:24,apply-time,rs-005584-fp8jf,87a97f66-5ce7-4617-93c2-227b4615112b,1,5152.705534
2026/02/05/11:47:24,apply-time,rs-005585-gfvgj,9508cb6a-8f64-45c9-a1f6-9696573a51a0,1,5153.705534
2026/02/05/11:47:24,apply-time,rs-005586-786kg,22b07a3e-1078-40e6-82eb-4af98db0b2a2,1,5153.705534
2026/02/05/11:47:24,apply-time,rs-005586-bhjg6,134de906-4af0-4554-a7b7-8c7b179e7e10,1,5153.705534
2026/02/05/11:47:24,apply-time,rs-005586-nxlvl,b5a82a84-a58c-4576-85ff-2d90feb38066,1,5152.705534
2026/02/05/11:47:25,running-time,rs-005580-6h5zd,fb1ffb38-0adb-4924-8618-1a41ab8dff6d,1,5154.705534
2026/02/05/11:47:25,apply-time,rs-005587-vncp7,3c8ea0ed-0010-4128-86be-8276d018a815,1,5153.705534
2026/02/05/11:47:25,running-time,rs-005587-vncp7,3c8ea0ed-0010-4128-86be-8276d018a815,1,5154.705534
2026/02/05/11:47:25,apply-time,rs-005588-8cq5d,084643b0-3a45-436a-8bb8-a92ef517c770,1,5154.705534
2026/02/05/11:47:25,apply-time,rs-005588-kmlwd,3e94cb01-5fc9-4f79-a9b1-16a44b2d96f7,1,5154.705534
2026/02/05/11:47:25,apply-time,rs-005588-rhftt,4995fcd4-947c-4400-85e2-4920a8ab7ef3,1,5153.705534
2026/02/05/11:47:25,running-time,rs-005588-rhftt,4995fcd4-947c-4400-85e2-4920a8ab7ef3,1,5154.705534
2026/02/05/11:47:26,running-time,rs-005578-dc5nr,fc7aac83-0e77-4315-b0e5-218c14799637,1,5154.705534
2026/02/05/11:47:26,running-time,rs-005581-bfq9k,cfdd7ac8-e72d-4098-b6b9-f26bb14665f4,4,5154.705534
2026/02/05/11:47:26,running-time,rs-005586-786kg,22b07a3e-1078-40e6-82eb-4af98db0b2a2,1,5155.705534
2026/02/05/11:47:26,running-time,rs-005586-bhjg6,134de906-4af0-4554-a7b7-8c7b179e7e10,1,5155.705534
2026/02/05/11:47:26,running-time,rs-005586-nxlvl,b5a82a84-a58c-4576-85ff-2d90feb38066,1,5154.705534
2026/02/05/11:47:26,running-time,rs-005588-8cq5d,084643b0-3a45-436a-8bb8-a92ef517c770,1,5154.705534
2026/02/05/11:47:26,running-time,rs-005588-kmlwd,3e94cb01-5fc9-4f79-a9b1-16a44b2d96f7,1,5154.705534
2026/02/05/11:47:36,running-time,rs-005579-54qqp,df7e0d5d-09f1-49b3-aa33-6614d63aa01b,3,5165.705534
2026/02/05/11:47:36,running-time,rs-005579-c6nrg,b2cf6dad-fb8c-48f6-bb40-f1df55d127ea,3,5165.705534
2026/02/05/11:47:36,apply-time,rs-005589-dpr65,82bc1ffb-fdc4-4218-b8b3-fd96219b0446,4,5165.705534
2026/02/05/11:47:36,apply-time,rs-005590-m68pk,d84aca65-08a3-4072-b047-136bc682d9a9,1,5165.705534
2026/02/05/11:47:36,apply-time,rs-005591-skg52,7b8d67eb-40d1-4b50-9662-9042a8b1a56d,2,5165.705534
2026/02/05/11:47:36,apply-time,rs-005592-cw868,105b77c3-ba13-4386-b0d7-a792c76a9f16,1,5165.705534
2026/02/05/11:47:36,running-time,rs-005592-cw868,105b77c3-ba13-4386-b0d7-a792c76a9f16,1,5165.705534
2026/02/05/11:47:36,apply-time,rs-005592-jxgxd,baa0771f-69ca-48ae-8b65-006d04404a40,1,5165.705534
2026/02/05/11:47:36,running-time,rs-005592-jxgxd,baa0771f-69ca-48ae-8b65-006d04404a40,1,5165.705534
2026/02/05/11:47:36,apply-time,rs-005593-8n7rf,af7aba1e-a909-4773-90f6-20b363521347,1,5165.705534
2026/02/05/11:47:36,apply-time,rs-005593-xhk7c,d19502f3-8dd0-45c0-b553-c18a97b10e70,1,5165.705534
2026/02/05/11:47:36,apply-time,rs-005594-w6ghk,92deee28-dd16-498d-8e27-b1c39bc7921c,4,5165.705534
2026/02/05/11:47:37,apply-time,rs-005594-2bxgl,92388d6f-3eda-484d-8627-c0bf3faaf4da,4,5165.705534
2026/02/05/11:47:37,running-time,rs-005594-2bxgl,92388d6f-3eda-484d-8627-c0bf3faaf4da,4,5165.705534
2026/02/05/11:47:37,apply-time,rs-005594-dcf26,52ce95b1-ef67-409e-81c1-94c8e2ada507,4,5165.705534
2026/02/05/11:47:37,running-time,rs-005594-dcf26,52ce95b1-ef67-409e-81c1-94c8e2ada507,4,5165.705534
2026/02/05/11:47:37,running-time,rs-005594-w6ghk,92deee28-dd16-498d-8e27-b1c39bc7921c,4,5165.705534
2026/02/05/11:47:39,running-time,rs-005590-m68pk,d84aca65-08a3-4072-b047-136bc682d9a9,1,5167.705534
2026/02/05/11:47:39,apply-time,rs-005595-bdd9w,5bac681d-0187-4caf-ab61-530dd8023a87,1,5167.705534
2026/02/05/11:47:39,running-time,rs-005595-bdd9w,5bac681d-0187-4caf-ab61-530dd8023a87,1,5167.705534
2026/02/05/11:47:44,running-time,rs-005593-8n7rf,af7aba1e-a909-4773-90f6-20b363521347,1,5172.705534
2026/02/05/11:47:47,running-time,rs-005589-dpr65,82bc1ffb-fdc4-4218-b8b3-fd96219b0446,4,5176.705534
2026/02/05/11:47:49,apply-time,rs-005596-26gsj,29003658-cbf8-4cff-a8b1-03c9c3ca2fd2,2,5178.705534
2026/02/05/11:47:49,apply-time,rs-005597-b7kzq,7b15a21b-4d04-4207-8ea0-714499708141,2,5178.705534
2026/02/05/11:47:49,running-time,rs-005597-b7kzq,7b15a21b-4d04-4207-8ea0-714499708141,2,5178.705534
2026/02/05/11:47:49,apply-time,rs-005597-kl9mz,edae4830-4730-4949-85f9-c2a048014fb6,2,5178.705534
2026/02/05/11:47:49,running-time,rs-005597-kl9mz,edae4830-4730-4949-85f9-c2a048014fb6,2,5178.705534
2026/02/05/11:47:49,apply-time,rs-005597-nnjr5,8022c5db-82b0-4e1c-8f24-8ea3e64d2773,2,5178.705534
2026/02/05/11:47:49,running-time,rs-005597-nnjr5,8022c5db-82b0-4e1c-8f24-8ea3e64d2773,2,5178.705534
2026/02/05/11:47:49,apply-time,rs-005598-pztwq,2a5ab11f-fd41-4ad9-8e74-b3dc1d12c9bd,1,5178.705534
2026/02/05/11:47:49,running-time,rs-005598-pztwq,2a5ab11f-fd41-4ad9-8e74-b3dc1d12c9bd,1,5178.705534
2026/02/05/11:47:49,apply-time,rs-005598-xb7rw,c9324b5c-5a93-43d1-ba68-b7d21c5734f0,1,5178.705534
2026/02/05/11:47:49,running-time,rs-005598-xb7rw,c9324b5c-5a93-43d1-ba68-b7d21c5734f0,1,5178.705534
2026/02/05/11:47:52,running-time,rs-005579-5w6vl,dfef7825-f901-46aa-b814-4d66fd540b1c,3,5181.705534
2026/02/05/11:48:05,apply-time,rs-005599-9x9pq,9b267b27-78ef-4fec-befb-3f882cc81fda,2,5193.705534
2026/02/05/11:48:05,running-time,rs-005599-9x9pq,9b267b27-78ef-4fec-befb-3f882cc81fda,2,5193.705534
2026/02/05/11:48:05,apply-time,rs-005599-gbmzc,342e562a-7c58-4ce1-b7a4-e612e6a1e118,2,5193.705534
2026/02/05/11:48:05,running-time,rs-005599-gbmzc,342e562a-7c58-4ce1-b7a4-e612e6a1e118,2,5193.705534
2026/02/05/11:48:05,apply-time,rs-005600-sr4k7,e5e2cd71-cf70-4b2b-b818-28140d2771e6,1,5193.705534
2026/02/05/11:48:05,running-time,rs-005600-sr4k7,e5e2cd71-cf70-4b2b-b818-28140d2771e6,1,5193.705534
2026/02/05/11:48:05,apply-time,rs-005600-z6hfm,d9edbaea-9c51-49bd-ad5c-19f91055f0d4,1,5193.705534
2026/02/05/11:48:05,running-time,rs-005600-z6hfm,d9edbaea-9c51-49bd-ad5c-19f91055f0d4,1,5193.705534
2026/02/05/11:48:05,apply-time,rs-005601-b49c7,17fdf782-7b8d-468c-8fda-49b805cddb75,2,5193.705534
2026/02/05/11:48:05,running-time,rs-005601-b49c7,17fdf782-7b8d-468c-8fda-49b805cddb75,2,5193.705534
2026/02/05/11:48:05,apply-time,rs-005601-kj6fs,ca7a2ca5-e507-4a75-8738-9c471ba598cf,2,5193.705534
2026/02/05/11:48:05,running-time,rs-005601-kj6fs,ca7a2ca5-e507-4a75-8738-9c471ba598cf,2,5193.705534
2026/02/05/11:48:05,apply-time,rs-005601-vfsw6,26c784ac-32d7-4328-a0d4-80df3e19df4a,2,5193.705534
2026/02/05/11:48:05,running-time,rs-005601-vfsw6,26c784ac-32d7-4328-a0d4-80df3e19df4a,2,5193.705534
2026/02/05/11:48:05,apply-time,rs-005602-2t9jd,a1755c1d-34de-4b83-9505-5b8377545d49,1,5194.705534
2026/02/05/11:48:05,apply-time,rs-005602-64ctg,0bce5d66-e398-4258-99b0-2d8072cf71ac,1,5194.705534
2026/02/05/11:48:05,apply-time,rs-005602-8cjx9,918efe19-362e-462c-8b40-5762e1ba5aef,1,5194.705534
2026/02/05/11:48:06,running-time,rs-005602-2t9jd,a1755c1d-34de-4b83-9505-5b8377545d49,1,5194.705534
2026/02/05/11:48:06,running-time,rs-005602-64ctg,0bce5d66-e398-4258-99b0-2d8072cf71ac,1,5194.705534
2026/02/05/11:48:06,running-time,rs-005602-8cjx9,918efe19-362e-462c-8b40-5762e1ba5aef,1,5194.705534
2026/02/05/11:48:17,apply-time,rs-005603-4v7jx,4140dbf2-610a-4e99-abf0-94bc247ffacd,2,5206.705534
2026/02/05/11:48:17,running-time,rs-005603-4v7jx,4140dbf2-610a-4e99-abf0-94bc247ffacd,2,5206.705534
2026/02/05/11:48:17,apply-time,rs-005604-pggtb,75d4e901-823a-419f-813f-7bfebffe3007,1,5206.705534
2026/02/05/11:48:17,running-time,rs-005604-pggtb,75d4e901-823a-419f-813f-7bfebffe3007,1,5206.705534
2026/02/05/11:48:17,apply-time,rs-005604-s24j7,8757ef5d-241b-4a09-b603-4bb9c1f1c525,1,5206.705534
2026/02/05/11:48:17,running-time,rs-005604-s24j7,8757ef5d-241b-4a09-b603-4bb9c1f1c525,1,5206.705534
2026/02/05/11:48:17,apply-time,rs-005605-6r7zv,c11fe3d6-5190-456a-83cf-aa53fdb4a5fb,3,5206.705534
2026/02/05/11:48:17,running-time,rs-005605-6r7zv,c11fe3d6-5190-456a-83cf-aa53fdb4a5fb,3,5206.705534
2026/02/05/11:48:17,apply-time,rs-005605-l5ps4,e7aa4ee4-9af0-4aeb-9330-ef3e80e7c9c8,3,5206.705534
2026/02/05/11:48:17,apply-time,rs-005605-nqq2r,00ba55f6-917f-451c-8744-dd6821578c67,3,5206.705534
2026/02/05/11:48:22,apply-time,rs-005606-c926k,c239b464-426f-4603-9956-76d94ef80e11,3,5210.705534
2026/02/05/11:48:22,running-time,rs-005606-c926k,c239b464-426f-4603-9956-76d94ef80e11,3,5210.705534
2026/02/05/11:48:23,apply-time,rs-005607-bfv7v,6485aa7e-6687-45cb-ba6f-743ba703e7cf,4,5211.705534
2026/02/05/11:48:23,running-time,rs-005607-bfv7v,6485aa7e-6687-45cb-ba6f-743ba703e7cf,4,5211.705534
2026/02/05/11:48:23,apply-time,rs-005607-f89vh,7b138b9a-3132-4bca-ac56-75b22bcf10da,4,5211.705534
2026/02/05/11:48:23,running-time,rs-005607-f89vh,7b138b9a-3132-4bca-ac56-75b22bcf10da,4,5211.705534
2026/02/05/11:48:23,apply-time,rs-005607-mq4ds,9e4c1e5d-af09-416c-87d1-1578375b061c,4,5211.705534
2026/02/05/11:48:23,running-time,rs-005607-mq4ds,9e4c1e5d-af09-416c-87d1-1578375b061c,4,5211.705534
2026/02/05/11:48:23,apply-time,rs-005608-hdvbx,c309d609-394b-4c56-96be-e6b8542862b7,1,5211.705534
2026/02/05/11:48:23,running-time,rs-005608-hdvbx,c309d609-394b-4c56-96be-e6b8542862b7,1,5211.705534
2026/02/05/11:48:23,apply-time,rs-005608-khhz8,7fe7260a-9573-4eef-8ba0-8bad0c2928c6,1,5211.705534
2026/02/05/11:48:23,running-time,rs-005608-khhz8,7fe7260a-9573-4eef-8ba0-8bad0c2928c6,1,5211.705534
2026/02/05/11:48:23,apply-time,rs-005609-wjxkp,e2dacd62-9843-4d99-ad71-595aa7d867c2,2,5211.705534
2026/02/05/11:48:23,running-time,rs-005609-wjxkp,e2dacd62-9843-4d99-ad71-595aa7d867c2,2,5211.705534
2026/02/05/11:48:25,apply-time,rs-005610-8bnz8,dbda48c6-355f-4a60-be63-547afd958c74,1,5213.705534
2026/02/05/11:48:25,running-time,rs-005610-8bnz8,dbda48c6-355f-4a60-be63-547afd958c74,1,5213.705534
2026/02/05/11:48:25,apply-time,rs-005610-bfgjj,2f7a12c9-cf7f-412f-99cb-7aa584e09ef6,1,5213.705534
2026/02/05/11:48:25,running-time,rs-005610-bfgjj,2f7a12c9-cf7f-412f-99cb-7aa584e09ef6,1,5213.705534
2026/02/05/11:48:25,apply-time,rs-005611-42p99,29ce8b6f-e632-4539-86ef-1f276404c329,2,5213.705534
2026/02/05/11:48:25,apply-time,rs-005611-xmpcb,acef18ff-81cc-46a2-ac15-daeb683dd102,2,5213.705534
2026/02/05/11:48:25,running-time,rs-005611-xmpcb,acef18ff-81cc-46a2-ac15-daeb683dd102,2,5213.705534
2026/02/05/11:48:25,apply-time,rs-005612-525t8,14ce684c-4668-4c32-baef-f07a1cc00001,3,5213.705534
2026/02/05/11:48:25,running-time,rs-005612-525t8,14ce684c-4668-4c32-baef-f07a1cc00001,3,5213.705534
2026/02/05/11:48:25,apply-time,rs-005612-kmjpk,f4092d5f-2a8c-4b3f-8689-883985b05074,3,5213.705534
2026/02/05/11:48:25,running-time,rs-005612-kmjpk,f4092d5f-2a8c-4b3f-8689-883985b05074,3,5213.705534
2026/02/05/11:48:25,apply-time,rs-005613-6rblw,4dab5291-314d-40ba-b600-f78e04199f81,3,5213.705534
2026/02/05/11:48:25,running-time,rs-005613-6rblw,4dab5291-314d-40ba-b600-f78e04199f81,3,5213.705534
2026/02/05/11:48:25,apply-time,rs-005614-m9scc,fae53d87-e373-46a5-83fb-ed4e57794ca5,2,5213.705534
2026/02/05/11:48:25,apply-time,rs-005614-s9ct6,9a916885-88c2-4499-8b50-90e986f06bed,2,5213.705534
2026/02/05/11:48:25,apply-time,rs-005615-5gsln,b8057187-e99e-4b65-b4b0-bb6cebe5ddfd,3,5213.705534
2026/02/05/11:48:25,running-time,rs-005615-5gsln,b8057187-e99e-4b65-b4b0-bb6cebe5ddfd,3,5213.705534
2026/02/05/11:48:25,apply-time,rs-005615-d8fwp,b6721229-5348-41cc-9ec3-32428ffea064,3,5213.705534
2026/02/05/11:48:25,running-time,rs-005615-d8fwp,b6721229-5348-41cc-9ec3-32428ffea064,3,5213.705534
2026/02/05/11:48:25,apply-time,rs-005616-9497t,e752df85-452f-4f9c-8c5b-3982f59a25f2,3,5214.705534
2026/02/05/11:48:25,running-time,rs-005616-9497t,e752df85-452f-4f9c-8c5b-3982f59a25f2,3,5214.705534
2026/02/05/11:48:25,apply-time,rs-005616-fxtsq,ddb26a1f-ab42-4201-affd-8c1a3c62b37f,3,5214.705534
2026/02/05/11:48:25,running-time,rs-005616-fxtsq,ddb26a1f-ab42-4201-affd-8c1a3c62b37f,3,5214.705534
2026/02/05/11:48:25,apply-time,rs-005617-cbn66,5454c061-a875-47f0-98ef-ff9c068232f7,1,5214.705534
2026/02/05/11:48:25,running-time,rs-005617-cbn66,5454c061-a875-47f0-98ef-ff9c068232f7,1,5214.705534
2026/02/05/11:48:25,apply-time,rs-005618-f2r46,5f1ad85e-51de-40a7-819d-1d1b3debe5bc,1,5214.705534
2026/02/05/11:48:26,apply-time,rs-005617-28kgt,61ea257a-aa2f-4bee-b5c0-c7c8285d0191,1,5214.705534
2026/02/05/11:48:26,running-time,rs-005617-28kgt,61ea257a-aa2f-4bee-b5c0-c7c8285d0191,1,5214.705534
2026/02/05/11:48:26,apply-time,rs-005617-gzwxb,9ff4576f-bf50-4b24-a9f2-698275afd787,1,5214.705534
2026/02/05/11:48:26,running-time,rs-005617-gzwxb,9ff4576f-bf50-4b24-a9f2-698275afd787,1,5214.705534
2026/02/05/11:48:26,apply-time,rs-005619-qbrfj,e1be01a0-1aa9-42fe-b3f4-7e4610307b5c,4,5215.705534
2026/02/05/11:48:26,running-time,rs-005619-qbrfj,e1be01a0-1aa9-42fe-b3f4-7e4610307b5c,4,5215.705534
2026/02/05/11:48:26,apply-time,rs-005620-6lgjh,d9ddeefc-56af-44d3-9715-61921e2920c2,3,5215.705534
2026/02/05/11:48:26,running-time,rs-005620-6lgjh,d9ddeefc-56af-44d3-9715-61921e2920c2,3,5215.705534
2026/02/05/11:48:26,apply-time,rs-005620-g7lv9,cbeb898a-d489-449b-a596-a554cc1e5822,3,5215.705534
2026/02/05/11:48:26,running-time,rs-005620-g7lv9,cbeb898a-d489-449b-a596-a554cc1e5822,3,5215.705534
2026/02/05/11:48:26,apply-time,rs-005621-ql4q6,afcb0e55-3275-4a48-a4b5-a1d7849055f5,2,5215.705534
2026/02/05/11:48:26,apply-time,rs-005621-rww9c,45af2774-c5f0-4ff9-97c0-ada1bd070f73,2,5214.705534
2026/02/05/11:48:27,running-time,rs-005621-rww9c,45af2774-c5f0-4ff9-97c0-ada1bd070f73,2,5216.705534
2026/02/05/11:48:27,apply-time,rs-005622-6r5kz,b0878b60-6152-41cd-91f1-1d104eddbd78,3,5215.705534
2026/02/05/11:48:27,running-time,rs-005622-6r5kz,b0878b60-6152-41cd-91f1-1d104eddbd78,3,5215.705534
2026/02/05/11:48:27,apply-time,rs-005623-r54rh,d2c42ee1-0abe-4ee8-9ae6-4e673712ed71,2,5215.705534
2026/02/05/11:48:27,running-time,rs-005623-r54rh,d2c42ee1-0abe-4ee8-9ae6-4e673712ed71,2,5215.705534
2026/02/05/11:48:27,apply-time,rs-005624-6htj8,bf9c0972-1e7f-4bf7-8d16-363ef4662cce,2,5215.705534
2026/02/05/11:48:27,apply-time,rs-005624-6rqg4,049cedfd-3c40-46ea-97e3-ebafbf53e17c,2,5215.705534
2026/02/05/11:48:27,running-time,rs-005624-6rqg4,049cedfd-3c40-46ea-97e3-ebafbf53e17c,2,5215.705534
2026/02/05/11:48:27,apply-time,rs-005624-lnskk,dabbf097-23d6-425d-82ea-57319ead50c2,2,5215.705534
2026/02/05/11:48:27,running-time,rs-005624-lnskk,dabbf097-23d6-425d-82ea-57319ead50c2,2,5215.705534
2026/02/05/11:48:27,apply-time,rs-005625-wgts4,63e21824-3ec2-4fec-9eff-7ab73177a9b7,1,5215.705534
2026/02/05/11:48:27,running-time,rs-005625-wgts4,63e21824-3ec2-4fec-9eff-7ab73177a9b7,1,5215.705534
2026/02/05/11:48:28,apply-time,rs-005626-k4v46,d9463b11-1b70-4948-a088-dd15de2dcecc,2,5217.705534
2026/02/05/11:48:28,apply-time,rs-005626-mtqsn,625592b8-be35-4c5a-a48a-2116c4dd509b,2,5217.705534
2026/02/05/11:48:28,apply-time,rs-005626-zd28c,56d8fa8d-597d-44dd-a991-8d76e719d372,2,5217.705534
2026/02/05/11:48:28,apply-time,rs-005627-rvcgq,2b283264-e11f-4a9f-9038-7bcc78de1210,3,5217.705534
2026/02/05/11:48:28,running-time,rs-005627-rvcgq,2b283264-e11f-4a9f-9038-7bcc78de1210,3,5217.705534
2026/02/05/11:48:29,running-time,rs-005624-6htj8,bf9c0972-1e7f-4bf7-8d16-363ef4662cce,2,5217.705534
2026/02/05/11:48:29,apply-time,rs-005628-7t4mk,d922998e-e00d-4e90-99bd-25e66a853912,2,5217.705534
2026/02/05/11:48:29,running-time,rs-005628-7t4mk,d922998e-e00d-4e90-99bd-25e66a853912,2,5217.705534
2026/02/05/11:48:29,apply-time,rs-005629-5rl2w,7c64c4c6-73bb-4a5c-8ed0-343151051194,3,5217.705534
2026/02/05/11:48:29,running-time,rs-005629-5rl2w,7c64c4c6-73bb-4a5c-8ed0-343151051194,3,5217.705534
2026/02/05/11:48:29,apply-time,rs-005629-qs4zd,59f0f39a-88c3-4d6a-bf86-4e5ecf2835b1,3,5217.705534
2026/02/05/11:48:29,running-time,rs-005629-qs4zd,59f0f39a-88c3-4d6a-bf86-4e5ecf2835b1,3,5217.705534
2026/02/05/11:48:29,apply-time,rs-005630-jl9dt,3f546c5e-b02b-444d-9ba9-975a628bb982,1,5217.705534
2026/02/05/11:48:29,running-time,rs-005630-jl9dt,3f546c5e-b02b-444d-9ba9-975a628bb982,1,5218.705534
2026/02/05/11:48:29,apply-time,rs-005630-k5htj,8a898bb3-cb5b-41f9-9944-a27003bc83d8,1,5218.705534
2026/02/05/11:48:29,apply-time,rs-005630-tqdhg,2c4c8c7c-ae4e-4e45-9832-1c27312d0122,1,5217.705534
2026/02/05/11:48:29,running-time,rs-005630-tqdhg,2c4c8c7c-ae4e-4e45-9832-1c27312d0122,1,5217.705534
2026/02/05/11:48:30,running-time,rs-005614-m9scc,fae53d87-e373-46a5-83fb-ed4e57794ca5,2,5219.705534
2026/02/05/11:48:30,running-time,rs-005630-k5htj,8a898bb3-cb5b-41f9-9944-a27003bc83d8,1,5218.705534
2026/02/05/11:48:30,apply-time,rs-005631-czrlg,ae10f15a-b35e-4f69-a143-41d89097b354,1,5219.705534
2026/02/05/11:48:30,running-time,rs-005631-czrlg,ae10f15a-b35e-4f69-a143-41d89097b354,1,5219.705534
2026/02/05/11:48:30,apply-time,rs-005632-rfjsv,cc6696d1-513a-4759-83dc-0035ce8114c8,2,5219.705534
2026/02/05/11:48:30,running-time,rs-005632-rfjsv,cc6696d1-513a-4759-83dc-0035ce8114c8,2,5219.705534
2026/02/05/11:48:30,apply-time,rs-005633-ktzkv,90065313-675b-4ae4-95cf-20443617fc83,1,5219.705534
2026/02/05/11:48:30,running-time,rs-005633-ktzkv,90065313-675b-4ae4-95cf-20443617fc83,1,5219.705534
2026/02/05/11:48:30,apply-time,rs-005634-rqv5h,9b4e678e-ab88-47d3-940f-3cf501df7f99,3,5219.705534
2026/02/05/11:48:30,running-time,rs-005634-rqv5h,9b4e678e-ab88-47d3-940f-3cf501df7f99,3,5219.705534
2026/02/05/11:48:30,apply-time,rs-005634-tzcqv,0a87360d-bbf0-4eb6-ad25-c9e4edf5bb68,3,5219.705534
2026/02/05/11:48:31,running-time,rs-005621-ql4q6,afcb0e55-3275-4a48-a4b5-a1d7849055f5,2,5219.705534
2026/02/05/11:48:31,apply-time,rs-005635-8wcgc,bf7672c9-912d-430e-b640-82d45fd39663,3,5220.705534
2026/02/05/11:48:31,apply-time,rs-005635-gtbsp,1207abc0-3a26-44d5-aca9-26ed9943f811,3,5220.705534
2026/02/05/11:48:31,apply-time,rs-005635-qxxt8,592364ec-6c39-404a-9120-7d831cdda8c1,3,5220.705534
2026/02/05/11:48:31,apply-time,rs-005640-fzr57,6e03b8cc-4c36-4053-9301-2c731ff490ef,1,5220.705534
2026/02/05/11:48:31,running-time,rs-005640-fzr57,6e03b8cc-4c36-4053-9301-2c731ff490ef,1,5220.705534
2026/02/05/11:48:31,apply-time,rs-005640-hsdqm,4e238c23-ba77-42ad-a08c-d30a8cd524e1,1,5220.705534
2026/02/05/11:48:32,running-time,rs-005634-tzcqv,0a87360d-bbf0-4eb6-ad25-c9e4edf5bb68,3,5220.705534
2026/02/05/11:48:32,running-time,rs-005635-8wcgc,bf7672c9-912d-430e-b640-82d45fd39663,3,5220.705534
2026/02/05/11:48:32,running-time,rs-005635-gtbsp,1207abc0-3a26-44d5-aca9-26ed9943f811,3,5220.705534
2026/02/05/11:48:32,running-time,rs-005635-qxxt8,592364ec-6c39-404a-9120-7d831cdda8c1,3,5220.705534
2026/02/05/11:48:32,apply-time,rs-005636-hsdcf,c4127e0f-2644-4ab2-9f56-4f8592dcf656,3,5220.705534
2026/02/05/11:48:32,running-time,rs-005636-hsdcf,c4127e0f-2644-4ab2-9f56-4f8592dcf656,3,5220.705534
2026/02/05/11:48:32,apply-time,rs-005636-pk2v4,953362b6-9427-4b91-b0a7-2c487ed10659,3,5221.705534
2026/02/05/11:48:32,running-time,rs-005636-pk2v4,953362b6-9427-4b91-b0a7-2c487ed10659,3,5221.705534
2026/02/05/11:48:32,apply-time,rs-005637-7j54f,8cdae674-9efb-4a28-881b-4e3cea3c4119,2,5220.705534
2026/02/05/11:48:32,running-time,rs-005637-7j54f,8cdae674-9efb-4a28-881b-4e3cea3c4119,2,5220.705534
2026/02/05/11:48:32,apply-time,rs-005637-7r9tx,8fa317de-a047-4176-9537-33c2463f1163,2,5220.705534
2026/02/05/11:48:32,running-time,rs-005637-7r9tx,8fa317de-a047-4176-9537-33c2463f1163,2,5220.705534
2026/02/05/11:48:32,apply-time,rs-005638-4fdrz,a48dc5b8-eece-436a-8643-51eeae8cf64c,1,5220.705534
2026/02/05/11:48:32,running-time,rs-005638-4fdrz,a48dc5b8-eece-436a-8643-51eeae8cf64c,1,5220.705534
2026/02/05/11:48:32,apply-time,rs-005639-fkjkg,9934710c-bd46-4308-9a2d-9129e1d82659,1,5220.705534
2026/02/05/11:48:32,running-time,rs-005639-fkjkg,9934710c-bd46-4308-9a2d-9129e1d82659,1,5220.705534
2026/02/05/11:48:32,running-time,rs-005640-hsdqm,4e238c23-ba77-42ad-a08c-d30a8cd524e1,1,5220.705534
2026/02/05/11:48:40,apply-time,rs-005641-fz48v,0bad27c1-f3ca-4442-8d91-8d1994d27e7b,4,5228.705534
2026/02/05/11:48:40,running-time,rs-005641-fz48v,0bad27c1-f3ca-4442-8d91-8d1994d27e7b,4,5228.705534
2026/02/05/11:48:40,apply-time,rs-005641-js2ml,254a7c2c-864c-4b8e-8307-78a8bdd6fa9c,4,5228.705534
2026/02/05/11:48:40,running-time,rs-005641-js2ml,254a7c2c-864c-4b8e-8307-78a8bdd6fa9c,4,5228.705534
2026/02/05/11:48:40,apply-time,rs-005642-jfnzp,70410ccd-b02e-4f55-85e6-fe6793e03090,1,5228.705534
2026/02/05/11:48:40,running-time,rs-005642-jfnzp,70410ccd-b02e-4f55-85e6-fe6793e03090,1,5228.705534
2026/02/05/11:48:40,apply-time,rs-005643-fwr4r,4bf30e54-9298-4ce0-baea-36478e29a954,2,5228.705534
2026/02/05/11:48:40,running-time,rs-005643-fwr4r,4bf30e54-9298-4ce0-baea-36478e29a954,2,5228.705534
2026/02/05/11:48:40,apply-time,rs-005644-fzplw,03fea2de-4d35-4927-b479-d1b0b6431bfc,3,5228.705534
2026/02/05/11:48:40,running-time,rs-005644-fzplw,03fea2de-4d35-4927-b479-d1b0b6431bfc,3,5228.705534
2026/02/05/11:48:40,apply-time,rs-005644-glccf,b711e944-efbd-4efd-a158-2b2e44f7098c,3,5228.705534
2026/02/05/11:48:40,running-time,rs-005644-glccf,b711e944-efbd-4efd-a158-2b2e44f7098c,3,5228.705534
2026/02/05/11:48:40,apply-time,rs-005644-n6d6h,49b20fcf-0231-4175-ba5f-7f473b8d55a1,3,5228.705534
2026/02/05/11:48:40,running-time,rs-005644-n6d6h,49b20fcf-0231-4175-ba5f-7f473b8d55a1,3,5228.705534
2026/02/05/11:48:40,apply-time,rs-005645-tblwl,533423b3-2647-4f38-b002-1df3e0354d7b,2,5228.705534
2026/02/05/11:48:40,running-time,rs-005645-tblwl,533423b3-2647-4f38-b002-1df3e0354d7b,2,5228.705534
2026/02/05/11:48:41,apply-time,rs-005646-dv8jf,9e914044-0e63-4d67-b110-60f20a70aff0,4,5230.705534
2026/02/05/11:48:41,running-time,rs-005646-dv8jf,9e914044-0e63-4d67-b110-60f20a70aff0,4,5230.705534
2026/02/05/11:48:41,apply-time,rs-005646-wntwl,10bd8b5a-5b32-4148-b0bb-0d635abd4541,4,5230.705534
2026/02/05/11:48:41,running-time,rs-005646-wntwl,10bd8b5a-5b32-4148-b0bb-0d635abd4541,4,5230.705534
2026/02/05/11:48:41,apply-time,rs-005647-9xjhs,2805932f-287e-411e-9b60-3095cf276fd4,2,5230.705534
2026/02/05/11:48:41,apply-time,rs-005648-8rftc,991c824d-619e-499f-a973-5537b97ac1d3,2,5230.705534
2026/02/05/11:48:41,running-time,rs-005648-8rftc,991c824d-619e-499f-a973-5537b97ac1d3,2,5230.705534
2026/02/05/11:48:41,apply-time,rs-005648-xwq5g,f4c45860-926f-4b84-8c89-d9c1a1dd4d3b,2,5230.705534
2026/02/05/11:48:41,running-time,rs-005648-xwq5g,f4c45860-926f-4b84-8c89-d9c1a1dd4d3b,2,5230.705534
2026/02/05/11:48:43,running-time,rs-005647-9xjhs,2805932f-287e-411e-9b60-3095cf276fd4,2,5231.705534
2026/02/05/11:48:52,apply-time,rs-005649-d5mw2,b7f83e01-602d-492b-beea-9220b114f7ea,1,5241.705534
2026/02/05/11:48:53,running-time,rs-005649-d5mw2,b7f83e01-602d-492b-beea-9220b114f7ea,1,5241.705534
2026/02/05/11:48:53,apply-time,rs-005649-z6rk5,53ecd016-8bfc-46ca-afda-fc3f07ef07a5,1,5241.705534
2026/02/05/11:48:53,running-time,rs-005649-z6rk5,53ecd016-8bfc-46ca-afda-fc3f07ef07a5,1,5241.705534
2026/02/05/11:48:53,apply-time,rs-005650-xp7jb,d444ca3d-3caa-47c8-b4c0-319442df75fc,4,5241.705534
2026/02/05/11:48:53,running-time,rs-005650-xp7jb,d444ca3d-3caa-47c8-b4c0-319442df75fc,4,5241.705534
2026/02/05/11:48:53,apply-time,rs-005651-gnfr7,c95503a0-0ae4-4afc-8504-1ad0180fe6bc,2,5241.705534
2026/02/05/11:48:53,running-time,rs-005651-gnfr7,c95503a0-0ae4-4afc-8504-1ad0180fe6bc,2,5241.705534
2026/02/05/11:48:53,apply-time,rs-005651-vp4wc,d17cec8f-6788-4791-85f5-15980c223e70,2,5241.705534
2026/02/05/11:48:53,running-time,rs-005651-vp4wc,d17cec8f-6788-4791-85f5-15980c223e70,2,5241.705534
2026/02/05/11:48:53,apply-time,rs-005651-wwlzx,e3cb6e35-6dd8-4cce-86f5-1d68eea21aae,2,5241.705534
2026/02/05/11:48:53,running-time,rs-005651-wwlzx,e3cb6e35-6dd8-4cce-86f5-1d68eea21aae,2,5241.705534
2026/02/05/11:48:53,apply-time,rs-005652-nzmg9,6212ec49-c395-4c5f-867b-b872e95eb92a,4,5241.705534
2026/02/05/11:48:53,running-time,rs-005652-nzmg9,6212ec49-c395-4c5f-867b-b872e95eb92a,4,5242.705534
2026/02/05/11:48:54,apply-time,rs-005653-8qkkr,2fa7ef4a-1adc-4100-816c-fdc1e67a6f39,4,5242.705534
2026/02/05/11:48:54,running-time,rs-005653-8qkkr,2fa7ef4a-1adc-4100-816c-fdc1e67a6f39,4,5242.705534
2026/02/05/11:48:54,apply-time,rs-005654-r6c4p,0cc50799-18f9-4235-9c1a-e1b667f556d2,1,5242.705534
2026/02/05/11:48:54,running-time,rs-005654-r6c4p,0cc50799-18f9-4235-9c1a-e1b667f556d2,1,5242.705534
2026/02/05/11:48:54,apply-time,rs-005655-pcjh6,06e0a06f-f68a-4d6a-b9da-fdbaebe12091,1,5242.705534
2026/02/05/11:48:54,apply-time,rs-005655-xzp6t,fe66aebf-57ff-4a59-8ea0-0c4cc761b6eb,1,5242.705534
2026/02/05/11:48:54,apply-time,rs-005656-mljmn,66f8ba07-b4a1-45b6-b749-4738ffedd222,2,5242.705534
2026/02/05/11:48:54,running-time,rs-005656-mljmn,66f8ba07-b4a1-45b6-b749-4738ffedd222,2,5242.705534
2026/02/05/11:48:54,apply-time,rs-005656-tlk78,b35d4894-42f1-42fb-9a77-f3e5a0915303,2,5242.705534
2026/02/05/11:48:54,running-time,rs-005656-tlk78,b35d4894-42f1-42fb-9a77-f3e5a0915303,2,5242.705534
2026/02/05/11:48:54,apply-time,rs-005657-27x7v,baed89af-2bd9-40e7-b9c8-770e884d9364,3,5243.705534
2026/02/05/11:48:54,running-time,rs-005657-27x7v,baed89af-2bd9-40e7-b9c8-770e884d9364,3,5243.705534
2026/02/05/11:48:54,apply-time,rs-005657-9gwx5,9092fbfa-443a-4305-8269-6fa4d7e19a93,3,5243.705534
2026/02/05/11:48:54,running-time,rs-005657-9gwx5,9092fbfa-443a-4305-8269-6fa4d7e19a93,3,5243.705534
2026/02/05/11:48:54,apply-time,rs-005657-p6hsc,458be078-20ff-4b81-9009-d28ed3dc41a1,3,5243.705534
2026/02/05/11:48:54,running-time,rs-005657-p6hsc,458be078-20ff-4b81-9009-d28ed3dc41a1,3,5243.705534
2026/02/05/11:48:54,apply-time,rs-005658-tn65r,6422e1ac-9111-4990-94cc-514b6f2bda51,4,5243.705534
2026/02/05/11:48:54,running-time,rs-005658-tn65r,6422e1ac-9111-4990-94cc-514b6f2bda51,4,5243.705534
2026/02/05/11:48:55,apply-time,rs-005659-cgqj9,fddbe64e-57ec-472c-81c8-334586c9007a,4,5244.705534
2026/02/05/11:48:55,running-time,rs-005659-cgqj9,fddbe64e-57ec-472c-81c8-334586c9007a,4,5244.705534
2026/02/05/11:48:55,apply-time,rs-005659-gc7rx,d848fe67-0c5f-478c-aaa7-4fc3b95e045a,4,5244.705534
2026/02/05/11:48:55,running-time,rs-005659-gc7rx,d848fe67-0c5f-478c-aaa7-4fc3b95e045a,4,5244.705534
2026/02/05/11:48:55,apply-time,rs-005659-tkxgk,70221412-c8f6-4d2b-8a19-7911c552270d,4,5243.705534
2026/02/05/11:48:55,running-time,rs-005659-tkxgk,70221412-c8f6-4d2b-8a19-7911c552270d,4,5243.705534
2026/02/05/11:48:55,apply-time,rs-005660-bnxq9,a1a1a087-f6eb-4c06-9172-a91afb0a528b,1,5243.705534
2026/02/05/11:48:55,running-time,rs-005660-bnxq9,a1a1a087-f6eb-4c06-9172-a91afb0a528b,1,5244.705534
2026/02/05/11:48:55,apply-time,rs-005661-fzqvv,151d5ab9-da9b-437b-bfa4-1238bf088689,3,5244.705534
2026/02/05/11:48:55,apply-time,rs-005662-hrrtg,9563c607-cd8a-4c19-a4fe-7f8e46aa53eb,1,5244.705534
2026/02/05/11:48:55,running-time,rs-005662-hrrtg,9563c607-cd8a-4c19-a4fe-7f8e46aa53eb,1,5244.705534
2026/02/05/11:48:55,apply-time,rs-005662-jgbb9,f733118d-0422-4c1a-a7d1-932751bcafc3,1,5244.705534
2026/02/05/11:48:55,running-time,rs-005662-jgbb9,f733118d-0422-4c1a-a7d1-932751bcafc3,1,5244.705534
2026/02/05/11:48:55,apply-time,rs-005663-7sb5g,dd2b2e45-95f3-457a-8b59-2b7a49074ff6,1,5244.705534
2026/02/05/11:48:55,running-time,rs-005663-7sb5g,dd2b2e45-95f3-457a-8b59-2b7a49074ff6,1,5244.705534
2026/02/05/11:48:56,apply-time,rs-005663-c4h2p,4c6f0874-25f1-43c2-bba6-627dc60d63b5,1,5244.705534
2026/02/05/11:48:56,running-time,rs-005663-c4h2p,4c6f0874-25f1-43c2-bba6-627dc60d63b5,1,5244.705534
2026/02/05/11:48:56,apply-time,rs-005663-x9zjc,449b6037-3d60-4da9-88f0-599a7ecc8f06,1,5244.705534
2026/02/05/11:48:56,running-time,rs-005663-x9zjc,449b6037-3d60-4da9-88f0-599a7ecc8f06,1,5244.705534
2026/02/05/11:48:56,apply-time,rs-005664-8kvwg,bbf45fd9-f571-44a9-a5a4-d5e4c3ea149d,4,5244.705534
2026/02/05/11:48:56,apply-time,rs-005664-cj8dr,b867c924-a4b8-4352-a033-6cb9fbaabd54,4,5244.705534
2026/02/05/11:48:56,apply-time,rs-005664-mgdnx,075bad3d-e1cd-4320-8de1-43d00a29f39c,4,5245.705534
2026/02/05/11:48:58,running-time,rs-005655-xzp6t,fe66aebf-57ff-4a59-8ea0-0c4cc761b6eb,1,5246.705534
2026/02/05/11:49:09,apply-time,rs-005665-krdvg,a7dca370-5c2d-4291-924c-9c93a3b5a6dd,2,5258.705534
2026/02/05/11:49:09,running-time,rs-005665-krdvg,a7dca370-5c2d-4291-924c-9c93a3b5a6dd,2,5258.705534
2026/02/05/11:49:20,apply-time,rs-005666-rsww4,e5e3f584-1b0f-471b-85cc-74501834dbb0,1,5268.705534
2026/02/05/11:49:20,running-time,rs-005666-rsww4,e5e3f584-1b0f-471b-85cc-74501834dbb0,1,5268.705534
2026/02/05/11:49:23,apply-time,rs-005667-26ljr,4652c1c4-c882-4f25-a04f-b2dfdee10332,3,5272.705534
2026/02/05/11:49:23,running-time,rs-005667-26ljr,4652c1c4-c882-4f25-a04f-b2dfdee10332,3,5272.705534
2026/02/05/11:49:23,apply-time,rs-005667-zct4d,54ac10bd-0330-4876-82db-f77af3a32b0d,3,5272.705534
2026/02/05/11:49:23,running-time,rs-005667-zct4d,54ac10bd-0330-4876-82db-f77af3a32b0d,3,5272.705534
2026/02/05/11:49:30,apply-time,rs-005668-mrbkp,15f14814-2ac4-40bb-91dd-4c07a482d46a,4,5279.705534
2026/02/05/11:49:30,running-time,rs-005668-mrbkp,15f14814-2ac4-40bb-91dd-4c07a482d46a,4,5279.705534
2026/02/05/11:49:30,apply-time,rs-005669-hf5tv,109a798f-da0e-4916-97ef-a1fe836c4cf1,4,5279.705534
2026/02/05/11:49:30,running-time,rs-005669-hf5tv,109a798f-da0e-4916-97ef-a1fe836c4cf1,4,5279.705534
2026/02/05/11:49:30,apply-time,rs-005670-5kxt8,3d94a297-d25a-403c-ae78-f3b08d8ba3af,4,5279.705534
2026/02/05/11:49:30,running-time,rs-005670-5kxt8,3d94a297-d25a-403c-ae78-f3b08d8ba3af,4,5279.705534
2026/02/05/11:49:30,apply-time,rs-005670-fsh27,59f70fb4-ed65-48c8-ba2a-05e3f802b4a8,4,5279.705534
2026/02/05/11:49:30,running-time,rs-005670-fsh27,59f70fb4-ed65-48c8-ba2a-05e3f802b4a8,4,5279.705534
2026/02/05/11:49:30,apply-time,rs-005670-n8k54,37cb0111-767b-46ca-923e-b605071f3ef9,4,5279.705534
2026/02/05/11:49:30,running-time,rs-005670-n8k54,37cb0111-767b-46ca-923e-b605071f3ef9,4,5279.705534
2026/02/05/11:49:30,apply-time,rs-005671-mc49x,689e2049-a389-44ee-9e01-a3887d8ea9c4,2,5279.705534
2026/02/05/11:49:30,running-time,rs-005671-mc49x,689e2049-a389-44ee-9e01-a3887d8ea9c4,2,5279.705534
2026/02/05/11:49:32,apply-time,rs-005672-7fm8f,b84b8774-06ad-45fa-ae0b-e25d80a61a11,2,5280.705534
2026/02/05/11:49:32,running-time,rs-005672-7fm8f,b84b8774-06ad-45fa-ae0b-e25d80a61a11,2,5280.705534
2026/02/05/11:49:32,apply-time,rs-005673-9gq44,9151dd07-ef8d-46e4-af8d-c174f721c784,1,5280.705534
2026/02/05/11:49:32,running-time,rs-005673-9gq44,9151dd07-ef8d-46e4-af8d-c174f721c784,1,5280.705534
2026/02/05/11:49:32,apply-time,rs-005673-f8l8k,46f55c1e-0bf1-422b-b182-30a4d99832cb,1,5280.705534
2026/02/05/11:49:32,running-time,rs-005673-f8l8k,46f55c1e-0bf1-422b-b182-30a4d99832cb,1,5280.705534
2026/02/05/11:49:32,apply-time,rs-005674-jprnd,1571e087-bf57-49e8-bd7a-99ebe79950cd,3,5280.705534
2026/02/05/11:49:32,running-time,rs-005674-jprnd,1571e087-bf57-49e8-bd7a-99ebe79950cd,3,5280.705534
2026/02/05/11:49:32,apply-time,rs-005675-8njwr,2e46ce17-327b-4d59-82df-ed957a88cd2f,1,5280.705534
2026/02/05/11:49:32,running-time,rs-005675-8njwr,2e46ce17-327b-4d59-82df-ed957a88cd2f,1,5280.705534
2026/02/05/11:49:32,apply-time,rs-005675-tkhvb,f0fc5f0e-69ba-41f2-83bd-ded2bc5fd848,1,5280.705534
2026/02/05/11:49:32,running-time,rs-005675-tkhvb,f0fc5f0e-69ba-41f2-83bd-ded2bc5fd848,1,5280.705534
2026/02/05/11:49:33,running-time,rs-005655-pcjh6,06e0a06f-f68a-4d6a-b9da-fdbaebe12091,1,5281.705534
2026/02/05/11:49:47,apply-time,rs-005676-tj5m8,1dcb47a1-bc2d-43b4-89d1-a037373dbce2,1,5296.705534
2026/02/05/11:49:47,running-time,rs-005676-tj5m8,1dcb47a1-bc2d-43b4-89d1-a037373dbce2,1,5296.705534
2026/02/05/11:49:48,apply-time,rs-005677-4ssqb,9de371d2-07d5-4071-aa53-4c88d6a062e8,3,5296.705534
2026/02/05/11:49:48,running-time,rs-005677-4ssqb,9de371d2-07d5-4071-aa53-4c88d6a062e8,3,5296.705534
2026/02/05/11:49:59,apply-time,rs-005678-2zvg4,6ec90a0f-d965-4717-9473-3111e255bb69,1,5307.705534
2026/02/05/11:49:59,running-time,rs-005678-2zvg4,6ec90a0f-d965-4717-9473-3111e255bb69,1,5307.705534
2026/02/05/11:49:59,apply-time,rs-005678-69fts,e36f19ee-a8d2-4286-89c8-6e7aec452c50,1,5307.705534
2026/02/05/11:49:59,running-time,rs-005678-69fts,e36f19ee-a8d2-4286-89c8-6e7aec452c50,1,5307.705534
2026/02/05/11:50:04,apply-time,rs-005679-5cnzk,6089f18e-9672-4d8b-b503-1bda841cbe70,1,5313.705534
2026/02/05/11:50:04,running-time,rs-005679-5cnzk,6089f18e-9672-4d8b-b503-1bda841cbe70,1,5313.705534
2026/02/05/11:50:04,apply-time,rs-005679-pdpqq,8f4417c0-ca1a-474b-ab37-b953254965e7,1,5313.705534
2026/02/05/11:50:04,running-time,rs-005679-pdpqq,8f4417c0-ca1a-474b-ab37-b953254965e7,1,5313.705534
2026/02/05/11:50:04,apply-time,rs-005680-q52dl,81383b29-b511-46f7-aed5-81d82b6f30b1,1,5313.705534
2026/02/05/11:50:04,running-time,rs-005680-q52dl,81383b29-b511-46f7-aed5-81d82b6f30b1,1,5313.705534
2026/02/05/11:50:04,apply-time,rs-005681-wg9xr,7b638b6a-0fb3-415d-ac89-71c6f1f07ed8,3,5313.705534
2026/02/05/11:50:04,running-time,rs-005681-wg9xr,7b638b6a-0fb3-415d-ac89-71c6f1f07ed8,3,5313.705534
2026/02/05/11:50:04,apply-time,rs-005682-cz4l8,eb5b9c98-b7d9-48be-859d-a1b329d3682c,4,5313.705534
2026/02/05/11:50:04,apply-time,rs-005682-hnfmh,1a1b3a43-1248-45d2-b2ee-f3ea4a7106c8,4,5313.705534
2026/02/05/11:50:04,running-time,rs-005682-hnfmh,1a1b3a43-1248-45d2-b2ee-f3ea4a7106c8,4,5313.705534
2026/02/05/11:50:04,apply-time,rs-005683-6jnpw,fcaa7ef8-7af7-496b-adfc-4e708ac5c1ee,1,5313.705534
2026/02/05/11:50:04,running-time,rs-005683-6jnpw,fcaa7ef8-7af7-496b-adfc-4e708ac5c1ee,1,5313.705534
2026/02/05/11:50:05,running-time,rs-005682-cz4l8,eb5b9c98-b7d9-48be-859d-a1b329d3682c,4,5313.705534
2026/02/05/11:50:05,apply-time,rs-005684-cg7kp,f2112c44-b78b-4e41-9c5c-b0fbd9ab4d98,3,5314.705534
2026/02/05/11:50:05,apply-time,rs-005684-sjbw2,311b7ae2-c4f1-444d-b6be-8735fad30d3e,3,5314.705534
2026/02/05/11:50:05,apply-time,rs-005684-zhjjn,d993f600-50f6-4c4b-a6e6-a38808f15b4d,3,5314.705534
2026/02/05/11:50:05,running-time,rs-005684-zhjjn,d993f600-50f6-4c4b-a6e6-a38808f15b4d,3,5314.705534
2026/02/05/11:50:05,apply-time,rs-005685-82xzn,c92baf1e-706f-4e91-a372-b2bbbe678f62,3,5314.705534
2026/02/05/11:50:05,running-time,rs-005685-82xzn,c92baf1e-706f-4e91-a372-b2bbbe678f62,3,5314.705534
2026/02/05/11:50:05,apply-time,rs-005685-hnkb6,006d6cc1-1478-4726-9a24-23fafbe88296,3,5314.705534
2026/02/05/11:50:05,running-time,rs-005685-hnkb6,006d6cc1-1478-4726-9a24-23fafbe88296,3,5314.705534
2026/02/05/11:50:05,apply-time,rs-005685-sbqzc,62fe6b9c-161e-4493-9098-229c37a130fc,3,5314.705534
2026/02/05/11:50:05,running-time,rs-005685-sbqzc,62fe6b9c-161e-4493-9098-229c37a130fc,3,5314.705534
2026/02/05/11:50:05,apply-time,rs-005687-2pj4c,cd59c10a-70e1-4573-bb2c-dfaa9f72f57f,3,5314.705534
2026/02/05/11:50:05,running-time,rs-005687-2pj4c,cd59c10a-70e1-4573-bb2c-dfaa9f72f57f,3,5314.705534
2026/02/05/11:50:05,apply-time,rs-005687-chv7s,fde82e7c-bee9-4035-99bc-6042913a2b55,3,5314.705534
2026/02/05/11:50:05,running-time,rs-005687-chv7s,fde82e7c-bee9-4035-99bc-6042913a2b55,3,5314.705534
2026/02/05/11:50:06,apply-time,rs-005686-vzxdw,fb29ab45-e1f8-490d-8e11-785be9886b5b,4,5314.705534
2026/02/05/11:50:06,running-time,rs-005686-vzxdw,fb29ab45-e1f8-490d-8e11-785be9886b5b,4,5314.705534
2026/02/05/11:50:07,running-time,rs-005684-sjbw2,311b7ae2-c4f1-444d-b6be-8735fad30d3e,3,5316.705534
2026/02/05/11:50:10,running-time,rs-005684-cg7kp,f2112c44-b78b-4e41-9c5c-b0fbd9ab4d98,3,5319.705534
2026/02/05/11:50:10,apply-time,rs-005688-hr62q,883fae0d-5b74-4370-b4d7-4278046e7891,2,5318.705534
2026/02/05/11:50:10,running-time,rs-005688-hr62q,883fae0d-5b74-4370-b4d7-4278046e7891,2,5319.705534
2026/02/05/11:50:10,apply-time,rs-005689-78zj9,fbe740f8-626b-4ca6-aae3-99bb730d6eac,4,5319.705534
2026/02/05/11:50:10,running-time,rs-005689-78zj9,fbe740f8-626b-4ca6-aae3-99bb730d6eac,4,5319.705534
2026/02/05/11:50:10,apply-time,rs-005689-7mbgm,bdd70207-18ee-4eb1-8889-7cfeacba2a70,4,5318.705534
2026/02/05/11:50:10,running-time,rs-005689-7mbgm,bdd70207-18ee-4eb1-8889-7cfeacba2a70,4,5319.705534
2026/02/05/11:50:10,apply-time,rs-005689-9jgt9,3524df9a-147d-4eee-86c1-ab21ae4ea974,4,5319.705534
2026/02/05/11:50:10,running-time,rs-005689-9jgt9,3524df9a-147d-4eee-86c1-ab21ae4ea974,4,5319.705534
2026/02/05/11:50:13,apply-time,rs-005690-g69pm,f72d6c72-c1e9-4cce-81cd-a5bb9b8bd629,1,5322.705534
2026/02/05/11:50:13,running-time,rs-005690-g69pm,f72d6c72-c1e9-4cce-81cd-a5bb9b8bd629,1,5322.705534
2026/02/05/11:50:13,apply-time,rs-005690-wqfkd,f9d3300e-96bb-47c3-ac52-3920d39eb8df,1,5322.705534
2026/02/05/11:50:13,running-time,rs-005690-wqfkd,f9d3300e-96bb-47c3-ac52-3920d39eb8df,1,5322.705534
2026/02/05/11:50:16,apply-time,rs-005691-bc6qk,94882a33-b5e1-485c-9ae4-1c544d3570ab,1,5324.705534
2026/02/05/11:50:16,running-time,rs-005691-bc6qk,94882a33-b5e1-485c-9ae4-1c544d3570ab,1,5324.705534
2026/02/05/11:50:16,apply-time,rs-005691-crgz6,aa2e159c-ef3d-404c-a6a4-1c540c552a29,1,5324.705534
2026/02/05/11:50:16,running-time,rs-005691-crgz6,aa2e159c-ef3d-404c-a6a4-1c540c552a29,1,5324.705534
2026/02/05/11:50:16,apply-time,rs-005691-zdv7g,53672550-033f-4b41-8719-d7de4f4b49a7,1,5324.705534
2026/02/05/11:50:16,running-time,rs-005691-zdv7g,53672550-033f-4b41-8719-d7de4f4b49a7,1,5324.705534
2026/02/05/11:50:16,apply-time,rs-005692-qw5hl,e999dfc1-e418-41c5-b9d6-3d18b7cf416a,3,5324.705534
2026/02/05/11:50:16,running-time,rs-005692-qw5hl,e999dfc1-e418-41c5-b9d6-3d18b7cf416a,3,5324.705534
2026/02/05/11:50:16,apply-time,rs-005692-sv5p5,cdbac8d0-9137-4537-948f-9b6725b7fbc7,3,5324.705534
2026/02/05/11:50:16,running-time,rs-005692-sv5p5,cdbac8d0-9137-4537-948f-9b6725b7fbc7,3,5324.705534
2026/02/05/11:50:16,apply-time,rs-005693-n9rvd,f3a64193-478e-425e-bbc0-c11769024146,4,5324.705534
2026/02/05/11:50:16,apply-time,rs-005694-slkwj,6fa0401c-2a0e-4aa7-a7d8-c3e0bfa06164,2,5324.705534
2026/02/05/11:50:16,running-time,rs-005694-slkwj,6fa0401c-2a0e-4aa7-a7d8-c3e0bfa06164,2,5324.705534
2026/02/05/11:50:16,apply-time,rs-005694-xc6hm,b9a1261f-6fb3-4856-8a29-9db3a7f84d71,2,5324.705534
2026/02/05/11:50:16,running-time,rs-005694-xc6hm,b9a1261f-6fb3-4856-8a29-9db3a7f84d71,2,5325.705534
2026/02/05/11:50:16,apply-time,rs-005695-2lgmc,a39863ab-4413-4609-b5ba-085842591900,3,5324.705534
2026/02/05/11:50:16,running-time,rs-005695-2lgmc,a39863ab-4413-4609-b5ba-085842591900,3,5325.705534
2026/02/05/11:50:16,apply-time,rs-005695-6kdls,7547df9b-33a4-4891-8e56-6db117c51b62,3,5324.705534
2026/02/05/11:50:16,running-time,rs-005695-6kdls,7547df9b-33a4-4891-8e56-6db117c51b62,3,5325.705534
2026/02/05/11:50:16,apply-time,rs-005696-5tgwb,0381acb4-d078-4b18-a14f-23bd005a6d70,1,5325.705534
2026/02/05/11:50:16,apply-time,rs-005696-lfvfk,66a60186-573a-49e5-ab22-b8f40dc0fa5a,1,5325.705534
2026/02/05/11:50:16,apply-time,rs-005697-b9whk,3b8c9f84-4d7e-4dd6-a196-01b0a5c1a828,4,5325.705534
2026/02/05/11:50:17,apply-time,rs-005697-bgs54,4139637d-1916-4421-b70e-88fadb976626,4,5325.705534
2026/02/05/11:50:17,apply-time,rs-005697-bpf2r,aa08d1e9-e84f-4ad7-a43c-2b3dcbbc3576,4,5325.705534
2026/02/05/11:50:17,apply-time,rs-005698-vbhdp,78075dc0-53ea-4231-8e63-2a9333ef4803,4,5326.705534
2026/02/05/11:50:17,running-time,rs-005698-vbhdp,78075dc0-53ea-4231-8e63-2a9333ef4803,4,5326.705534
2026/02/05/11:50:17,apply-time,rs-005698-wmqj9,2d975cb1-2d97-4a33-994d-62cf164e7c2b,4,5326.705534
2026/02/05/11:50:17,running-time,rs-005698-wmqj9,2d975cb1-2d97-4a33-994d-62cf164e7c2b,4,5326.705534
2026/02/05/11:50:18,running-time,rs-005697-bgs54,4139637d-1916-4421-b70e-88fadb976626,4,5327.705534
2026/02/05/11:50:19,running-time,rs-005697-bpf2r,aa08d1e9-e84f-4ad7-a43c-2b3dcbbc3576,4,5328.705534
2026/02/05/11:50:20,running-time,rs-005693-n9rvd,f3a64193-478e-425e-bbc0-c11769024146,4,5328.705534
2026/02/05/11:50:20,running-time,rs-005697-b9whk,3b8c9f84-4d7e-4dd6-a196-01b0a5c1a828,4,5328.705534
2026/02/05/11:50:23,running-time,rs-005696-lfvfk,66a60186-573a-49e5-ab22-b8f40dc0fa5a,1,5331.705534
2026/02/05/11:50:26,running-time,rs-005696-5tgwb,0381acb4-d078-4b18-a14f-23bd005a6d70,1,5335.705534
2026/02/05/11:50:26,apply-time,rs-005699-rv4tn,fb488a3e-02e7-4c6f-bcc5-98b16540017a,3,5335.705534
2026/02/05/11:50:26,running-time,rs-005699-rv4tn,fb488a3e-02e7-4c6f-bcc5-98b16540017a,3,5335.705534
2026/02/05/11:50:26,apply-time,rs-005700-d28w8,9f7acd44-05c2-4673-ba33-f24e1f7e7660,2,5335.705534
2026/02/05/11:50:26,running-time,rs-005700-d28w8,9f7acd44-05c2-4673-ba33-f24e1f7e7660,2,5335.705534
2026/02/05/11:50:26,apply-time,rs-005701-mxttq,8915ca84-169b-4a66-a08a-3149c23852e7,1,5335.705534
2026/02/05/11:50:26,running-time,rs-005701-mxttq,8915ca84-169b-4a66-a08a-3149c23852e7,1,5335.705534
2026/02/05/11:50:26,apply-time,rs-005702-5rbsn,410fc817-84f5-449f-9513-4ecb3432bcde,4,5335.705534
2026/02/05/11:50:26,running-time,rs-005702-5rbsn,410fc817-84f5-449f-9513-4ecb3432bcde,4,5335.705534
2026/02/05/11:50:26,apply-time,rs-005703-22ld5,4aa0a583-75ba-4703-b540-d7d5dcd85ccd,1,5335.705534
2026/02/05/11:50:26,apply-time,rs-005703-92hm7,ff3804b8-8129-4462-9b0d-f5b316519a0a,1,5335.705534
2026/02/05/11:50:26,apply-time,rs-005703-j8vfz,b50e0884-0e75-4ed0-88d2-15c95063d2b8,1,5335.705534
2026/02/05/11:50:26,apply-time,rs-005706-kdg6m,20f92330-1b0e-43a9-a734-87e1ce0314cd,3,5335.705534
2026/02/05/11:50:27,apply-time,rs-005704-p7t9g,262f7326-4128-45a4-9381-42f2c9dd25ca,1,5335.705534
2026/02/05/11:50:27,running-time,rs-005704-p7t9g,262f7326-4128-45a4-9381-42f2c9dd25ca,1,5335.705534
2026/02/05/11:50:27,apply-time,rs-005705-xqqvh,c8bee040-3bbc-484f-8dbf-ed718d292d73,4,5335.705534
2026/02/05/11:50:27,running-time,rs-005705-xqqvh,c8bee040-3bbc-484f-8dbf-ed718d292d73,4,5335.705534
2026/02/05/11:50:27,apply-time,rs-005707-bwz6x,05d524ee-0f00-4171-9e8c-cf86a4b607d7,3,5335.705534
2026/02/05/11:50:27,running-time,rs-005707-bwz6x,05d524ee-0f00-4171-9e8c-cf86a4b607d7,3,5335.705534
2026/02/05/11:50:27,apply-time,rs-005708-5cmlf,ba5725dd-519c-4085-9268-2442a1a3185e,1,5335.705534
2026/02/05/11:50:27,apply-time,rs-005708-gzh6v,0ceeeebd-bd3b-456b-a0c9-3d9ab538f1f6,1,5336.705534
2026/02/05/11:50:27,apply-time,rs-005709-8x69s,78d7255b-cc39-45cb-b215-9efa8cb5795d,3,5336.705534
2026/02/05/11:50:28,apply-time,rs-005710-gc99j,9d065e8a-4966-4efa-9e4d-2c1c7148b622,4,5337.705534
2026/02/05/11:50:28,running-time,rs-005710-gc99j,9d065e8a-4966-4efa-9e4d-2c1c7148b622,4,5337.705534
2026/02/05/11:50:38,apply-time,rs-005711-862rr,ce2d9e10-d5f0-4fd0-af01-73dba29c27c5,2,5346.705534
2026/02/05/11:50:38,running-time,rs-005711-862rr,ce2d9e10-d5f0-4fd0-af01-73dba29c27c5,2,5346.705534
2026/02/05/11:50:43,apply-time,rs-005712-rrxx7,dd8f060d-fb20-4737-a687-12c724f52641,3,5352.705534
2026/02/05/11:50:43,running-time,rs-005712-rrxx7,dd8f060d-fb20-4737-a687-12c724f52641,3,5352.705534
2026/02/05/11:50:43,apply-time,rs-005712-s7b2h,ffa6f23d-6889-47ee-924d-6904e3d2838a,3,5352.705534
2026/02/05/11:50:43,running-time,rs-005712-s7b2h,ffa6f23d-6889-47ee-924d-6904e3d2838a,3,5352.705534
2026/02/05/11:50:43,apply-time,rs-005713-tljqr,83cb0544-dab6-4727-a90d-4de799ee0586,4,5352.705534
2026/02/05/11:50:43,running-time,rs-005713-tljqr,83cb0544-dab6-4727-a90d-4de799ee0586,4,5352.705534
2026/02/05/11:50:43,apply-time,rs-005713-x8wn7,a89f8b24-4058-492e-addd-feb2b95f1e14,4,5352.705534
2026/02/05/11:50:43,running-time,rs-005713-x8wn7,a89f8b24-4058-492e-addd-feb2b95f1e14,4,5352.705534
2026/02/05/11:50:48,apply-time,rs-005714-5nwmh,f17c0e49-d615-458e-8ce4-d845602f3aba,1,5356.705534
2026/02/05/11:50:48,running-time,rs-005714-5nwmh,f17c0e49-d615-458e-8ce4-d845602f3aba,1,5356.705534
2026/02/05/11:50:48,apply-time,rs-005715-7t2mk,3f66cc75-7c7e-4eea-be40-a989863d5608,3,5356.705534
2026/02/05/11:50:48,running-time,rs-005715-7t2mk,3f66cc75-7c7e-4eea-be40-a989863d5608,3,5356.705534
2026/02/05/11:50:48,apply-time,rs-005715-8nwbp,9c4eddd0-c502-44da-8c9e-9684d1da7ff7,3,5356.705534
2026/02/05/11:50:48,running-time,rs-005715-8nwbp,9c4eddd0-c502-44da-8c9e-9684d1da7ff7,3,5356.705534
2026/02/05/11:50:48,apply-time,rs-005715-8vx4p,cf62494d-295d-4172-9163-549d4e9c3df7,3,5356.705534
2026/02/05/11:50:48,running-time,rs-005715-8vx4p,cf62494d-295d-4172-9163-549d4e9c3df7,3,5356.705534
2026/02/05/11:50:48,apply-time,rs-005716-hsb8x,7c81668f-2a05-46ff-8127-af5b358f4c65,4,5356.705534
2026/02/05/11:50:48,running-time,rs-005716-hsb8x,7c81668f-2a05-46ff-8127-af5b358f4c65,4,5357.705534
2026/02/05/11:50:48,apply-time,rs-005716-q4pbp,715c45d8-4b8e-485a-addf-72c2d8babd87,4,5357.705534
2026/02/05/11:50:48,running-time,rs-005716-q4pbp,715c45d8-4b8e-485a-addf-72c2d8babd87,4,5357.705534
2026/02/05/11:50:48,apply-time,rs-005716-w6crb,db90e8e6-821e-4a24-92f2-372052497cbe,4,5357.705534
2026/02/05/11:50:48,running-time,rs-005716-w6crb,db90e8e6-821e-4a24-92f2-372052497cbe,4,5357.705534
2026/02/05/11:50:49,apply-time,rs-005717-c2jnj,c4d5ea45-85bb-4f39-a9a6-e445a2e31597,3,5357.705534
2026/02/05/11:50:49,apply-time,rs-005717-fnpw5,4bd3b6e9-ddf1-4f80-b905-73635419059f,3,5357.705534
2026/02/05/11:50:49,apply-time,rs-005718-2q42c,08f33b59-0aa7-494a-88b3-917e5032462e,3,5357.705534
2026/02/05/11:50:49,running-time,rs-005718-2q42c,08f33b59-0aa7-494a-88b3-917e5032462e,3,5357.705534
2026/02/05/11:50:49,apply-time,rs-005718-8pmww,e529e0dd-2bdf-4f6b-8f1d-03e9ea6a3deb,3,5357.705534
2026/02/05/11:50:49,running-time,rs-005718-8pmww,e529e0dd-2bdf-4f6b-8f1d-03e9ea6a3deb,3,5357.705534
2026/02/05/11:50:49,apply-time,rs-005718-tq7cv,cc131752-aa51-4a86-8009-052b50924c22,3,5357.705534
2026/02/05/11:50:49,running-time,rs-005718-tq7cv,cc131752-aa51-4a86-8009-052b50924c22,3,5357.705534
2026/02/05/11:50:49,apply-time,rs-005719-m6tzq,4a5d2893-25db-4590-9469-c7c782c3a701,1,5357.705534
2026/02/05/11:50:49,running-time,rs-005719-m6tzq,4a5d2893-25db-4590-9469-c7c782c3a701,1,5357.705534
2026/02/05/11:50:50,apply-time,rs-005720-9cvkg,3816b0bd-d996-4bc0-8417-096551345af8,3,5358.705534
2026/02/05/11:50:50,running-time,rs-005720-9cvkg,3816b0bd-d996-4bc0-8417-096551345af8,3,5358.705534
2026/02/05/11:50:50,apply-time,rs-005721-5gwkh,8d5ef63c-137a-4fef-ac13-ccc0df0b6df6,4,5359.705534
2026/02/05/11:50:50,running-time,rs-005721-5gwkh,8d5ef63c-137a-4fef-ac13-ccc0df0b6df6,4,5359.705534
2026/02/05/11:50:50,apply-time,rs-005721-drdmr,9ac8930d-2a8d-4503-8655-a69c484e2d99,4,5359.705534
2026/02/05/11:50:50,running-time,rs-005721-drdmr,9ac8930d-2a8d-4503-8655-a69c484e2d99,4,5359.705534
2026/02/05/11:50:50,apply-time,rs-005721-wbb5m,b4b88586-188e-4a7a-8bab-596d3537aaba,4,5359.705534
2026/02/05/11:50:50,running-time,rs-005721-wbb5m,b4b88586-188e-4a7a-8bab-596d3537aaba,4,5359.705534
2026/02/05/11:50:50,apply-time,rs-005722-2xknc,4b718be0-5db1-4980-9b8f-6bde302e0aee,3,5359.705534
2026/02/05/11:50:50,running-time,rs-005722-2xknc,4b718be0-5db1-4980-9b8f-6bde302e0aee,3,5359.705534
2026/02/05/11:50:50,apply-time,rs-005722-s9kwc,c26e51c8-d612-4863-82bd-fff556fc9673,3,5359.705534
2026/02/05/11:50:50,running-time,rs-005722-s9kwc,c26e51c8-d612-4863-82bd-fff556fc9673,3,5359.705534
2026/02/05/11:50:50,apply-time,rs-005723-7zvbv,b283b00b-7bb5-4304-a99b-2867839ab28e,4,5359.705534
2026/02/05/11:50:50,running-time,rs-005723-7zvbv,b283b00b-7bb5-4304-a99b-2867839ab28e,4,5359.705534
2026/02/05/11:50:50,apply-time,rs-005723-jbzkh,3da19d6f-3a53-40e7-8901-b4c306749988,4,5359.705534
2026/02/05/11:50:50,apply-time,rs-005724-49rw6,5e18a801-9746-4b37-b630-479e7634fa35,1,5359.705534
2026/02/05/11:50:50,running-time,rs-005724-49rw6,5e18a801-9746-4b37-b630-479e7634fa35,1,5359.705534
2026/02/05/11:50:50,apply-time,rs-005724-pw6nv,d9db820b-fca4-4720-9b67-010fb27c87c0,1,5359.705534
2026/02/05/11:50:50,running-time,rs-005724-pw6nv,d9db820b-fca4-4720-9b67-010fb27c87c0,1,5359.705534
2026/02/05/11:50:51,apply-time,rs-005725-f7dcn,8f752747-f6fa-41e2-b9d2-b574e01eaddb,2,5360.705534
2026/02/05/11:50:51,apply-time,rs-005726-c8qcf,aca75c8d-52ea-4f40-ba65-29177762fc0f,1,5360.705534
2026/02/05/11:50:51,apply-time,rs-005726-mmpc6,e8f48b00-6b26-4756-8645-1052a6ead671,1,5360.705534
2026/02/05/11:50:51,running-time,rs-005726-mmpc6,e8f48b00-6b26-4756-8645-1052a6ead671,1,5360.705534
2026/02/05/11:50:51,apply-time,rs-005726-xxcx6,29bd12cd-d6a1-49a3-aa2a-8af0931cf9b4,1,5360.705534
2026/02/05/11:50:52,running-time,rs-005725-f7dcn,8f752747-f6fa-41e2-b9d2-b574e01eaddb,2,5360.705534
2026/02/05/11:50:52,running-time,rs-005726-c8qcf,aca75c8d-52ea-4f40-ba65-29177762fc0f,1,5360.705534
2026/02/05/11:50:52,running-time,rs-005726-xxcx6,29bd12cd-d6a1-49a3-aa2a-8af0931cf9b4,1,5360.705534
2026/02/05/11:50:53,running-time,rs-005723-jbzkh,3da19d6f-3a53-40e7-8901-b4c306749988,4,5361.705534
2026/02/05/11:50:59,apply-time,rs-005727-v7vj7,a36aa3c9-3511-48e4-979c-2a1908c79239,2,5367.705534
2026/02/05/11:50:59,running-time,rs-005727-v7vj7,a36aa3c9-3511-48e4-979c-2a1908c79239,2,5367.705534
2026/02/05/11:50:59,apply-time,rs-005728-l7fjw,ba142125-6eb7-47a3-bd53-b87a99a574ad,1,5368.705534
2026/02/05/11:50:59,apply-time,rs-005729-748q4,aa2e44e6-7544-421a-ad32-4d739ceea5a8,4,5368.705534
2026/02/05/11:50:59,running-time,rs-005729-748q4,aa2e44e6-7544-421a-ad32-4d739ceea5a8,4,5368.705534
2026/02/05/11:50:59,apply-time,rs-005730-67vpl,ce724965-aac2-4dae-88f8-77c63ff585dc,4,5368.705534
2026/02/05/11:50:59,running-time,rs-005730-67vpl,ce724965-aac2-4dae-88f8-77c63ff585dc,4,5368.705534
2026/02/05/11:50:59,apply-time,rs-005730-glgl9,1ac8b032-2411-4851-b382-e166ff843d58,4,5368.705534
2026/02/05/11:50:59,running-time,rs-005730-glgl9,1ac8b032-2411-4851-b382-e166ff843d58,4,5368.705534
2026/02/05/11:50:59,apply-time,rs-005731-4qgsr,04a85ca3-5f8d-4685-b21c-150e5640fde4,1,5368.705534
2026/02/05/11:50:59,running-time,rs-005731-4qgsr,04a85ca3-5f8d-4685-b21c-150e5640fde4,1,5368.705534
2026/02/05/11:50:59,apply-time,rs-005731-f29mt,1bc5874c-50db-4ac4-9723-a1b30c53322b,1,5368.705534
2026/02/05/11:50:59,running-time,rs-005731-f29mt,1bc5874c-50db-4ac4-9723-a1b30c53322b,1,5368.705534
2026/02/05/11:50:59,apply-time,rs-005731-njxz8,fac347df-fa9b-4283-828a-b79fb8f68557,1,5368.705534
2026/02/05/11:50:59,running-time,rs-005731-njxz8,fac347df-fa9b-4283-828a-b79fb8f68557,1,5368.705534
2026/02/05/11:50:59,apply-time,rs-005732-96jll,7d4fb08b-7ddb-4f56-9733-44c7edb0263b,1,5368.705534
2026/02/05/11:50:59,running-time,rs-005732-96jll,7d4fb08b-7ddb-4f56-9733-44c7edb0263b,1,5368.705534
2026/02/05/11:50:59,apply-time,rs-005732-cbngw,93557b9b-a2fd-4046-85eb-f553c0b6685f,1,5368.705534
2026/02/05/11:50:59,running-time,rs-005732-cbngw,93557b9b-a2fd-4046-85eb-f553c0b6685f,1,5368.705534
2026/02/05/11:50:59,apply-time,rs-005732-xrt7m,bcc05e90-deec-4423-811e-303ce2843f04,1,5368.705534
2026/02/05/11:50:59,running-time,rs-005732-xrt7m,bcc05e90-deec-4423-811e-303ce2843f04,1,5368.705534
2026/02/05/11:50:59,apply-time,rs-005733-bz2hv,0d79316b-49f8-493f-9d54-28bb04d0de18,4,5368.705534
2026/02/05/11:50:59,running-time,rs-005733-bz2hv,0d79316b-49f8-493f-9d54-28bb04d0de18,4,5368.705534
2026/02/05/11:50:59,apply-time,rs-005734-7kvrl,a17d36e6-8b74-488b-badd-4f5a84a4b342,1,5368.705534
2026/02/05/11:50:59,running-time,rs-005734-7kvrl,a17d36e6-8b74-488b-badd-4f5a84a4b342,1,5368.705534
2026/02/05/11:50:59,apply-time,rs-005734-rxhrj,5a837753-e05d-4cd9-926d-0868c9e441ef,1,5368.705534
2026/02/05/11:50:59,running-time,rs-005734-rxhrj,5a837753-e05d-4cd9-926d-0868c9e441ef,1,5368.705534
2026/02/05/11:50:59,apply-time,rs-005734-sxhz5,7fdb89ec-1774-41f2-90b0-e1ac14ff8010,1,5368.705534
2026/02/05/11:50:59,running-time,rs-005734-sxhz5,7fdb89ec-1774-41f2-90b0-e1ac14ff8010,1,5368.705534
2026/02/05/11:51:00,apply-time,rs-005733-2pkmq,b1a3295d-c8be-4084-bb05-0a85a08475d0,4,5368.705534
2026/02/05/11:51:00,apply-time,rs-005735-5m5mn,eecec2b0-d9af-4eae-b248-80e57a05af9e,3,5369.705534
2026/02/05/11:51:00,running-time,rs-005735-5m5mn,eecec2b0-d9af-4eae-b248-80e57a05af9e,3,5369.705534
2026/02/05/11:51:00,apply-time,rs-005735-kxd2l,b1a5f86c-59af-4b58-ac87-a069ba4a9a64,3,5369.705534
2026/02/05/11:51:00,running-time,rs-005735-kxd2l,b1a5f86c-59af-4b58-ac87-a069ba4a9a64,3,5369.705534
2026/02/05/11:51:00,apply-time,rs-005735-npt6q,e8c493e8-fba5-4584-9c54-57ef6fb725a6,3,5369.705534
2026/02/05/11:51:00,running-time,rs-005735-npt6q,e8c493e8-fba5-4584-9c54-57ef6fb725a6,3,5369.705534
2026/02/05/11:51:00,apply-time,rs-005736-hvn8h,c142ffb2-0eb3-44df-9ca7-34a71706321d,2,5369.705534
2026/02/05/11:51:00,running-time,rs-005736-hvn8h,c142ffb2-0eb3-44df-9ca7-34a71706321d,2,5369.705534
2026/02/05/11:51:00,apply-time,rs-005736-j7cf6,e063221e-8bbd-499f-8a63-688055d104fb,2,5369.705534
2026/02/05/11:51:00,running-time,rs-005736-j7cf6,e063221e-8bbd-499f-8a63-688055d104fb,2,5369.705534
2026/02/05/11:51:00,apply-time,rs-005737-2z569,093632d3-8626-4185-aa1f-d666f7c6de2e,3,5369.705534
2026/02/05/11:51:00,running-time,rs-005737-2z569,093632d3-8626-4185-aa1f-d666f7c6de2e,3,5369.705534
2026/02/05/11:51:01,apply-time,rs-005738-drp9h,f1f09d09-ac6c-4daf-b21f-1a12ce70616b,2,5370.705534
2026/02/05/11:51:01,apply-time,rs-005738-jrcxc,502984d5-54d8-45ab-a4e9-4fa51214dea0,2,5370.705534
2026/02/05/11:51:01,apply-time,rs-005738-xnfz8,692d49c2-3161-4c0b-a080-c021ae2a0f74,2,5370.705534
2026/02/05/11:51:01,apply-time,rs-005739-8txlc,ed096971-e6e0-4027-ab65-38ece2ada1d1,3,5369.705534
2026/02/05/11:51:01,running-time,rs-005739-8txlc,ed096971-e6e0-4027-ab65-38ece2ada1d1,3,5369.705534
2026/02/05/11:51:01,apply-time,rs-005740-l7rbs,3ad0a265-5bdb-4ec1-ae49-51f49b42c710,2,5369.705534
2026/02/05/11:51:01,running-time,rs-005740-l7rbs,3ad0a265-5bdb-4ec1-ae49-51f49b42c710,2,5369.705534
2026/02/05/11:51:01,apply-time,rs-005740-zmrjh,b1960af9-bd58-46fd-8e81-4368137dd081,2,5370.705534
2026/02/05/11:51:01,running-time,rs-005740-zmrjh,b1960af9-bd58-46fd-8e81-4368137dd081,2,5370.705534
2026/02/05/11:51:01,apply-time,rs-005741-7r4wm,bcd5c79a-b9a6-42d6-93ea-b9ebb0947fbd,4,5370.705534
2026/02/05/11:51:01,apply-time,rs-005741-jtmxp,612c3b23-7c9f-46b3-b0bf-a9a8e82b6047,4,5370.705534
2026/02/05/11:51:01,apply-time,rs-005741-tdnlj,b7022ba1-d777-4ded-96a0-ed0ba9fca895,4,5370.705534
2026/02/05/11:51:01,apply-time,rs-005742-krsw7,e0e19bcc-0675-48c4-bf9b-d2457b02977f,1,5370.705534
2026/02/05/11:51:02,running-time,rs-005738-drp9h,f1f09d09-ac6c-4daf-b21f-1a12ce70616b,2,5371.705534
2026/02/05/11:51:02,running-time,rs-005738-xnfz8,692d49c2-3161-4c0b-a080-c021ae2a0f74,2,5371.705534
2026/02/05/11:51:02,apply-time,rs-005742-jrw5k,41687a74-bd1f-428b-a935-a51d38585298,1,5371.705534
2026/02/05/11:51:02,apply-time,rs-005743-cvr5t,89181c12-44a5-48e2-9d3e-ce9ab0f1e4b1,1,5371.705534
2026/02/05/11:51:02,running-time,rs-005743-cvr5t,89181c12-44a5-48e2-9d3e-ce9ab0f1e4b1,1,5371.705534
2026/02/05/11:51:02,apply-time,rs-005744-gqd9n,2407cd39-ac62-4be2-8487-1fa7ce99684c,4,5371.705534
2026/02/05/11:51:02,apply-time,rs-005745-44r7c,74f57dcc-6f73-41f0-82c5-29628b8ac35c,2,5370.705534
2026/02/05/11:51:02,running-time,rs-005745-44r7c,74f57dcc-6f73-41f0-82c5-29628b8ac35c,2,5370.705534
2026/02/05/11:51:02,apply-time,rs-005746-qv8d5,038217ce-5e3c-47fa-9f5e-e62ae1f37007,2,5371.705534
2026/02/05/11:51:02,apply-time,rs-005746-s96g5,d520178f-f337-4185-8f99-9ba3b5d292b5,2,5370.705534
2026/02/05/11:51:02,apply-time,rs-005747-5rf9z,403b8562-c5b8-4e96-84c7-e7d5096b9cb2,2,5371.705534
2026/02/05/11:51:02,running-time,rs-005747-5rf9z,403b8562-c5b8-4e96-84c7-e7d5096b9cb2,2,5371.705534
2026/02/05/11:51:02,apply-time,rs-005748-nvmvh,6ba2fb18-fa6f-4ef4-aa39-0a1eba7aa6a4,3,5371.705534
2026/02/05/11:51:02,apply-time,rs-005749-pg2v7,d523fa2e-2a33-485e-94da-c63523373c83,1,5371.705534
2026/02/05/11:51:02,running-time,rs-005749-pg2v7,d523fa2e-2a33-485e-94da-c63523373c83,1,5371.705534
2026/02/05/11:51:03,running-time,rs-005738-jrcxc,502984d5-54d8-45ab-a4e9-4fa51214dea0,2,5372.705534
2026/02/05/11:51:03,running-time,rs-005742-krsw7,e0e19bcc-0675-48c4-bf9b-d2457b02977f,1,5372.705534
2026/02/05/11:51:03,apply-time,rs-005747-vrvj7,941ef599-8083-4a02-84b6-072cf3fe80c1,2,5371.705534
2026/02/05/11:51:03,running-time,rs-005747-vrvj7,941ef599-8083-4a02-84b6-072cf3fe80c1,2,5372.705534
2026/02/05/11:51:03,apply-time,rs-005748-fmmnb,011c92dd-69f3-4603-ab98-97676c0129a5,3,5371.705534
2026/02/05/11:51:03,running-time,rs-005748-fmmnb,011c92dd-69f3-4603-ab98-97676c0129a5,3,5372.705534
2026/02/05/11:51:03,running-time,rs-005748-nvmvh,6ba2fb18-fa6f-4ef4-aa39-0a1eba7aa6a4,3,5371.705534
2026/02/05/11:51:03,apply-time,rs-005748-r9lln,49c4b016-5d14-454b-b165-7ef733669120,3,5372.705534
2026/02/05/11:51:03,running-time,rs-005748-r9lln,49c4b016-5d14-454b-b165-7ef733669120,3,5372.705534
2026/02/05/11:51:03,apply-time,rs-005750-cc4ql,b71562c2-848a-4559-8650-354333d913c7,1,5372.705534
2026/02/05/11:51:03,running-time,rs-005750-cc4ql,b71562c2-848a-4559-8650-354333d913c7,1,5372.705534
2026/02/05/11:51:03,apply-time,rs-005751-782bw,2916a027-ee1f-44d1-99a2-d82df7240013,3,5372.705534
2026/02/05/11:51:03,running-time,rs-005751-782bw,2916a027-ee1f-44d1-99a2-d82df7240013,3,5372.705534
2026/02/05/11:51:03,apply-time,rs-005752-99zkw,ccd9c5ad-2ca2-427f-bc17-09864e2d74c1,1,5372.705534
2026/02/05/11:51:03,apply-time,rs-005752-9xnvn,efb0c907-f608-4f35-ad55-8eebf08223f9,1,5372.705534
2026/02/05/11:51:03,apply-time,rs-005752-kxjsr,ff9749ef-8532-4e8e-adb2-042c142648ae,1,5372.705534
2026/02/05/11:51:03,apply-time,rs-005753-2mbfz,b7378e4f-2b57-4894-9596-712b973ee912,1,5372.705534
2026/02/05/11:51:03,running-time,rs-005753-2mbfz,b7378e4f-2b57-4894-9596-712b973ee912,1,5372.705534
2026/02/05/11:51:03,apply-time,rs-005754-x2wlr,e5d75d09-2ce0-49c8-b7b4-3349e3047132,2,5372.705534
2026/02/05/11:51:04,apply-time,rs-005755-g9b7f,2e3dc51b-db81-46c6-a631-ffb3a2d3f110,2,5372.705534
2026/02/05/11:51:04,running-time,rs-005755-g9b7f,2e3dc51b-db81-46c6-a631-ffb3a2d3f110,2,5372.705534
2026/02/05/11:51:08,apply-time,rs-005757-k4tqt,6b101e95-33a7-477e-bdf6-cfee7c570e42,2,5376.705534
2026/02/05/11:51:08,running-time,rs-005757-k4tqt,6b101e95-33a7-477e-bdf6-cfee7c570e42,2,5376.705534
2026/02/05/11:51:08,apply-time,rs-005758-rpfz8,84ad742e-118d-45b0-9cce-976885336f3d,2,5377.705534
2026/02/05/11:51:08,running-time,rs-005758-rpfz8,84ad742e-118d-45b0-9cce-976885336f3d,2,5377.705534
2026/02/05/11:51:08,apply-time,rs-005759-8stnp,2f930a7f-7fc8-46e2-bd06-0881b55ce0ea,1,5377.705534
2026/02/05/11:51:08,running-time,rs-005759-8stnp,2f930a7f-7fc8-46e2-bd06-0881b55ce0ea,1,5377.705534
2026/02/05/11:51:08,apply-time,rs-005759-zqflb,a7235d0b-8320-413c-bde9-949b1be7bd02,1,5377.705534
2026/02/05/11:51:08,running-time,rs-005759-zqflb,a7235d0b-8320-413c-bde9-949b1be7bd02,1,5377.705534
2026/02/05/11:51:08,apply-time,rs-005760-tz4dv,e85ad559-4860-4a35-9811-6fad7035c141,1,5377.705534
2026/02/05/11:51:08,running-time,rs-005760-tz4dv,e85ad559-4860-4a35-9811-6fad7035c141,1,5377.705534
2026/02/05/11:51:08,apply-time,rs-005761-whtvx,99916176-7282-4355-8bbe-6723766754f9,2,5377.705534
2026/02/05/11:51:08,apply-time,rs-005761-zr8z2,09593daa-04f5-4466-87d6-3231cb80442f,2,5377.705534
2026/02/05/11:51:08,apply-time,rs-005762-74lvq,6c9de2e4-ad10-4864-a528-c406564572ce,2,5377.705534
2026/02/05/11:51:08,apply-time,rs-005762-rckmf,a6f4cead-f110-4187-a40d-f62cde7e9771,2,5377.705534
2026/02/05/11:51:08,apply-time,rs-005762-srmds,df4448f3-f6d8-404a-b1df-5e9ce24f8eba,2,5377.705534
2026/02/05/11:51:08,apply-time,rs-005763-trjvp,3bd959a4-7585-4267-9902-77d7be127f81,3,5377.705534
2026/02/05/11:51:08,apply-time,rs-005764-sgbrt,d1cd4b81-226c-4d34-9da5-32e0ca35806f,3,5377.705534
2026/02/05/11:51:08,running-time,rs-005764-sgbrt,d1cd4b81-226c-4d34-9da5-32e0ca35806f,3,5377.705534
2026/02/05/11:51:09,apply-time,rs-005763-fkwhm,d20cc7a6-6250-4742-8ea9-443422eb2d3c,3,5377.705534
2026/02/05/11:51:09,apply-time,rs-005763-gh5c4,083446e2-522f-4cd3-bfc7-1301ea4526ef,3,5377.705534
2026/02/05/11:51:09,apply-time,rs-005764-pcwrc,e5b16c12-9464-4ae8-9d5c-b56fd27b6afb,3,5377.705534
2026/02/05/11:51:09,running-time,rs-005764-pcwrc,e5b16c12-9464-4ae8-9d5c-b56fd27b6afb,3,5377.705534
2026/02/05/11:51:09,apply-time,rs-005765-77nzd,31205fc4-c4a9-4893-a836-7f2b2f232962,2,5378.705534
2026/02/05/11:51:09,apply-time,rs-005765-j2d28,51da4f96-fff4-48e1-acf6-c996e097bd41,2,5378.705534
2026/02/05/11:51:09,apply-time,rs-005766-xwhbv,27782b8a-a227-4dd2-8030-6c032a23540d,1,5378.705534
2026/02/05/11:51:09,running-time,rs-005766-xwhbv,27782b8a-a227-4dd2-8030-6c032a23540d,1,5378.705534
2026/02/05/11:51:09,apply-time,rs-005767-thlqw,f62acba2-defd-4c67-a9fb-6983a5e80fd0,4,5378.705534
2026/02/05/11:51:09,apply-time,rs-005768-jdzdd,54f81963-8983-42bb-a6ed-481a5c714e87,4,5378.705534
2026/02/05/11:51:09,running-time,rs-005768-jdzdd,54f81963-8983-42bb-a6ed-481a5c714e87,4,5378.705534
2026/02/05/11:51:09,apply-time,rs-005769-qrzlz,30704879-7865-463a-a0a4-adad4a0c757c,1,5378.705534
2026/02/05/11:51:09,running-time,rs-005769-qrzlz,30704879-7865-463a-a0a4-adad4a0c757c,1,5378.705534
2026/02/05/11:51:10,running-time,rs-005763-fkwhm,d20cc7a6-6250-4742-8ea9-443422eb2d3c,3,5378.705534
2026/02/05/11:51:10,running-time,rs-005763-trjvp,3bd959a4-7585-4267-9902-77d7be127f81,3,5378.705534
2026/02/05/11:51:10,apply-time,rs-005766-bnzhb,6224f314-da8b-46db-9d7c-db4b6dcfdc4d,1,5378.705534
2026/02/05/11:51:10,running-time,rs-005767-thlqw,f62acba2-defd-4c67-a9fb-6983a5e80fd0,4,5378.705534
2026/02/05/11:51:10,apply-time,rs-005768-nflz4,722039b6-4188-4a6b-95cd-414cdaa0cf09,4,5378.705534
2026/02/05/11:51:10,running-time,rs-005768-nflz4,722039b6-4188-4a6b-95cd-414cdaa0cf09,4,5379.705534
2026/02/05/11:51:10,apply-time,rs-005768-np2p5,1f4fac40-6da9-4e73-8a50-3a7f3afd1ec2,4,5378.705534
2026/02/05/11:51:10,running-time,rs-005768-np2p5,1f4fac40-6da9-4e73-8a50-3a7f3afd1ec2,4,5378.705534
2026/02/05/11:51:10,apply-time,rs-005770-9jkqh,026251f0-8582-49e9-ab48-a146e21902cf,3,5378.705534
2026/02/05/11:51:10,apply-time,rs-005771-ckgl2,5d68dcc9-7c95-4eaa-8d18-430467a697eb,4,5379.705534
2026/02/05/11:51:10,running-time,rs-005771-ckgl2,5d68dcc9-7c95-4eaa-8d18-430467a697eb,4,5379.705534
2026/02/05/11:51:10,apply-time,rs-005772-4fttj,4d7b9715-641d-4e3b-b5d3-80605839f4fa,1,5379.705534
2026/02/05/11:51:10,running-time,rs-005772-4fttj,4d7b9715-641d-4e3b-b5d3-80605839f4fa,1,5379.705534
2026/02/05/11:51:10,apply-time,rs-005772-zswkc,63bd0264-5703-4ae9-99c9-5277ab1f5379,1,5379.705534
2026/02/05/11:51:10,apply-time,rs-005773-8fnmt,41310f2b-74df-4f0e-8400-380cfa9f8622,4,5379.705534
2026/02/05/11:51:10,running-time,rs-005773-8fnmt,41310f2b-74df-4f0e-8400-380cfa9f8622,4,5379.705534
2026/02/05/11:51:10,apply-time,rs-005774-jgz5b,d92039a0-6ed2-4477-bedc-9babd26af446,3,5379.705534
2026/02/05/11:51:10,apply-time,rs-005775-jxvch,b2e68ba0-1ba2-44aa-8fe1-e039d5a05a72,3,5379.705534
2026/02/05/11:51:11,running-time,rs-005766-bnzhb,6224f314-da8b-46db-9d7c-db4b6dcfdc4d,1,5380.705534
2026/02/05/11:51:11,running-time,rs-005772-zswkc,63bd0264-5703-4ae9-99c9-5277ab1f5379,1,5380.705534
2026/02/05/11:51:11,apply-time,rs-005773-8wxvm,e1dbee63-7793-41d3-a958-ac60d648af71,4,5379.705534
2026/02/05/11:51:11,running-time,rs-005773-8wxvm,e1dbee63-7793-41d3-a958-ac60d648af71,4,5379.705534
2026/02/05/11:51:11,apply-time,rs-005776-6lplb,4c7a18d8-881e-4038-a235-e557873f0885,2,5380.705534
2026/02/05/11:51:11,apply-time,rs-005776-xr9pz,0148490b-49a8-4abe-b0ae-7d3b7a6135d3,2,5380.705534
2026/02/05/11:51:11,running-time,rs-005776-xr9pz,0148490b-49a8-4abe-b0ae-7d3b7a6135d3,2,5380.705534
2026/02/05/11:51:11,apply-time,rs-005777-cwl2t,815e4eb5-dbd3-487c-965a-ebf04346cc7a,3,5380.705534
2026/02/05/11:51:11,apply-time,rs-005777-st62r,f2a99154-6f0f-44e4-af6b-0ab1c7c355a3,3,5380.705534
2026/02/05/11:51:11,apply-time,rs-005777-x8qwl,f3075e18-46c8-4ee4-b26e-3e9fb6fab7f2,3,5380.705534
2026/02/05/11:51:12,running-time,rs-005762-74lvq,6c9de2e4-ad10-4864-a528-c406564572ce,2,5381.705534
2026/02/05/11:51:12,running-time,rs-005762-rckmf,a6f4cead-f110-4187-a40d-f62cde7e9771,2,5381.705534
2026/02/05/11:51:12,running-time,rs-005762-srmds,df4448f3-f6d8-404a-b1df-5e9ce24f8eba,2,5381.705534
2026/02/05/11:51:12,running-time,rs-005776-6lplb,4c7a18d8-881e-4038-a235-e557873f0885,2,5380.705534
2026/02/05/11:51:13,running-time,rs-005746-s96g5,d520178f-f337-4185-8f99-9ba3b5d292b5,2,5382.705534
2026/02/05/11:51:14,running-time,rs-005770-9jkqh,026251f0-8582-49e9-ab48-a146e21902cf,3,5382.705534
2026/02/05/11:51:18,apply-time,rs-005778-5hnhg,286fae73-d495-45e8-b978-4347147fe0b6,4,5387.705534
2026/02/05/11:51:18,apply-time,rs-005779-88q4s,6beaf4eb-c36e-435b-8a2c-ed9751c54ea8,2,5387.705534
2026/02/05/11:51:18,running-time,rs-005779-88q4s,6beaf4eb-c36e-435b-8a2c-ed9751c54ea8,2,5387.705534
2026/02/05/11:51:19,running-time,rs-005778-5hnhg,286fae73-d495-45e8-b978-4347147fe0b6,4,5387.705534
2026/02/05/11:51:19,apply-time,rs-005780-xzhzk,1bafedf9-e495-4ccf-82af-a440284fcbf1,3,5387.705534
2026/02/05/11:51:19,running-time,rs-005780-xzhzk,1bafedf9-e495-4ccf-82af-a440284fcbf1,3,5387.705534
2026/02/05/11:51:19,apply-time,rs-005781-nd79g,4a3ac764-7308-4bfa-8fde-d55472a80c10,1,5387.705534
2026/02/05/11:51:19,apply-time,rs-005781-q4b74,efbb59ff-8895-4d03-b2a6-190053c7e4e7,1,5387.705534
2026/02/05/11:51:19,apply-time,rs-005781-v5xnh,89f9f4e0-48af-4818-b5fc-6ea074d3a160,1,5387.705534
2026/02/05/11:51:19,apply-time,rs-005782-hwcfr,ad28666b-1f6f-4a0a-8807-228453c074f9,4,5387.705534
2026/02/05/11:51:19,apply-time,rs-005783-9tzkg,167ca362-e205-4bbb-8cc2-4c5a6abf416f,1,5388.705534
2026/02/05/11:51:19,apply-time,rs-005784-dsr5w,20f7d40b-d2a8-43e6-a576-9ea6e756104f,3,5388.705534
2026/02/05/11:51:19,running-time,rs-005784-dsr5w,20f7d40b-d2a8-43e6-a576-9ea6e756104f,3,5388.705534
2026/02/05/11:51:24,running-time,rs-005781-nd79g,4a3ac764-7308-4bfa-8fde-d55472a80c10,1,5392.705534
2026/02/05/11:51:26,apply-time,rs-005785-5wn9h,d70529f7-2a1d-457d-ac21-398b8cf33cf8,2,5395.705534
2026/02/05/11:51:27,running-time,rs-005785-5wn9h,d70529f7-2a1d-457d-ac21-398b8cf33cf8,2,5395.705534
2026/02/05/11:51:28,running-time,rs-005746-qv8d5,038217ce-5e3c-47fa-9f5e-e62ae1f37007,2,5396.705534
2026/02/05/11:51:28,running-time,rs-005781-q4b74,efbb59ff-8895-4d03-b2a6-190053c7e4e7,1,5397.705534
2026/02/05/11:51:28,running-time,rs-005781-v5xnh,89f9f4e0-48af-4818-b5fc-6ea074d3a160,1,5397.705534
2026/02/05/11:51:32,apply-time,rs-005786-4wdmw,946b81d5-7dcb-4fea-ae8b-06cd6d64d5dc,1,5400.705534
2026/02/05/11:51:32,apply-time,rs-005786-tljk7,1b703207-ec15-4065-ad82-2677ec5a9bfc,1,5400.705534
2026/02/05/11:51:32,apply-time,rs-005787-j84nr,f2dc3f75-dca5-49b5-835b-a2499057a5d8,1,5400.705534
2026/02/05/11:51:32,running-time,rs-005787-j84nr,f2dc3f75-dca5-49b5-835b-a2499057a5d8,1,5401.705534
2026/02/05/11:51:32,apply-time,rs-005788-vh4dh,d642054a-f7bd-4369-9e7f-2c14ad09741d,2,5401.705534
2026/02/05/11:51:32,running-time,rs-005788-vh4dh,d642054a-f7bd-4369-9e7f-2c14ad09741d,2,5401.705534
2026/02/05/11:51:32,apply-time,rs-005789-sqzq2,8a507d66-3722-42aa-9650-fc8027776e70,1,5401.705534
2026/02/05/11:51:32,running-time,rs-005789-sqzq2,8a507d66-3722-42aa-9650-fc8027776e70,1,5401.705534
2026/02/05/11:51:32,apply-time,rs-005789-xxpcj,ac2f59d0-6a68-44c3-93a2-a67d8ad98eb9,1,5401.705534
2026/02/05/11:51:32,running-time,rs-005789-xxpcj,ac2f59d0-6a68-44c3-93a2-a67d8ad98eb9,1,5401.705534
2026/02/05/11:51:32,apply-time,rs-005790-4l95n,4a159473-db62-4bfd-af43-51190e469190,2,5401.705534
2026/02/05/11:51:32,apply-time,rs-005790-5ckn9,a19ced54-758a-4b84-a9f4-a64ba4eee622,2,5401.705534
2026/02/05/11:51:32,running-time,rs-005790-5ckn9,a19ced54-758a-4b84-a9f4-a64ba4eee622,2,5401.705534
2026/02/05/11:51:32,apply-time,rs-005791-ghz7d,76c8160a-f3bf-417b-995f-39cae6074351,1,5401.705534
2026/02/05/11:51:32,running-time,rs-005791-ghz7d,76c8160a-f3bf-417b-995f-39cae6074351,1,5401.705534
2026/02/05/11:51:32,apply-time,rs-005791-vq8gz,93dc1453-f767-4826-918b-22456a1a1982,1,5401.705534
2026/02/05/11:51:32,running-time,rs-005791-vq8gz,93dc1453-f767-4826-918b-22456a1a1982,1,5401.705534
2026/02/05/11:51:32,apply-time,rs-005792-r48k8,d0ca1317-cf8f-4dc9-9d38-b0dadd8511f8,1,5401.705534
2026/02/05/11:51:32,apply-time,rs-005792-zzqtq,d1f77d12-3609-45c6-a5a0-f68291e28006,1,5401.705534
2026/02/05/11:51:33,apply-time,rs-005793-llsm8,6a4a112e-fec9-4556-92b3-2d616380b26a,3,5401.705534
2026/02/05/11:51:33,apply-time,rs-005793-rhmbx,13646472-f3ea-4232-8274-c92b214427d7,3,5401.705534
2026/02/05/11:51:33,apply-time,rs-005793-vq2p2,bab26f65-6e47-4bb4-bdbf-3b2e7d2ebcb0,3,5401.705534
2026/02/05/11:51:33,running-time,rs-005793-vq2p2,bab26f65-6e47-4bb4-bdbf-3b2e7d2ebcb0,3,5401.705534
2026/02/05/11:51:33,apply-time,rs-005794-jdj6v,3a09ea39-895d-4b3b-8270-c0eb402ccc88,1,5401.705534
2026/02/05/11:51:33,running-time,rs-005794-jdj6v,3a09ea39-895d-4b3b-8270-c0eb402ccc88,1,5401.705534
2026/02/05/11:51:33,apply-time,rs-005794-vvg8c,93eaf307-3964-423d-9069-b910d7a03c1b,1,5402.705534
2026/02/05/11:51:33,running-time,rs-005794-vvg8c,93eaf307-3964-423d-9069-b910d7a03c1b,1,5402.705534
2026/02/05/11:51:35,running-time,rs-005792-r48k8,d0ca1317-cf8f-4dc9-9d38-b0dadd8511f8,1,5404.705534
2026/02/05/11:51:36,apply-time,rs-005795-6t2lt,8ea093ed-e5f4-4acc-8754-230d1f639764,2,5404.705534
2026/02/05/11:51:36,running-time,rs-005795-6t2lt,8ea093ed-e5f4-4acc-8754-230d1f639764,2,5404.705534
2026/02/05/11:51:36,apply-time,rs-005796-2dkhq,5b8f875a-351b-4270-947a-d128feb21eaa,2,5404.705534
2026/02/05/11:51:36,apply-time,rs-005796-ldh8j,823cb5d1-c62f-476e-961e-0d96dfd747e9,2,5404.705534
2026/02/05/11:51:36,apply-time,rs-005797-4fwfq,b1f42d78-c4e3-43e7-b699-e7d7847445fd,4,5404.705534
2026/02/05/11:51:36,apply-time,rs-005797-5kbst,89dbaa37-ae4d-47a7-a081-8c1a0e0c8357,4,5404.705534
2026/02/05/11:51:36,apply-time,rs-005798-hgmx6,556da262-49d9-444a-b1e5-8680f61cc297,4,5405.705534
2026/02/05/11:51:36,apply-time,rs-005798-nfm2r,a749df65-b8d3-4e7d-9715-333c95d6eef7,4,5405.705534
2026/02/05/11:51:36,apply-time,rs-005799-4g796,8c209582-27cd-4d1b-bd43-ad938ea21217,4,5405.705534
2026/02/05/11:51:36,apply-time,rs-005799-tcjvz,0bd8fcd4-3a17-4f03-a5d5-b83143eafd87,4,5405.705534
2026/02/05/11:51:36,apply-time,rs-005799-vg9md,c664785e-cdc3-4408-8741-650317f7dc80,4,5405.705534
2026/02/05/11:51:37,running-time,rs-005792-zzqtq,d1f77d12-3609-45c6-a5a0-f68291e28006,1,5406.705534
2026/02/05/11:51:37,running-time,rs-005797-4fwfq,b1f42d78-c4e3-43e7-b699-e7d7847445fd,4,5406.705534
2026/02/05/11:51:37,running-time,rs-005797-5kbst,89dbaa37-ae4d-47a7-a081-8c1a0e0c8357,4,5406.705534
2026/02/05/11:51:37,apply-time,rs-005800-4rkfj,0cf55d39-d343-49be-aa07-0c592681b0e6,2,5405.705534
2026/02/05/11:51:37,running-time,rs-005800-4rkfj,0cf55d39-d343-49be-aa07-0c592681b0e6,2,5405.705534
2026/02/05/11:51:37,apply-time,rs-005800-f9vs5,f9d66785-e1d7-4a71-8a3f-f925b27045f0,2,5405.705534
2026/02/05/11:51:37,running-time,rs-005800-f9vs5,f9d66785-e1d7-4a71-8a3f-f925b27045f0,2,5405.705534
2026/02/05/11:51:37,apply-time,rs-005800-lh8tg,012d88d6-3fd7-4f6a-b5f5-d684a5f1fc05,2,5405.705534
2026/02/05/11:51:37,running-time,rs-005800-lh8tg,012d88d6-3fd7-4f6a-b5f5-d684a5f1fc05,2,5405.705534
2026/02/05/11:51:37,apply-time,rs-005801-zxkpt,31034660-b817-4cad-80fe-78c970f41baf,4,5405.705534
2026/02/05/11:51:37,running-time,rs-005801-zxkpt,31034660-b817-4cad-80fe-78c970f41baf,4,5405.705534
2026/02/05/11:51:37,apply-time,rs-005802-dq2nc,b19f01be-a282-4b2d-93ab-4e23a26c20fb,1,5405.705534
2026/02/05/11:51:37,apply-time,rs-005802-hp4zl,9db0ea10-e9fd-482d-afed-4d3fd0844a69,1,5405.705534
2026/02/05/11:51:37,apply-time,rs-005803-bqhjg,cc360052-ced6-425e-b556-ce27ae9e6054,2,5406.705534
2026/02/05/11:51:37,apply-time,rs-005803-dfqxj,c2b9ac8c-8f96-4450-b459-5592accf27dd,2,5406.705534
2026/02/05/11:51:37,apply-time,rs-005803-n569v,ecaa3939-30f7-4157-ab9c-3667e179b345,2,5406.705534
2026/02/05/11:51:37,apply-time,rs-005804-pcnmk,a657c259-b726-43d5-a5b5-0026ab604669,2,5406.705534
2026/02/05/11:51:37,running-time,rs-005804-pcnmk,a657c259-b726-43d5-a5b5-0026ab604669,2,5406.705534
2026/02/05/11:51:37,apply-time,rs-005805-2tmgt,a6562042-934b-45b8-bb00-7052d20f56fc,1,5406.705534
2026/02/05/11:51:37,apply-time,rs-005806-6vq2r,28e41e7b-bb1d-44ee-a5b6-af0f6d8f5d45,1,5406.705534
2026/02/05/11:51:37,apply-time,rs-005806-n5dxj,5857ae3e-f5e6-4377-b013-5bc6fcb8b492,1,5406.705534
2026/02/05/11:51:37,apply-time,rs-005806-s2mck,b446d5a0-8e64-4dd4-bd54-ca7958ba9705,1,5406.705534
2026/02/05/11:51:37,running-time,rs-005806-s2mck,b446d5a0-8e64-4dd4-bd54-ca7958ba9705,1,5406.705534
2026/02/05/11:51:38,apply-time,rs-005805-5t9ws,77867982-f38a-4a2a-b801-f581c04707ad,1,5406.705534
2026/02/05/11:51:38,running-time,rs-005806-6vq2r,28e41e7b-bb1d-44ee-a5b6-af0f6d8f5d45,1,5406.705534
2026/02/05/11:51:38,apply-time,rs-005807-kj7pf,bb58c903-8120-4eab-b7a0-6d15bae70351,3,5406.705534
2026/02/05/11:51:38,apply-time,rs-005808-6drft,7dc1da8f-4d5c-407f-a001-f7b5255a6545,2,5407.705534
2026/02/05/11:51:38,apply-time,rs-005808-tltfs,749d4238-aa9c-4ee9-83e8-6f79f623c799,2,5407.705534
2026/02/05/11:51:38,apply-time,rs-005809-snfmz,c4b5524f-6c27-4a05-8510-0897c5375c96,3,5407.705534
2026/02/05/11:51:38,apply-time,rs-005810-9d2m5,8eea6391-015c-4945-948d-eee9140717d5,1,5407.705534
2026/02/05/11:51:38,apply-time,rs-005811-ccrff,7d9ea944-e39b-4d5e-bf8e-6ef3faaaf148,3,5407.705534
2026/02/05/11:51:38,running-time,rs-005811-ccrff,7d9ea944-e39b-4d5e-bf8e-6ef3faaaf148,3,5407.705534
2026/02/05/11:51:39,running-time,rs-005806-n5dxj,5857ae3e-f5e6-4377-b013-5bc6fcb8b492,1,5408.705534
2026/02/05/11:51:39,running-time,rs-005807-kj7pf,bb58c903-8120-4eab-b7a0-6d15bae70351,3,5408.705534
2026/02/05/11:51:39,running-time,rs-005809-snfmz,c4b5524f-6c27-4a05-8510-0897c5375c96,3,5408.705534
2026/02/05/11:51:39,apply-time,rs-005811-8nmqp,a3458db5-395d-47c6-b220-739d47c15b20,3,5407.705534
2026/02/05/11:51:39,running-time,rs-005811-8nmqp,a3458db5-395d-47c6-b220-739d47c15b20,3,5407.705534
2026/02/05/11:51:39,apply-time,rs-005811-vxwpn,86d5aff7-eeb3-4c9e-9696-b71137752768,3,5407.705534
2026/02/05/11:51:39,running-time,rs-005811-vxwpn,86d5aff7-eeb3-4c9e-9696-b71137752768,3,5408.705534
2026/02/05/11:51:40,apply-time,rs-005812-7dn4r,4f4b11d9-6e30-407c-9eb0-464747b2b8e9,1,5408.705534
2026/02/05/11:51:40,running-time,rs-005812-7dn4r,4f4b11d9-6e30-407c-9eb0-464747b2b8e9,1,5408.705534
2026/02/05/11:51:40,apply-time,rs-005813-thm4r,ce8b82fe-172a-4878-9bce-80627a775254,1,5409.705534
2026/02/05/11:51:40,running-time,rs-005813-thm4r,ce8b82fe-172a-4878-9bce-80627a775254,1,5409.705534
2026/02/05/11:51:40,apply-time,rs-005813-twfsc,95075984-28c5-42c6-8891-6c5088e38c5b,1,5409.705534
2026/02/05/11:51:40,running-time,rs-005813-twfsc,95075984-28c5-42c6-8891-6c5088e38c5b,1,5409.705534
2026/02/05/11:51:40,apply-time,rs-005814-phw56,ad250ee2-9de6-4a6a-a3fc-faca9acbd44f,3,5408.705534
2026/02/05/11:51:40,running-time,rs-005814-phw56,ad250ee2-9de6-4a6a-a3fc-faca9acbd44f,3,5409.705534
2026/02/05/11:51:40,apply-time,rs-005814-tpj89,8927dfda-a635-4194-9aed-d190d4482302,3,5409.705534
2026/02/05/11:51:40,running-time,rs-005814-tpj89,8927dfda-a635-4194-9aed-d190d4482302,3,5409.705534
2026/02/05/11:51:40,apply-time,rs-005815-pplkt,0c5e26a1-bc33-4a0a-8431-f11d3beea611,3,5408.705534
2026/02/05/11:51:40,running-time,rs-005815-pplkt,0c5e26a1-bc33-4a0a-8431-f11d3beea611,3,5409.705534
2026/02/05/11:51:41,running-time,rs-005808-tltfs,749d4238-aa9c-4ee9-83e8-6f79f623c799,2,5410.705534
2026/02/05/11:51:42,running-time,rs-005808-6drft,7dc1da8f-4d5c-407f-a001-f7b5255a6545,2,5410.705534
2026/02/05/11:51:42,apply-time,rs-005817-959wn,43dfde88-30ea-4c1a-80d5-4b0c69119c78,3,5411.705534
2026/02/05/11:51:42,apply-time,rs-005817-mjtlr,6bfe9ef2-ad52-4537-9f9d-2ea9e61db3af,3,5411.705534
2026/02/05/11:51:42,apply-time,rs-005817-qp7ft,ba42f630-bbfe-48dd-9227-afede2c49f93,3,5411.705534
2026/02/05/11:51:43,apply-time,rs-005816-hffqq,914e7b86-2be1-4789-b65c-6e7bb9813d80,2,5411.705534
2026/02/05/11:51:43,apply-time,rs-005816-m67nk,94594ce0-4831-4ec4-b0e1-d07b618eecf3,2,5411.705534
2026/02/05/11:51:43,running-time,rs-005817-959wn,43dfde88-30ea-4c1a-80d5-4b0c69119c78,3,5412.705534
2026/02/05/11:51:43,running-time,rs-005817-mjtlr,6bfe9ef2-ad52-4537-9f9d-2ea9e61db3af,3,5411.705534
2026/02/05/11:51:43,apply-time,rs-005818-hfvb2,aa35b3d2-dcaa-4d20-9602-75b9646cd625,1,5411.705534
2026/02/05/11:51:43,running-time,rs-005818-hfvb2,aa35b3d2-dcaa-4d20-9602-75b9646cd625,1,5411.705534
2026/02/05/11:51:44,apply-time,rs-005819-clvks,72cb663e-80a5-4149-849d-caf48f87b7b5,3,5412.705534
2026/02/05/11:51:44,apply-time,rs-005819-nz7zt,dbb9adc2-0f51-4bad-b1d9-2762b363eaa6,3,5412.705534
2026/02/05/11:51:44,apply-time,rs-005819-wmlcj,cc84c5bd-e59f-4784-b332-2240d435b8c1,3,5412.705534
2026/02/05/11:51:44,apply-time,rs-005820-7bt54,498f45bf-a2e9-4266-85a0-4b6b0a5d4a38,1,5412.705534
2026/02/05/11:51:44,apply-time,rs-005820-mqxrq,dbc73b0e-4154-40d6-a26e-e8f379e5c4a3,1,5412.705534
2026/02/05/11:51:44,apply-time,rs-005821-mfntr,a26c7955-0f5b-495a-b283-da0ee40c5f06,2,5412.705534
2026/02/05/11:51:45,apply-time,rs-005822-lgc9k,eceaa31c-5bea-412d-b396-c9e10734983e,3,5413.705534
2026/02/05/11:51:45,apply-time,rs-005822-wl6w6,bad36b50-f7ae-4e7d-82f6-e30c8fc26295,3,5413.705534
2026/02/05/11:51:45,running-time,rs-005822-wl6w6,bad36b50-f7ae-4e7d-82f6-e30c8fc26295,3,5414.705534
2026/02/05/11:51:45,apply-time,rs-005823-hd6vx,43a7227c-a8c5-4a6c-9ecf-6cca573f6dbf,3,5413.705534
2026/02/05/11:51:45,running-time,rs-005823-hd6vx,43a7227c-a8c5-4a6c-9ecf-6cca573f6dbf,3,5413.705534
2026/02/05/11:51:45,apply-time,rs-005823-wk7z8,c6acb09c-bfd3-4b61-ae84-e2ac6226ec66,3,5413.705534
2026/02/05/11:51:45,running-time,rs-005823-wk7z8,c6acb09c-bfd3-4b61-ae84-e2ac6226ec66,3,5414.705534
2026/02/05/11:51:45,apply-time,rs-005824-kxrnn,4bfae9dd-7fcb-4ff6-b113-865d9d6c3f43,2,5413.705534
2026/02/05/11:51:45,apply-time,rs-005824-nxctb,56552e19-cf1c-42df-89d7-a226f1967110,2,5413.705534
2026/02/05/11:51:45,apply-time,rs-005824-qtgjv,1da066a4-c73d-4322-920a-ee43a94b1765,2,5413.705534
2026/02/05/11:51:46,running-time,rs-005824-kxrnn,4bfae9dd-7fcb-4ff6-b113-865d9d6c3f43,2,5415.705534
2026/02/05/11:51:46,running-time,rs-005824-nxctb,56552e19-cf1c-42df-89d7-a226f1967110,2,5415.705534
2026/02/05/11:51:46,running-time,rs-005824-qtgjv,1da066a4-c73d-4322-920a-ee43a94b1765,2,5414.705534
2026/02/05/11:51:47,running-time,rs-005782-hwcfr,ad28666b-1f6f-4a0a-8807-228453c074f9,4,5416.705534
2026/02/05/11:51:47,running-time,rs-005819-clvks,72cb663e-80a5-4149-849d-caf48f87b7b5,3,5416.705534
2026/02/05/11:51:47,running-time,rs-005819-nz7zt,dbb9adc2-0f51-4bad-b1d9-2762b363eaa6,3,5416.705534
2026/02/05/11:51:48,running-time,rs-005819-wmlcj,cc84c5bd-e59f-4784-b332-2240d435b8c1,3,5416.705534
2026/02/05/11:51:48,running-time,rs-005822-lgc9k,eceaa31c-5bea-412d-b396-c9e10734983e,3,5416.705534
2026/02/05/11:51:51,apply-time,rs-005825-pvrhr,960a9846-7e45-4ded-8e86-30723c5d2749,1,5420.705534
2026/02/05/11:51:51,running-time,rs-005825-pvrhr,960a9846-7e45-4ded-8e86-30723c5d2749,1,5420.705534
2026/02/05/11:51:59,running-time,rs-005803-n569v,ecaa3939-30f7-4157-ab9c-3667e179b345,2,5428.705534
2026/02/05/11:51:59,apply-time,rs-005826-jzs2s,50d55a71-b9b2-4e54-b01b-ac4208b24161,3,5428.705534
2026/02/05/11:51:59,running-time,rs-005826-jzs2s,50d55a71-b9b2-4e54-b01b-ac4208b24161,3,5428.705534
2026/02/05/11:51:59,apply-time,rs-005827-bvctw,51658fb6-ab1e-469f-a3d4-aae29b7f4874,4,5428.705534
2026/02/05/11:51:59,running-time,rs-005827-bvctw,51658fb6-ab1e-469f-a3d4-aae29b7f4874,4,5428.705534
2026/02/05/11:51:59,apply-time,rs-005827-d66zz,3934253a-5db0-4315-b966-98ed0465e43d,4,5428.705534
2026/02/05/11:51:59,running-time,rs-005827-d66zz,3934253a-5db0-4315-b966-98ed0465e43d,4,5428.705534
2026/02/05/11:52:01,running-time,rs-005816-m67nk,94594ce0-4831-4ec4-b0e1-d07b618eecf3,2,5430.705534
2026/02/05/11:52:06,apply-time,rs-005828-b7xtf,3d85a07a-da8f-4832-a7f4-c64840538483,4,5434.705534
2026/02/05/11:52:06,apply-time,rs-005828-fss9g,2af83691-8b3b-4568-b36e-78e274d84516,4,5434.705534
2026/02/05/11:52:06,running-time,rs-005828-fss9g,2af83691-8b3b-4568-b36e-78e274d84516,4,5434.705534
2026/02/05/11:52:06,apply-time,rs-005828-kv4gq,2d1d1899-5ebd-4988-97cc-8da68fb1a605,4,5434.705534
2026/02/05/11:52:06,running-time,rs-005828-kv4gq,2d1d1899-5ebd-4988-97cc-8da68fb1a605,4,5434.705534
2026/02/05/11:52:06,apply-time,rs-005829-7m86c,42879145-f895-4059-9552-44f8cda33325,2,5434.705534
2026/02/05/11:52:06,apply-time,rs-005830-48dk2,5ea4c03d-46c1-47fe-8beb-7118d97d456a,1,5434.705534
2026/02/05/11:52:06,running-time,rs-005830-48dk2,5ea4c03d-46c1-47fe-8beb-7118d97d456a,1,5434.705534
2026/02/05/11:52:06,apply-time,rs-005830-mtdmb,b331f609-dae6-41fb-afc6-f13df394a300,1,5434.705534
2026/02/05/11:52:06,running-time,rs-005830-mtdmb,b331f609-dae6-41fb-afc6-f13df394a300,1,5434.705534
2026/02/05/11:52:09,running-time,rs-005828-b7xtf,3d85a07a-da8f-4832-a7f4-c64840538483,4,5438.705534
2026/02/05/11:52:09,apply-time,rs-005831-vtzjt,fc04d2fb-f623-474d-a190-33861fb82eca,2,5438.705534
2026/02/05/11:52:09,running-time,rs-005831-vtzjt,fc04d2fb-f623-474d-a190-33861fb82eca,2,5438.705534
2026/02/05/11:52:09,apply-time,rs-005832-hdbpq,166ce03c-586b-47e3-a1e0-1a2389ba7ffa,3,5438.705534
2026/02/05/11:52:09,running-time,rs-005832-hdbpq,166ce03c-586b-47e3-a1e0-1a2389ba7ffa,3,5438.705534
2026/02/05/11:52:11,running-time,rs-005821-mfntr,a26c7955-0f5b-495a-b283-da0ee40c5f06,2,5440.705534
2026/02/05/11:52:11,apply-time,rs-005833-6cv8x,35c6554c-e027-45bf-ba64-1d3d58868ab0,2,5440.705534
2026/02/05/11:52:11,apply-time,rs-005833-k947r,07f2b242-57c1-42e8-92e8-7fcad7f5b8ea,2,5440.705534
2026/02/05/11:52:11,running-time,rs-005833-k947r,07f2b242-57c1-42e8-92e8-7fcad7f5b8ea,2,5440.705534
2026/02/05/11:52:11,apply-time,rs-005833-vcvk5,06d89f1e-fcee-4ab4-81a3-3c31344dcbb0,2,5440.705534
2026/02/05/11:52:12,running-time,rs-005833-6cv8x,35c6554c-e027-45bf-ba64-1d3d58868ab0,2,5440.705534
2026/02/05/11:52:12,running-time,rs-005833-vcvk5,06d89f1e-fcee-4ab4-81a3-3c31344dcbb0,2,5440.705534
2026/02/05/11:52:12,apply-time,rs-005834-nrlmf,cb9bad26-2db5-4cea-b06f-a17cd06f3dc8,3,5441.705534
2026/02/05/11:52:12,running-time,rs-005834-nrlmf,cb9bad26-2db5-4cea-b06f-a17cd06f3dc8,3,5441.705534
2026/02/05/11:52:12,apply-time,rs-005834-p978q,7f0d11f5-c5e4-4590-b206-566adf1189be,3,5441.705534
2026/02/05/11:52:12,running-time,rs-005834-p978q,7f0d11f5-c5e4-4590-b206-566adf1189be,3,5441.705534
2026/02/05/11:52:12,apply-time,rs-005835-k5kzv,a4004a43-e71a-4395-a41a-b68e6dd54cc3,3,5441.705534
2026/02/05/11:52:12,running-time,rs-005835-k5kzv,a4004a43-e71a-4395-a41a-b68e6dd54cc3,3,5441.705534
2026/02/05/11:52:12,apply-time,rs-005835-qnjv8,cc10708c-8a60-4552-9700-edbb24905876,3,5441.705534
2026/02/05/11:52:12,running-time,rs-005835-qnjv8,cc10708c-8a60-4552-9700-edbb24905876,3,5441.705534
2026/02/05/11:52:12,apply-time,rs-005836-6742z,102f17c8-0868-4c55-a309-13f2ddbd1701,2,5441.705534
2026/02/05/11:52:12,running-time,rs-005836-6742z,102f17c8-0868-4c55-a309-13f2ddbd1701,2,5441.705534
2026/02/05/11:52:12,apply-time,rs-005836-7t59l,1ce84815-1769-43ed-91d5-638aba3b6ef4,2,5441.705534
2026/02/05/11:52:12,apply-time,rs-005836-jjx5c,e0129496-6032-4db5-98c7-6156ae4451b9,2,5441.705534
2026/02/05/11:52:12,running-time,rs-005836-jjx5c,e0129496-6032-4db5-98c7-6156ae4451b9,2,5441.705534
2026/02/05/11:52:12,apply-time,rs-005837-2jggb,c2b47e8c-0126-4626-92ef-9a4a791cb5ac,1,5441.705534
2026/02/05/11:52:12,apply-time,rs-005838-j2f9n,5ed04d33-5a26-4307-b297-470e58564ced,1,5441.705534
2026/02/05/11:52:12,apply-time,rs-005838-xxpjv,d3c858ad-9474-4bec-92f8-0fc07c3be809,1,5441.705534
2026/02/05/11:52:12,apply-time,rs-005839-zq7ws,42a2f6cc-7397-44c4-949c-f67eb2bd6665,1,5441.705534
2026/02/05/11:52:12,apply-time,rs-005843-xzc4d,039ab5d6-2b55-4510-8e11-8b7f1789dbaf,3,5441.705534
2026/02/05/11:52:13,apply-time,rs-005839-q9wl6,5e30a9fc-8217-4d04-9bcf-bef4fd729c54,1,5441.705534
2026/02/05/11:52:13,apply-time,rs-005840-9g2lv,33cc9013-45e3-4f95-a82d-7b13e9b9f08e,1,5442.705534
2026/02/05/11:52:13,apply-time,rs-005840-h6z2f,309ddb84-7e00-4a55-9c3b-86924cab9855,1,5441.705534
2026/02/05/11:52:13,running-time,rs-005840-h6z2f,309ddb84-7e00-4a55-9c3b-86924cab9855,1,5441.705534
2026/02/05/11:52:13,apply-time,rs-005840-hffqg,ef12396e-d9f4-43e8-ae02-cdc779b2acfe,1,5442.705534
2026/02/05/11:52:13,apply-time,rs-005841-c45qw,fed8372a-ca39-4476-a856-ed44d078f4b0,1,5442.705534
2026/02/05/11:52:13,running-time,rs-005841-c45qw,fed8372a-ca39-4476-a856-ed44d078f4b0,1,5442.705534
2026/02/05/11:52:13,apply-time,rs-005841-gcbt4,01333cc3-ec76-41a4-a7df-590b5b9d38d1,1,5442.705534
2026/02/05/11:52:13,running-time,rs-005841-gcbt4,01333cc3-ec76-41a4-a7df-590b5b9d38d1,1,5442.705534
2026/02/05/11:52:13,apply-time,rs-005841-n5drk,e4f2ee91-e5f9-4744-8938-01f6ce389bf2,1,5442.705534
2026/02/05/11:52:13,running-time,rs-005841-n5drk,e4f2ee91-e5f9-4744-8938-01f6ce389bf2,1,5442.705534
2026/02/05/11:52:13,apply-time,rs-005842-6g54c,4a27ee4b-efbf-41fc-a5cc-0e6d630a1341,3,5441.705534
2026/02/05/11:52:13,apply-time,rs-005842-sf8cd,9e444940-5b13-45c4-9136-8241d7464537,3,5442.705534
2026/02/05/11:52:13,apply-time,rs-005843-kv8gj,60ccd2c4-c29f-49b9-b004-f6695585d2a8,3,5442.705534
2026/02/05/11:52:13,apply-time,rs-005843-spmj6,9b502bb0-b461-4646-8c24-213141d6ae19,3,5442.705534
2026/02/05/11:52:14,apply-time,rs-005844-nrk4x,21fb8e2b-ba99-4d85-8b35-017d68f2aa04,2,5442.705534
2026/02/05/11:52:14,running-time,rs-005844-nrk4x,21fb8e2b-ba99-4d85-8b35-017d68f2aa04,2,5442.705534
2026/02/05/11:52:14,apply-time,rs-005845-bpg7f,aa8b762b-131f-411d-a3aa-a3a076584578,1,5442.705534
2026/02/05/11:52:14,running-time,rs-005845-bpg7f,aa8b762b-131f-411d-a3aa-a3a076584578,1,5442.705534
2026/02/05/11:52:14,apply-time,rs-005846-ll2fh,a2ca7c36-69ec-415c-8475-0a122eef5460,1,5443.705534
2026/02/05/11:52:14,running-time,rs-005846-ll2fh,a2ca7c36-69ec-415c-8475-0a122eef5460,1,5443.705534
2026/02/05/11:52:14,apply-time,rs-005846-pbrt9,0da3c1a3-1b1d-4642-8e96-272a2fa46891,1,5443.705534
2026/02/05/11:52:15,running-time,rs-005839-zq7ws,42a2f6cc-7397-44c4-949c-f67eb2bd6665,1,5443.705534
2026/02/05/11:52:15,running-time,rs-005846-pbrt9,0da3c1a3-1b1d-4642-8e96-272a2fa46891,1,5444.705534
2026/02/05/11:52:16,running-time,rs-005839-q9wl6,5e30a9fc-8217-4d04-9bcf-bef4fd729c54,1,5444.705534
2026/02/05/11:52:17,running-time,rs-005837-2jggb,c2b47e8c-0126-4626-92ef-9a4a791cb5ac,1,5446.705534
2026/02/05/11:52:17,apply-time,rs-005847-vpzsv,5373fb69-37f5-4cb7-bedd-8919433c3a70,4,5446.705534
2026/02/05/11:52:17,running-time,rs-005847-vpzsv,5373fb69-37f5-4cb7-bedd-8919433c3a70,4,5446.705534
2026/02/05/11:52:18,apply-time,rs-005848-7jztm,9cbe8bc0-5f1c-49c8-a912-baf5ac37886a,1,5447.705534
2026/02/05/11:52:18,running-time,rs-005848-7jztm,9cbe8bc0-5f1c-49c8-a912-baf5ac37886a,1,5447.705534
2026/02/05/11:52:18,apply-time,rs-005848-pc9l6,58728e0a-4cd9-42d8-b83d-e3c3da30e925,1,5447.705534
2026/02/05/11:52:18,running-time,rs-005848-pc9l6,58728e0a-4cd9-42d8-b83d-e3c3da30e925,1,5447.705534
2026/02/05/11:52:22,running-time,rs-005816-hffqq,914e7b86-2be1-4789-b65c-6e7bb9813d80,2,5451.705534
2026/02/05/11:52:27,running-time,rs-005842-6g54c,4a27ee4b-efbf-41fc-a5cc-0e6d630a1341,3,5455.705534
2026/02/05/11:52:31,apply-time,rs-005849-s9vvx,1885a5c0-d96e-4d79-b228-d062d4ab024e,1,5460.705534
2026/02/05/11:52:31,running-time,rs-005849-s9vvx,1885a5c0-d96e-4d79-b228-d062d4ab024e,1,5460.705534
2026/02/05/11:52:31,apply-time,rs-005849-xfxtq,d4146780-c820-4610-aad6-9fa831ee61a6,1,5460.705534
2026/02/05/11:52:31,running-time,rs-005849-xfxtq,d4146780-c820-4610-aad6-9fa831ee61a6,1,5460.705534
2026/02/05/11:52:31,apply-time,rs-005850-wpcq9,febc1a61-bef7-430d-afb2-bb639217730c,4,5460.705534
2026/02/05/11:52:31,running-time,rs-005850-wpcq9,febc1a61-bef7-430d-afb2-bb639217730c,4,5460.705534
2026/02/05/11:52:32,apply-time,rs-005851-4fgcr,469ee77a-e28b-4cf6-9f61-d398cf87dcfa,1,5461.705534
2026/02/05/11:52:32,apply-time,rs-005851-sd9zn,c9ed204e-9cd1-4493-b6a4-e842ba941387,1,5461.705534
2026/02/05/11:52:32,apply-time,rs-005852-lrvgs,44132c6a-47e3-4737-90f8-d57b7833381a,1,5461.705534
2026/02/05/11:52:32,running-time,rs-005852-lrvgs,44132c6a-47e3-4737-90f8-d57b7833381a,1,5461.705534
2026/02/05/11:52:32,apply-time,rs-005852-rgzgg,0bfbb0e8-af5b-439e-a246-4cc32b224704,1,5461.705534
2026/02/05/11:52:32,running-time,rs-005852-rgzgg,0bfbb0e8-af5b-439e-a246-4cc32b224704,1,5461.705534
2026/02/05/11:52:32,apply-time,rs-005852-wpdql,f48dbc24-2f79-4888-bcdd-ff68c460eb48,1,5461.705534
2026/02/05/11:52:32,apply-time,rs-005853-zjff8,eb60c54e-2d6e-4c08-9922-e6abd14f3617,2,5461.705534
2026/02/05/11:52:32,running-time,rs-005853-zjff8,eb60c54e-2d6e-4c08-9922-e6abd14f3617,2,5461.705534
2026/02/05/11:52:35,running-time,rs-005852-wpdql,f48dbc24-2f79-4888-bcdd-ff68c460eb48,1,5464.705534
2026/02/05/11:52:43,apply-time,rs-005854-qqrmm,8300ae71-7ed1-4227-afe9-c2dd2caec96b,1,5471.705534
2026/02/05/11:52:43,running-time,rs-005854-qqrmm,8300ae71-7ed1-4227-afe9-c2dd2caec96b,1,5472.705534
2026/02/05/11:52:43,apply-time,rs-005855-282s2,6d67ee20-c92f-49a5-9dd0-99f3cb90b1d4,3,5471.705534
2026/02/05/11:52:43,running-time,rs-005855-282s2,6d67ee20-c92f-49a5-9dd0-99f3cb90b1d4,3,5472.705534
2026/02/05/11:52:43,apply-time,rs-005855-bpf9p,aa56ff03-3f41-49f8-ba6f-78175d8e8e51,3,5471.705534
2026/02/05/11:52:43,running-time,rs-005855-bpf9p,aa56ff03-3f41-49f8-ba6f-78175d8e8e51,3,5472.705534
2026/02/05/11:52:43,apply-time,rs-005855-hpfk7,9a3ec15c-41d0-4b22-953f-3fc47053d1ef,3,5471.705534
2026/02/05/11:52:43,running-time,rs-005855-hpfk7,9a3ec15c-41d0-4b22-953f-3fc47053d1ef,3,5472.705534
2026/02/05/11:52:43,apply-time,rs-005856-gpmjq,9f207f15-26a9-401c-9927-fe6c32701217,1,5472.705534
2026/02/05/11:52:43,apply-time,rs-005856-svnwl,dc2d4600-e615-43ac-91c9-71e5148caf81,1,5472.705534
2026/02/05/11:52:43,apply-time,rs-005857-8w8gk,107cdff1-f146-4220-b468-420b5db3aea2,3,5472.705534
2026/02/05/11:52:43,running-time,rs-005857-8w8gk,107cdff1-f146-4220-b468-420b5db3aea2,3,5472.705534
2026/02/05/11:52:43,apply-time,rs-005857-ccdg7,7672d9da-f2a1-4f4a-843f-2768a28f358b,3,5472.705534
2026/02/05/11:52:43,running-time,rs-005857-ccdg7,7672d9da-f2a1-4f4a-843f-2768a28f358b,3,5472.705534
2026/02/05/11:52:43,apply-time,rs-005857-l9zl7,1db3dd9b-2bde-414a-8607-7dad41211e09,3,5472.705534
2026/02/05/11:52:43,running-time,rs-005857-l9zl7,1db3dd9b-2bde-414a-8607-7dad41211e09,3,5472.705534
2026/02/05/11:52:43,apply-time,rs-005858-pp8p6,fe26cee8-1d24-4b4a-972e-890d8161f8a3,1,5472.705534
2026/02/05/11:52:43,running-time,rs-005858-pp8p6,fe26cee8-1d24-4b4a-972e-890d8161f8a3,1,5472.705534
2026/02/05/11:52:43,apply-time,rs-005858-xzmmv,a0492238-0dd0-442c-82d5-461c4d023fbf,1,5472.705534
2026/02/05/11:52:43,running-time,rs-005858-xzmmv,a0492238-0dd0-442c-82d5-461c4d023fbf,1,5472.705534
2026/02/05/11:52:43,apply-time,rs-005859-cpg4v,0341fef6-8961-4959-9a5d-b3f2f2d65721,1,5472.705534
2026/02/05/11:52:43,running-time,rs-005859-cpg4v,0341fef6-8961-4959-9a5d-b3f2f2d65721,1,5472.705534
2026/02/05/11:52:43,apply-time,rs-005860-6nxfc,97a1ec56-6b90-4f14-8236-5ec6d301d784,4,5472.705534
2026/02/05/11:52:43,running-time,rs-005860-6nxfc,97a1ec56-6b90-4f14-8236-5ec6d301d784,4,5472.705534
2026/02/05/11:52:43,apply-time,rs-005860-bvnmx,25cfd16c-63e1-4a6b-9fb9-89e6d89148b5,4,5472.705534
2026/02/05/11:52:43,running-time,rs-005860-bvnmx,25cfd16c-63e1-4a6b-9fb9-89e6d89148b5,4,5472.705534
2026/02/05/11:52:43,apply-time,rs-005861-gwcvb,e41ca41a-e5a3-47f9-a963-45d3d4481dc2,2,5472.705534
2026/02/05/11:52:43,running-time,rs-005861-gwcvb,e41ca41a-e5a3-47f9-a963-45d3d4481dc2,2,5472.705534
2026/02/05/11:52:44,apply-time,rs-005862-sbmfs,f4f80572-17ef-43b2-bd84-80f4bcf183d9,3,5473.705534
2026/02/05/11:52:47,apply-time,rs-005863-kfbbw,99521deb-4f7c-480f-91d9-ed4354288272,1,5476.705534
2026/02/05/11:52:47,apply-time,rs-005863-q6wxl,a7bbabe3-874e-4a0b-a136-e9be9876eea8,1,5476.705534
2026/02/05/11:52:47,apply-time,rs-005863-v7sgg,f7022a1b-2c3e-4ce5-9f7b-65e1c1f8c21b,1,5476.705534
2026/02/05/11:52:47,apply-time,rs-005864-dztxg,a4b4e522-ce3f-4963-a955-cdf61dd83536,3,5476.705534
2026/02/05/11:52:47,running-time,rs-005864-dztxg,a4b4e522-ce3f-4963-a955-cdf61dd83536,3,5476.705534
2026/02/05/11:52:47,apply-time,rs-005865-zlfwl,049347a6-92f0-4757-b28e-68577fb3b2f7,4,5476.705534
2026/02/05/11:52:47,running-time,rs-005865-zlfwl,049347a6-92f0-4757-b28e-68577fb3b2f7,4,5476.705534
2026/02/05/11:52:47,apply-time,rs-005866-2nhtk,388e1391-4940-425d-9fa5-67be867659d3,2,5476.705534
2026/02/05/11:52:47,running-time,rs-005866-2nhtk,388e1391-4940-425d-9fa5-67be867659d3,2,5476.705534
2026/02/05/11:52:47,apply-time,rs-005866-8m242,9af27fb9-84ef-4462-a679-c542e87344e5,2,5476.705534
2026/02/05/11:52:47,running-time,rs-005866-8m242,9af27fb9-84ef-4462-a679-c542e87344e5,2,5476.705534
2026/02/05/11:52:53,apply-time,rs-005867-57lvc,99530ce3-1918-45f4-ae4f-73868b3a7984,4,5482.705534
2026/02/05/11:52:53,apply-time,rs-005867-5t8d8,1a4388ac-c15a-41d5-ad3a-f081a2407bfc,4,5482.705534
2026/02/05/11:52:53,apply-time,rs-005867-mqslp,44176b45-0123-4255-9954-ecf9db668cc9,4,5482.705534
2026/02/05/11:52:53,apply-time,rs-005868-x2bxp,fe0760e7-2971-4d75-ba1f-3b3f1e78e5ea,4,5482.705534
2026/02/05/11:52:53,running-time,rs-005868-x2bxp,fe0760e7-2971-4d75-ba1f-3b3f1e78e5ea,4,5482.705534
2026/02/05/11:52:53,apply-time,rs-005869-9n2rr,b0aeec46-6493-4a6f-8815-a9f728f7f140,2,5482.705534
2026/02/05/11:52:53,running-time,rs-005869-9n2rr,b0aeec46-6493-4a6f-8815-a9f728f7f140,2,5482.705534
2026/02/05/11:52:53,apply-time,rs-005869-x5nbj,80d7e57a-31f9-4cfe-8f02-da8a247b2499,2,5482.705534
2026/02/05/11:52:53,running-time,rs-005869-x5nbj,80d7e57a-31f9-4cfe-8f02-da8a247b2499,2,5482.705534
2026/02/05/11:52:53,apply-time,rs-005870-l92fl,8144db08-30d3-4b8c-9be8-19080623f524,1,5482.705534
2026/02/05/11:52:53,running-time,rs-005870-l92fl,8144db08-30d3-4b8c-9be8-19080623f524,1,5482.705534
2026/02/05/11:52:53,apply-time,rs-005870-lfs6t,2ae5cdac-9ea6-4143-a95e-0db916b98726,1,5482.705534
2026/02/05/11:52:53,running-time,rs-005870-lfs6t,2ae5cdac-9ea6-4143-a95e-0db916b98726,1,5482.705534
2026/02/05/11:52:53,apply-time,rs-005871-r4llt,878360b4-2ced-40a9-8f94-011e2302e784,1,5482.705534
2026/02/05/11:52:53,apply-time,rs-005872-csmqz,251decb3-ee87-418d-abce-3c6102c9817e,2,5482.705534
2026/02/05/11:52:53,running-time,rs-005872-csmqz,251decb3-ee87-418d-abce-3c6102c9817e,2,5482.705534
2026/02/05/11:52:53,apply-time,rs-005872-qw5zn,fce67ef5-3761-4506-bb01-abea5e1c7f3b,2,5482.705534
2026/02/05/11:52:53,running-time,rs-005872-qw5zn,fce67ef5-3761-4506-bb01-abea5e1c7f3b,2,5482.705534
2026/02/05/11:52:53,apply-time,rs-005872-ww7tx,c21a8e5b-4bfe-4493-8151-8b010fbf214f,2,5482.705534
2026/02/05/11:52:53,running-time,rs-005872-ww7tx,c21a8e5b-4bfe-4493-8151-8b010fbf214f,2,5482.705534
2026/02/05/11:52:54,apply-time,rs-005873-nb7gf,aac04796-3f74-4d3a-be78-8b6fa65a5b24,3,5483.705534
2026/02/05/11:52:54,running-time,rs-005873-nb7gf,aac04796-3f74-4d3a-be78-8b6fa65a5b24,3,5483.705534
2026/02/05/11:52:54,apply-time,rs-005874-cgvsn,7d2aaad0-f8b8-4000-bc02-e2568d1ec6c0,4,5482.705534
2026/02/05/11:52:54,apply-time,rs-005875-kfnnm,6170e99a-7ad4-4bc2-a0f4-d0d4030401fa,1,5483.705534
2026/02/05/11:52:54,apply-time,rs-005875-ptpwh,fb8ffbed-f1c5-4e24-ab98-be772e6c61ce,1,5483.705534
2026/02/05/11:52:54,apply-time,rs-005875-wtg8q,fb22a6ec-441c-49da-8ed0-b46f01ea2d25,1,5483.705534
2026/02/05/11:52:54,apply-time,rs-005876-sdk9c,5705f011-357b-4678-ac69-6b5411ed6691,1,5483.705534
2026/02/05/11:52:54,apply-time,rs-005877-wbh2p,86461627-4889-43bc-ae60-a49d7348f4d7,3,5483.705534
2026/02/05/11:52:54,running-time,rs-005877-wbh2p,86461627-4889-43bc-ae60-a49d7348f4d7,3,5483.705534
2026/02/05/11:52:54,apply-time,rs-005878-pj67l,91a9a806-9923-42e4-9b73-ac011f962ba9,1,5483.705534
2026/02/05/11:52:54,apply-time,rs-005879-5clll,6eafe917-697b-4247-8703-720acd58b66e,1,5483.705534
2026/02/05/11:52:54,running-time,rs-005879-5clll,6eafe917-697b-4247-8703-720acd58b66e,1,5483.705534
2026/02/05/11:52:55,apply-time,rs-005878-t5c9m,ac234afd-3a7b-430d-81b7-8b43e12fbefb,1,5483.705534
2026/02/05/11:52:55,apply-time,rs-005880-gvhgk,5c374fd5-2a1d-482c-acb3-ce4d3571e40d,4,5483.705534
2026/02/05/11:52:55,running-time,rs-005880-gvhgk,5c374fd5-2a1d-482c-acb3-ce4d3571e40d,4,5483.705534
2026/02/05/11:52:55,apply-time,rs-005881-27bdv,ce2e5d23-be46-467a-a191-0a4ecb3b436c,3,5484.705534
2026/02/05/11:52:55,running-time,rs-005881-27bdv,ce2e5d23-be46-467a-a191-0a4ecb3b436c,3,5484.705534
2026/02/05/11:52:55,apply-time,rs-005881-gpqpd,9661bb6c-b70e-4f1b-a5fb-5f48f8005465,3,5484.705534
2026/02/05/11:52:55,apply-time,rs-005882-5zk75,b279e60b-70b3-408c-beed-781850e00a93,4,5484.705534
2026/02/05/11:52:55,apply-time,rs-005882-cq7kf,fa191ab3-4359-4fae-82be-39211cd78c92,4,5484.705534
2026/02/05/11:52:55,apply-time,rs-005882-scl2g,f0c08b6f-dec1-4466-8552-4fb986de5967,4,5484.705534
2026/02/05/11:52:56,apply-time,rs-005883-r9qp5,98a778e1-9e57-4366-8d3b-927049dd7900,2,5484.705534
2026/02/05/11:52:56,running-time,rs-005883-r9qp5,98a778e1-9e57-4366-8d3b-927049dd7900,2,5484.705534
2026/02/05/11:52:56,apply-time,rs-005884-6sx7f,2e9a1814-9b8a-4028-9809-5273ef864535,3,5485.705534
2026/02/05/11:52:56,apply-time,rs-005884-9j4p2,5e6206dd-4da6-42c5-a0be-1c02cdaefc58,3,5484.705534
2026/02/05/11:52:56,apply-time,rs-005885-gxfph,e1ff40c3-d94d-428a-a18f-c24a8464e8ae,1,5485.705534
2026/02/05/11:52:56,running-time,rs-005885-gxfph,e1ff40c3-d94d-428a-a18f-c24a8464e8ae,1,5485.705534
2026/02/05/11:52:56,apply-time,rs-005885-xqp4f,5fdda3a2-b5b1-4b8d-b52d-a6aadd19bd57,1,5485.705534
2026/02/05/11:52:56,running-time,rs-005885-xqp4f,5fdda3a2-b5b1-4b8d-b52d-a6aadd19bd57,1,5485.705534
2026/02/05/11:52:56,apply-time,rs-005886-7k5dq,508a75f2-86bf-459d-b030-93cbc1201750,1,5484.705534
2026/02/05/11:52:56,apply-time,rs-005886-9dmgt,2b7dc516-2394-497c-8b53-7755be1dbfcf,1,5485.705534
2026/02/05/11:52:56,apply-time,rs-005887-b9qnt,46231284-eb4a-4cd8-9875-401ad8c0e199,1,5485.705534
2026/02/05/11:52:56,apply-time,rs-005887-gp2cm,77883247-9cc7-4f43-935b-4b800238c09a,1,5485.705534
2026/02/05/11:52:56,apply-time,rs-005889-lhlfs,6c8fbc5a-5f0f-4a1e-9d5f-dfc50dd607c4,4,5485.705534
2026/02/05/11:52:57,apply-time,rs-005889-b6r8t,f13fbdee-ba94-4303-8e50-ec0102520fbf,4,5486.705534
2026/02/05/11:52:57,apply-time,rs-005889-pqs6r,c96a183c-89e0-4852-985e-9673841a5b95,4,5486.705534
2026/02/05/11:52:57,apply-time,rs-005890-5hndq,3fc26d48-05be-4ff0-8960-ea41aa723665,2,5486.705534
2026/02/05/11:52:57,apply-time,rs-005890-dtvlk,56ddd567-b393-44e4-960d-e6ee58950c4d,2,5486.705534
2026/02/05/11:52:57,apply-time,rs-005890-rvw2f,ca843c36-f281-4759-92f2-1b3ba4cfcd46,2,5485.705534
2026/02/05/11:52:57,apply-time,rs-005891-rgsbn,41f74806-a496-4e0b-b5ad-8391abdd98aa,1,5485.705534
2026/02/05/11:52:57,running-time,rs-005891-rgsbn,41f74806-a496-4e0b-b5ad-8391abdd98aa,1,5485.705534
2026/02/05/11:52:58,running-time,rs-005881-gpqpd,9661bb6c-b70e-4f1b-a5fb-5f48f8005465,3,5487.705534
2026/02/05/11:52:58,running-time,rs-005890-5hndq,3fc26d48-05be-4ff0-8960-ea41aa723665,2,5487.705534
2026/02/05/11:52:58,running-time,rs-005890-rvw2f,ca843c36-f281-4759-92f2-1b3ba4cfcd46,2,5487.705534
2026/02/05/11:52:58,apply-time,rs-005893-54cpd,5497f08d-2a7c-4427-a44e-81264b76274f,3,5487.705534
2026/02/05/11:52:58,apply-time,rs-005893-7ttn5,3ae6024d-6c65-4bea-a285-978e5e4b6bbb,3,5487.705534
2026/02/05/11:52:58,apply-time,rs-005893-z9wdc,5481c6e2-de22-4836-9397-cd3d8c790607,3,5487.705534
2026/02/05/11:52:58,apply-time,rs-005894-8x5v7,8ac92528-066c-4339-950e-00d06c393c98,1,5487.705534
2026/02/05/11:52:58,running-time,rs-005894-8x5v7,8ac92528-066c-4339-950e-00d06c393c98,1,5487.705534
2026/02/05/11:52:58,apply-time,rs-005894-mbwxs,697a89a8-0f71-46ef-b6f1-6c40675844f7,1,5487.705534
2026/02/05/11:52:58,running-time,rs-005894-mbwxs,697a89a8-0f71-46ef-b6f1-6c40675844f7,1,5487.705534
2026/02/05/11:52:58,apply-time,rs-005894-v5n64,d3d84457-9acb-470f-b941-ef3838d2fbe2,1,5487.705534
2026/02/05/11:52:58,running-time,rs-005894-v5n64,d3d84457-9acb-470f-b941-ef3838d2fbe2,1,5487.705534
2026/02/05/11:52:59,apply-time,rs-005895-98xm7,a99987ed-57cc-4444-8d07-8bb7166e8652,1,5487.705534
2026/02/05/11:52:59,running-time,rs-005895-98xm7,a99987ed-57cc-4444-8d07-8bb7166e8652,1,5487.705534
2026/02/05/11:52:59,apply-time,rs-005896-9g6nx,cdcccfaf-cde6-45af-95e3-c95e7e8414c1,2,5488.705534
2026/02/05/11:52:59,running-time,rs-005896-9g6nx,cdcccfaf-cde6-45af-95e3-c95e7e8414c1,2,5488.705534
2026/02/05/11:52:59,apply-time,rs-005896-tl4fj,695c4da5-c5c9-48d9-abaa-355d7a10c2da,2,5488.705534
2026/02/05/11:52:59,running-time,rs-005896-tl4fj,695c4da5-c5c9-48d9-abaa-355d7a10c2da,2,5488.705534
2026/02/05/11:52:59,apply-time,rs-005897-4v8wk,e031995d-8c55-4bc6-a312-007cd4e181e6,4,5488.705534
2026/02/05/11:52:59,apply-time,rs-005897-p6jvg,f105578e-ec2d-41db-8b47-3a4e745de0de,4,5488.705534
2026/02/05/11:52:59,apply-time,rs-005898-rtsnc,960146b7-eac1-447e-9c2c-a623dbec7ad1,1,5488.705534
2026/02/05/11:52:59,apply-time,rs-005898-sgltv,bbd9a9f0-d0a9-452e-88a5-41b28c226112,1,5488.705534
2026/02/05/11:52:59,apply-time,rs-005898-zvgp9,1e1dc4bf-2247-46e9-bc55-1f3bea4fdfab,1,5488.705534
2026/02/05/11:52:59,apply-time,rs-005899-pt7hk,feb49214-6e80-4764-9f1c-39e79d96fc50,2,5488.705534
2026/02/05/11:53:00,apply-time,rs-005900-4pfll,2e508c6e-4253-4721-9406-659f3e7d0913,3,5489.705534
2026/02/05/11:53:00,running-time,rs-005900-4pfll,2e508c6e-4253-4721-9406-659f3e7d0913,3,5489.705534
2026/02/05/11:53:00,apply-time,rs-005900-rcz29,d9d99b15-3581-49f8-be22-da877c8be455,3,5489.705534
2026/02/05/11:53:00,running-time,rs-005900-rcz29,d9d99b15-3581-49f8-be22-da877c8be455,3,5489.705534
2026/02/05/11:53:00,apply-time,rs-005901-gsdjl,61928b9a-d0f6-435c-bb55-2ec21d0e64a3,2,5489.705534
2026/02/05/11:53:00,apply-time,rs-005901-sdkdl,073e9d48-7fbc-49b5-86ed-b6c87537d2cb,2,5489.705534
2026/02/05/11:53:01,apply-time,rs-005902-5lb68,fac0bf84-6dcf-46aa-985e-8f1624dd5cea,3,5490.705534
2026/02/05/11:53:01,apply-time,rs-005902-84w76,803939bd-0b93-4309-b989-b0c9532748eb,3,5490.705534
2026/02/05/11:53:01,apply-time,rs-005902-qbb6n,9c24c2df-98bd-417f-b1d9-222581f38abf,3,5490.705534
2026/02/05/11:53:01,running-time,rs-005902-qbb6n,9c24c2df-98bd-417f-b1d9-222581f38abf,3,5490.705534
2026/02/05/11:53:01,apply-time,rs-005903-ltrww,b07d2292-27ad-4404-a4ba-bda922f1e817,4,5490.705534
2026/02/05/11:53:01,apply-time,rs-005903-z4zt5,80f862c6-6c45-4b80-9609-0f2420dd37ce,4,5490.705534
2026/02/05/11:53:01,running-time,rs-005903-z4zt5,80f862c6-6c45-4b80-9609-0f2420dd37ce,4,5490.705534
2026/02/05/11:53:01,apply-time,rs-005904-knsx6,0c57157e-945f-4a10-bc59-4e1b35b845a5,1,5490.705534
2026/02/05/11:53:01,running-time,rs-005904-knsx6,0c57157e-945f-4a10-bc59-4e1b35b845a5,1,5490.705534
2026/02/05/11:53:02,running-time,rs-005890-dtvlk,56ddd567-b393-44e4-960d-e6ee58950c4d,2,5491.705534
2026/02/05/11:53:02,running-time,rs-005901-gsdjl,61928b9a-d0f6-435c-bb55-2ec21d0e64a3,2,5491.705534
2026/02/05/11:53:02,running-time,rs-005902-5lb68,fac0bf84-6dcf-46aa-985e-8f1624dd5cea,3,5491.705534
2026/02/05/11:53:02,running-time,rs-005902-84w76,803939bd-0b93-4309-b989-b0c9532748eb,3,5491.705534
2026/02/05/11:53:02,running-time,rs-005903-ltrww,b07d2292-27ad-4404-a4ba-bda922f1e817,4,5490.705534
2026/02/05/11:53:03,apply-time,rs-005905-txf89,b888d26a-70f0-487f-83cc-2412371ac8de,2,5492.705534
2026/02/05/11:53:04,running-time,rs-005905-txf89,b888d26a-70f0-487f-83cc-2412371ac8de,2,5493.705534
2026/02/05/11:53:04,apply-time,rs-005905-xtmh4,78f91446-e42d-4322-a8ac-76076b1c9829,2,5492.705534
2026/02/05/11:53:04,apply-time,rs-005906-c8hz8,eacb18ec-118d-4cea-9067-a4e81eb68b74,1,5492.705534
2026/02/05/11:53:04,running-time,rs-005906-c8hz8,eacb18ec-118d-4cea-9067-a4e81eb68b74,1,5493.705534
2026/02/05/11:53:04,apply-time,rs-005907-fprp4,32f8a0a6-0a40-411c-8626-5739fd4b01fd,1,5492.705534
2026/02/05/11:53:04,running-time,rs-005907-fprp4,32f8a0a6-0a40-411c-8626-5739fd4b01fd,1,5492.705534
2026/02/05/11:53:04,apply-time,rs-005907-wlsb6,fc86a348-d870-49be-b22f-d8f6ac029430,1,5493.705534
2026/02/05/11:53:04,running-time,rs-005907-wlsb6,fc86a348-d870-49be-b22f-d8f6ac029430,1,5493.705534
2026/02/05/11:53:04,apply-time,rs-005908-g7v78,91244766-9293-47f9-8ac2-6a3e038e83a6,1,5493.705534
2026/02/05/11:53:04,apply-time,rs-005908-r442d,5272ed9e-4f07-447b-8e4d-117ac54806a0,1,5493.705534
2026/02/05/11:53:06,running-time,rs-005908-g7v78,91244766-9293-47f9-8ac2-6a3e038e83a6,1,5494.705534
2026/02/05/11:53:06,running-time,rs-005908-r442d,5272ed9e-4f07-447b-8e4d-117ac54806a0,1,5494.705534
2026/02/05/11:53:07,running-time,rs-005889-pqs6r,c96a183c-89e0-4852-985e-9673841a5b95,4,5496.705534
2026/02/05/11:53:09,running-time,rs-005901-sdkdl,073e9d48-7fbc-49b5-86ed-b6c87537d2cb,2,5498.705534
2026/02/05/11:53:10,running-time,rs-005889-lhlfs,6c8fbc5a-5f0f-4a1e-9d5f-dfc50dd607c4,4,5498.705534
2026/02/05/11:53:10,apply-time,rs-005909-fmshp,ea06bd63-9842-4d4a-9095-21b863b8a68a,2,5499.705534
2026/02/05/11:53:10,running-time,rs-005909-fmshp,ea06bd63-9842-4d4a-9095-21b863b8a68a,2,5499.705534
2026/02/05/11:53:10,apply-time,rs-005909-qfr22,73d90b4d-e929-416a-838b-68de6407607c,2,5499.705534
2026/02/05/11:53:10,running-time,rs-005909-qfr22,73d90b4d-e929-416a-838b-68de6407607c,2,5499.705534
2026/02/05/11:53:10,apply-time,rs-005910-brfpj,206f93b0-5ac0-4004-9a8b-1aee7f622792,2,5499.705534
2026/02/05/11:53:10,apply-time,rs-005910-hnkzq,c75dd69e-9a38-42df-8190-2dce79ba179f,2,5499.705534
2026/02/05/11:53:10,apply-time,rs-005910-rhgzg,62e6c940-760c-4dcd-8b7d-0bec6207f4a9,2,5499.705534
2026/02/05/11:53:14,running-time,rs-005910-rhgzg,62e6c940-760c-4dcd-8b7d-0bec6207f4a9,2,5503.705534
2026/02/05/11:53:15,running-time,rs-005910-brfpj,206f93b0-5ac0-4004-9a8b-1aee7f622792,2,5504.705534
2026/02/05/11:53:20,running-time,rs-005889-b6r8t,f13fbdee-ba94-4303-8e50-ec0102520fbf,4,5508.705534
2026/02/05/11:53:20,running-time,rs-005899-pt7hk,feb49214-6e80-4764-9f1c-39e79d96fc50,2,5508.705534
2026/02/05/11:53:20,apply-time,rs-005911-7k9tk,d4530eec-7817-40f9-8ccb-ca0851e5e68a,4,5508.705534
2026/02/05/11:53:20,apply-time,rs-005911-889vp,471a5654-10b1-4f39-ab7a-7f0fb9d425db,4,5508.705534
2026/02/05/11:53:20,apply-time,rs-005911-rnf4v,9b9c5f67-8190-4434-a09e-1f8f8ee6d087,4,5508.705534
2026/02/05/11:53:20,apply-time,rs-005912-6h8tq,2123396d-9f33-442f-9e9d-a66241d471bc,1,5508.705534
2026/02/05/11:53:20,running-time,rs-005912-6h8tq,2123396d-9f33-442f-9e9d-a66241d471bc,1,5509.705534
2026/02/05/11:53:20,apply-time,rs-005912-xg89p,125c163b-bdaf-4800-91b2-44a3ba9525b7,1,5508.705534
2026/02/05/11:53:20,running-time,rs-005912-xg89p,125c163b-bdaf-4800-91b2-44a3ba9525b7,1,5509.705534
2026/02/05/11:53:20,apply-time,rs-005913-f6kzk,8c691883-bcd7-4cf4-b40c-4b997a13eebf,2,5508.705534
2026/02/05/11:53:20,running-time,rs-005913-f6kzk,8c691883-bcd7-4cf4-b40c-4b997a13eebf,2,5509.705534
2026/02/05/11:53:20,apply-time,rs-005913-jkxpp,7a7d8472-76b5-4eda-aed5-52015b0be00c,2,5508.705534
2026/02/05/11:53:20,apply-time,rs-005913-qqj9c,1b156a4d-9893-42c9-b9b1-4a978415577d,2,5508.705534
2026/02/05/11:53:20,running-time,rs-005913-qqj9c,1b156a4d-9893-42c9-b9b1-4a978415577d,2,5508.705534
2026/02/05/11:53:20,apply-time,rs-005914-nxgfc,aaad0b4c-1b72-4b85-8acd-68eb937ebbf9,1,5509.705534
2026/02/05/11:53:20,running-time,rs-005914-nxgfc,aaad0b4c-1b72-4b85-8acd-68eb937ebbf9,1,5509.705534
2026/02/05/11:53:20,apply-time,rs-005915-859f5,26281074-0ad8-44ef-8e2d-2af7a88da5fc,1,5509.705534
2026/02/05/11:53:20,apply-time,rs-005915-fkq4s,b8ecc579-133a-4633-a511-edf87228e731,1,5509.705534
2026/02/05/11:53:20,running-time,rs-005915-fkq4s,b8ecc579-133a-4633-a511-edf87228e731,1,5509.705534
2026/02/05/11:53:20,apply-time,rs-005915-lmqcm,003b0085-d7c2-4d24-a934-3eb70b797d39,1,5509.705534
2026/02/05/11:53:20,apply-time,rs-005916-pdpkb,67989e29-6dc9-4edb-badd-2eaa04c2b387,1,5509.705534
2026/02/05/11:53:20,apply-time,rs-005917-2q5z2,4a2015c6-d3d1-42bc-a7cb-d8288ff14ebf,2,5509.705534
2026/02/05/11:53:20,apply-time,rs-005917-g7x52,8d199e18-a8ac-47ad-8ea2-72cc9f46ee1c,2,5509.705534
2026/02/05/11:53:20,apply-time,rs-005917-jkwxz,c1e0846e-dd9c-4d1c-8ca7-910118366bef,2,5509.705534
2026/02/05/11:53:20,apply-time,rs-005918-9l4dk,29efedf2-a918-41b2-addd-79339c99af17,2,5509.705534
2026/02/05/11:53:20,apply-time,rs-005919-458fb,979469a2-09dd-441b-b9dd-02916785fab6,2,5509.705534
2026/02/05/11:53:21,running-time,rs-005913-jkxpp,7a7d8472-76b5-4eda-aed5-52015b0be00c,2,5509.705534
2026/02/05/11:53:21,apply-time,rs-005916-2h2j2,a098789d-f6a1-4b9d-8852-e61ac7c1e477,1,5509.705534
2026/02/05/11:53:21,running-time,rs-005917-g7x52,8d199e18-a8ac-47ad-8ea2-72cc9f46ee1c,2,5509.705534
2026/02/05/11:53:21,apply-time,rs-005918-4jhks,1fe83c5d-5bd1-4275-8ae2-1205e0d31a39,2,5509.705534
2026/02/05/11:53:21,apply-time,rs-005920-6wmp4,730ecc94-a709-40f8-9763-913c96fb0ffa,2,5510.705534
2026/02/05/11:53:21,running-time,rs-005920-6wmp4,730ecc94-a709-40f8-9763-913c96fb0ffa,2,5510.705534
2026/02/05/11:53:21,apply-time,rs-005920-dk5dj,d274db2d-3004-4349-8613-ab6c8453077d,2,5510.705534
2026/02/05/11:53:21,running-time,rs-005920-dk5dj,d274db2d-3004-4349-8613-ab6c8453077d,2,5510.705534
2026/02/05/11:53:21,apply-time,rs-005920-jmzwp,612222ee-8b7c-4684-894c-2ecbf93cc7a4,2,5510.705534
2026/02/05/11:53:21,apply-time,rs-005921-4tbqs,a26ceb22-d39a-484d-954d-894c0d12212b,4,5510.705534
2026/02/05/11:53:21,apply-time,rs-005922-lx4vm,a2c5d584-0214-412b-80df-3509ce836e40,2,5509.705534
2026/02/05/11:53:21,running-time,rs-005922-lx4vm,a2c5d584-0214-412b-80df-3509ce836e40,2,5509.705534
2026/02/05/11:53:22,running-time,rs-005915-lmqcm,003b0085-d7c2-4d24-a934-3eb70b797d39,1,5511.705534
2026/02/05/11:53:22,running-time,rs-005917-jkwxz,c1e0846e-dd9c-4d1c-8ca7-910118366bef,2,5511.705534
2026/02/05/11:53:22,running-time,rs-005918-4jhks,1fe83c5d-5bd1-4275-8ae2-1205e0d31a39,2,5511.705534
2026/02/05/11:53:22,running-time,rs-005920-jmzwp,612222ee-8b7c-4684-894c-2ecbf93cc7a4,2,5511.705534
2026/02/05/11:53:22,apply-time,rs-005923-crlcd,dbf0d2ad-c888-4670-8c90-a65f66e4a0eb,1,5511.705534
2026/02/05/11:53:22,running-time,rs-005923-crlcd,dbf0d2ad-c888-4670-8c90-a65f66e4a0eb,1,5511.705534
2026/02/05/11:53:22,apply-time,rs-005924-mcp2s,be069a7a-12de-4b77-8dac-1992086178ff,1,5511.705534
2026/02/05/11:53:22,apply-time,rs-005925-8mtvx,5bd7ccce-8779-4eba-85e8-f31b6bd3bbac,1,5511.705534
2026/02/05/11:53:22,apply-time,rs-005925-t7ftp,f547d04f-b7c0-48ca-b1c9-c8c949a89fa4,1,5511.705534
2026/02/05/11:53:22,running-time,rs-005925-t7ftp,f547d04f-b7c0-48ca-b1c9-c8c949a89fa4,1,5511.705534
2026/02/05/11:53:22,apply-time,rs-005926-csp2z,102e5387-5397-463c-b508-1f8e0522c5f9,1,5511.705534
2026/02/05/11:53:22,apply-time,rs-005927-bwx9l,1d86127b-5b6e-4cbc-9db5-aae2960e7cba,1,5511.705534
2026/02/05/11:53:22,running-time,rs-005927-bwx9l,1d86127b-5b6e-4cbc-9db5-aae2960e7cba,1,5511.705534
2026/02/05/11:53:22,apply-time,rs-005927-xp8d4,55fcce1b-ca2f-4d6d-ab99-6a14f69201e5,1,5511.705534
2026/02/05/11:53:22,running-time,rs-005927-xp8d4,55fcce1b-ca2f-4d6d-ab99-6a14f69201e5,1,5511.705534
2026/02/05/11:53:23,apply-time,rs-005928-8ftlr,5092798f-5fef-4de5-adc5-cbdbd848afc0,2,5512.705534
2026/02/05/11:53:23,apply-time,rs-005928-ztf4k,0e733fc1-7e67-4bb9-8cc0-30c33adb147b,2,5512.705534
2026/02/05/11:53:23,apply-time,rs-005929-9rb2f,2d541f56-4cc0-4ea9-b1e6-effed49a6d87,2,5512.705534
2026/02/05/11:53:23,apply-time,rs-005929-fx222,48329e14-8b04-442c-baf9-c30fd22fa54d,2,5512.705534
2026/02/05/11:53:23,apply-time,rs-005930-njh92,8fd09cbc-a46b-4a16-87ba-7ecd5bda4db4,4,5512.705534
2026/02/05/11:53:23,apply-time,rs-005931-x4bwz,265acbdf-4952-49b4-a40b-d28cdada0edc,3,5512.705534
2026/02/05/11:53:23,apply-time,rs-005933-h76pt,020aaddd-b372-48b2-8736-0921f8229a66,3,5512.705534
2026/02/05/11:53:24,running-time,rs-005928-ztf4k,0e733fc1-7e67-4bb9-8cc0-30c33adb147b,2,5513.705534
2026/02/05/11:53:24,apply-time,rs-005932-cj5pr,cf22f054-04a2-42bf-baa6-006c54599233,4,5513.705534
2026/02/05/11:53:24,apply-time,rs-005932-ktwp6,8f2a8d76-79e2-420e-a7fd-9e9ac7ae2478,4,5513.705534
2026/02/05/11:53:24,apply-time,rs-005932-mnqtg,e6f5322e-cf15-40e8-a70d-ef1e1b3976c0,4,5513.705534
2026/02/05/11:53:24,apply-time,rs-005934-bxpfj,bc6809cf-2085-4462-82f0-051c76d8fff0,1,5513.705534
2026/02/05/11:53:24,running-time,rs-005934-bxpfj,bc6809cf-2085-4462-82f0-051c76d8fff0,1,5513.705534
2026/02/05/11:53:24,apply-time,rs-005934-lx6sn,6bc402e1-72f4-4b09-b9e9-d67ccb2add40,1,5513.705534
2026/02/05/11:53:24,apply-time,rs-005935-4cc9h,4f007c53-b26e-45dd-ba17-c2ce42dd29a4,2,5513.705534
2026/02/05/11:53:24,running-time,rs-005935-4cc9h,4f007c53-b26e-45dd-ba17-c2ce42dd29a4,2,5513.705534
2026/02/05/11:53:24,apply-time,rs-005935-7d8hh,5bd807fc-cc0e-4e24-8caa-5c84fc2914d4,2,5513.705534
2026/02/05/11:53:24,running-time,rs-005935-7d8hh,5bd807fc-cc0e-4e24-8caa-5c84fc2914d4,2,5513.705534
2026/02/05/11:53:24,apply-time,rs-005936-8q5xx,6f2ad88b-1c6a-4a9f-a926-b05b83574d5f,1,5513.705534
2026/02/05/11:53:24,apply-time,rs-005936-9h7l5,a362566c-ef86-473e-b0c5-7220ba47ceb0,1,5513.705534
2026/02/05/11:53:25,running-time,rs-005934-lx6sn,6bc402e1-72f4-4b09-b9e9-d67ccb2add40,1,5514.705534
2026/02/05/11:53:25,apply-time,rs-005937-nt4d7,8f09f30f-a6fd-4dc3-a770-bd53d4774b0f,2,5514.705534
2026/02/05/11:53:25,apply-time,rs-005937-rt2xl,8ee24ab1-1cea-4bcb-be63-4420c4b57de5,2,5514.705534
2026/02/05/11:53:25,apply-time,rs-005938-h54w8,c52e326d-ad57-43f1-bed5-7d08a77d60bd,2,5514.705534
2026/02/05/11:53:25,running-time,rs-005938-h54w8,c52e326d-ad57-43f1-bed5-7d08a77d60bd,2,5514.705534
2026/02/05/11:53:25,apply-time,rs-005939-gghq8,4674a552-4afa-4a2e-9731-a070c05cb240,4,5514.705534
2026/02/05/11:53:25,apply-time,rs-005939-r6jdg,20514f8f-7257-4ad6-9c37-94d827d4746c,4,5514.705534
2026/02/05/11:53:25,apply-time,rs-005939-w2rqb,ca9ae2bd-5052-4807-9bc9-8aee9254829a,4,5514.705534
2026/02/05/11:53:25,apply-time,rs-005940-4bc8h,9bd244a1-e9a6-49d9-ad2e-8cd43b791f55,3,5514.705534
2026/02/05/11:53:25,running-time,rs-005940-4bc8h,9bd244a1-e9a6-49d9-ad2e-8cd43b791f55,3,5514.705534
2026/02/05/11:53:25,apply-time,rs-005940-lxkxg,8ef7b0ca-d0fa-4658-bba1-e99edaa9f39c,3,5514.705534
2026/02/05/11:53:25,apply-time,rs-005940-srfhr,3921ea7f-1e4a-4b06-a3fe-a3433e65617b,3,5514.705534
2026/02/05/11:53:25,running-time,rs-005940-srfhr,3921ea7f-1e4a-4b06-a3fe-a3433e65617b,3,5514.705534
2026/02/05/11:53:25,apply-time,rs-005942-7nq57,06c81d2d-b43d-4726-be97-f696812663ce,1,5514.705534
2026/02/05/11:53:26,running-time,rs-005918-9l4dk,29efedf2-a918-41b2-addd-79339c99af17,2,5515.705534
2026/02/05/11:53:26,running-time,rs-005931-x4bwz,265acbdf-4952-49b4-a40b-d28cdada0edc,3,5515.705534
2026/02/05/11:53:26,running-time,rs-005933-h76pt,020aaddd-b372-48b2-8736-0921f8229a66,3,5515.705534
2026/02/05/11:53:26,running-time,rs-005940-lxkxg,8ef7b0ca-d0fa-4658-bba1-e99edaa9f39c,3,5514.705534
2026/02/05/11:53:26,apply-time,rs-005941-9sblp,9d530cd2-575e-4693-b9ab-7a624a017226,3,5515.705534
2026/02/05/11:53:26,apply-time,rs-005941-pfknp,f0c5b8ca-94ed-4a7e-b4ba-7c2d70809604,3,5515.705534
2026/02/05/11:53:26,apply-time,rs-005942-k9z2m,720c2d1c-783b-4ec2-a54c-dafbbc70ec88,1,5515.705534
2026/02/05/11:53:30,apply-time,rs-005945-lhp7g,7e3cc8a1-6e11-49b4-8a15-fe26915d3ab7,2,5519.705534
2026/02/05/11:53:31,apply-time,rs-005946-sztcd,34309d5a-732e-4fdb-b6dd-e28d4a377e3b,1,5519.705534
2026/02/05/11:53:31,running-time,rs-005946-sztcd,34309d5a-732e-4fdb-b6dd-e28d4a377e3b,1,5519.705534
2026/02/05/11:53:31,apply-time,rs-005947-9zqdx,58f260c2-4286-476b-90fa-69efc299c7dc,2,5519.705534
2026/02/05/11:53:31,apply-time,rs-005948-nr4m2,dc9da157-d59c-4490-8286-1a13ec0dea07,3,5519.705534
2026/02/05/11:53:31,apply-time,rs-005949-q455m,edf9b0d7-ce62-4288-92e5-abbfd2c6e920,3,5519.705534
2026/02/05/11:53:31,apply-time,rs-005949-qmsww,a3df249e-2e40-4f7e-9a09-0226ce9771d2,3,5519.705534
2026/02/05/11:53:31,apply-time,rs-005949-zcplr,d025dbe9-ee25-4eae-83e3-56cec5539e1d,3,5519.705534
2026/02/05/11:53:31,apply-time,rs-005950-fdvbb,18c9eda4-c1c3-4be0-b556-e95722cb502d,2,5519.705534
2026/02/05/11:53:31,apply-time,rs-005950-gbq2x,9ef5933d-cfb3-40d5-b706-51756e5bca14,2,5519.705534
2026/02/05/11:53:31,apply-time,rs-005950-wlcxk,e5b5d819-114c-4430-a5b1-20cb66344719,2,5519.705534
2026/02/05/11:53:31,apply-time,rs-005951-j6vd9,12d6341d-201e-44ce-be37-dcf0643b940a,1,5520.705534
2026/02/05/11:53:31,running-time,rs-005951-j6vd9,12d6341d-201e-44ce-be37-dcf0643b940a,1,5520.705534
2026/02/05/11:53:33,running-time,rs-005949-qmsww,a3df249e-2e40-4f7e-9a09-0226ce9771d2,3,5522.705534
2026/02/05/11:53:33,running-time,rs-005950-wlcxk,e5b5d819-114c-4430-a5b1-20cb66344719,2,5522.705534
2026/02/05/11:53:34,running-time,rs-005950-fdvbb,18c9eda4-c1c3-4be0-b556-e95722cb502d,2,5523.705534
2026/02/05/11:53:34,running-time,rs-005950-gbq2x,9ef5933d-cfb3-40d5-b706-51756e5bca14,2,5523.705534
2026/02/05/11:53:36,running-time,rs-005917-2q5z2,4a2015c6-d3d1-42bc-a7cb-d8288ff14ebf,2,5525.705534
2026/02/05/11:53:37,apply-time,rs-005952-96tvl,7f81abae-f333-433b-b189-5a87927d81ae,1,5525.705534
2026/02/05/11:53:37,running-time,rs-005952-96tvl,7f81abae-f333-433b-b189-5a87927d81ae,1,5526.705534
2026/02/05/11:53:37,apply-time,rs-005952-qjdlz,5c9b2dc4-77ab-4ec9-8338-cadd30c8b90f,1,5526.705534
2026/02/05/11:53:37,running-time,rs-005952-qjdlz,5c9b2dc4-77ab-4ec9-8338-cadd30c8b90f,1,5526.705534
2026/02/05/11:53:37,apply-time,rs-005953-5lcd9,0fc0f61f-f95f-4645-89d2-3c4308fdb413,3,5526.705534
2026/02/05/11:53:37,running-time,rs-005953-5lcd9,0fc0f61f-f95f-4645-89d2-3c4308fdb413,3,5526.705534
2026/02/05/11:53:37,apply-time,rs-005954-gh9jf,9652f03e-74b1-4dc4-b236-26f40b88c93c,1,5526.705534
2026/02/05/11:53:37,apply-time,rs-005954-mk2kf,d57a2cd1-b7b0-4a67-98c9-0d20f95a1318,1,5526.705534
2026/02/05/11:53:37,apply-time,rs-005955-26v75,8ea43df7-8b20-42a9-bd43-3c10654917ba,2,5526.705534
2026/02/05/11:53:37,running-time,rs-005955-26v75,8ea43df7-8b20-42a9-bd43-3c10654917ba,2,5526.705534
2026/02/05/11:53:37,apply-time,rs-005955-5cgsd,8ee1b151-2225-4a73-ad19-f4bcc2b59bbf,2,5526.705534
2026/02/05/11:53:37,running-time,rs-005955-5cgsd,8ee1b151-2225-4a73-ad19-f4bcc2b59bbf,2,5526.705534
2026/02/05/11:53:37,apply-time,rs-005956-bmm6q,a680b67f-3247-4826-97a9-d790869336fb,3,5526.705534
2026/02/05/11:53:37,running-time,rs-005956-bmm6q,a680b67f-3247-4826-97a9-d790869336fb,3,5526.705534
2026/02/05/11:53:37,apply-time,rs-005957-2dlgk,92da1911-78d3-4f4b-bcc8-1196d3d0de48,1,5526.705534
2026/02/05/11:53:37,apply-time,rs-005957-4lmxm,87f58980-f1da-4ab7-bcca-b9f827c97ab0,1,5526.705534
2026/02/05/11:53:37,apply-time,rs-005957-9dglq,0ebfb266-3b43-426f-b8c1-d1a3f4e97a24,1,5526.705534
2026/02/05/11:53:39,running-time,rs-005957-2dlgk,92da1911-78d3-4f4b-bcc8-1196d3d0de48,1,5528.705534
2026/02/05/11:53:39,running-time,rs-005957-4lmxm,87f58980-f1da-4ab7-bcca-b9f827c97ab0,1,5528.705534
2026/02/05/11:53:39,running-time,rs-005957-9dglq,0ebfb266-3b43-426f-b8c1-d1a3f4e97a24,1,5528.705534
2026/02/05/11:53:43,apply-time,rs-005958-4cln7,4a6f2735-756f-4854-a0b5-78547f3259b8,4,5532.705534
2026/02/05/11:53:43,running-time,rs-005958-4cln7,4a6f2735-756f-4854-a0b5-78547f3259b8,4,5532.705534
2026/02/05/11:53:43,apply-time,rs-005958-9svsn,2ca6a816-2e45-432f-a692-dd7073fa87b2,4,5532.705534
2026/02/05/11:53:43,apply-time,rs-005958-x5dqp,18dbd84c-7c76-4490-afe9-d3ae1f0c0389,4,5532.705534
2026/02/05/11:53:43,apply-time,rs-005959-kc7wm,8da0f4f9-2d6b-4b7b-8893-86c243bea6c3,2,5532.705534
2026/02/05/11:53:43,running-time,rs-005959-kc7wm,8da0f4f9-2d6b-4b7b-8893-86c243bea6c3,2,5532.705534
2026/02/05/11:53:43,apply-time,rs-005960-j84v6,4c64b598-7a93-4a46-ad4b-71ab1746ac30,3,5532.705534
2026/02/05/11:53:43,running-time,rs-005960-j84v6,4c64b598-7a93-4a46-ad4b-71ab1746ac30,3,5532.705534
2026/02/05/11:53:43,apply-time,rs-005960-k5qbp,a61ddefc-37be-4a4c-8d2d-dbdf9ad99e61,3,5532.705534
2026/02/05/11:53:43,apply-time,rs-005960-qq5mk,e1826b8b-1e48-4f28-a3a3-cc0e6f52e95f,3,5532.705534
2026/02/05/11:53:43,running-time,rs-005960-qq5mk,e1826b8b-1e48-4f28-a3a3-cc0e6f52e95f,3,5532.705534
2026/02/05/11:53:44,running-time,rs-005958-9svsn,2ca6a816-2e45-432f-a692-dd7073fa87b2,4,5533.705534
2026/02/05/11:53:44,running-time,rs-005958-x5dqp,18dbd84c-7c76-4490-afe9-d3ae1f0c0389,4,5533.705534
2026/02/05/11:53:44,running-time,rs-005960-k5qbp,a61ddefc-37be-4a4c-8d2d-dbdf9ad99e61,3,5533.705534
2026/02/05/11:53:44,apply-time,rs-005961-n4t46,c628905b-768a-476b-8acd-3d87b4f3646f,2,5533.705534
2026/02/05/11:53:44,apply-time,rs-005962-fmk62,d105472e-6733-46e6-8ecc-db74f6924858,2,5533.705534
2026/02/05/11:53:44,running-time,rs-005962-fmk62,d105472e-6733-46e6-8ecc-db74f6924858,2,5533.705534
2026/02/05/11:53:44,apply-time,rs-005962-stgqq,cba6a722-ceac-4a81-8c13-a4b44888a9ea,2,5533.705534
2026/02/05/11:53:44,running-time,rs-005962-stgqq,cba6a722-ceac-4a81-8c13-a4b44888a9ea,2,5533.705534
2026/02/05/11:53:44,apply-time,rs-005962-zqrqg,cdbe5417-0443-4d90-aec4-9e722a44c52b,2,5533.705534
2026/02/05/11:53:44,apply-time,rs-005963-bb9lk,92740dec-fe58-48ca-ad17-2abfb6bb7aa9,3,5533.705534
2026/02/05/11:53:44,running-time,rs-005963-bb9lk,92740dec-fe58-48ca-ad17-2abfb6bb7aa9,3,5533.705534
2026/02/05/11:53:44,apply-time,rs-005964-7wkqd,8a73b95b-2166-4437-babe-03894c4c4428,3,5533.705534
2026/02/05/11:53:44,apply-time,rs-005964-kmqf9,6c200770-49fd-4d71-a894-9c4408ec8457,3,5533.705534
2026/02/05/11:53:44,apply-time,rs-005964-v2bdf,116cb259-48b6-47ee-841d-695ba5f70177,3,5533.705534
2026/02/05/11:53:44,apply-time,rs-005965-wjd82,ec0d97df-9275-4c9c-b96e-dd98ad73da0b,1,5533.705534
2026/02/05/11:53:44,running-time,rs-005965-wjd82,ec0d97df-9275-4c9c-b96e-dd98ad73da0b,1,5533.705534
2026/02/05/11:53:44,apply-time,rs-005966-wmthw,cd1afbfd-1dcc-4157-85ee-ffc75862ddee,2,5533.705534
2026/02/05/11:53:44,apply-time,rs-005967-5c5q2,23671232-4b2a-4a7c-ac92-4a46bfd1bc49,1,5533.705534
2026/02/05/11:53:45,running-time,rs-005962-zqrqg,cdbe5417-0443-4d90-aec4-9e722a44c52b,2,5533.705534
2026/02/05/11:53:45,apply-time,rs-005965-nq6wk,26962f95-a73d-4acd-875b-b8bb3064fc00,1,5533.705534
2026/02/05/11:53:45,apply-time,rs-005966-6pd5k,cb88d5d3-358c-4751-afe3-1d49035a8706,2,5534.705534
2026/02/05/11:53:45,apply-time,rs-005966-tdz6x,ba78b79b-63cd-4472-8d8a-73b49724cc64,2,5534.705534
2026/02/05/11:53:45,running-time,rs-005967-5c5q2,23671232-4b2a-4a7c-ac92-4a46bfd1bc49,1,5534.705534
2026/02/05/11:53:45,apply-time,rs-005967-bp4bm,ac5cec00-7847-4308-9fc5-465a1336aa4e,1,5534.705534
2026/02/05/11:53:45,apply-time,rs-005967-xvk4x,2153ebc8-9552-4bc4-8ed4-6835f1fe283f,1,5534.705534
2026/02/05/11:53:45,apply-time,rs-005968-mnnkf,b6f5c3d8-4fac-4aa7-ba02-1b17b810fff0,2,5533.705534
2026/02/05/11:53:45,running-time,rs-005968-mnnkf,b6f5c3d8-4fac-4aa7-ba02-1b17b810fff0,2,5534.705534
2026/02/05/11:53:45,apply-time,rs-005969-8t69d,deae82d9-c1a6-4d2b-a63a-e717eee8def6,2,5534.705534
2026/02/05/11:53:45,apply-time,rs-005970-5tt77,3cfff942-f75e-4d71-ac23-e9fb1b77f601,4,5534.705534
2026/02/05/11:53:46,running-time,rs-005965-nq6wk,26962f95-a73d-4acd-875b-b8bb3064fc00,1,5535.705534
2026/02/05/11:53:46,apply-time,rs-005970-nzdsx,8a86ba97-fed9-4c2c-93cb-3bb6dd4a1e63,4,5535.705534
2026/02/05/11:53:46,apply-time,rs-005971-m25j8,250175c7-42d4-4639-87e0-dc4ab116b3cd,3,5535.705534
2026/02/05/11:53:46,apply-time,rs-005971-nz29q,46778553-6905-4e8e-a620-95b43f5cba35,3,5535.705534
2026/02/05/11:53:46,apply-time,rs-005971-rdn9w,fc485c33-72a4-4d4c-8957-e4eda4a00463,3,5534.705534
2026/02/05/11:53:46,running-time,rs-005971-rdn9w,fc485c33-72a4-4d4c-8957-e4eda4a00463,3,5535.705534
2026/02/05/11:53:46,apply-time,rs-005972-vx7d8,c5dba40a-fced-4a7c-b8a2-ebcc338a306e,1,5534.705534
2026/02/05/11:53:46,apply-time,rs-005973-kbnrr,6cde0188-02af-44aa-89e4-a7be4cdb8e21,3,5535.705534
2026/02/05/11:53:46,running-time,rs-005973-kbnrr,6cde0188-02af-44aa-89e4-a7be4cdb8e21,3,5535.705534
2026/02/05/11:53:46,apply-time,rs-005973-xrbdx,395bddd8-d15c-4890-a2aa-9d56cf964b5a,3,5535.705534
2026/02/05/11:53:46,apply-time,rs-005974-6nvqm,d033ba55-109a-4806-b68b-b7da70697e2c,1,5535.705534
2026/02/05/11:53:48,running-time,rs-005966-tdz6x,ba78b79b-63cd-4472-8d8a-73b49724cc64,2,5537.705534
2026/02/05/11:53:48,running-time,rs-005967-xvk4x,2153ebc8-9552-4bc4-8ed4-6835f1fe283f,1,5537.705534
2026/02/05/11:53:48,running-time,rs-005971-m25j8,250175c7-42d4-4639-87e0-dc4ab116b3cd,3,5537.705534
2026/02/05/11:53:48,running-time,rs-005971-nz29q,46778553-6905-4e8e-a620-95b43f5cba35,3,5537.705534
2026/02/05/11:53:49,apply-time,rs-005975-zp4pg,f4f3da51-adb9-4da1-a5e9-dd54a14430a2,4,5538.705534
2026/02/05/11:53:49,apply-time,rs-005976-9m7pb,47566a5f-7763-4bf0-826b-939eda48e61e,2,5538.705534
2026/02/05/11:53:49,apply-time,rs-005976-pl679,d3b4faac-cf87-4f2f-96dc-707ff9dcf5ef,2,5538.705534
2026/02/05/11:53:49,apply-time,rs-005976-w9kmc,cd055c83-2238-4e8c-b41a-753f7095dc75,2,5538.705534
2026/02/05/11:53:50,running-time,rs-005975-zp4pg,f4f3da51-adb9-4da1-a5e9-dd54a14430a2,4,5538.705534
2026/02/05/11:53:50,running-time,rs-005976-w9kmc,cd055c83-2238-4e8c-b41a-753f7095dc75,2,5538.705534
2026/02/05/11:53:53,running-time,rs-005976-9m7pb,47566a5f-7763-4bf0-826b-939eda48e61e,2,5542.705534
2026/02/05/11:53:53,running-time,rs-005976-pl679,d3b4faac-cf87-4f2f-96dc-707ff9dcf5ef,2,5542.705534
2026/02/05/11:53:54,running-time,rs-005966-wmthw,cd1afbfd-1dcc-4157-85ee-ffc75862ddee,2,5543.705534
2026/02/05/11:53:56,running-time,rs-005966-6pd5k,cb88d5d3-358c-4751-afe3-1d49035a8706,2,5544.705534
2026/02/05/11:53:56,apply-time,rs-005977-577sn,8c73f5ad-e82f-448b-b9c1-c4bb63a8b3ae,3,5545.705534
2026/02/05/11:53:56,running-time,rs-005977-577sn,8c73f5ad-e82f-448b-b9c1-c4bb63a8b3ae,3,5545.705534
2026/02/05/11:53:56,apply-time,rs-005977-sgxsh,e1d81ad8-bd12-4bb7-99c6-f84e5df15148,3,5545.705534
2026/02/05/11:53:56,running-time,rs-005977-sgxsh,e1d81ad8-bd12-4bb7-99c6-f84e5df15148,3,5545.705534
2026/02/05/11:53:56,apply-time,rs-005978-7626k,d8f0a238-0b0f-4dd2-aa9c-6a813d27fc40,3,5545.705534
2026/02/05/11:53:56,running-time,rs-005978-7626k,d8f0a238-0b0f-4dd2-aa9c-6a813d27fc40,3,5545.705534
2026/02/05/11:53:56,apply-time,rs-005979-f5hsh,2947f3a7-c35d-49e3-9380-6f1d9989ea7c,1,5545.705534
2026/02/05/11:53:56,running-time,rs-005979-f5hsh,2947f3a7-c35d-49e3-9380-6f1d9989ea7c,1,5545.705534
2026/02/05/11:53:56,apply-time,rs-005979-wkqfd,579009fb-437f-448c-9887-364ad3bceb8b,1,5545.705534
2026/02/05/11:53:56,apply-time,rs-005980-gkwxn,faade0d1-6d28-4bbb-98e9-0c3edfd97169,1,5545.705534
2026/02/05/11:53:56,apply-time,rs-005980-nmxxv,fc8a6897-7859-476b-b9af-fc3bff52210b,1,5545.705534
2026/02/05/11:53:58,running-time,rs-005979-wkqfd,579009fb-437f-448c-9887-364ad3bceb8b,1,5547.705534
2026/02/05/11:53:58,apply-time,rs-005981-kg4kq,c84eaff1-9764-4912-a62e-74d611ce1ca6,1,5547.705534
2026/02/05/11:53:59,running-time,rs-005954-mk2kf,d57a2cd1-b7b0-4a67-98c9-0d20f95a1318,1,5548.705534
2026/02/05/11:53:59,running-time,rs-005961-n4t46,c628905b-768a-476b-8acd-3d87b4f3646f,2,5548.705534
2026/02/05/11:53:59,running-time,rs-005981-kg4kq,c84eaff1-9764-4912-a62e-74d611ce1ca6,1,5548.705534
2026/02/05/11:54:00,apply-time,rs-005982-psjdv,d5cb4526-136b-48de-a450-a61082073eb3,4,5549.705534
2026/02/05/11:54:00,apply-time,rs-005982-sbjnx,582f3528-3d99-40e4-8e2f-cf5df6ee958d,4,5549.705534
2026/02/05/11:54:00,apply-time,rs-005982-zxwvs,fa2a90d9-5184-4a97-a438-eb527ad68849,4,5549.705534
2026/02/05/11:54:00,apply-time,rs-005983-nvbx5,3c119cc0-3996-4bb2-97c5-921e48762fad,3,5549.705534
2026/02/05/11:54:00,apply-time,rs-005984-m7q6k,59c724ba-0dcf-4c5a-936f-cd3018e96e49,3,5549.705534
2026/02/05/11:54:00,apply-time,rs-005984-qcbdw,e05640a5-e37e-4d85-842c-422848fec4f3,3,5549.705534
2026/02/05/11:54:00,apply-time,rs-005985-8lscf,3a590879-9ea8-4ad0-8ee3-701dff0f0491,4,5549.705534
2026/02/05/11:54:00,apply-time,rs-005985-jn56l,b69d8abe-483e-45d3-be7d-22b165297d7b,4,5549.705534
2026/02/05/11:54:00,apply-time,rs-005986-9rgcg,9411059f-318c-4baf-915c-831ce854a24e,1,5549.705534
2026/02/05/11:54:00,running-time,rs-005986-9rgcg,9411059f-318c-4baf-915c-831ce854a24e,1,5549.705534
2026/02/05/11:54:00,apply-time,rs-005986-b69lb,e35aa18a-d0df-4dc0-973f-d64b085b1367,1,5549.705534
2026/02/05/11:54:00,apply-time,rs-005986-s65lv,b1838f21-135b-43f1-b3f0-9d9cf0150a85,1,5549.705534
2026/02/05/11:54:00,apply-time,rs-005987-xqdl5,62e8656f-1433-4fd1-ae75-744c29644782,4,5549.705534
2026/02/05/11:54:00,running-time,rs-005987-xqdl5,62e8656f-1433-4fd1-ae75-744c29644782,4,5549.705534
2026/02/05/11:54:00,apply-time,rs-005988-tp5jg,2c93cb3b-ba78-495b-b8b9-0aeb424c13ff,1,5549.705534
2026/02/05/11:54:01,apply-time,rs-005989-gfvm4,0b0248c2-77fa-461c-8601-4484f73f190d,2,5550.705534
2026/02/05/11:54:01,apply-time,rs-005989-rcwlh,d1ea9b56-2546-4f74-839a-ee86cd40464f,2,5549.705534
2026/02/05/11:54:01,running-time,rs-005989-rcwlh,d1ea9b56-2546-4f74-839a-ee86cd40464f,2,5549.705534
2026/02/05/11:54:01,apply-time,rs-005990-clbdw,b90b24d2-7742-414d-9a03-8933bc3cabee,4,5550.705534
2026/02/05/11:54:01,apply-time,rs-005990-t6rsb,2aa1026f-83f7-40d9-861c-1e8a398792ec,4,5550.705534
2026/02/05/11:54:01,apply-time,rs-005991-2vjn8,0bdce96b-d627-494e-b4d5-00bc17476c99,4,5550.705534
2026/02/05/11:54:01,apply-time,rs-005991-b8thb,f65f4b79-6ecd-454e-bcdf-b226731fc1f3,4,5550.705534
2026/02/05/11:54:01,apply-time,rs-005991-c96w2,6dbd1374-16cd-44b2-85e9-834d7f20140d,4,5550.705534
2026/02/05/11:54:02,running-time,rs-005982-psjdv,d5cb4526-136b-48de-a450-a61082073eb3,4,5551.705534
2026/02/05/11:54:02,running-time,rs-005984-m7q6k,59c724ba-0dcf-4c5a-936f-cd3018e96e49,3,5551.705534
2026/02/05/11:54:02,running-time,rs-005985-jn56l,b69d8abe-483e-45d3-be7d-22b165297d7b,4,5551.705534
2026/02/05/11:54:02,apply-time,rs-005992-s5hsw,49fc213e-cb42-4915-83ef-2f3fb4aefb62,2,5550.705534
2026/02/05/11:54:02,apply-time,rs-005992-xz46c,c5d2dd39-45ab-4e63-82c2-f3d93880bf37,2,5551.705534
2026/02/05/11:54:03,running-time,rs-005989-gfvm4,0b0248c2-77fa-461c-8601-4484f73f190d,2,5552.705534
2026/02/05/11:54:03,running-time,rs-005991-2vjn8,0bdce96b-d627-494e-b4d5-00bc17476c99,4,5552.705534
2026/02/05/11:54:03,running-time,rs-005991-b8thb,f65f4b79-6ecd-454e-bcdf-b226731fc1f3,4,5552.705534
2026/02/05/11:54:03,running-time,rs-005991-c96w2,6dbd1374-16cd-44b2-85e9-834d7f20140d,4,5552.705534
2026/02/05/11:54:03,running-time,rs-005992-s5hsw,49fc213e-cb42-4915-83ef-2f3fb4aefb62,2,5552.705534
2026/02/05/11:54:04,running-time,rs-005986-s65lv,b1838f21-135b-43f1-b3f0-9d9cf0150a85,1,5553.705534
2026/02/05/11:54:04,running-time,rs-005988-tp5jg,2c93cb3b-ba78-495b-b8b9-0aeb424c13ff,1,5553.705534
2026/02/05/11:54:04,running-time,rs-005992-xz46c,c5d2dd39-45ab-4e63-82c2-f3d93880bf37,2,5553.705534
2026/02/05/11:54:04,apply-time,rs-005993-68xmz,07e8d663-ded3-4bbf-9ee0-35ade5b17817,3,5553.705534
2026/02/05/11:54:04,apply-time,rs-005993-fgbdp,db3e47c6-e1a9-4a33-9948-5664b787c004,3,5553.705534
2026/02/05/11:54:04,apply-time,rs-005993-wh545,fc5bee0c-3cc5-4b86-8a8e-47890a86a7f0,3,5553.705534
2026/02/05/11:54:04,apply-time,rs-005994-p5scb,0dbb50e8-b66a-4af9-a6cb-98dca11a40ac,1,5553.705534
2026/02/05/11:54:04,apply-time,rs-005994-ppfg5,f78c82ea-9fe2-408a-bb7e-80ca9686580d,1,5553.705534
2026/02/05/11:54:05,apply-time,rs-005995-fg6rv,9c76aa1b-023e-4026-886e-7e24d81d9c28,4,5553.705534
2026/02/05/11:54:05,running-time,rs-005995-fg6rv,9c76aa1b-023e-4026-886e-7e24d81d9c28,4,5554.705534
2026/02/05/11:54:06,running-time,rs-005994-ppfg5,f78c82ea-9fe2-408a-bb7e-80ca9686580d,1,5555.705534
2026/02/05/11:54:07,running-time,rs-005986-b69lb,e35aa18a-d0df-4dc0-973f-d64b085b1367,1,5556.705534
2026/02/05/11:54:08,running-time,rs-005954-gh9jf,9652f03e-74b1-4dc4-b236-26f40b88c93c,1,5557.705534
2026/02/05/11:54:08,running-time,rs-005984-qcbdw,e05640a5-e37e-4d85-842c-422848fec4f3,3,5556.705534
2026/02/05/11:54:08,running-time,rs-005993-68xmz,07e8d663-ded3-4bbf-9ee0-35ade5b17817,3,5557.705534
2026/02/05/11:54:09,running-time,rs-005993-fgbdp,db3e47c6-e1a9-4a33-9948-5664b787c004,3,5558.705534
2026/02/05/11:54:09,apply-time,rs-005996-962sk,97cee00e-f8a8-48ef-9f98-8055502f1d5c,3,5558.705534
2026/02/05/11:54:09,running-time,rs-005996-962sk,97cee00e-f8a8-48ef-9f98-8055502f1d5c,3,5558.705534
2026/02/05/11:54:09,apply-time,rs-005996-g5gqc,41b4dda1-f608-4c3d-8206-d964ec96a226,3,5558.705534
2026/02/05/11:54:09,running-time,rs-005996-g5gqc,41b4dda1-f608-4c3d-8206-d964ec96a226,3,5558.705534
2026/02/05/11:54:09,apply-time,rs-005997-zx8n8,8488413a-00c8-41ab-b2e9-fc7f55ede779,4,5558.705534
2026/02/05/11:54:09,running-time,rs-005997-zx8n8,8488413a-00c8-41ab-b2e9-fc7f55ede779,4,5558.705534
2026/02/05/11:54:09,apply-time,rs-005998-g78rs,1acaa1df-b1ed-495d-8238-15ebabb83d5b,4,5558.705534
2026/02/05/11:54:09,running-time,rs-005998-g78rs,1acaa1df-b1ed-495d-8238-15ebabb83d5b,4,5558.705534
2026/02/05/11:54:09,apply-time,rs-005998-s9ls2,1040af71-b3e1-4ac7-87cb-390ac6fd795f,4,5558.705534
2026/02/05/11:54:09,running-time,rs-005998-s9ls2,1040af71-b3e1-4ac7-87cb-390ac6fd795f,4,5558.705534
2026/02/05/11:54:09,apply-time,rs-005998-zpnr2,56a8cd5c-44c5-4576-9aca-a07cc673eace,4,5558.705534
2026/02/05/11:54:09,running-time,rs-005998-zpnr2,56a8cd5c-44c5-4576-9aca-a07cc673eace,4,5558.705534
2026/02/05/11:54:10,apply-time,rs-005999-jgn95,04cd8a44-59d7-4381-9573-5a379390670f,1,5559.705534
2026/02/05/11:54:10,apply-time,rs-006000-l4ds6,1885177d-72c9-44aa-a2d7-8119cbd3503a,1,5559.705534
2026/02/05/11:54:11,apply-time,rs-006001-bmbc7,4ae48cb2-c944-4f11-93a7-b60687d41dfc,2,5560.705534
2026/02/05/11:54:11,apply-time,rs-006001-gdtqg,e8fcb819-e9da-4eee-b79c-f90cc4cc0ede,2,5559.705534
2026/02/05/11:54:11,apply-time,rs-006002-49nn8,fd4e6944-97b6-4684-90a1-1ec83d1722d5,3,5559.705534
2026/02/05/11:54:11,apply-time,rs-006002-nns6g,c95a86f4-5d27-4e63-9172-eb69fb2f4ac4,3,5559.705534
2026/02/05/11:54:11,apply-time,rs-006002-tmgkl,7f5f1623-1145-48f4-8792-07f38feafd71,3,5559.705534
2026/02/05/11:54:11,apply-time,rs-006003-c2mz2,c02028b1-88ea-4771-bfde-09ae7d10f411,2,5559.705534
2026/02/05/11:54:11,apply-time,rs-006003-m8gf9,a254c258-e131-4728-94f6-f2cf08dd3e1d,2,5560.705534
2026/02/05/11:54:11,apply-time,rs-006003-whshh,3c093eaa-228c-4f6a-9f87-85872848ea9d,2,5560.705534
2026/02/05/11:54:12,running-time,rs-006002-tmgkl,7f5f1623-1145-48f4-8792-07f38feafd71,3,5561.705534
2026/02/05/11:54:12,apply-time,rs-006004-4kqwr,107e9f96-b98a-4bfd-99de-a624258f2ae8,2,5561.705534
2026/02/05/11:54:12,running-time,rs-006004-4kqwr,107e9f96-b98a-4bfd-99de-a624258f2ae8,2,5561.705534
2026/02/05/11:54:12,apply-time,rs-006005-zvqwt,68b5a547-84cd-45d7-b4e4-7f05085c3db8,2,5561.705534
2026/02/05/11:54:12,apply-time,rs-006006-f7hfh,13b7f063-3707-4a3b-bd6c-66f9fc50e694,3,5561.705534
2026/02/05/11:54:12,apply-time,rs-006006-wrrb9,f5386514-986c-4f9f-a7c0-df1615d78052,3,5561.705534
2026/02/05/11:54:12,running-time,rs-006006-wrrb9,f5386514-986c-4f9f-a7c0-df1615d78052,3,5561.705534
2026/02/05/11:54:15,running-time,rs-005993-wh545,fc5bee0c-3cc5-4b86-8a8e-47890a86a7f0,3,5564.705534
2026/02/05/11:54:15,running-time,rs-006001-bmbc7,4ae48cb2-c944-4f11-93a7-b60687d41dfc,2,5564.705534
2026/02/05/11:54:15,running-time,rs-006001-gdtqg,e8fcb819-e9da-4eee-b79c-f90cc4cc0ede,2,5564.705534
2026/02/05/11:54:17,apply-time,rs-006007-88gwp,0873d256-8546-41c8-9ffb-a854eba135c7,2,5565.705534
2026/02/05/11:54:17,running-time,rs-006007-88gwp,0873d256-8546-41c8-9ffb-a854eba135c7,2,5565.705534
2026/02/05/11:54:20,running-time,rs-005980-nmxxv,fc8a6897-7859-476b-b9af-fc3bff52210b,1,5569.705534
2026/02/05/11:54:24,running-time,rs-005972-vx7d8,c5dba40a-fced-4a7c-b8a2-ebcc338a306e,1,5573.705534
2026/02/05/11:54:24,running-time,rs-005980-gkwxn,faade0d1-6d28-4bbb-98e9-0c3edfd97169,1,5573.705534
2026/02/05/11:54:26,apply-time,rs-006008-vfc5h,a9484dbc-0c36-402a-a34b-ed1d80602839,4,5575.705534
2026/02/05/11:54:26,running-time,rs-006008-vfc5h,a9484dbc-0c36-402a-a34b-ed1d80602839,4,5575.705534
2026/02/05/11:54:26,apply-time,rs-006009-fkrmr,bed9a5fd-0021-4f03-80e5-dca57630630b,3,5575.705534
2026/02/05/11:54:26,running-time,rs-006009-fkrmr,bed9a5fd-0021-4f03-80e5-dca57630630b,3,5575.705534
2026/02/05/11:54:26,apply-time,rs-006009-p4l62,6b700800-78ea-414c-abcf-1a3f928d8d84,3,5575.705534
2026/02/05/11:54:26,running-time,rs-006009-p4l62,6b700800-78ea-414c-abcf-1a3f928d8d84,3,5575.705534
2026/02/05/11:54:26,apply-time,rs-006010-x7mvb,072f3839-0685-49a8-81b5-1bc1dc5a0b66,4,5575.705534
2026/02/05/11:54:26,running-time,rs-006010-x7mvb,072f3839-0685-49a8-81b5-1bc1dc5a0b66,4,5575.705534
2026/02/05/11:54:26,apply-time,rs-006010-z26kx,101fdc10-7fc3-479e-87ce-de8cb777a425,4,5575.705534
2026/02/05/11:54:26,running-time,rs-006010-z26kx,101fdc10-7fc3-479e-87ce-de8cb777a425,4,5575.705534
2026/02/05/11:54:26,apply-time,rs-006011-8lsvz,313abe81-8f16-4f5b-9b40-5e1fc81df743,2,5575.705534
2026/02/05/11:54:26,apply-time,rs-006012-9cfdw,4c2ca451-eba6-46ed-90bc-e07683bc839c,2,5575.705534
2026/02/05/11:54:26,running-time,rs-006012-9cfdw,4c2ca451-eba6-46ed-90bc-e07683bc839c,2,5575.705534
2026/02/05/11:54:26,apply-time,rs-006012-z99jt,08041254-e89e-408e-9fd8-16a63cde810a,2,5575.705534
2026/02/05/11:54:26,running-time,rs-006012-z99jt,08041254-e89e-408e-9fd8-16a63cde810a,2,5575.705534
2026/02/05/11:54:26,apply-time,rs-006013-fdf2l,fa4c62c8-27fb-47f9-90d9-67ae315e8b56,3,5575.705534
2026/02/05/11:54:26,apply-time,rs-006013-lw2s6,8442c1af-eb04-4101-97d4-0a6acf57d9bb,3,5575.705534
2026/02/05/11:54:26,apply-time,rs-006013-xtl4j,3831086e-2d53-41ec-a7e5-bfdfc5521ddc,3,5575.705534
2026/02/05/11:54:29,running-time,rs-006013-xtl4j,3831086e-2d53-41ec-a7e5-bfdfc5521ddc,3,5578.705534
2026/02/05/11:54:37,apply-time,rs-006014-lsncc,d89a33e0-0880-4da0-86dc-2d43ccc056c8,4,5586.705534
2026/02/05/11:54:37,apply-time,rs-006014-sjc98,0d91d1bf-54cb-4ed2-92f4-833a83e28398,4,5586.705534
2026/02/05/11:54:37,apply-time,rs-006014-z77lz,643a46c3-f378-4f99-83ab-bc3e8b530aea,4,5586.705534
2026/02/05/11:54:37,apply-time,rs-006015-jmf64,7170a636-b7ab-498e-946e-5a3de3eeddea,1,5586.705534
2026/02/05/11:54:37,running-time,rs-006015-jmf64,7170a636-b7ab-498e-946e-5a3de3eeddea,1,5586.705534
2026/02/05/11:54:37,apply-time,rs-006016-c2br9,c381e639-32bc-493f-bdda-eafc237317e6,1,5586.705534
2026/02/05/11:54:37,running-time,rs-006016-c2br9,c381e639-32bc-493f-bdda-eafc237317e6,1,5586.705534
2026/02/05/11:54:37,apply-time,rs-006016-wdh72,8ec77fe5-fac8-4630-a4e3-51bb97530035,1,5586.705534
2026/02/05/11:54:37,running-time,rs-006016-wdh72,8ec77fe5-fac8-4630-a4e3-51bb97530035,1,5586.705534
2026/02/05/11:54:37,apply-time,rs-006017-bswr5,5e8a24df-bc19-4185-ba4a-442eec0be607,2,5586.705534
2026/02/05/11:54:37,apply-time,rs-006017-lwss4,13b16390-e3ec-412f-ac2d-6da894058319,2,5586.705534
2026/02/05/11:54:37,apply-time,rs-006018-d78jc,b7de96af-2edf-4e8d-9bed-42e4ef12d266,1,5586.705534
2026/02/05/11:54:37,running-time,rs-006018-d78jc,b7de96af-2edf-4e8d-9bed-42e4ef12d266,1,5586.705534
2026/02/05/11:54:37,apply-time,rs-006018-rdc7r,3b31edd7-4f2d-48f5-9c22-68918e826346,1,5586.705534
2026/02/05/11:54:37,running-time,rs-006018-rdc7r,3b31edd7-4f2d-48f5-9c22-68918e826346,1,5586.705534
2026/02/05/11:54:37,apply-time,rs-006018-z8bcw,9b4d63da-252a-42ce-9a56-b7028dbb5195,1,5586.705534
2026/02/05/11:54:37,running-time,rs-006018-z8bcw,9b4d63da-252a-42ce-9a56-b7028dbb5195,1,5586.705534
2026/02/05/11:54:46,apply-time,rs-006019-2qt28,c6883cc1-285e-47f9-8ec7-a8ed218583d4,1,5595.705534
2026/02/05/11:54:46,running-time,rs-006019-2qt28,c6883cc1-285e-47f9-8ec7-a8ed218583d4,1,5595.705534
2026/02/05/11:54:46,apply-time,rs-006019-bt92k,e249967a-29bb-4941-aec2-0e072f770794,1,5595.705534
2026/02/05/11:54:46,running-time,rs-006019-bt92k,e249967a-29bb-4941-aec2-0e072f770794,1,5595.705534
2026/02/05/11:54:46,apply-time,rs-006019-kcqv4,25a76899-f3ae-4995-b3f6-0f207c73d46a,1,5595.705534
2026/02/05/11:54:46,running-time,rs-006019-kcqv4,25a76899-f3ae-4995-b3f6-0f207c73d46a,1,5595.705534
2026/02/05/11:54:46,apply-time,rs-006020-g8hml,bd172005-6c15-44b6-86b9-68fa65e9dd3a,4,5595.705534
2026/02/05/11:54:47,running-time,rs-006020-g8hml,bd172005-6c15-44b6-86b9-68fa65e9dd3a,4,5595.705534
2026/02/05/11:54:47,apply-time,rs-006021-9xr6f,2a2d0167-b03e-4792-9c2d-9d5214ef39fc,3,5596.705534
2026/02/05/11:54:47,apply-time,rs-006021-hcml4,d84539f4-41b9-4152-986f-a32a181da2dc,3,5596.705534
2026/02/05/11:54:47,apply-time,rs-006021-r7fl7,a9e1fd49-8c53-49a7-ad2e-f01781367159,3,5596.705534
2026/02/05/11:54:47,apply-time,rs-006022-62p4w,a3dab73d-4408-49fa-a494-b4ec400e89da,2,5596.705534
2026/02/05/11:54:47,apply-time,rs-006022-stv2h,5adb8a80-8ec5-4f08-a8ca-550b18f3f8c3,2,5596.705534
2026/02/05/11:54:47,apply-time,rs-006022-xlpr9,b12f449a-f0de-45ed-8123-3460c516815f,2,5596.705534
2026/02/05/11:54:47,apply-time,rs-006023-jmrbq,c7c5fdec-06f0-4ce7-8d7e-c4eda3061a4b,3,5596.705534
2026/02/05/11:54:47,running-time,rs-006023-jmrbq,c7c5fdec-06f0-4ce7-8d7e-c4eda3061a4b,3,5596.705534
2026/02/05/11:54:47,apply-time,rs-006024-wsr6c,6a616398-38e1-4555-b3d7-80f22db20e84,3,5596.705534
2026/02/05/11:54:47,running-time,rs-006024-wsr6c,6a616398-38e1-4555-b3d7-80f22db20e84,3,5596.705534
2026/02/05/11:54:47,apply-time,rs-006025-5mh4j,38a44e88-6daf-42a3-98f6-319e78465c77,1,5596.705534
2026/02/05/11:54:47,running-time,rs-006025-5mh4j,38a44e88-6daf-42a3-98f6-319e78465c77,1,5596.705534
2026/02/05/11:54:47,apply-time,rs-006025-lz996,ad07865e-5f49-4943-899a-d81f717f9b09,1,5596.705534
2026/02/05/11:54:47,running-time,rs-006025-lz996,ad07865e-5f49-4943-899a-d81f717f9b09,1,5596.705534
2026/02/05/11:54:48,apply-time,rs-006026-k4zmg,79bb9f11-ec85-4ffc-8bee-e78cc8f31c3c,3,5597.705534
2026/02/05/11:54:48,running-time,rs-006026-k4zmg,79bb9f11-ec85-4ffc-8bee-e78cc8f31c3c,3,5597.705534
2026/02/05/11:54:48,apply-time,rs-006026-n9rr5,c00303ef-144f-4e96-81a0-2ec18833b27d,3,5596.705534
2026/02/05/11:54:48,running-time,rs-006026-n9rr5,c00303ef-144f-4e96-81a0-2ec18833b27d,3,5596.705534
2026/02/05/11:54:48,apply-time,rs-006026-vh2kh,fde0904c-8b5e-49bb-9fd2-e7ccc8daf5d1,3,5597.705534
2026/02/05/11:54:48,running-time,rs-006026-vh2kh,fde0904c-8b5e-49bb-9fd2-e7ccc8daf5d1,3,5597.705534
2026/02/05/11:54:48,apply-time,rs-006027-4p47q,4e41aef9-dc18-467b-b8f7-fe7dde0902c2,2,5597.705534
2026/02/05/11:54:48,apply-time,rs-006027-rbgdc,4ab827e7-abd9-4c09-b405-f9b6e38267cb,2,5597.705534
2026/02/05/11:54:48,apply-time,rs-006027-rsdww,f67c8cbf-396e-44a1-aeda-4eb92f7adce6,2,5597.705534
2026/02/05/11:54:48,apply-time,rs-006028-hbznf,4d6a2cf9-a6fe-4edc-a064-9708e83fbc4b,2,5597.705534
2026/02/05/11:54:48,running-time,rs-006028-hbznf,4d6a2cf9-a6fe-4edc-a064-9708e83fbc4b,2,5597.705534
2026/02/05/11:54:48,apply-time,rs-006028-qczds,60fc8e60-5a6b-410d-aef8-c965775472e0,2,5597.705534
2026/02/05/11:54:48,running-time,rs-006028-qczds,60fc8e60-5a6b-410d-aef8-c965775472e0,2,5597.705534
2026/02/05/11:54:48,apply-time,rs-006028-r5k8j,c5c83c8b-e931-4c8a-a4b2-d1d28b9104b6,2,5597.705534
2026/02/05/11:54:48,running-time,rs-006028-r5k8j,c5c83c8b-e931-4c8a-a4b2-d1d28b9104b6,2,5597.705534
2026/02/05/11:54:48,apply-time,rs-006029-cjmp8,35c54e7e-16a8-49fd-a61a-a398f57223a1,2,5597.705534
2026/02/05/11:54:48,running-time,rs-006029-cjmp8,35c54e7e-16a8-49fd-a61a-a398f57223a1,2,5597.705534
2026/02/05/11:54:48,apply-time,rs-006029-jnkrp,e691d8d5-d503-4f9b-a231-ea8a552c0022,2,5597.705534
2026/02/05/11:54:48,running-time,rs-006029-jnkrp,e691d8d5-d503-4f9b-a231-ea8a552c0022,2,5597.705534
2026/02/05/11:54:51,running-time,rs-006022-xlpr9,b12f449a-f0de-45ed-8123-3460c516815f,2,5600.705534
2026/02/05/11:54:51,apply-time,rs-006030-lwl9f,59506eed-8d44-4927-97d7-2cafa992f217,3,5600.705534
2026/02/05/11:54:51,running-time,rs-006030-lwl9f,59506eed-8d44-4927-97d7-2cafa992f217,3,5600.705534
2026/02/05/11:54:51,apply-time,rs-006030-z7zbw,0b94c77f-b883-46b6-a224-a4ed1071cd99,3,5600.705534
2026/02/05/11:54:52,running-time,rs-006030-z7zbw,0b94c77f-b883-46b6-a224-a4ed1071cd99,3,5600.705534
2026/02/05/11:54:52,apply-time,rs-006031-dxb8x,ed5f72ee-ff85-494e-b073-ae47cb284f03,2,5601.705534
2026/02/05/11:54:52,running-time,rs-006031-dxb8x,ed5f72ee-ff85-494e-b073-ae47cb284f03,2,5601.705534
2026/02/05/11:54:53,apply-time,rs-006032-4ptqj,bed03f2a-dfa4-4180-ab3f-0b0187eb8f28,1,5601.705534
2026/02/05/11:54:53,apply-time,rs-006032-wmj4t,e5457781-a374-4194-8746-ee8c81ee680c,1,5601.705534
2026/02/05/11:54:53,apply-time,rs-006032-wvxjg,76354e34-00e9-454e-9c9a-16f8cf45be9c,1,5601.705534
2026/02/05/11:54:53,apply-time,rs-006033-8bbgx,98aa7dae-b8ab-4573-93f0-7b75bcda46d7,1,5602.705534
2026/02/05/11:54:53,apply-time,rs-006033-jb4l9,161f0cbc-51ea-463f-85fd-e07e7189ef58,1,5601.705534
2026/02/05/11:54:53,apply-time,rs-006034-274kv,538aa3a4-837d-4f5b-a2c5-488175a7d015,2,5602.705534
2026/02/05/11:54:53,running-time,rs-006034-274kv,538aa3a4-837d-4f5b-a2c5-488175a7d015,2,5602.705534
2026/02/05/11:54:53,apply-time,rs-006034-vlrmf,c281d92a-6129-4bf4-b27e-1aa6ef11b9ac,2,5602.705534
2026/02/05/11:54:53,running-time,rs-006034-vlrmf,c281d92a-6129-4bf4-b27e-1aa6ef11b9ac,2,5602.705534
2026/02/05/11:54:53,apply-time,rs-006035-bcwqr,32f69aef-b8f1-4156-9f1f-d1dc47fda973,1,5602.705534
2026/02/05/11:54:53,apply-time,rs-006036-94v9z,ca8cd09a-c79c-4096-9787-3dd5ba3b8088,4,5602.705534
2026/02/05/11:54:53,running-time,rs-006036-94v9z,ca8cd09a-c79c-4096-9787-3dd5ba3b8088,4,5602.705534
2026/02/05/11:54:53,apply-time,rs-006036-jt9bb,bf90651b-958b-4d41-8cd7-f747a38bb659,4,5602.705534
2026/02/05/11:54:53,running-time,rs-006036-jt9bb,bf90651b-958b-4d41-8cd7-f747a38bb659,4,5602.705534
2026/02/05/11:54:53,apply-time,rs-006036-p49hg,7ea1684f-c80b-4b16-b653-17b6fedc2902,4,5602.705534
2026/02/05/11:54:53,running-time,rs-006036-p49hg,7ea1684f-c80b-4b16-b653-17b6fedc2902,4,5602.705534
2026/02/05/11:54:58,apply-time,rs-006037-5j98k,a444ffe1-ddf9-415d-8293-81998c8837e1,1,5607.705534
2026/02/05/11:54:58,apply-time,rs-006037-n9gg7,ab5b8c9a-3f2f-428a-b188-fd9b980e2bcb,1,5607.705534
2026/02/05/11:54:58,running-time,rs-006037-n9gg7,ab5b8c9a-3f2f-428a-b188-fd9b980e2bcb,1,5607.705534
2026/02/05/11:54:58,apply-time,rs-006038-6gxtb,a94bf1f8-58c3-4e12-ab5a-efcbadc8c57c,4,5607.705534
2026/02/05/11:54:58,apply-time,rs-006038-lxb42,d177a492-88bf-4366-8d47-9f23867b03f7,4,5607.705534
2026/02/05/11:54:58,apply-time,rs-006039-6qk5s,2b04a3a6-cff9-4c86-ac95-5ac54c29b5d2,3,5607.705534
2026/02/05/11:54:58,running-time,rs-006039-6qk5s,2b04a3a6-cff9-4c86-ac95-5ac54c29b5d2,3,5607.705534
2026/02/05/11:54:58,apply-time,rs-006039-ptqpz,22185957-b670-4623-a345-1bd9df8f11fe,3,5607.705534
2026/02/05/11:54:58,running-time,rs-006039-ptqpz,22185957-b670-4623-a345-1bd9df8f11fe,3,5607.705534
2026/02/05/11:54:58,apply-time,rs-006040-6k2df,e3820d06-335d-44ba-86db-9691218730a0,3,5607.705534
2026/02/05/11:54:58,running-time,rs-006040-6k2df,e3820d06-335d-44ba-86db-9691218730a0,3,5607.705534
2026/02/05/11:54:58,apply-time,rs-006040-6xk8j,b8ebbc6d-a873-4ec3-bb37-269e955fb49d,3,5607.705534
2026/02/05/11:54:58,running-time,rs-006040-6xk8j,b8ebbc6d-a873-4ec3-bb37-269e955fb49d,3,5607.705534
2026/02/05/11:54:58,apply-time,rs-006040-hbxvz,3d81b1d4-72c5-4a76-aba2-972f9e3a684c,3,5607.705534
2026/02/05/11:54:58,running-time,rs-006040-hbxvz,3d81b1d4-72c5-4a76-aba2-972f9e3a684c,3,5607.705534
2026/02/05/11:54:58,apply-time,rs-006041-9n9j9,9f962903-d9e9-4fb7-8231-0f97edecb953,4,5607.705534
2026/02/05/11:54:59,running-time,rs-006041-9n9j9,9f962903-d9e9-4fb7-8231-0f97edecb953,4,5608.705534
2026/02/05/11:54:59,apply-time,rs-006042-7hqb5,5dab475a-33a7-4f86-9155-5eb1bddfc248,2,5608.705534
2026/02/05/11:54:59,running-time,rs-006042-7hqb5,5dab475a-33a7-4f86-9155-5eb1bddfc248,2,5608.705534
2026/02/05/11:54:59,apply-time,rs-006042-x84cn,927e6262-91a9-48f5-922b-ce706d057d5c,2,5608.705534
2026/02/05/11:54:59,apply-time,rs-006042-zbvp6,d611be85-01a5-4cd4-b79a-8eb068e67d30,2,5608.705534
2026/02/05/11:55:00,running-time,rs-006042-x84cn,927e6262-91a9-48f5-922b-ce706d057d5c,2,5609.705534
2026/02/05/11:55:00,running-time,rs-006042-zbvp6,d611be85-01a5-4cd4-b79a-8eb068e67d30,2,5609.705534
2026/02/05/11:55:01,running-time,rs-006027-4p47q,4e41aef9-dc18-467b-b8f7-fe7dde0902c2,2,5610.705534
2026/02/05/11:55:01,running-time,rs-006037-5j98k,a444ffe1-ddf9-415d-8293-81998c8837e1,1,5610.705534
2026/02/05/11:55:02,running-time,rs-006027-rbgdc,4ab827e7-abd9-4c09-b405-f9b6e38267cb,2,5611.705534
2026/02/05/11:55:06,apply-time,rs-006043-bkm5v,19066931-9d22-45cc-ae00-19f6c5fa15e4,4,5615.705534
2026/02/05/11:55:06,apply-time,rs-006043-jv5pz,66504077-49bd-45cf-a98e-7b50e9397b55,4,5615.705534
2026/02/05/11:55:06,running-time,rs-006043-jv5pz,66504077-49bd-45cf-a98e-7b50e9397b55,4,5615.705534
2026/02/05/11:55:06,apply-time,rs-006043-s2hzw,0842cf06-afc5-40ee-9ae3-1c780f964eab,4,5615.705534
2026/02/05/11:55:06,apply-time,rs-006044-7rlxh,e40dc2fe-f44c-421a-8e0e-e2a57e318f18,1,5615.705534
2026/02/05/11:55:06,running-time,rs-006044-7rlxh,e40dc2fe-f44c-421a-8e0e-e2a57e318f18,1,5615.705534
2026/02/05/11:55:06,apply-time,rs-006044-bsmzw,5af7e828-8ea5-4ffc-b7ef-c0d0311c0bb7,1,5615.705534
2026/02/05/11:55:06,running-time,rs-006044-bsmzw,5af7e828-8ea5-4ffc-b7ef-c0d0311c0bb7,1,5615.705534
2026/02/05/11:55:06,apply-time,rs-006045-djhp8,00c7ebe9-af2a-42ec-ba4d-5fb2341e096b,1,5615.705534
2026/02/05/11:55:06,apply-time,rs-006045-dmgkl,50425fc2-a15f-4cf1-a1f2-60b62b2ebe52,1,5615.705534
2026/02/05/11:55:06,apply-time,rs-006045-s8qwb,246ffde4-1784-4bd3-a18c-9460da2ffefe,1,5615.705534
2026/02/05/11:55:06,apply-time,rs-006046-8jlgw,bde74609-8a65-42da-82c8-83f47524590c,3,5615.705534
2026/02/05/11:55:06,apply-time,rs-006047-l2qvr,1770c3ba-7e9b-4394-8fe7-777ecc194918,3,5615.705534
2026/02/05/11:55:06,running-time,rs-006047-l2qvr,1770c3ba-7e9b-4394-8fe7-777ecc194918,3,5615.705534
2026/02/05/11:55:06,apply-time,rs-006047-mwl9p,a01f91ad-8e47-4243-902e-b5b0d087c3d1,3,5615.705534
2026/02/05/11:55:06,running-time,rs-006047-mwl9p,a01f91ad-8e47-4243-902e-b5b0d087c3d1,3,5615.705534
2026/02/05/11:55:07,apply-time,rs-006048-sdq5x,7f583418-3f2a-4830-9fef-f0e5edc2b8ee,1,5616.705534
2026/02/05/11:55:07,running-time,rs-006048-sdq5x,7f583418-3f2a-4830-9fef-f0e5edc2b8ee,1,5616.705534
2026/02/05/11:55:07,apply-time,rs-006049-56plm,8cd391c2-f507-419a-80b9-1c33fabf4cd4,3,5616.705534
2026/02/05/11:55:07,apply-time,rs-006050-btxv9,d717bda0-4ee0-4eb2-a393-629ee884a6ba,4,5616.705534
2026/02/05/11:55:07,running-time,rs-006050-btxv9,d717bda0-4ee0-4eb2-a393-629ee884a6ba,4,5616.705534
2026/02/05/11:55:08,running-time,rs-006043-bkm5v,19066931-9d22-45cc-ae00-19f6c5fa15e4,4,5617.705534
2026/02/05/11:55:08,running-time,rs-006043-s2hzw,0842cf06-afc5-40ee-9ae3-1c780f964eab,4,5617.705534
2026/02/05/11:55:08,running-time,rs-006049-56plm,8cd391c2-f507-419a-80b9-1c33fabf4cd4,3,5617.705534
2026/02/05/11:55:10,running-time,rs-006046-8jlgw,bde74609-8a65-42da-82c8-83f47524590c,3,5619.705534
2026/02/05/11:55:12,apply-time,rs-006051-9d242,c995dbf4-ee4c-4699-a637-933db7770679,2,5621.705534
2026/02/05/11:55:12,running-time,rs-006051-9d242,c995dbf4-ee4c-4699-a637-933db7770679,2,5621.705534
2026/02/05/11:55:12,apply-time,rs-006051-mxmm6,49a0ac99-028f-48fa-ab30-1a050bda3052,2,5621.705534
2026/02/05/11:55:12,running-time,rs-006051-mxmm6,49a0ac99-028f-48fa-ab30-1a050bda3052,2,5621.705534
2026/02/05/11:55:12,apply-time,rs-006051-svjns,1570c51a-d48b-4625-9d1b-6b16c16e90e7,2,5621.705534
2026/02/05/11:55:12,running-time,rs-006051-svjns,1570c51a-d48b-4625-9d1b-6b16c16e90e7,2,5621.705534
2026/02/05/11:55:12,apply-time,rs-006052-b2z4p,f81a00a4-37ec-4e36-9b40-efbc2d30748d,1,5621.705534
2026/02/05/11:55:12,apply-time,rs-006053-ccq28,4b1668b2-85ce-4a0c-a181-9c8e18423b87,1,5621.705534
2026/02/05/11:55:12,running-time,rs-006053-ccq28,4b1668b2-85ce-4a0c-a181-9c8e18423b87,1,5621.705534
2026/02/05/11:55:12,apply-time,rs-006053-jkqp4,ccce60e8-cdfd-4573-8265-29e2ff9d2474,1,5621.705534
2026/02/05/11:55:12,apply-time,rs-006054-ctbfj,15c89cf6-b48e-4a0c-8774-e9a72046cc6c,1,5621.705534
2026/02/05/11:55:12,apply-time,rs-006054-gznhp,16b2f341-516b-48f8-8313-15c71acef4cb,1,5621.705534
2026/02/05/11:55:12,running-time,rs-006054-gznhp,16b2f341-516b-48f8-8313-15c71acef4cb,1,5621.705534
2026/02/05/11:55:12,apply-time,rs-006054-mhj6x,afc1f2b7-9fa5-4f25-9af8-dbeb6e43147d,1,5621.705534
2026/02/05/11:55:12,running-time,rs-006054-mhj6x,afc1f2b7-9fa5-4f25-9af8-dbeb6e43147d,1,5621.705534
2026/02/05/11:55:12,apply-time,rs-006055-7p7sc,85088570-4df3-4fa1-a01d-c517253726f9,2,5621.705534
2026/02/05/11:55:13,apply-time,rs-006052-62jg6,45103c4f-09ea-479f-95b8-65ffba809620,1,5621.705534
2026/02/05/11:55:13,running-time,rs-006052-b2z4p,f81a00a4-37ec-4e36-9b40-efbc2d30748d,1,5621.705534
2026/02/05/11:55:13,apply-time,rs-006052-h5xgh,5dc29d2e-784e-4e15-a9be-a8cb8324491f,1,5621.705534
2026/02/05/11:55:13,running-time,rs-006053-jkqp4,ccce60e8-cdfd-4573-8265-29e2ff9d2474,1,5621.705534
2026/02/05/11:55:13,running-time,rs-006054-ctbfj,15c89cf6-b48e-4a0c-8774-e9a72046cc6c,1,5621.705534
2026/02/05/11:55:13,apply-time,rs-006055-9mz4p,15556600-36c3-481a-b2d5-cd1ffe2be5af,2,5621.705534
2026/02/05/11:55:13,apply-time,rs-006056-q5p9b,78130e95-8b2e-43c4-924a-6a623fb0d163,1,5622.705534
2026/02/05/11:55:13,running-time,rs-006056-q5p9b,78130e95-8b2e-43c4-924a-6a623fb0d163,1,5622.705534
2026/02/05/11:55:13,apply-time,rs-006057-mq4vr,57461a8d-cfa5-43bf-af30-45ca31950a5c,1,5622.705534
2026/02/05/11:55:13,apply-time,rs-006058-w99tw,465fe165-c167-47ec-85d4-b58ae64374fc,3,5622.705534
2026/02/05/11:55:13,apply-time,rs-006059-nflmk,61e0b931-2c00-4983-aa57-7c4ed4d264e2,2,5622.705534
2026/02/05/11:55:13,running-time,rs-006059-nflmk,61e0b931-2c00-4983-aa57-7c4ed4d264e2,2,5622.705534
2026/02/05/11:55:14,running-time,rs-006052-62jg6,45103c4f-09ea-479f-95b8-65ffba809620,1,5623.705534
2026/02/05/11:55:14,running-time,rs-006052-h5xgh,5dc29d2e-784e-4e15-a9be-a8cb8324491f,1,5623.705534
2026/02/05/11:55:14,running-time,rs-006055-7p7sc,85088570-4df3-4fa1-a01d-c517253726f9,2,5623.705534
2026/02/05/11:55:14,apply-time,rs-006059-rshz5,44d9afc3-5e5d-485d-aa63-860601ccbcb9,2,5623.705534
2026/02/05/11:55:14,running-time,rs-006059-rshz5,44d9afc3-5e5d-485d-aa63-860601ccbcb9,2,5623.705534
2026/02/05/11:55:15,running-time,rs-006058-w99tw,465fe165-c167-47ec-85d4-b58ae64374fc,3,5624.705534
2026/02/05/11:55:15,apply-time,rs-006060-bmrzk,99290974-0630-4ff1-ba07-b76af5965143,2,5624.705534
2026/02/05/11:55:15,apply-time,rs-006060-ntl2l,8a259ad1-04d4-4055-a0c2-c663e9a8e74d,2,5624.705534
2026/02/05/11:55:15,running-time,rs-006060-ntl2l,8a259ad1-04d4-4055-a0c2-c663e9a8e74d,2,5624.705534
2026/02/05/11:55:15,apply-time,rs-006061-bc575,e749eee8-73a4-4631-a078-c85055bce579,3,5624.705534
2026/02/05/11:55:15,apply-time,rs-006061-j4z44,bed4c6ef-a66f-4a58-9b1b-e21845602ae8,3,5624.705534
2026/02/05/11:55:15,apply-time,rs-006062-5562s,d1e446ef-029b-4235-a32e-8c3f27f3901a,4,5624.705534
2026/02/05/11:55:15,running-time,rs-006062-5562s,d1e446ef-029b-4235-a32e-8c3f27f3901a,4,5624.705534
2026/02/05/11:55:15,apply-time,rs-006062-ztpqf,e3024352-45a6-4526-a00f-7b4fe17d7531,4,5624.705534
2026/02/05/11:55:15,running-time,rs-006062-ztpqf,e3024352-45a6-4526-a00f-7b4fe17d7531,4,5624.705534
2026/02/05/11:55:16,apply-time,rs-006063-l5fg7,872b9639-f8ed-4d42-b87b-e57d404c9b1f,1,5624.705534
2026/02/05/11:55:16,running-time,rs-006063-l5fg7,872b9639-f8ed-4d42-b87b-e57d404c9b1f,1,5624.705534
2026/02/05/11:55:18,apply-time,rs-006064-mwf7k,0f606a0f-dcf0-465c-8ba8-14edd30972cc,2,5627.705534
2026/02/05/11:55:18,apply-time,rs-006065-grg4c,3d6ef96c-5a0a-4f06-a515-2afb00851b66,3,5627.705534
2026/02/05/11:55:18,apply-time,rs-006065-qq9fk,6c67f1ba-a942-40dc-a3c1-774c774e131a,3,5627.705534
2026/02/05/11:55:18,running-time,rs-006065-qq9fk,6c67f1ba-a942-40dc-a3c1-774c774e131a,3,5627.705534
2026/02/05/11:55:18,apply-time,rs-006065-zxhgf,fccb3000-0f83-4952-952b-30080bce6838,3,5627.705534
2026/02/05/11:55:18,apply-time,rs-006066-jww7r,f2ee5fe0-2e8c-47d9-bfb0-1a55aec25e28,1,5627.705534
2026/02/05/11:55:18,apply-time,rs-006067-5wq7q,34e73371-852f-4218-8fe5-f77f74fd6c35,1,5627.705534
2026/02/05/11:55:18,apply-time,rs-006067-kcsj5,d3a26f32-6b91-430a-a489-bf9f294f069a,1,5627.705534
2026/02/05/11:55:18,apply-time,rs-006067-rj4gk,8d8109e3-2681-4d90-84b1-9c50d6781b5d,1,5627.705534
2026/02/05/11:55:19,apply-time,rs-006068-55lxb,d9652dfd-7608-4870-86d6-a9abfe87c84b,1,5628.705534
2026/02/05/11:55:19,apply-time,rs-006068-h9xlw,75803ae5-0247-4b2d-a6d5-a193ef0bab51,1,5628.705534
2026/02/05/11:55:19,apply-time,rs-006069-sn5dr,eb79de2a-0b19-4fe9-8e04-afe57ab4080e,4,5628.705534
2026/02/05/11:55:19,apply-time,rs-006069-z4ksq,201a88ee-5aea-4ce4-ae6b-61d814ea1672,4,5628.705534
2026/02/05/11:55:19,apply-time,rs-006070-p9qch,8aaea2d4-8f75-4084-a12e-9221eb4247ca,2,5628.705534
2026/02/05/11:55:19,running-time,rs-006070-p9qch,8aaea2d4-8f75-4084-a12e-9221eb4247ca,2,5628.705534
2026/02/05/11:55:19,apply-time,rs-006071-k86ht,63b11cda-84eb-4c2c-b2e8-a909b001e075,1,5628.705534
2026/02/05/11:55:19,apply-time,rs-006071-nf6nq,78768c88-6af3-4561-bd60-253ea35efa44,1,5628.705534
2026/02/05/11:55:19,running-time,rs-006071-nf6nq,78768c88-6af3-4561-bd60-253ea35efa44,1,5628.705534
2026/02/05/11:55:19,apply-time,rs-006072-kc5qm,85f91058-ad1e-471e-9fc3-a87fc4afc128,1,5628.705534
2026/02/05/11:55:19,apply-time,rs-006072-zcstf,69645bb3-d159-4b78-ae8f-f3dd077b8237,1,5628.705534
2026/02/05/11:55:19,apply-time,rs-006072-zgz8x,a0f4976d-41fb-47b7-8fe6-8220f2bf11e7,1,5628.705534
2026/02/05/11:55:20,running-time,rs-006071-k86ht,63b11cda-84eb-4c2c-b2e8-a909b001e075,1,5629.705534
2026/02/05/11:55:20,apply-time,rs-006073-n5m65,cce59237-7c0e-4d82-bfae-a79e42189c45,4,5629.705534
2026/02/05/11:55:20,apply-time,rs-006073-szdl6,b03872cc-e12d-4661-aa81-b9391f70616f,4,5629.705534
2026/02/05/11:55:20,apply-time,rs-006073-wnhf8,224b0a22-52d4-423b-be0d-7a84bdab34b1,4,5629.705534
2026/02/05/11:55:20,apply-time,rs-006074-fnq2s,6d720310-365b-4102-b219-a3630c53365d,2,5629.705534
2026/02/05/11:55:20,running-time,rs-006074-fnq2s,6d720310-365b-4102-b219-a3630c53365d,2,5629.705534
2026/02/05/11:55:20,apply-time,rs-006074-t9bj8,6d41f0bf-3895-48ba-a02b-b6d377e16643,2,5629.705534
2026/02/05/11:55:20,apply-time,rs-006075-qdv8d,b32156e7-7fdf-4074-8483-aa41f76a400e,4,5629.705534
2026/02/05/11:55:20,running-time,rs-006075-qdv8d,b32156e7-7fdf-4074-8483-aa41f76a400e,4,5629.705534
2026/02/05/11:55:21,apply-time,rs-006076-6sqgw,499143f2-d83a-46dd-b9c8-bb60089b7b6e,1,5630.705534
2026/02/05/11:55:21,apply-time,rs-006076-vm4zn,c76b8c3d-cf58-428b-9862-930ccab9d1a2,1,5630.705534
2026/02/05/11:55:21,apply-time,rs-006077-r57mj,554bcfd7-b0aa-4511-9a31-a05392a7a586,1,5630.705534
2026/02/05/11:55:21,apply-time,rs-006078-cr494,7a1b1807-afcb-45ad-be6d-2d6c3339c4cc,1,5630.705534
2026/02/05/11:55:21,apply-time,rs-006078-q4q2z,bd46dc03-4934-4510-81f1-8bc8177929a8,1,5630.705534
2026/02/05/11:55:21,apply-time,rs-006079-q4klg,16523c27-19fc-4eb4-9fe0-91a9a0c88a07,2,5630.705534
2026/02/05/11:55:21,apply-time,rs-006079-sx9mn,d38dc653-daa9-4e59-922f-2533140ee688,2,5630.705534
2026/02/05/11:55:21,running-time,rs-006079-sx9mn,d38dc653-daa9-4e59-922f-2533140ee688,2,5630.705534
2026/02/05/11:55:21,apply-time,rs-006079-w98vk,efcb9f25-bb4c-44f6-ba5c-e14e487fb734,2,5630.705534
2026/02/05/11:55:21,apply-time,rs-006080-p427d,eb78f71c-73d7-4698-a59a-90b6348ba3aa,4,5630.705534
2026/02/05/11:55:22,running-time,rs-006079-q4klg,16523c27-19fc-4eb4-9fe0-91a9a0c88a07,2,5631.705534
2026/02/05/11:55:22,apply-time,rs-006081-7fd7t,3dd1b51b-dbeb-4570-98f6-5fd980d1c177,1,5631.705534
2026/02/05/11:55:22,apply-time,rs-006081-9bf6m,0ee29c89-fd09-41de-b7a0-f4b5acd81471,1,5630.705534
2026/02/05/11:55:22,running-time,rs-006081-9bf6m,0ee29c89-fd09-41de-b7a0-f4b5acd81471,1,5631.705534
2026/02/05/11:55:22,apply-time,rs-006081-n29c8,7d672c76-741d-4214-b4c0-98fa9fcb2348,1,5631.705534
2026/02/05/11:55:22,apply-time,rs-006082-f4r8d,863c6fb2-98b0-4ca4-925e-8ca396561e0c,3,5631.705534
2026/02/05/11:55:22,running-time,rs-006082-f4r8d,863c6fb2-98b0-4ca4-925e-8ca396561e0c,3,5631.705534
2026/02/05/11:55:22,apply-time,rs-006083-8s58d,e744e9d4-49d4-40c4-b4e5-a9a6fc72e5a8,1,5631.705534
2026/02/05/11:55:22,running-time,rs-006083-8s58d,e744e9d4-49d4-40c4-b4e5-a9a6fc72e5a8,1,5631.705534
2026/02/05/11:55:22,apply-time,rs-006083-ndq9p,85f5d097-faa9-4f75-a9e8-62afaef3fe16,1,5631.705534
2026/02/05/11:55:22,running-time,rs-006083-ndq9p,85f5d097-faa9-4f75-a9e8-62afaef3fe16,1,5631.705534
2026/02/05/11:55:22,apply-time,rs-006083-xhk52,16683a35-8a2b-42fe-9aef-4790aea47cbd,1,5631.705534
2026/02/05/11:55:22,apply-time,rs-006084-r42tm,a891da70-baf1-4549-9465-741aaa9500c9,1,5631.705534
2026/02/05/11:55:23,apply-time,rs-006085-2t2nc,83d5f2e3-8601-4be0-94d7-8c33aec5b0bb,2,5632.705534
2026/02/05/11:55:23,apply-time,rs-006085-hfj4x,0f4ce95e-1873-4729-9dbe-8bc627a2b620,2,5632.705534
2026/02/05/11:55:23,apply-time,rs-006086-vkqrx,b0824a69-36dc-47d0-b522-9c8c3831173e,3,5632.705534
2026/02/05/11:55:23,running-time,rs-006086-vkqrx,b0824a69-36dc-47d0-b522-9c8c3831173e,3,5632.705534
2026/02/05/11:55:23,apply-time,rs-006086-xvsnd,a821df71-b4d2-4e41-ada1-d5894e80c3bf,3,5632.705534
2026/02/05/11:55:23,apply-time,rs-006087-8q4q4,dc4c5743-83c6-4c46-bd11-053f4ed5d368,2,5632.705534
2026/02/05/11:55:24,running-time,rs-006086-xvsnd,a821df71-b4d2-4e41-ada1-d5894e80c3bf,3,5633.705534
2026/02/05/11:55:24,apply-time,rs-006088-tp454,0382fb37-bf09-430c-bfbb-67065e1ede39,1,5633.705534
2026/02/05/11:55:24,running-time,rs-006088-tp454,0382fb37-bf09-430c-bfbb-67065e1ede39,1,5633.705534
2026/02/05/11:55:24,apply-time,rs-006088-zkdpw,47e269e5-1b6b-45a2-820a-4c313ae99f4d,1,5633.705534
2026/02/05/11:55:24,running-time,rs-006088-zkdpw,47e269e5-1b6b-45a2-820a-4c313ae99f4d,1,5633.705534
2026/02/05/11:55:24,apply-time,rs-006089-4sccc,0a3978b9-9528-48cd-8eb3-2b44f21f5f29,3,5633.705534
2026/02/05/11:55:24,running-time,rs-006089-4sccc,0a3978b9-9528-48cd-8eb3-2b44f21f5f29,3,5633.705534
2026/02/05/11:55:24,apply-time,rs-006089-9zkjf,4ef37341-445b-4d40-a039-910ca9b30ba7,3,5633.705534
2026/02/05/11:55:24,running-time,rs-006089-9zkjf,4ef37341-445b-4d40-a039-910ca9b30ba7,3,5633.705534
2026/02/05/11:55:25,running-time,rs-006079-w98vk,efcb9f25-bb4c-44f6-ba5c-e14e487fb734,2,5633.705534
2026/02/05/11:55:26,running-time,rs-006069-z4ksq,201a88ee-5aea-4ce4-ae6b-61d814ea1672,4,5635.705534
2026/02/05/11:55:26,running-time,rs-006076-6sqgw,499143f2-d83a-46dd-b9c8-bb60089b7b6e,1,5635.705534
2026/02/05/11:55:26,running-time,rs-006085-2t2nc,83d5f2e3-8601-4be0-94d7-8c33aec5b0bb,2,5635.705534
2026/02/05/11:55:26,running-time,rs-006085-hfj4x,0f4ce95e-1873-4729-9dbe-8bc627a2b620,2,5635.705534
2026/02/05/11:55:27,running-time,rs-006076-vm4zn,c76b8c3d-cf58-428b-9862-930ccab9d1a2,1,5636.705534
2026/02/05/11:55:27,running-time,rs-006083-xhk52,16683a35-8a2b-42fe-9aef-4790aea47cbd,1,5636.705534
2026/02/05/11:55:28,apply-time,rs-006090-dvd6l,51cd747d-4948-4b2a-8c85-471f8e14fbf0,2,5637.705534
2026/02/05/11:55:29,apply-time,rs-006091-l2ckc,f2d56608-32ec-41a5-809e-95fecfe9db0c,4,5637.705534
2026/02/05/11:55:29,apply-time,rs-006092-g7zn2,04701a08-bdaf-4b9b-83c9-ec10eee2269e,1,5638.705534
2026/02/05/11:55:29,running-time,rs-006092-g7zn2,04701a08-bdaf-4b9b-83c9-ec10eee2269e,1,5638.705534
2026/02/05/11:55:35,running-time,rs-006091-l2ckc,f2d56608-32ec-41a5-809e-95fecfe9db0c,4,5643.705534
2026/02/05/11:55:35,apply-time,rs-006093-r7ltp,94b555a0-f00a-4034-aa39-febf7d2ad74c,2,5644.705534
2026/02/05/11:55:35,apply-time,rs-006093-w9dj9,bd6cb11f-efff-4626-9150-2ca8dd23f69f,2,5644.705534
2026/02/05/11:55:35,apply-time,rs-006094-lwp25,b4b782d3-0745-4f12-91cd-8e06a3943f5a,4,5644.705534
2026/02/05/11:55:35,apply-time,rs-006094-wxnhd,a1f717c7-167e-4b84-afd9-8805cf0c5a57,4,5644.705534
2026/02/05/11:55:44,running-time,rs-006065-grg4c,3d6ef96c-5a0a-4f06-a515-2afb00851b66,3,5653.705534
2026/02/05/11:55:47,apply-time,rs-006095-rvct2,c506c649-4448-4c7c-9ddf-e5aeb11acc93,1,5656.705534
2026/02/05/11:55:47,running-time,rs-006095-rvct2,c506c649-4448-4c7c-9ddf-e5aeb11acc93,1,5656.705534
2026/02/05/11:55:47,apply-time,rs-006096-7zfsq,8039eb14-e562-4981-b25b-aeaf59bd4155,1,5656.705534
2026/02/05/11:55:47,running-time,rs-006096-7zfsq,8039eb14-e562-4981-b25b-aeaf59bd4155,1,5656.705534
2026/02/05/11:55:47,apply-time,rs-006097-fpf42,20004b00-2b2b-4178-91c8-eaad32a96edf,1,5656.705534
2026/02/05/11:55:47,running-time,rs-006097-fpf42,20004b00-2b2b-4178-91c8-eaad32a96edf,1,5656.705534
2026/02/05/11:55:47,apply-time,rs-006097-hxfrx,b08a70e6-b486-4cef-874c-3a459977117c,1,5656.705534
2026/02/05/11:55:47,running-time,rs-006097-hxfrx,b08a70e6-b486-4cef-874c-3a459977117c,1,5656.705534
2026/02/05/11:55:47,apply-time,rs-006097-kr7xp,f726139e-ad27-43cf-9ec3-2f133ab47500,1,5656.705534
2026/02/05/11:55:47,running-time,rs-006097-kr7xp,f726139e-ad27-43cf-9ec3-2f133ab47500,1,5656.705534
2026/02/05/11:55:47,apply-time,rs-006098-545v8,98460510-7590-4caa-89f0-58e7522025f4,1,5656.705534
2026/02/05/11:55:47,apply-time,rs-006098-x7vbl,05420db7-6288-46e3-b7d5-d24515e5df02,1,5656.705534
2026/02/05/11:55:47,apply-time,rs-006099-4j29t,638538bc-3035-4e34-81a3-54bdec3c4ce7,4,5656.705534
2026/02/05/11:55:47,apply-time,rs-006099-pczzb,324298b2-dc09-4953-b958-6c6ef95256f7,4,5656.705534
2026/02/05/11:55:47,apply-time,rs-006100-b4z4f,bed6fb71-a7d9-4f75-b413-93ddb43973c6,2,5656.705534
2026/02/05/11:55:47,apply-time,rs-006100-khp9d,80b38df4-23f2-4b4c-b813-37ce0ebce02f,2,5656.705534
2026/02/05/11:55:47,apply-time,rs-006101-lbvb7,57cbcd28-0daf-472b-9779-743a8352bf5a,1,5656.705534
2026/02/05/11:55:47,running-time,rs-006101-lbvb7,57cbcd28-0daf-472b-9779-743a8352bf5a,1,5656.705534
2026/02/05/11:55:48,apply-time,rs-006100-x4nxb,7483827d-191b-4f6d-b6f0-402f8cab4239,2,5656.705534
2026/02/05/11:55:48,apply-time,rs-006101-ldxjc,84a09b87-87ca-4b30-ae69-c6f8a5509572,1,5657.705534
2026/02/05/11:55:48,apply-time,rs-006102-76dlf,0240e942-8a89-4a10-a75b-fb3dfd770ec8,2,5657.705534
2026/02/05/11:55:48,apply-time,rs-006102-f8hpw,a807c001-103a-4fba-b0fe-3be9615e3091,2,5657.705534
2026/02/05/11:55:48,apply-time,rs-006102-p884h,c75bb9f0-eb74-45ff-b951-3694ee071617,2,5657.705534
2026/02/05/11:55:48,apply-time,rs-006103-8chqv,964ac897-19b4-4735-b7a0-621eeabdc18f,1,5657.705534
2026/02/05/11:55:48,apply-time,rs-006104-s7vg5,57c216a8-f679-4eb2-bf32-4516117c4a66,1,5657.705534
2026/02/05/11:55:48,apply-time,rs-006105-d6xhk,fd77911a-88e1-422a-a14d-0e7e99639905,2,5657.705534
2026/02/05/11:55:50,running-time,rs-006102-76dlf,0240e942-8a89-4a10-a75b-fb3dfd770ec8,2,5659.705534
2026/02/05/11:55:50,apply-time,rs-006106-jvw52,9c930cfc-c094-4864-bb1c-f2228d20c01a,1,5659.705534
2026/02/05/11:55:51,running-time,rs-006105-d6xhk,fd77911a-88e1-422a-a14d-0e7e99639905,2,5660.705534
2026/02/05/11:55:51,running-time,rs-006106-jvw52,9c930cfc-c094-4864-bb1c-f2228d20c01a,1,5660.705534
2026/02/05/11:55:53,running-time,rs-006098-545v8,98460510-7590-4caa-89f0-58e7522025f4,1,5662.705534
2026/02/05/11:55:54,running-time,rs-006100-khp9d,80b38df4-23f2-4b4c-b813-37ce0ebce02f,2,5663.705534
2026/02/05/11:55:54,running-time,rs-006104-s7vg5,57c216a8-f679-4eb2-bf32-4516117c4a66,1,5663.705534
2026/02/05/11:55:55,running-time,rs-006098-x7vbl,05420db7-6288-46e3-b7d5-d24515e5df02,1,5664.705534
2026/02/05/11:55:56,apply-time,rs-006107-q5bbb,af9d468c-c059-45b5-b11b-0478f64cc27c,1,5665.705534
2026/02/05/11:55:56,apply-time,rs-006107-wvxpm,cf607e5d-efab-482e-8b15-caca45de358d,1,5665.705534
2026/02/05/11:55:56,apply-time,rs-006108-hc6ft,8996430f-4c6a-4de6-923c-47407c918527,2,5665.705534
2026/02/05/11:55:56,apply-time,rs-006109-z9rlg,edd97db0-68f7-4a1c-b6b4-0d9986284ea4,4,5665.705534
2026/02/05/11:55:56,running-time,rs-006109-z9rlg,edd97db0-68f7-4a1c-b6b4-0d9986284ea4,4,5665.705534
2026/02/05/11:56:00,running-time,rs-006084-r42tm,a891da70-baf1-4549-9465-741aaa9500c9,1,5669.705534
2026/02/05/11:56:00,running-time,rs-006107-q5bbb,af9d468c-c059-45b5-b11b-0478f64cc27c,1,5669.705534
2026/02/05/11:56:00,apply-time,rs-006110-fjgmq,00a40d63-0217-402c-a975-b93baf347616,2,5669.705534
2026/02/05/11:56:00,running-time,rs-006110-fjgmq,00a40d63-0217-402c-a975-b93baf347616,2,5669.705534
2026/02/05/11:56:00,apply-time,rs-006111-4wxr7,52246b28-7770-4788-a527-d6291636efc3,2,5669.705534
2026/02/05/11:56:00,apply-time,rs-006111-hwxvp,e03eba75-7899-42cd-a4ec-888cafc59afb,2,5669.705534
2026/02/05/11:56:00,apply-time,rs-006112-p85kf,f697592c-939e-4e73-bced-adca0cdb3b70,3,5669.705534
2026/02/05/11:56:00,apply-time,rs-006112-thpnr,70b7f1d8-5665-4a5f-b222-9cd3cc88eba8,3,5669.705534
2026/02/05/11:56:01,running-time,rs-006111-4wxr7,52246b28-7770-4788-a527-d6291636efc3,2,5670.705534
2026/02/05/11:56:03,running-time,rs-006111-hwxvp,e03eba75-7899-42cd-a4ec-888cafc59afb,2,5672.705534
2026/02/05/11:56:03,running-time,rs-006112-p85kf,f697592c-939e-4e73-bced-adca0cdb3b70,3,5672.705534
2026/02/05/11:56:03,running-time,rs-006112-thpnr,70b7f1d8-5665-4a5f-b222-9cd3cc88eba8,3,5672.705534
2026/02/05/11:56:04,running-time,rs-006107-wvxpm,cf607e5d-efab-482e-8b15-caca45de358d,1,5673.705534
2026/02/05/11:56:04,apply-time,rs-006113-z4zdb,1dc69379-f2b2-4630-bd48-7c71f348fcb4,2,5673.705534
2026/02/05/11:56:04,apply-time,rs-006114-w826h,95cf119f-0fa3-47a2-b70f-d2137482119f,2,5673.705534
2026/02/05/11:56:04,running-time,rs-006114-w826h,95cf119f-0fa3-47a2-b70f-d2137482119f,2,5673.705534
2026/02/05/11:56:04,apply-time,rs-006115-st468,cd32414f-2b0b-422b-8303-b2accd91d302,1,5673.705534
2026/02/05/11:56:04,apply-time,rs-006116-4dlhx,486a9e05-e86e-4fe2-bc32-08ece75c5998,2,5673.705534
2026/02/05/11:56:04,apply-time,rs-006116-7m6m6,a89ae447-083d-4f41-b853-c3f4b6867f3a,2,5673.705534
2026/02/05/11:56:04,running-time,rs-006116-7m6m6,a89ae447-083d-4f41-b853-c3f4b6867f3a,2,5673.705534
2026/02/05/11:56:04,apply-time,rs-006116-fcq2d,e1cf5af2-9d90-44b7-8279-c2709cbc4dde,2,5673.705534
2026/02/05/11:56:05,apply-time,rs-006117-m4wjt,c5fc4b2e-8d52-4183-b086-20989788b156,1,5674.705534
2026/02/05/11:56:05,apply-time,rs-006118-x4qtj,1d6f495c-73f2-42c9-a847-3f30e7d8e393,3,5674.705534
2026/02/05/11:56:05,apply-time,rs-006119-2llgc,c2185fc9-ed98-42b6-907e-a96b64aab2f1,3,5674.705534
2026/02/05/11:56:05,apply-time,rs-006119-fndx5,85ce2199-622d-47db-85f7-bf1f2b2cafab,3,5674.705534
2026/02/05/11:56:05,apply-time,rs-006119-g527v,04e9e1ac-5c36-4900-bee9-7709bb2e2f25,3,5674.705534
2026/02/05/11:56:05,apply-time,rs-006120-7rsvh,76f701b2-0b44-48d0-8738-e0bf3271a14c,2,5674.705534
2026/02/05/11:56:05,apply-time,rs-006120-82fgs,70321640-ea50-493b-85d7-fc5051724fe0,2,5674.705534
2026/02/05/11:56:05,apply-time,rs-006120-gkqtk,5ba21f11-49a8-4e52-a9e2-de7029fe725c,2,5674.705534
2026/02/05/11:56:05,apply-time,rs-006121-4cqk8,907d446a-4d7d-42c8-8f35-b6d0a39871d5,2,5674.705534
2026/02/05/11:56:05,apply-time,rs-006121-qlx2n,0183f38c-c0c2-4507-9cb4-64b49a09755f,2,5674.705534
2026/02/05/11:56:05,apply-time,rs-006122-fjkjf,93a12db5-0d00-405e-9797-254e1b4f3acb,2,5674.705534
2026/02/05/11:56:05,apply-time,rs-006122-z4sbn,628f7abc-c848-4b33-b957-17ec06ce9d8d,2,5674.705534
2026/02/05/11:56:05,apply-time,rs-006123-pghjx,b81a9f58-371c-4e74-9127-7eb655535f57,1,5674.705534
2026/02/05/11:56:06,running-time,rs-006116-4dlhx,486a9e05-e86e-4fe2-bc32-08ece75c5998,2,5675.705534
2026/02/05/11:56:06,running-time,rs-006122-z4sbn,628f7abc-c848-4b33-b957-17ec06ce9d8d,2,5675.705534
2026/02/05/11:56:06,apply-time,rs-006124-52rgj,b1a3b00e-9403-478d-a9b4-84646edee1c1,1,5675.705534
2026/02/05/11:56:07,apply-time,rs-006125-479w6,2a61222d-3b42-4c7d-92a9-330a42947411,1,5676.705534
2026/02/05/11:56:07,apply-time,rs-006125-j2zd4,8b515c08-e481-4a55-b819-5a2153f75f9a,1,5676.705534
2026/02/05/11:56:07,apply-time,rs-006125-vt29w,57da3908-08df-4d3b-b310-06e01eb3fcc9,1,5676.705534
2026/02/05/11:56:07,apply-time,rs-006126-wb6jt,2c04fb94-01f5-4696-9a35-d593dfe6db25,1,5676.705534
2026/02/05/11:56:07,apply-time,rs-006126-wmjcg,dc4b474b-4171-42e7-bd37-9fa935a80d28,1,5676.705534
2026/02/05/11:56:07,apply-time,rs-006126-xscss,1d4a8282-9087-41e9-a8df-d5e0e68afcfd,1,5676.705534
2026/02/05/11:56:07,apply-time,rs-006127-2f59l,5233250b-d0f7-426e-ab04-5038ee7fffa9,1,5676.705534
2026/02/05/11:56:07,running-time,rs-006127-2f59l,5233250b-d0f7-426e-ab04-5038ee7fffa9,1,5676.705534
2026/02/05/11:56:07,apply-time,rs-006127-t75jj,1285759f-2388-441e-8e67-7f44b27124d2,1,5676.705534
2026/02/05/11:56:07,apply-time,rs-006127-w7zzk,611982bd-4407-4d23-a77c-f7664d1457d8,1,5676.705534
2026/02/05/11:56:07,apply-time,rs-006128-kc9kk,d1b7866c-444f-40c0-aa9b-9023f9458469,1,5676.705534
2026/02/05/11:56:07,apply-time,rs-006128-rczht,1c5b1c49-6375-461a-8ebc-8374b83c3e15,1,5676.705534
2026/02/05/11:56:07,apply-time,rs-006129-pwkrk,a4d5a3ba-371d-400d-b0b4-1516f3f94e66,3,5676.705534
2026/02/05/11:56:08,running-time,rs-006118-x4qtj,1d6f495c-73f2-42c9-a847-3f30e7d8e393,3,5677.705534
2026/02/05/11:56:08,running-time,rs-006121-4cqk8,907d446a-4d7d-42c8-8f35-b6d0a39871d5,2,5677.705534
2026/02/05/11:56:08,running-time,rs-006122-fjkjf,93a12db5-0d00-405e-9797-254e1b4f3acb,2,5677.705534
2026/02/05/11:56:08,running-time,rs-006127-w7zzk,611982bd-4407-4d23-a77c-f7664d1457d8,1,5677.705534
2026/02/05/11:56:09,running-time,rs-006124-52rgj,b1a3b00e-9403-478d-a9b4-84646edee1c1,1,5678.705534
2026/02/05/11:56:09,running-time,rs-006126-wb6jt,2c04fb94-01f5-4696-9a35-d593dfe6db25,1,5678.705534
2026/02/05/11:56:09,running-time,rs-006126-xscss,1d4a8282-9087-41e9-a8df-d5e0e68afcfd,1,5678.705534
2026/02/05/11:56:09,running-time,rs-006127-t75jj,1285759f-2388-441e-8e67-7f44b27124d2,1,5678.705534
2026/02/05/11:56:10,running-time,rs-006120-82fgs,70321640-ea50-493b-85d7-fc5051724fe0,2,5679.705534
2026/02/05/11:56:10,running-time,rs-006120-gkqtk,5ba21f11-49a8-4e52-a9e2-de7029fe725c,2,5679.705534
2026/02/05/11:56:10,running-time,rs-006121-qlx2n,0183f38c-c0c2-4507-9cb4-64b49a09755f,2,5678.705534
2026/02/05/11:56:11,running-time,rs-006129-pwkrk,a4d5a3ba-371d-400d-b0b4-1516f3f94e66,3,5680.705534
2026/02/05/11:56:12,running-time,rs-006100-b4z4f,bed6fb71-a7d9-4f75-b413-93ddb43973c6,2,5681.705534
2026/02/05/11:56:12,running-time,rs-006117-m4wjt,c5fc4b2e-8d52-4183-b086-20989788b156,1,5681.705534
2026/02/05/11:56:12,running-time,rs-006120-7rsvh,76f701b2-0b44-48d0-8738-e0bf3271a14c,2,5681.705534
2026/02/05/11:56:15,running-time,rs-006100-x4nxb,7483827d-191b-4f6d-b6f0-402f8cab4239,2,5683.705534
2026/02/05/11:56:20,apply-time,rs-006130-bpmsw,d1f58ae6-2d4b-4dd0-bfb5-ce461a9050b4,3,5689.705534
2026/02/05/11:56:20,running-time,rs-006130-bpmsw,d1f58ae6-2d4b-4dd0-bfb5-ce461a9050b4,3,5689.705534
2026/02/05/11:56:20,apply-time,rs-006130-ghdl6,885ca495-1a82-4f48-b038-ce24f70a681c,3,5689.705534
2026/02/05/11:56:20,running-time,rs-006130-ghdl6,885ca495-1a82-4f48-b038-ce24f70a681c,3,5689.705534
2026/02/05/11:56:20,apply-time,rs-006131-wjgmd,47423e18-1a99-4efc-bed2-030ed6f383ce,4,5689.705534
2026/02/05/11:56:20,apply-time,rs-006132-dcspf,60f77521-e7dd-477e-9cc1-51f7e9656e91,3,5689.705534
2026/02/05/11:56:20,apply-time,rs-006132-f8nrj,676125b1-ca70-41fa-ae61-9d6d49a56d06,3,5689.705534
2026/02/05/11:56:20,running-time,rs-006132-f8nrj,676125b1-ca70-41fa-ae61-9d6d49a56d06,3,5689.705534
2026/02/05/11:56:20,apply-time,rs-006133-9rsqm,9f8bf6fa-0aea-4084-81be-57a0779ad775,1,5689.705534
2026/02/05/11:56:20,apply-time,rs-006133-hl4s4,e17a23ef-413a-4728-8bbd-8cb03de58ff8,1,5689.705534
2026/02/05/11:56:20,running-time,rs-006133-hl4s4,e17a23ef-413a-4728-8bbd-8cb03de58ff8,1,5689.705534
2026/02/05/11:56:20,apply-time,rs-006134-mchdr,aa463a1d-edbe-4135-a84c-6d81e3130840,2,5689.705534
2026/02/05/11:56:20,apply-time,rs-006135-5kc76,10f06967-808f-4b89-b5b8-50ef3febbfca,2,5689.705534
2026/02/05/11:56:20,apply-time,rs-006135-8msjq,57533e74-2d5c-4e60-aca2-b9a609408a7e,2,5689.705534
2026/02/05/11:56:21,apply-time,rs-006136-995c6,f8ffbb60-8135-4fe2-b6a2-c5ea97d7392d,1,5690.705534
2026/02/05/11:56:21,apply-time,rs-006136-ss2gm,9f8c5086-a64f-48c4-be6b-e9b183d5fc40,1,5690.705534
2026/02/05/11:56:21,apply-time,rs-006137-4tdwh,e7abf56a-5c98-4190-b90f-41f44860817d,4,5690.705534
2026/02/05/11:56:21,apply-time,rs-006137-7ntr8,7dcb8df0-dbae-4e78-9623-16166c3a9493,4,5690.705534
2026/02/05/11:56:21,apply-time,rs-006137-jqsrq,93b49479-9a1b-4d44-a813-56271bff0177,4,5690.705534
2026/02/05/11:56:21,apply-time,rs-006138-s2jvb,8d5be451-f82f-47de-bae9-1f5b6071d974,1,5690.705534
2026/02/05/11:56:21,apply-time,rs-006139-rtsjq,f9f7e0f7-626e-43d4-9bfe-bb437f13e099,2,5690.705534
2026/02/05/11:56:21,apply-time,rs-006139-tcmz7,17a32d7c-1c05-468a-a94a-1f42821db4fc,2,5690.705534
2026/02/05/11:56:21,apply-time,rs-006140-ltf7r,edc5c150-7f6d-4323-912e-6e4e6de336bc,4,5690.705534
2026/02/05/11:56:21,running-time,rs-006140-ltf7r,edc5c150-7f6d-4323-912e-6e4e6de336bc,4,5690.705534
2026/02/05/11:56:21,apply-time,rs-006140-p98c5,cf078e9e-c6d2-4d21-9476-301da0670f36,4,5690.705534
2026/02/05/11:56:21,running-time,rs-006140-p98c5,cf078e9e-c6d2-4d21-9476-301da0670f36,4,5690.705534
2026/02/05/11:56:22,running-time,rs-006132-dcspf,60f77521-e7dd-477e-9cc1-51f7e9656e91,3,5691.705534
2026/02/05/11:56:22,running-time,rs-006133-9rsqm,9f8bf6fa-0aea-4084-81be-57a0779ad775,1,5691.705534
2026/02/05/11:56:22,running-time,rs-006137-4tdwh,e7abf56a-5c98-4190-b90f-41f44860817d,4,5691.705534
2026/02/05/11:56:22,apply-time,rs-006138-hhsp2,63d1d4ac-4d37-4e6d-b950-57481d803dc3,1,5690.705534
2026/02/05/11:56:22,running-time,rs-006138-hhsp2,63d1d4ac-4d37-4e6d-b950-57481d803dc3,1,5691.705534
2026/02/05/11:56:26,running-time,rs-006135-5kc76,10f06967-808f-4b89-b5b8-50ef3febbfca,2,5695.705534
2026/02/05/11:56:26,running-time,rs-006139-tcmz7,17a32d7c-1c05-468a-a94a-1f42821db4fc,2,5695.705534
2026/02/05/11:56:27,apply-time,rs-006141-8zdw5,dbeba6f3-d5d4-4fcc-84e2-1b5e0908a3d3,2,5696.705534
2026/02/05/11:56:27,apply-time,rs-006141-mzwgp,60ea84f6-a522-404c-bbab-fa11bc57fe97,2,5696.705534
2026/02/05/11:56:29,running-time,rs-006135-8msjq,57533e74-2d5c-4e60-aca2-b9a609408a7e,2,5698.705534
2026/02/05/11:56:30,apply-time,rs-006142-pxfzt,89eba3a8-796f-4e70-a2e4-b50d4ca32d8e,3,5699.705534
2026/02/05/11:56:30,apply-time,rs-006143-hrqqx,ccce3537-b74c-4560-b9a0-4b4a4dd58c52,3,5699.705534
2026/02/05/11:56:30,running-time,rs-006143-hrqqx,ccce3537-b74c-4560-b9a0-4b4a4dd58c52,3,5699.705534
2026/02/05/11:56:32,apply-time,rs-006144-nrj28,5f7799dc-3220-4047-9a30-40ec63e52c13,1,5701.705534
2026/02/05/11:56:32,apply-time,rs-006145-7992f,551e9f73-b786-4e1f-b642-f9aeabf9631b,2,5701.705534
2026/02/05/11:56:32,running-time,rs-006145-7992f,551e9f73-b786-4e1f-b642-f9aeabf9631b,2,5701.705534
2026/02/05/11:56:32,apply-time,rs-006146-bvjgw,e300f8f5-2cde-4c6f-9766-61aa3f77da08,1,5701.705534
2026/02/05/11:56:32,running-time,rs-006146-bvjgw,e300f8f5-2cde-4c6f-9766-61aa3f77da08,1,5701.705534
2026/02/05/11:56:32,apply-time,rs-006146-jgc8v,20e4a5ec-9a23-4575-a50b-c8f12ad090b8,1,5701.705534
2026/02/05/11:56:32,running-time,rs-006146-jgc8v,20e4a5ec-9a23-4575-a50b-c8f12ad090b8,1,5701.705534
2026/02/05/11:56:32,apply-time,rs-006147-fdc7z,2d907efe-2ff5-4651-9825-93c1eb8325bc,3,5701.705534
2026/02/05/11:56:35,running-time,rs-006142-pxfzt,89eba3a8-796f-4e70-a2e4-b50d4ca32d8e,3,5704.705534
2026/02/05/11:56:35,running-time,rs-006144-nrj28,5f7799dc-3220-4047-9a30-40ec63e52c13,1,5704.705534
2026/02/05/11:56:40,running-time,rs-006069-sn5dr,eb79de2a-0b19-4fe9-8e04-afe57ab4080e,4,5709.705534
2026/02/05/11:56:41,apply-time,rs-006148-8wqrp,1e0ab611-aa00-499a-85a6-691b493d5a20,2,5710.705534
2026/02/05/11:56:41,apply-time,rs-006148-ddqkx,011b7db5-0e86-46a8-8854-1a82727a90dc,2,5710.705534
2026/02/05/11:56:41,apply-time,rs-006148-jvmz7,ea405780-e6ea-4368-8cc8-28b607e4ad1e,2,5710.705534
2026/02/05/11:56:41,apply-time,rs-006149-cr8wd,3782e260-01f3-40bf-bf11-8a5ead3f80e7,1,5710.705534
2026/02/05/11:56:41,running-time,rs-006149-cr8wd,3782e260-01f3-40bf-bf11-8a5ead3f80e7,1,5710.705534
2026/02/05/11:56:41,apply-time,rs-006150-dwvrk,c1357274-085b-4858-9a51-3bc8f67ee71d,2,5710.705534
2026/02/05/11:56:41,apply-time,rs-006150-gbvlq,be6fc496-0321-4f60-8c47-346fc965b4b0,2,5710.705534
2026/02/05/11:56:41,apply-time,rs-006150-zvc6p,af6cca36-c4de-4d5b-9dbe-fc7b2309428a,2,5710.705534
2026/02/05/11:56:41,apply-time,rs-006151-w9r8z,2a4df707-28a1-4f4b-b920-25446753a5f4,1,5710.705534
2026/02/05/11:56:41,apply-time,rs-006152-fnqcj,336231bf-4506-4e81-acc7-79daee594bb5,2,5710.705534
2026/02/05/11:56:42,running-time,rs-006148-8wqrp,1e0ab611-aa00-499a-85a6-691b493d5a20,2,5711.705534
2026/02/05/11:56:42,running-time,rs-006148-ddqkx,011b7db5-0e86-46a8-8854-1a82727a90dc,2,5711.705534
2026/02/05/11:56:42,running-time,rs-006148-jvmz7,ea405780-e6ea-4368-8cc8-28b607e4ad1e,2,5711.705534
2026/02/05/11:56:43,running-time,rs-006134-mchdr,aa463a1d-edbe-4135-a84c-6d81e3130840,2,5712.705534
2026/02/05/11:56:45,apply-time,rs-006153-2jplz,677664fa-93ce-484b-98d6-4fec17ca719d,1,5714.705534
2026/02/05/11:56:45,running-time,rs-006153-2jplz,677664fa-93ce-484b-98d6-4fec17ca719d,1,5714.705534
2026/02/05/11:56:45,apply-time,rs-006154-8dvgw,03fd00ef-1857-47c7-99b5-98460b213b34,1,5714.705534
2026/02/05/11:56:45,apply-time,rs-006155-4thgc,af50ade1-394c-4c86-aa8a-e0c05b8ae68b,1,5714.705534
2026/02/05/11:56:45,running-time,rs-006155-4thgc,af50ade1-394c-4c86-aa8a-e0c05b8ae68b,1,5714.705534
2026/02/05/11:56:45,apply-time,rs-006156-772rw,9d906574-1782-483a-b3e7-e71fe5ce5914,2,5714.705534
2026/02/05/11:56:45,running-time,rs-006156-772rw,9d906574-1782-483a-b3e7-e71fe5ce5914,2,5714.705534
2026/02/05/11:56:45,apply-time,rs-006156-brnnx,510dabc9-b2ac-4be9-9bf2-43ae8c5d2d36,2,5714.705534
2026/02/05/11:56:45,running-time,rs-006156-brnnx,510dabc9-b2ac-4be9-9bf2-43ae8c5d2d36,2,5714.705534
2026/02/05/11:56:45,apply-time,rs-006156-qckzw,d97148a9-e826-4cff-8395-d1bb7b836f96,2,5714.705534
2026/02/05/11:56:45,running-time,rs-006156-qckzw,d97148a9-e826-4cff-8395-d1bb7b836f96,2,5714.705534
2026/02/05/11:56:45,apply-time,rs-006157-4tfhs,4ec3dbba-5f88-4b81-878e-fb955e14235e,2,5714.705534
2026/02/05/11:56:45,running-time,rs-006157-4tfhs,4ec3dbba-5f88-4b81-878e-fb955e14235e,2,5714.705534
2026/02/05/11:56:45,apply-time,rs-006158-fc8r2,5a2dea92-9182-4a42-93e8-f2f183dadda7,1,5714.705534
2026/02/05/11:56:45,apply-time,rs-006158-mrwmq,e36bc8e7-a88b-4751-b1e3-22ac3d4de04e,1,5714.705534
2026/02/05/11:56:45,apply-time,rs-006158-rmmkx,d71a5acd-bcda-4b6c-a0d8-18774152f571,1,5714.705534
2026/02/05/11:56:45,apply-time,rs-006159-2kt6q,393a3356-40f2-427f-a625-92e16ab340cd,3,5714.705534
2026/02/05/11:56:45,apply-time,rs-006160-hkzwq,4ab8c0ad-e01f-4637-b901-da7b17162633,2,5714.705534
2026/02/05/11:56:45,running-time,rs-006160-hkzwq,4ab8c0ad-e01f-4637-b901-da7b17162633,2,5714.705534
2026/02/05/11:56:45,apply-time,rs-006161-lwjp2,37fa0aec-1706-44e1-baa5-0042cfe24369,2,5714.705534
2026/02/05/11:56:45,running-time,rs-006161-lwjp2,37fa0aec-1706-44e1-baa5-0042cfe24369,2,5714.705534
2026/02/05/11:56:45,apply-time,rs-006162-2mmj8,33608f6d-db55-4b01-a24e-ffefa6954a4c,1,5714.705534
2026/02/05/11:56:46,apply-time,rs-006161-cp4nd,70b99570-21bc-4901-8784-856c0b5b2b59,2,5715.705534
2026/02/05/11:56:46,apply-time,rs-006161-ldlz2,6638b183-19aa-4743-b253-2b933836922e,2,5715.705534
2026/02/05/11:56:46,apply-time,rs-006162-s2q52,222b5dda-79f6-46db-8bbb-6db3defa01b4,1,5714.705534
2026/02/05/11:56:46,apply-time,rs-006163-f5w4n,a559c942-7e4f-4d15-8c8d-6e86757543a7,2,5715.705534
2026/02/05/11:56:46,apply-time,rs-006163-rfw58,9ff1852a-0391-42f1-8daf-389027071070,2,5715.705534
2026/02/05/11:56:46,apply-time,rs-006164-qj72d,5e0a326d-01d8-499e-942d-370329332d93,1,5715.705534
2026/02/05/11:56:46,running-time,rs-006164-qj72d,5e0a326d-01d8-499e-942d-370329332d93,1,5715.705534
2026/02/05/11:56:46,apply-time,rs-006164-vxtgj,8898927d-abd8-4ca5-b758-aab84066f3d1,1,5715.705534
2026/02/05/11:56:46,running-time,rs-006164-vxtgj,8898927d-abd8-4ca5-b758-aab84066f3d1,1,5715.705534
2026/02/05/11:56:46,apply-time,rs-006165-f424v,31d2c7fa-c514-4ad0-bc9c-1e09d549b01d,2,5715.705534
2026/02/05/11:56:46,apply-time,rs-006166-qlwcx,ed13aff4-ec1b-4673-bd2e-979024039959,4,5715.705534
2026/02/05/11:56:46,apply-time,rs-006167-ht8kq,111ff79a-cb40-4442-bf0f-b06999fd3919,1,5715.705534
2026/02/05/11:56:47,apply-time,rs-006166-m5bhv,b3648f94-4726-470e-8919-84551fb3ed4d,4,5715.705534
2026/02/05/11:56:47,apply-time,rs-006168-5mcnp,3951f5bf-1a54-4ad0-9057-4355712c502f,3,5716.705534
2026/02/05/11:56:47,running-time,rs-006168-5mcnp,3951f5bf-1a54-4ad0-9057-4355712c502f,3,5716.705534
2026/02/05/11:56:47,apply-time,rs-006168-crg9b,2731dfe9-5fa7-476c-a90f-316744c8b617,3,5716.705534
2026/02/05/11:56:47,running-time,rs-006168-crg9b,2731dfe9-5fa7-476c-a90f-316744c8b617,3,5716.705534
2026/02/05/11:56:47,apply-time,rs-006168-qzq8s,9ce21026-ae02-406d-bf61-3310b50d0781,3,5716.705534
2026/02/05/11:56:47,running-time,rs-006168-qzq8s,9ce21026-ae02-406d-bf61-3310b50d0781,3,5716.705534
2026/02/05/11:56:48,running-time,rs-006162-s2q52,222b5dda-79f6-46db-8bbb-6db3defa01b4,1,5717.705534
2026/02/05/11:56:59,apply-time,rs-006169-72tkt,c9074ed4-9d2f-4f43-9ac0-dc1213c3848a,1,5728.705534
2026/02/05/11:56:59,apply-time,rs-006169-kv8r8,0a35c649-e9f7-4e24-a0a6-7153a4e70a38,1,5728.705534
2026/02/05/11:56:59,apply-time,rs-006169-nc8cd,c63115b0-aad5-4147-a824-abd7df685c1a,1,5728.705534
2026/02/05/11:56:59,apply-time,rs-006170-77nfc,c32afd27-ad0a-4f96-bb2b-2fa8269ce1b8,3,5728.705534
2026/02/05/11:56:59,running-time,rs-006170-77nfc,c32afd27-ad0a-4f96-bb2b-2fa8269ce1b8,3,5728.705534
2026/02/05/11:56:59,apply-time,rs-006170-zm47l,86eda5be-f658-49e0-99d0-fe85f5ba6cac,3,5728.705534
2026/02/05/11:56:59,running-time,rs-006170-zm47l,86eda5be-f658-49e0-99d0-fe85f5ba6cac,3,5728.705534
2026/02/05/11:57:03,apply-time,rs-006171-5dq7d,0d5fb5a0-d28f-48c3-b939-c1c28e95c1b9,2,5732.705534
2026/02/05/11:57:03,running-time,rs-006171-5dq7d,0d5fb5a0-d28f-48c3-b939-c1c28e95c1b9,2,5732.705534
2026/02/05/11:57:03,apply-time,rs-006171-tr6wp,1f14d867-37ff-4864-9b7c-b61d8e0fdb90,2,5732.705534
2026/02/05/11:57:03,running-time,rs-006171-tr6wp,1f14d867-37ff-4864-9b7c-b61d8e0fdb90,2,5732.705534
2026/02/05/11:57:03,apply-time,rs-006172-97jw4,5c833269-a3b1-41f5-aecb-102416907c9b,1,5732.705534
2026/02/05/11:57:03,apply-time,rs-006173-dj44m,45636f46-8f99-458e-9e2c-930594b6a233,4,5732.705534
2026/02/05/11:57:03,apply-time,rs-006173-h5rdq,901a7ce0-0a34-4648-b554-4ced628d4ad4,4,5732.705534
2026/02/05/11:57:03,running-time,rs-006173-h5rdq,901a7ce0-0a34-4648-b554-4ced628d4ad4,4,5732.705534
2026/02/05/11:57:09,apply-time,rs-006174-7wrkp,2a58ce67-f781-4f69-b765-8476cee0b21d,2,5738.705534
2026/02/05/11:57:09,apply-time,rs-006174-pbhv7,34f43e20-824e-4fe3-8274-f1d88d06ef89,2,5738.705534
2026/02/05/11:57:09,apply-time,rs-006175-wd8gm,b034ae87-78e0-4b4c-9244-249aa574d4d0,3,5738.705534
2026/02/05/11:57:09,running-time,rs-006175-wd8gm,b034ae87-78e0-4b4c-9244-249aa574d4d0,3,5738.705534
2026/02/05/11:57:09,apply-time,rs-006176-xmn45,3b4a6940-b3d7-4d77-bee0-327e77922581,3,5738.705534
2026/02/05/11:57:09,running-time,rs-006176-xmn45,3b4a6940-b3d7-4d77-bee0-327e77922581,3,5738.705534
2026/02/05/11:57:09,apply-time,rs-006177-6qdr4,b05d6882-4b58-4713-8c08-9598b5130a3b,1,5738.705534
2026/02/05/11:57:09,running-time,rs-006177-6qdr4,b05d6882-4b58-4713-8c08-9598b5130a3b,1,5738.705534
2026/02/05/11:57:09,apply-time,rs-006178-p64jd,e96bd11a-05b6-4e60-82c5-681d5ae4e2f7,3,5738.705534
2026/02/05/11:57:09,running-time,rs-006178-p64jd,e96bd11a-05b6-4e60-82c5-681d5ae4e2f7,3,5738.705534
2026/02/05/11:57:09,apply-time,rs-006179-gsflq,e7f63749-0536-4add-98a9-55c715407b04,4,5738.705534
2026/02/05/11:57:09,apply-time,rs-006180-hc8bg,64f5383e-7db9-4cfb-9e7f-8bb1f6bc4f43,3,5738.705534
2026/02/05/11:57:09,running-time,rs-006180-hc8bg,64f5383e-7db9-4cfb-9e7f-8bb1f6bc4f43,3,5738.705534
2026/02/05/11:57:11,running-time,rs-006017-lwss4,13b16390-e3ec-412f-ac2d-6da894058319,2,5740.705534
2026/02/05/11:57:11,running-time,rs-006174-7wrkp,2a58ce67-f781-4f69-b765-8476cee0b21d,2,5740.705534
2026/02/05/11:57:11,running-time,rs-006174-pbhv7,34f43e20-824e-4fe3-8274-f1d88d06ef89,2,5740.705534
2026/02/05/11:57:19,apply-time,rs-006181-kclkx,8f9c0f74-b0a4-4a28-b324-0feddd0b187b,2,5748.705534
2026/02/05/11:57:19,running-time,rs-006181-kclkx,8f9c0f74-b0a4-4a28-b324-0feddd0b187b,2,5748.705534
2026/02/05/11:57:19,apply-time,rs-006181-r6zjw,022f5e4a-f28f-412e-865d-ac5d922733e2,2,5748.705534
2026/02/05/11:57:19,running-time,rs-006181-r6zjw,022f5e4a-f28f-412e-865d-ac5d922733e2,2,5748.705534
2026/02/05/11:57:20,apply-time,rs-006182-qltjk,1112148e-284d-4f41-9a99-ad92af012f48,2,5749.705534
2026/02/05/11:57:21,apply-time,rs-006183-mllq5,6107dde7-f81e-475d-a4fb-af6722584171,3,5750.705534
2026/02/05/11:57:21,running-time,rs-006183-mllq5,6107dde7-f81e-475d-a4fb-af6722584171,3,5750.705534
2026/02/05/11:57:21,apply-time,rs-006183-shx6b,12dce22a-e0b4-4fb3-99bd-633f2e6ae738,3,5750.705534
2026/02/05/11:57:21,running-time,rs-006183-shx6b,12dce22a-e0b4-4fb3-99bd-633f2e6ae738,3,5750.705534
2026/02/05/11:57:21,apply-time,rs-006184-8xsgx,16e0fb55-447b-40b6-8468-5d7e348e7134,2,5750.705534
2026/02/05/11:57:21,apply-time,rs-006184-jxxwb,c651ed10-84c5-481f-a357-3a8389f3dc2c,2,5750.705534
2026/02/05/11:57:21,apply-time,rs-006185-pt5bd,ee6e4e79-5e66-40c3-a52c-89eb33631fba,4,5750.705534
2026/02/05/11:57:21,apply-time,rs-006186-67f7j,d2bc1bb1-3d06-4a7d-9e27-86e9d0ed6afd,3,5750.705534
2026/02/05/11:57:21,apply-time,rs-006186-7526n,152b1cee-848f-47d4-8f80-a2e3b4e1f5e2,3,5750.705534
2026/02/05/11:57:21,running-time,rs-006186-7526n,152b1cee-848f-47d4-8f80-a2e3b4e1f5e2,3,5750.705534
2026/02/05/11:57:21,apply-time,rs-006186-9l6sj,dbd9058e-d68a-4c10-9301-31c4a6aa8b64,3,5750.705534
2026/02/05/11:57:21,running-time,rs-006186-9l6sj,dbd9058e-d68a-4c10-9301-31c4a6aa8b64,3,5750.705534
2026/02/05/11:57:22,apply-time,rs-006187-68hjq,5e5d7e1b-559f-4cff-9001-9c672941f6a4,4,5751.705534
2026/02/05/11:57:22,apply-time,rs-006188-hqb8b,9b612ac9-1a90-47ce-b993-639b584acc1a,1,5751.705534
2026/02/05/11:57:22,running-time,rs-006188-hqb8b,9b612ac9-1a90-47ce-b993-639b584acc1a,1,5751.705534
2026/02/05/11:57:22,apply-time,rs-006188-r6bk4,60063021-bd9c-4169-90cd-b5b84f49a060,1,5751.705534
2026/02/05/11:57:22,running-time,rs-006188-r6bk4,60063021-bd9c-4169-90cd-b5b84f49a060,1,5751.705534
2026/02/05/11:57:22,apply-time,rs-006188-x6z86,d71b1e37-7e47-402a-8fa6-6a0342c3a75c,1,5751.705534
2026/02/05/11:57:22,running-time,rs-006188-x6z86,d71b1e37-7e47-402a-8fa6-6a0342c3a75c,1,5751.705534
2026/02/05/11:57:22,apply-time,rs-006189-8wbwz,101acef6-1290-4454-a579-4f2c09c3dad1,1,5751.705534
2026/02/05/11:57:22,apply-time,rs-006189-bn25g,eeed4d07-d0fd-47ad-9aec-bf829784b5f8,1,5751.705534
2026/02/05/11:57:23,running-time,rs-006189-8wbwz,101acef6-1290-4454-a579-4f2c09c3dad1,1,5752.705534
2026/02/05/11:57:23,running-time,rs-006189-bn25g,eeed4d07-d0fd-47ad-9aec-bf829784b5f8,1,5752.705534
2026/02/05/11:57:23,apply-time,rs-006190-46h6g,62818ad8-c968-48d4-a7df-1d8a2dd12d14,1,5752.705534
2026/02/05/11:57:23,apply-time,rs-006191-l9gbk,54272338-804e-4abe-a319-7622f7bd2a64,3,5752.705534
2026/02/05/11:57:23,apply-time,rs-006191-p7mzw,29c298ee-30dc-4046-8f1e-1ebd73056bb9,3,5752.705534
2026/02/05/11:57:23,apply-time,rs-006191-zlzxp,16fb38af-50c4-4ce4-807c-6b31bef08d3a,3,5752.705534
2026/02/05/11:57:23,apply-time,rs-006192-jg76f,7f3beb62-32a1-421a-8352-c46a1cb67ad0,2,5752.705534
2026/02/05/11:57:23,apply-time,rs-006193-9lv4g,7c2ac206-7ce0-4fe2-9e7d-f332a0c9b8f2,2,5752.705534
2026/02/05/11:57:23,apply-time,rs-006193-9wbrk,0ce02242-d6cb-45c2-9656-b2f652d7923a,2,5752.705534
2026/02/05/11:57:23,apply-time,rs-006194-b6wwd,da0b0701-9e62-4cd0-a234-e046e9189524,1,5752.705534
2026/02/05/11:57:23,apply-time,rs-006194-nmcpq,2b703712-f991-47dc-a551-b8d497012616,1,5752.705534
2026/02/05/11:57:24,apply-time,rs-006195-b4kns,97a8a5b5-4c7d-4d69-ab73-0cc50222d3d6,2,5753.705534
2026/02/05/11:57:24,apply-time,rs-006196-nkz8m,5c35285c-4f6b-4890-8567-fd372d706609,2,5754.705534
2026/02/05/11:57:24,apply-time,rs-006197-cqp8b,2bea8e66-e3ef-477a-994d-20cf769bf912,2,5753.705534
2026/02/05/11:57:24,apply-time,rs-006197-dgjmk,a7627d58-5765-445e-b2a4-2c59763b7154,2,5753.705534
2026/02/05/11:57:24,apply-time,rs-006197-gfwqt,5a4549a3-e491-4ddf-9c2a-653b5d96963c,2,5753.705534
2026/02/05/11:57:24,apply-time,rs-006198-bz4st,f2b8b995-dc35-4d83-94b7-fcf71d1f6916,1,5753.705534
2026/02/05/11:57:24,apply-time,rs-006198-rhwlq,9ab5248d-bf91-4223-8798-0d1300a64795,1,5754.705534
2026/02/05/11:57:24,apply-time,rs-006198-wctz6,2d97fa71-6b8f-4c02-b5f6-f8e10cc0def8,1,5753.705534
2026/02/05/11:57:24,apply-time,rs-006199-5f27b,85ef40b9-d300-4448-bc5b-f30fdc73c6eb,1,5753.705534
2026/02/05/11:57:24,apply-time,rs-006199-f8d92,d559a7ba-6687-4e4b-b41d-b7db401dd98f,1,5753.705534
2026/02/05/11:57:25,running-time,rs-006184-jxxwb,c651ed10-84c5-481f-a357-3a8389f3dc2c,2,5754.705534
2026/02/05/11:57:25,running-time,rs-006191-l9gbk,54272338-804e-4abe-a319-7622f7bd2a64,3,5754.705534
2026/02/05/11:57:25,apply-time,rs-006196-24hgb,6c91a16e-9f18-42fc-95ce-65c72135c35b,2,5754.705534
2026/02/05/11:57:25,apply-time,rs-006200-9rjzf,a6110578-5055-4c77-910c-06934bf4866c,2,5754.705534
2026/02/05/11:57:25,apply-time,rs-006200-lmfqc,919700c9-d2bd-4f34-86cf-6fe02d103b2d,2,5754.705534
2026/02/05/11:57:25,apply-time,rs-006200-tn2hh,afa05d2b-85d3-4b35-b749-94058dd7c38d,2,5754.705534
2026/02/05/11:57:25,apply-time,rs-006201-vssmt,428d23e5-7b29-4544-8cac-dacb764bb428,3,5754.705534
2026/02/05/11:57:25,running-time,rs-006201-vssmt,428d23e5-7b29-4544-8cac-dacb764bb428,3,5754.705534
2026/02/05/11:57:25,apply-time,rs-006202-gfz9n,4dd33358-3d3c-4af5-9a6b-bd1ac1451a89,4,5754.705534
2026/02/05/11:57:25,apply-time,rs-006203-7cz9j,310ee992-1493-4c9e-a097-d9e6b1117f9c,2,5755.705534
2026/02/05/11:57:25,apply-time,rs-006204-2blql,ae090f78-09b4-4804-97a9-3eb812c5e40d,4,5754.705534
2026/02/05/11:57:25,apply-time,rs-006204-wvx7r,8e96e6ea-b662-4f40-8f07-09b81c2b650f,4,5754.705534
2026/02/05/11:57:26,running-time,rs-006196-24hgb,6c91a16e-9f18-42fc-95ce-65c72135c35b,2,5755.705534
2026/02/05/11:57:26,running-time,rs-006196-nkz8m,5c35285c-4f6b-4890-8567-fd372d706609,2,5755.705534
2026/02/05/11:57:26,apply-time,rs-006203-7ph8l,857bb1fa-425d-41d8-b310-4152c3573d8d,2,5755.705534
2026/02/05/11:57:26,apply-time,rs-006203-xrwkv,721fc064-5d4e-46d9-a0d6-f6e7f73032c4,2,5755.705534
2026/02/05/11:57:26,running-time,rs-006204-2blql,ae090f78-09b4-4804-97a9-3eb812c5e40d,4,5755.705534
2026/02/05/11:57:26,apply-time,rs-006205-wv4bj,520ae682-608b-410a-bd8c-d40c7a8c27d9,2,5755.705534
2026/02/05/11:57:26,apply-time,rs-006206-8wv9p,384b0029-8dfa-4594-97f8-44fe1f30a21f,3,5755.705534
2026/02/05/11:57:26,apply-time,rs-006206-b6pgr,576148c2-7f80-45da-aa38-bed372ada918,3,5755.705534
2026/02/05/11:57:26,apply-time,rs-006206-xbx28,019d36f0-6bf1-4368-b124-0e6d47906988,3,5755.705534
2026/02/05/11:57:26,apply-time,rs-006207-qnjs2,f80bb337-12c4-4ec6-8bb2-18f6839482b6,1,5755.705534
2026/02/05/11:57:27,apply-time,rs-006207-hmj7p,e48aef93-15a1-4fba-98a0-e509436aed4e,1,5756.705534
2026/02/05/11:57:27,apply-time,rs-006207-rn7qd,71edf27d-f7e3-451a-ab0d-6e91113ea8bc,1,5756.705534
2026/02/05/11:57:28,running-time,rs-006206-b6pgr,576148c2-7f80-45da-aa38-bed372ada918,3,5757.705534
2026/02/05/11:57:30,running-time,rs-006200-9rjzf,a6110578-5055-4c77-910c-06934bf4866c,2,5759.705534
2026/02/05/11:57:30,running-time,rs-006206-8wv9p,384b0029-8dfa-4594-97f8-44fe1f30a21f,3,5759.705534
2026/02/05/11:57:30,running-time,rs-006206-xbx28,019d36f0-6bf1-4368-b124-0e6d47906988,3,5759.705534
2026/02/05/11:57:31,running-time,rs-006198-wctz6,2d97fa71-6b8f-4c02-b5f6-f8e10cc0def8,1,5760.705534
2026/02/05/11:57:31,running-time,rs-006200-lmfqc,919700c9-d2bd-4f34-86cf-6fe02d103b2d,2,5760.705534
2026/02/05/11:57:31,running-time,rs-006200-tn2hh,afa05d2b-85d3-4b35-b749-94058dd7c38d,2,5760.705534
2026/02/05/11:57:31,apply-time,rs-006208-2mxwz,7f2323bd-39a8-40c6-8ff2-4bb1fddae457,4,5760.705534
2026/02/05/11:57:31,apply-time,rs-006208-cf9nf,94f312fe-7687-475d-95f8-55fc25c17cd7,4,5760.705534
2026/02/05/11:57:31,apply-time,rs-006208-nwrjj,74adf991-e62a-4734-9171-17d571d3c782,4,5760.705534
2026/02/05/11:57:31,apply-time,rs-006209-wrgw5,f0d1eb53-f111-490f-8fb0-0b4834951b70,2,5760.705534
2026/02/05/11:57:31,apply-time,rs-006210-9zjv2,fa8ac640-aebe-4e0d-a7c6-eaa3a62c7244,3,5760.705534
2026/02/05/11:57:31,apply-time,rs-006210-ml97v,0ce69066-5312-4a58-b181-74b395154901,3,5760.705534
2026/02/05/11:57:31,apply-time,rs-006210-x4m7x,da837776-bba8-427b-9a25-731045e731c0,3,5760.705534
2026/02/05/11:57:31,apply-time,rs-006211-b4kmx,14aef1d2-77b2-4432-becc-89995c8d23ba,2,5760.705534
2026/02/05/11:57:32,running-time,rs-006210-9zjv2,fa8ac640-aebe-4e0d-a7c6-eaa3a62c7244,3,5761.705534
2026/02/05/11:57:32,running-time,rs-006210-ml97v,0ce69066-5312-4a58-b181-74b395154901,3,5762.705534
2026/02/05/11:57:32,running-time,rs-006210-x4m7x,da837776-bba8-427b-9a25-731045e731c0,3,5762.705534
2026/02/05/11:57:33,running-time,rs-006209-wrgw5,f0d1eb53-f111-490f-8fb0-0b4834951b70,2,5762.705534
2026/02/05/11:57:34,running-time,rs-006195-b4kns,97a8a5b5-4c7d-4d69-ab73-0cc50222d3d6,2,5763.705534
2026/02/05/11:57:47,apply-time,rs-006212-7ts6g,21a6b6b3-0702-4144-85d5-e8f19cf2bf6e,4,5776.705534
2026/02/05/11:57:47,running-time,rs-006212-7ts6g,21a6b6b3-0702-4144-85d5-e8f19cf2bf6e,4,5776.705534
2026/02/05/11:57:47,apply-time,rs-006213-887q9,fe0a2d6e-150f-48ba-80dd-3844deb0f399,1,5776.705534
2026/02/05/11:57:47,apply-time,rs-006213-h8mpq,22a026f6-8f26-460d-ba69-15b67ebeefd4,1,5776.705534
2026/02/05/11:57:47,apply-time,rs-006214-t22rf,fc739bb1-385f-4a52-a9ce-f5c03d8aec92,3,5776.705534
2026/02/05/11:57:47,running-time,rs-006214-t22rf,fc739bb1-385f-4a52-a9ce-f5c03d8aec92,3,5776.705534
2026/02/05/11:57:51,running-time,rs-006213-887q9,fe0a2d6e-150f-48ba-80dd-3844deb0f399,1,5780.705534
2026/02/05/11:57:52,running-time,rs-006213-h8mpq,22a026f6-8f26-460d-ba69-15b67ebeefd4,1,5781.705534
2026/02/05/11:57:56,apply-time,rs-006215-q2984,c4b04d3e-6027-42a9-be0b-1904e706fe74,2,5785.705534
2026/02/05/11:57:56,running-time,rs-006215-q2984,c4b04d3e-6027-42a9-be0b-1904e706fe74,2,5785.705534
2026/02/05/11:57:56,apply-time,rs-006216-qhmpj,6ea7f3ac-2b72-4b2e-89cc-1fa8cb9138ad,2,5785.705534
2026/02/05/11:57:56,running-time,rs-006216-qhmpj,6ea7f3ac-2b72-4b2e-89cc-1fa8cb9138ad,2,5785.705534
2026/02/05/11:57:56,apply-time,rs-006216-tpvmr,5f5a65ec-24c6-4a71-b1f8-bb9804cb8ec1,2,5785.705534
2026/02/05/11:57:56,running-time,rs-006216-tpvmr,5f5a65ec-24c6-4a71-b1f8-bb9804cb8ec1,2,5785.705534
2026/02/05/11:57:56,apply-time,rs-006217-mfv2z,9bd7acdd-4a22-4742-82f5-49645fde831a,2,5785.705534
2026/02/05/11:57:56,apply-time,rs-006218-5mwlb,6a025f0d-da60-41ad-bf97-4f81a3c2b118,3,5785.705534
2026/02/05/11:57:56,running-time,rs-006218-5mwlb,6a025f0d-da60-41ad-bf97-4f81a3c2b118,3,5785.705534
2026/02/05/11:57:56,apply-time,rs-006218-8g8z4,e5937e2e-db41-4fdd-a270-cde8d567de0c,3,5785.705534
2026/02/05/11:57:56,running-time,rs-006218-8g8z4,e5937e2e-db41-4fdd-a270-cde8d567de0c,3,5785.705534
2026/02/05/11:58:03,apply-time,rs-006219-prphr,bdc31e69-3373-4bd6-aee6-442ce4d4b3c3,1,5792.705534
2026/02/05/11:58:04,apply-time,rs-006220-5dnv4,9fac354b-e7f6-4522-860b-e9f0f7e1ed2f,2,5793.705534
2026/02/05/11:58:04,running-time,rs-006220-5dnv4,9fac354b-e7f6-4522-860b-e9f0f7e1ed2f,2,5793.705534
2026/02/05/11:58:04,apply-time,rs-006221-df4n4,2d06bed8-5397-4f26-848c-db3a433aeff9,1,5793.705534
2026/02/05/11:58:04,apply-time,rs-006221-hck88,cbbdad25-bb7c-41cb-98bf-91a6909e0afa,1,5793.705534
2026/02/05/11:58:04,apply-time,rs-006221-psdkc,3f809c8e-f025-467e-8eec-e48b0dc6c3f9,1,5793.705534
2026/02/05/11:58:04,apply-time,rs-006222-7n5hc,ff82a54a-ea07-4b12-9af3-3c25da0cd22c,4,5793.705534
2026/02/05/11:58:04,running-time,rs-006222-7n5hc,ff82a54a-ea07-4b12-9af3-3c25da0cd22c,4,5793.705534
2026/02/05/11:58:04,apply-time,rs-006222-8tqhw,c6a3e59b-28a3-4d70-9382-57cc44c73c40,4,5793.705534
2026/02/05/11:58:04,running-time,rs-006222-8tqhw,c6a3e59b-28a3-4d70-9382-57cc44c73c40,4,5793.705534
2026/02/05/11:58:13,apply-time,rs-006223-hx7t9,01df1135-4980-4f68-ab10-93788ee95936,1,5801.705534
2026/02/05/11:58:13,running-time,rs-006223-hx7t9,01df1135-4980-4f68-ab10-93788ee95936,1,5801.705534
2026/02/05/11:58:13,apply-time,rs-006223-tt8f2,22b01c43-f87d-4045-8e3f-9912d23162ec,1,5801.705534
2026/02/05/11:58:13,running-time,rs-006223-tt8f2,22b01c43-f87d-4045-8e3f-9912d23162ec,1,5801.705534
2026/02/05/11:58:13,apply-time,rs-006224-8zdpd,2375e47a-0ded-4e95-bb70-cb8facd771ff,1,5801.705534
2026/02/05/11:58:13,running-time,rs-006224-8zdpd,2375e47a-0ded-4e95-bb70-cb8facd771ff,1,5801.705534
2026/02/05/11:58:13,apply-time,rs-006224-kjqr2,04427dad-d4cc-41b3-a2e1-1ac25924627e,1,5801.705534
2026/02/05/11:58:13,running-time,rs-006224-kjqr2,04427dad-d4cc-41b3-a2e1-1ac25924627e,1,5801.705534
2026/02/05/11:58:13,apply-time,rs-006224-pwkm4,44e21dab-0a5e-4413-ae3f-f187813283d2,1,5801.705534
2026/02/05/11:58:13,running-time,rs-006224-pwkm4,44e21dab-0a5e-4413-ae3f-f187813283d2,1,5801.705534
2026/02/05/11:58:13,apply-time,rs-006225-b945f,4cc551b5-4af5-411d-832c-a678c7908063,3,5801.705534
2026/02/05/11:58:13,apply-time,rs-006225-pjnwk,9a22315f-98e2-46de-8cae-a976b673c5e7,3,5801.705534
2026/02/05/11:58:13,apply-time,rs-006226-vfkn5,d4c8336c-636c-401e-a8c7-9060aa085945,1,5801.705534
2026/02/05/11:58:13,running-time,rs-006226-vfkn5,d4c8336c-636c-401e-a8c7-9060aa085945,1,5801.705534
2026/02/05/11:58:13,apply-time,rs-006227-4gvkn,e3ddb655-19ee-401f-b640-29278fdb51bb,3,5801.705534
2026/02/05/11:58:13,running-time,rs-006227-4gvkn,e3ddb655-19ee-401f-b640-29278fdb51bb,3,5801.705534
2026/02/05/11:58:13,apply-time,rs-006227-k52mn,f2715367-7dae-421c-9b10-9d9d4b2ab8cf,3,5801.705534
2026/02/05/11:58:13,running-time,rs-006227-k52mn,f2715367-7dae-421c-9b10-9d9d4b2ab8cf,3,5801.705534
2026/02/05/11:58:13,apply-time,rs-006228-wpzfn,c45851fe-a0ae-4a36-9d08-d34a27445f17,3,5801.705534
2026/02/05/11:58:13,running-time,rs-006228-wpzfn,c45851fe-a0ae-4a36-9d08-d34a27445f17,3,5801.705534
2026/02/05/11:58:14,apply-time,rs-006229-cphxd,eb79192f-173e-4b98-97c0-f5cf5b61c6de,2,5802.705534
2026/02/05/11:58:14,running-time,rs-006229-cphxd,eb79192f-173e-4b98-97c0-f5cf5b61c6de,2,5802.705534
2026/02/05/11:58:14,apply-time,rs-006230-2dvlf,b11c435f-2551-4e1b-967a-e95827f997a0,4,5802.705534
2026/02/05/11:58:14,apply-time,rs-006230-2kxkm,78c97fc7-71d1-4b5a-9a01-f7b53ea47417,4,5802.705534
2026/02/05/11:58:14,apply-time,rs-006231-8vqgq,e43ca2d1-5821-4a4e-b956-ea5fec2474ce,3,5802.705534
2026/02/05/11:58:14,running-time,rs-006231-8vqgq,e43ca2d1-5821-4a4e-b956-ea5fec2474ce,3,5802.705534
2026/02/05/11:58:14,apply-time,rs-006231-gcmm5,1e87a05d-5a25-43dc-b6be-f7abb42ab4dc,3,5802.705534
2026/02/05/11:58:14,running-time,rs-006231-gcmm5,1e87a05d-5a25-43dc-b6be-f7abb42ab4dc,3,5802.705534
2026/02/05/11:58:14,apply-time,rs-006231-ggg8j,3543e089-bd79-42bb-8f33-8fc44df9a051,3,5802.705534
2026/02/05/11:58:14,running-time,rs-006231-ggg8j,3543e089-bd79-42bb-8f33-8fc44df9a051,3,5802.705534
2026/02/05/11:58:14,apply-time,rs-006232-lp6w5,394a07c1-efd4-4c36-8fb3-0190181c5060,1,5802.705534
2026/02/05/11:58:14,apply-time,rs-006232-qn8wz,af8ecde7-9491-4c24-b28b-5f8aaf0fbc20,1,5802.705534
2026/02/05/11:58:14,apply-time,rs-006232-v9wvg,854421bf-a0aa-43dc-97cd-60e58bae687d,1,5802.705534
2026/02/05/11:58:14,running-time,rs-006232-v9wvg,854421bf-a0aa-43dc-97cd-60e58bae687d,1,5802.705534
2026/02/05/11:58:14,apply-time,rs-006233-nbtq4,d2a5db7e-d768-4763-853a-060e0216aa4b,1,5802.705534
2026/02/05/11:58:14,running-time,rs-006233-nbtq4,d2a5db7e-d768-4763-853a-060e0216aa4b,1,5802.705534
2026/02/05/11:58:15,running-time,rs-006232-qn8wz,af8ecde7-9491-4c24-b28b-5f8aaf0fbc20,1,5803.705534
2026/02/05/11:58:15,apply-time,rs-006233-lswn9,616cffb4-6e35-4411-807a-a905bc51040c,1,5803.705534
2026/02/05/11:58:15,running-time,rs-006233-lswn9,616cffb4-6e35-4411-807a-a905bc51040c,1,5803.705534
2026/02/05/11:58:15,apply-time,rs-006233-xl2bx,1830b034-2184-4d64-b8ff-3d7f59efa482,1,5803.705534
2026/02/05/11:58:15,running-time,rs-006233-xl2bx,1830b034-2184-4d64-b8ff-3d7f59efa482,1,5803.705534
2026/02/05/11:58:15,apply-time,rs-006234-9g5ql,d3daac0a-dac5-4f7c-b9d6-6a7af81972ad,4,5803.705534
2026/02/05/11:58:15,apply-time,rs-006235-ftwxd,0ba9787a-73b2-4e03-a2fd-c0adecda6374,3,5803.705534
2026/02/05/11:58:15,apply-time,rs-006235-m42nk,0c48c103-9015-48fa-9157-a78b5765dbdc,3,5803.705534
2026/02/05/11:58:15,apply-time,rs-006235-w97wr,71293cea-6f50-47e6-9c77-aa1412b05c49,3,5803.705534
2026/02/05/11:58:15,apply-time,rs-006236-kx4mr,7c9bfda4-c6de-45c0-b3fd-d107f5303e4d,2,5803.705534
2026/02/05/11:58:15,apply-time,rs-006236-xsh2v,31b7f73b-c916-4843-ab94-115876b89ee7,2,5803.705534
2026/02/05/11:58:16,running-time,rs-006235-ftwxd,0ba9787a-73b2-4e03-a2fd-c0adecda6374,3,5805.705534
2026/02/05/11:58:16,running-time,rs-006235-m42nk,0c48c103-9015-48fa-9157-a78b5765dbdc,3,5805.705534
2026/02/05/11:58:17,running-time,rs-006235-w97wr,71293cea-6f50-47e6-9c77-aa1412b05c49,3,5805.705534
2026/02/05/11:58:17,apply-time,rs-006237-5bd6k,fe13f155-774b-4d27-a592-b2e5bac1c2e9,3,5806.705534
2026/02/05/11:58:17,apply-time,rs-006237-9xv72,a6cdf7fb-e3fa-4ee4-8cb8-2b665c4c5010,3,5806.705534
2026/02/05/11:58:17,apply-time,rs-006237-ntj5r,2ac84032-f14e-4c9a-b96e-df11c16a9342,3,5806.705534
2026/02/05/11:58:18,running-time,rs-006236-kx4mr,7c9bfda4-c6de-45c0-b3fd-d107f5303e4d,2,5806.705534
2026/02/05/11:58:18,running-time,rs-006237-5bd6k,fe13f155-774b-4d27-a592-b2e5bac1c2e9,3,5806.705534
2026/02/05/11:58:18,running-time,rs-006237-9xv72,a6cdf7fb-e3fa-4ee4-8cb8-2b665c4c5010,3,5806.705534
2026/02/05/11:58:18,running-time,rs-006237-ntj5r,2ac84032-f14e-4c9a-b96e-df11c16a9342,3,5806.705534
2026/02/05/11:58:19,running-time,rs-006236-xsh2v,31b7f73b-c916-4843-ab94-115876b89ee7,2,5807.705534
2026/02/05/11:58:19,apply-time,rs-006238-blkg2,cf60de1b-2c85-40a8-8337-6e4c42a57bc6,2,5807.705534
2026/02/05/11:58:19,apply-time,rs-006238-qhmcb,f23ccd59-9376-46bb-b07a-444f566d25d1,2,5807.705534
2026/02/05/11:58:19,running-time,rs-006238-qhmcb,f23ccd59-9376-46bb-b07a-444f566d25d1,2,5807.705534
2026/02/05/11:58:20,running-time,rs-006238-blkg2,cf60de1b-2c85-40a8-8337-6e4c42a57bc6,2,5808.705534
2026/02/05/11:58:23,running-time,rs-006225-pjnwk,9a22315f-98e2-46de-8cae-a976b673c5e7,3,5812.705534
2026/02/05/11:58:35,apply-time,rs-006239-b76xh,41819f33-f509-4351-96da-258ca7bd1e5b,1,5823.705534
2026/02/05/11:58:35,running-time,rs-006239-b76xh,41819f33-f509-4351-96da-258ca7bd1e5b,1,5823.705534
2026/02/05/11:58:35,apply-time,rs-006239-wqcbr,8f7297b4-1146-4d34-9122-d375b71a11bc,1,5823.705534
2026/02/05/11:58:35,running-time,rs-006239-wqcbr,8f7297b4-1146-4d34-9122-d375b71a11bc,1,5823.705534
2026/02/05/11:58:35,apply-time,rs-006240-qtvxn,7d7683c1-9486-4d8f-9ac8-ab7945179bfc,4,5823.705534
2026/02/05/11:58:35,running-time,rs-006240-qtvxn,7d7683c1-9486-4d8f-9ac8-ab7945179bfc,4,5823.705534
2026/02/05/11:58:39,apply-time,rs-006241-kmvrg,8722918f-605c-4590-a803-e0aa94bfcdf9,2,5827.705534
2026/02/05/11:58:39,running-time,rs-006241-kmvrg,8722918f-605c-4590-a803-e0aa94bfcdf9,2,5827.705534
2026/02/05/11:58:39,apply-time,rs-006241-vclp7,0b7d1ba2-c012-4c32-8bf8-8e437c01fc01,2,5827.705534
2026/02/05/11:58:39,running-time,rs-006241-vclp7,0b7d1ba2-c012-4c32-8bf8-8e437c01fc01,2,5827.705534
2026/02/05/11:58:39,apply-time,rs-006242-md5pd,7ae1e066-c447-4fe4-bdd5-ef184da4952f,3,5828.705534
2026/02/05/11:58:39,running-time,rs-006242-md5pd,7ae1e066-c447-4fe4-bdd5-ef184da4952f,3,5828.705534
2026/02/05/11:58:39,apply-time,rs-006243-pj59g,8738afac-461b-4e2e-8fb6-89cbd63a521f,2,5828.705534
2026/02/05/11:58:39,running-time,rs-006243-pj59g,8738afac-461b-4e2e-8fb6-89cbd63a521f,2,5828.705534
2026/02/05/11:58:39,apply-time,rs-006243-x7lcn,2ed536e7-29c8-4109-9922-893fcdeaf7af,2,5828.705534
2026/02/05/11:58:39,running-time,rs-006243-x7lcn,2ed536e7-29c8-4109-9922-893fcdeaf7af,2,5828.705534
2026/02/05/11:58:40,apply-time,rs-006244-dcd8k,136f68bd-2a6b-4e70-8435-697841714e7e,4,5828.705534
2026/02/05/11:58:40,running-time,rs-006244-dcd8k,136f68bd-2a6b-4e70-8435-697841714e7e,4,5828.705534
2026/02/05/11:58:40,apply-time,rs-006244-knj6s,ec4d1e09-53f4-44ba-8062-62d133792158,4,5828.705534
2026/02/05/11:58:40,running-time,rs-006244-knj6s,ec4d1e09-53f4-44ba-8062-62d133792158,4,5828.705534
2026/02/05/11:58:40,apply-time,rs-006245-2qkrq,9d186059-3e93-4a87-9bff-79dbea13fa2d,3,5828.705534
2026/02/05/11:58:40,running-time,rs-006245-2qkrq,9d186059-3e93-4a87-9bff-79dbea13fa2d,3,5828.705534
2026/02/05/11:58:40,apply-time,rs-006245-vzf4x,c3e33b88-3016-4bc1-a55b-c3d90de71e64,3,5828.705534
2026/02/05/11:58:40,running-time,rs-006245-vzf4x,c3e33b88-3016-4bc1-a55b-c3d90de71e64,3,5828.705534
2026/02/05/11:58:40,apply-time,rs-006246-l5nh8,dec7cb2a-075e-49d3-8b36-d0cdcc85e3a9,1,5828.705534
2026/02/05/11:58:40,running-time,rs-006246-l5nh8,dec7cb2a-075e-49d3-8b36-d0cdcc85e3a9,1,5828.705534
2026/02/05/11:58:43,apply-time,rs-006247-cldkr,1dd80d85-885e-49a9-9851-b3907e8c007b,1,5832.705534
2026/02/05/11:58:43,apply-time,rs-006247-p6rdv,88d14fb4-4031-4078-a066-2b0a2401fad0,1,5832.705534
2026/02/05/11:58:43,apply-time,rs-006248-2sj7c,f6550575-72ba-4ada-b8c7-bb07e6560584,3,5832.705534
2026/02/05/11:58:44,running-time,rs-006247-cldkr,1dd80d85-885e-49a9-9851-b3907e8c007b,1,5832.705534
2026/02/05/11:58:44,running-time,rs-006247-p6rdv,88d14fb4-4031-4078-a066-2b0a2401fad0,1,5832.705534
2026/02/05/11:58:44,running-time,rs-006248-2sj7c,f6550575-72ba-4ada-b8c7-bb07e6560584,3,5832.705534
2026/02/05/11:58:44,apply-time,rs-006249-npd64,3d7d8c5f-eb29-4c4b-b489-2897a5e0a4f0,2,5832.705534
2026/02/05/11:58:44,running-time,rs-006249-npd64,3d7d8c5f-eb29-4c4b-b489-2897a5e0a4f0,2,5832.705534
2026/02/05/11:58:44,apply-time,rs-006249-sd6hc,20d8e350-d3e1-4862-a344-2bca5f42b04a,2,5832.705534
2026/02/05/11:58:44,running-time,rs-006249-sd6hc,20d8e350-d3e1-4862-a344-2bca5f42b04a,2,5832.705534
2026/02/05/11:58:44,apply-time,rs-006249-tbzd4,77181c10-bf83-4367-8a56-75fcd3087e60,2,5832.705534
2026/02/05/11:58:44,running-time,rs-006249-tbzd4,77181c10-bf83-4367-8a56-75fcd3087e60,2,5832.705534
2026/02/05/11:58:44,apply-time,rs-006250-dx4hl,69c94b84-cd50-45d9-80b2-4d30f1dc8cc8,3,5832.705534
2026/02/05/11:58:44,running-time,rs-006250-dx4hl,69c94b84-cd50-45d9-80b2-4d30f1dc8cc8,3,5832.705534
2026/02/05/11:58:44,apply-time,rs-006251-7kdgl,aa120aeb-13a1-434b-88ea-acbc69745c5f,2,5832.705534
2026/02/05/11:58:44,running-time,rs-006251-7kdgl,aa120aeb-13a1-434b-88ea-acbc69745c5f,2,5832.705534
2026/02/05/11:58:44,apply-time,rs-006251-gvgjs,8c4da623-ebef-4b08-b434-3bf3b71cd5b8,2,5832.705534
2026/02/05/11:58:44,running-time,rs-006251-gvgjs,8c4da623-ebef-4b08-b434-3bf3b71cd5b8,2,5832.705534
2026/02/05/11:58:44,apply-time,rs-006252-42m5s,028cbfe2-ec69-4f26-86cb-9ea9a255fa48,3,5832.705534
2026/02/05/11:58:44,running-time,rs-006252-42m5s,028cbfe2-ec69-4f26-86cb-9ea9a255fa48,3,5832.705534
2026/02/05/11:58:44,apply-time,rs-006253-9ndxl,66b973da-14d2-486a-b929-8fba3241f352,1,5832.705534
2026/02/05/11:58:44,apply-time,rs-006253-fql5f,251da9df-adc3-406a-b004-e203a77ca922,1,5833.705534
2026/02/05/11:58:46,running-time,rs-006253-9ndxl,66b973da-14d2-486a-b929-8fba3241f352,1,5834.705534
2026/02/05/11:58:50,apply-time,rs-006254-58t5m,6ffe7190-7ec9-4f70-a175-b69c0d5e7766,3,5838.705534
2026/02/05/11:58:50,running-time,rs-006254-58t5m,6ffe7190-7ec9-4f70-a175-b69c0d5e7766,3,5838.705534
2026/02/05/11:58:50,apply-time,rs-006254-chnmp,8ae84a7f-22ea-459f-b7d1-58fb00fcbd14,3,5838.705534
2026/02/05/11:58:50,running-time,rs-006254-chnmp,8ae84a7f-22ea-459f-b7d1-58fb00fcbd14,3,5838.705534
2026/02/05/11:58:50,apply-time,rs-006254-pjrrc,9de029e3-8694-4bf9-8a57-2e5ab5594672,3,5838.705534
2026/02/05/11:58:50,running-time,rs-006254-pjrrc,9de029e3-8694-4bf9-8a57-2e5ab5594672,3,5838.705534
2026/02/05/11:58:50,apply-time,rs-006255-zj7f9,0b2181b9-397d-49c1-80ec-032080243d68,1,5838.705534
2026/02/05/11:58:50,running-time,rs-006255-zj7f9,0b2181b9-397d-49c1-80ec-032080243d68,1,5838.705534
2026/02/05/11:58:50,apply-time,rs-006256-h4wvl,70278bda-8918-4b90-acd7-2bd514b418aa,1,5838.705534
2026/02/05/11:58:50,apply-time,rs-006256-qkh5l,804742f1-22ac-4e32-a807-d339e00a9d85,1,5838.705534
2026/02/05/11:58:50,running-time,rs-006256-qkh5l,804742f1-22ac-4e32-a807-d339e00a9d85,1,5838.705534
2026/02/05/11:58:50,apply-time,rs-006256-r59gh,8a9005d8-5875-4f7f-9415-aa94a39a0ed0,1,5838.705534
2026/02/05/11:58:50,running-time,rs-006256-r59gh,8a9005d8-5875-4f7f-9415-aa94a39a0ed0,1,5838.705534
2026/02/05/11:58:50,apply-time,rs-006257-rnzgg,cb02bee6-1892-4f5e-8ec3-b06f4f9b8021,3,5838.705534
2026/02/05/11:58:50,running-time,rs-006257-rnzgg,cb02bee6-1892-4f5e-8ec3-b06f4f9b8021,3,5838.705534
2026/02/05/11:58:50,apply-time,rs-006257-z7hv6,24f23c19-5e01-4f5b-8da7-acae80f7d49f,3,5838.705534
2026/02/05/11:58:50,running-time,rs-006257-z7hv6,24f23c19-5e01-4f5b-8da7-acae80f7d49f,3,5838.705534
2026/02/05/11:58:50,apply-time,rs-006258-wjfkj,a4a4621f-5f36-4216-865b-f9ae8d33ecb4,2,5838.705534
2026/02/05/11:58:50,running-time,rs-006258-wjfkj,a4a4621f-5f36-4216-865b-f9ae8d33ecb4,2,5838.705534
2026/02/05/11:58:50,apply-time,rs-006259-dmn4b,6a0049eb-74fe-4821-93fd-6cbe6440e9cb,1,5838.705534
2026/02/05/11:58:50,running-time,rs-006259-dmn4b,6a0049eb-74fe-4821-93fd-6cbe6440e9cb,1,5838.705534
2026/02/05/11:58:51,apply-time,rs-006260-2d5gq,54c052de-b4f3-41bb-8b02-9abbb2754455,1,5839.705534
2026/02/05/11:58:51,running-time,rs-006260-2d5gq,54c052de-b4f3-41bb-8b02-9abbb2754455,1,5839.705534
2026/02/05/11:58:52,running-time,rs-006256-h4wvl,70278bda-8918-4b90-acd7-2bd514b418aa,1,5840.705534
2026/02/05/11:59:04,apply-time,rs-006261-djcw8,fb693f6e-8afb-4693-8b55-d1eb51de1aa6,1,5852.705534
2026/02/05/11:59:04,running-time,rs-006261-djcw8,fb693f6e-8afb-4693-8b55-d1eb51de1aa6,1,5852.705534
2026/02/05/11:59:04,apply-time,rs-006261-m22sj,9438a928-98e0-484f-8e5e-86e61b0043b6,1,5852.705534
2026/02/05/11:59:04,running-time,rs-006261-m22sj,9438a928-98e0-484f-8e5e-86e61b0043b6,1,5852.705534
2026/02/05/11:59:04,apply-time,rs-006261-mbk99,75d9501b-3d3d-45ca-a910-e2505090a990,1,5852.705534
2026/02/05/11:59:04,running-time,rs-006261-mbk99,75d9501b-3d3d-45ca-a910-e2505090a990,1,5852.705534
2026/02/05/11:59:08,apply-time,rs-006262-9lg4b,d62a67b7-51a1-473b-b2c9-54b29e54f852,4,5857.705534
2026/02/05/11:59:08,running-time,rs-006262-9lg4b,d62a67b7-51a1-473b-b2c9-54b29e54f852,4,5857.705534
2026/02/05/11:59:08,apply-time,rs-006263-vr4jr,356778c2-d066-4fd1-83f0-4ac7ee4f1d0b,2,5857.705534
2026/02/05/11:59:09,running-time,rs-006263-vr4jr,356778c2-d066-4fd1-83f0-4ac7ee4f1d0b,2,5857.705534
2026/02/05/11:59:15,apply-time,rs-006264-n2z72,8c1744f6-a7de-4ce3-bb8b-82cb671d57cd,3,5863.705534
2026/02/05/11:59:15,running-time,rs-006264-n2z72,8c1744f6-a7de-4ce3-bb8b-82cb671d57cd,3,5863.705534
2026/02/05/11:59:15,apply-time,rs-006264-zcjvp,a911b203-9f61-4ae1-ae08-fd20aa5249a6,3,5863.705534
2026/02/05/11:59:15,running-time,rs-006264-zcjvp,a911b203-9f61-4ae1-ae08-fd20aa5249a6,3,5863.705534
2026/02/05/11:59:16,apply-time,rs-006265-kzbdb,0d1b694d-1ee4-43df-aabb-27c7e5d12b20,1,5865.705534
2026/02/05/11:59:16,running-time,rs-006265-kzbdb,0d1b694d-1ee4-43df-aabb-27c7e5d12b20,1,5865.705534
2026/02/05/11:59:16,apply-time,rs-006266-z7jlp,14c6b3d1-a884-4646-a6a0-4a1169abe607,4,5865.705534
2026/02/05/11:59:16,running-time,rs-006266-z7jlp,14c6b3d1-a884-4646-a6a0-4a1169abe607,4,5865.705534
2026/02/05/11:59:17,apply-time,rs-006267-fhwsb,69e683b2-9af9-435d-b973-856625a03ed5,3,5865.705534
2026/02/05/11:59:17,running-time,rs-006267-fhwsb,69e683b2-9af9-435d-b973-856625a03ed5,3,5865.705534
2026/02/05/11:59:17,apply-time,rs-006267-p4w6t,bb087f0a-82da-4455-aee6-51fe784e5718,3,5865.705534
2026/02/05/11:59:17,running-time,rs-006267-p4w6t,bb087f0a-82da-4455-aee6-51fe784e5718,3,5865.705534
2026/02/05/11:59:17,apply-time,rs-006268-cgbfm,7452d699-eed1-45a7-be37-a95e4aa8f8cd,3,5865.705534
2026/02/05/11:59:17,running-time,rs-006268-cgbfm,7452d699-eed1-45a7-be37-a95e4aa8f8cd,3,5865.705534
2026/02/05/11:59:17,apply-time,rs-006268-gj4jm,b497e6f8-41c1-4eb7-bcdc-15541cdd5e73,3,5865.705534
2026/02/05/11:59:17,running-time,rs-006268-gj4jm,b497e6f8-41c1-4eb7-bcdc-15541cdd5e73,3,5865.705534
2026/02/05/11:59:18,apply-time,rs-006269-rgbg4,29490b4c-7250-431f-aafb-0bb4e31afe55,3,5866.705534
2026/02/05/11:59:18,running-time,rs-006269-rgbg4,29490b4c-7250-431f-aafb-0bb4e31afe55,3,5866.705534
2026/02/05/11:59:18,apply-time,rs-006270-dnnmq,01156784-6c0e-4bbf-acec-7a03572c863c,1,5866.705534
2026/02/05/11:59:18,apply-time,rs-006271-fsfcg,b8cfa9cc-0731-44f6-b644-30dd0a7c441d,2,5866.705534
2026/02/05/11:59:18,running-time,rs-006271-fsfcg,b8cfa9cc-0731-44f6-b644-30dd0a7c441d,2,5866.705534
2026/02/05/11:59:19,running-time,rs-006270-dnnmq,01156784-6c0e-4bbf-acec-7a03572c863c,1,5867.705534
2026/02/05/11:59:19,apply-time,rs-006272-gpdnq,4de37b2e-7b53-40c7-8503-8a1054076f6a,1,5868.705534
2026/02/05/11:59:19,running-time,rs-006272-gpdnq,4de37b2e-7b53-40c7-8503-8a1054076f6a,1,5868.705534
2026/02/05/11:59:19,apply-time,rs-006272-n6tt5,30f74ea4-1ddd-41d8-a740-f772c8e389bb,1,5868.705534
2026/02/05/11:59:19,running-time,rs-006272-n6tt5,30f74ea4-1ddd-41d8-a740-f772c8e389bb,1,5868.705534
2026/02/05/11:59:19,apply-time,rs-006273-7n2w6,8c475564-2c36-4464-961d-80065d936db5,3,5868.705534
2026/02/05/11:59:19,apply-time,rs-006273-pbpzz,3a3201d4-4467-4556-9b31-08d4fe6a33a6,3,5868.705534
2026/02/05/11:59:19,apply-time,rs-006273-pvnwx,4a7413c4-5427-4f69-ab98-5fa526a74657,3,5868.705534
2026/02/05/11:59:29,running-time,rs-006017-bswr5,5e8a24df-bc19-4185-ba4a-442eec0be607,2,5878.705534
2026/02/05/11:59:31,apply-time,rs-006274-v5gf8,e8372f2c-95f9-4b30-b4e5-0f55bcc610d1,3,5879.705534
2026/02/05/11:59:31,running-time,rs-006274-v5gf8,e8372f2c-95f9-4b30-b4e5-0f55bcc610d1,3,5879.705534
2026/02/05/11:59:31,apply-time,rs-006274-xgsb5,1fd34be4-b78e-46fe-a51a-6cb8d66e0653,3,5879.705534
2026/02/05/11:59:31,apply-time,rs-006274-xgtp4,8f7dc52c-86ce-4d81-b6e7-d5b2cb89f92e,3,5879.705534
2026/02/05/11:59:31,apply-time,rs-006275-pmfqq,7855144a-364c-4189-951f-c1c5ed6e8b49,2,5880.705534
2026/02/05/11:59:31,running-time,rs-006275-pmfqq,7855144a-364c-4189-951f-c1c5ed6e8b49,2,5880.705534
2026/02/05/11:59:31,apply-time,rs-006276-lqzth,21d705e6-f8f1-4975-b0df-11295411adb4,4,5880.705534
2026/02/05/11:59:31,running-time,rs-006276-lqzth,21d705e6-f8f1-4975-b0df-11295411adb4,4,5880.705534
2026/02/05/11:59:31,apply-time,rs-006277-846f9,5482f4a9-794a-4730-ab34-1e2d1bf88bc9,4,5880.705534
2026/02/05/11:59:31,running-time,rs-006277-846f9,5482f4a9-794a-4730-ab34-1e2d1bf88bc9,4,5880.705534
2026/02/05/11:59:31,apply-time,rs-006277-fcdfv,710f775a-b31e-480b-9481-b84740d43a19,4,5880.705534
2026/02/05/11:59:31,running-time,rs-006277-fcdfv,710f775a-b31e-480b-9481-b84740d43a19,4,5880.705534
2026/02/05/11:59:31,apply-time,rs-006277-lxfxw,664bdef2-b2b3-43f6-9217-a2df341ee899,4,5880.705534
2026/02/05/11:59:31,running-time,rs-006277-lxfxw,664bdef2-b2b3-43f6-9217-a2df341ee899,4,5880.705534
2026/02/05/11:59:31,apply-time,rs-006278-x9d27,a1da7148-8106-46c2-ac77-c36e8bc4a7aa,3,5880.705534
2026/02/05/11:59:31,running-time,rs-006278-x9d27,a1da7148-8106-46c2-ac77-c36e8bc4a7aa,3,5880.705534
2026/02/05/11:59:32,apply-time,rs-006279-6ckhr,db936027-430b-4ca2-a0c6-a9cb01cebf0c,1,5881.705534
2026/02/05/11:59:32,apply-time,rs-006279-dpnkr,e5fe226b-d2a0-443b-ab1f-99243aef38e9,1,5881.705534
2026/02/05/11:59:32,apply-time,rs-006279-q24xl,151aa2cf-27d0-4d6e-aa1d-4d1f227216c4,1,5881.705534
2026/02/05/11:59:32,apply-time,rs-006280-crwwl,a9ecbbb5-6afc-4b1b-b724-fd256716fc57,3,5881.705534
2026/02/05/11:59:33,apply-time,rs-006280-48dhk,5ef01d18-ab99-4d90-b3b7-7b6347eaad8f,3,5881.705534
2026/02/05/11:59:34,running-time,rs-006279-dpnkr,e5fe226b-d2a0-443b-ab1f-99243aef38e9,1,5882.705534
2026/02/05/11:59:34,running-time,rs-006279-q24xl,151aa2cf-27d0-4d6e-aa1d-4d1f227216c4,1,5882.705534
2026/02/05/11:59:35,apply-time,rs-006281-jhldd,d8c446a8-affe-4900-afd8-23f1e3b66d4b,1,5884.705534
2026/02/05/11:59:35,apply-time,rs-006281-rhmjd,0cd61aad-457e-44a1-8dbd-fbe19e2de186,1,5884.705534
2026/02/05/11:59:35,apply-time,rs-006281-zvljd,9c28d102-4bb3-4fbf-b6cb-6dab61b7c3e1,1,5884.705534
2026/02/05/11:59:35,apply-time,rs-006282-llvp4,36a82a09-b48e-4853-b592-f0bd45f0a7aa,1,5884.705534
2026/02/05/11:59:35,apply-time,rs-006283-2kz77,5d22f87d-2454-4d49-8fd5-c39510c7d656,2,5884.705534
2026/02/05/11:59:35,apply-time,rs-006283-ttpmb,cc10c093-a5ef-4568-b14b-5fed70d55ddb,2,5884.705534
2026/02/05/11:59:35,apply-time,rs-006283-z7th7,76fb4e9e-1751-45b7-b9c8-a327016c5475,2,5884.705534
2026/02/05/11:59:35,apply-time,rs-006284-fwhb4,fe04d463-2b95-4d89-b74b-ee5e8962c427,2,5884.705534
2026/02/05/11:59:35,apply-time,rs-006284-jcdjg,16bad827-8ab7-4bd1-9485-b9af3beca025,2,5884.705534
2026/02/05/11:59:35,running-time,rs-006284-jcdjg,16bad827-8ab7-4bd1-9485-b9af3beca025,2,5884.705534
2026/02/05/11:59:35,apply-time,rs-006284-t8bsg,293ca846-de1f-4b8a-8a79-f4258c2d6764,2,5884.705534
2026/02/05/11:59:35,running-time,rs-006284-t8bsg,293ca846-de1f-4b8a-8a79-f4258c2d6764,2,5884.705534
2026/02/05/11:59:35,apply-time,rs-006285-fxgp2,5c7506a1-368c-4dd2-8760-9875d0e107a1,1,5884.705534
2026/02/05/11:59:36,running-time,rs-006284-fwhb4,fe04d463-2b95-4d89-b74b-ee5e8962c427,2,5885.705534
2026/02/05/11:59:36,apply-time,rs-006286-g82xc,2bbce404-e36c-434f-b619-3a43098b5f1a,3,5884.705534
2026/02/05/11:59:36,apply-time,rs-006287-n47p5,93e04584-4289-4c60-b35d-0fc7142aac7d,1,5884.705534
2026/02/05/11:59:36,apply-time,rs-006288-4b2gr,f767be4a-0442-4103-a9bf-d1825eabd546,3,5884.705534
2026/02/05/11:59:36,apply-time,rs-006288-vrsn7,754d23d3-edca-40eb-9ddf-3423b2cf96b9,3,5884.705534
2026/02/05/11:59:36,apply-time,rs-006289-8vmgr,0e5e767d-2530-4f5d-8486-37df43224ee3,3,5884.705534
2026/02/05/11:59:36,running-time,rs-006289-8vmgr,0e5e767d-2530-4f5d-8486-37df43224ee3,3,5885.705534
2026/02/05/11:59:36,apply-time,rs-006289-wq785,8b950e10-02c9-42ff-8a27-7756a436f6ef,3,5884.705534
2026/02/05/11:59:36,apply-time,rs-006290-vn9jx,d16b17b7-ff2f-496c-926b-649d7c03454a,3,5884.705534
2026/02/05/11:59:36,apply-time,rs-006291-4vht5,a695bf98-260f-41a1-be7e-c5de5a83288f,2,5884.705534
2026/02/05/11:59:37,apply-time,rs-006290-jjn7n,42bebb2b-d838-419c-82a6-9a947fb15129,3,5885.705534
2026/02/05/11:59:37,apply-time,rs-006290-vgkzn,a16ddd2f-8553-46db-8f2e-14ed6532dc98,3,5885.705534
2026/02/05/11:59:37,apply-time,rs-006291-glpnr,81bc51b6-8b27-44d6-aa3e-2d7763c85173,2,5885.705534
2026/02/05/11:59:37,apply-time,rs-006292-nc6jz,678dac60-a54d-4931-9395-6ea04c041bfb,1,5885.705534
2026/02/05/11:59:37,apply-time,rs-006293-4h6hf,af9ee912-1809-4433-8cf5-5e1d5db87922,1,5885.705534
2026/02/05/11:59:37,apply-time,rs-006293-cz9sn,b3b64450-baf1-4f6e-8d43-793227494e58,1,5885.705534
2026/02/05/11:59:37,apply-time,rs-006293-xmzbc,e0a98992-e522-4473-98ab-551960d9721a,1,5885.705534
2026/02/05/11:59:37,running-time,rs-006293-xmzbc,e0a98992-e522-4473-98ab-551960d9721a,1,5885.705534
2026/02/05/11:59:38,running-time,rs-006293-cz9sn,b3b64450-baf1-4f6e-8d43-793227494e58,1,5886.705534
2026/02/05/11:59:40,running-time,rs-006291-glpnr,81bc51b6-8b27-44d6-aa3e-2d7763c85173,2,5889.705534
2026/02/05/11:59:40,running-time,rs-006293-4h6hf,af9ee912-1809-4433-8cf5-5e1d5db87922,1,5889.705534
2026/02/05/11:59:44,running-time,rs-006274-xgtp4,8f7dc52c-86ce-4d81-b6e7-d5b2cb89f92e,3,5892.705534
2026/02/05/11:59:44,running-time,rs-006279-6ckhr,db936027-430b-4ca2-a0c6-a9cb01cebf0c,1,5892.705534
2026/02/05/11:59:44,running-time,rs-006289-wq785,8b950e10-02c9-42ff-8a27-7756a436f6ef,3,5892.705534
2026/02/05/11:59:44,running-time,rs-006291-4vht5,a695bf98-260f-41a1-be7e-c5de5a83288f,2,5892.705534
2026/02/05/11:59:50,apply-time,rs-006294-hj5bz,fc84b4c2-ee8a-4b04-a8e4-94123ff37576,2,5898.705534
2026/02/05/11:59:50,apply-time,rs-006294-v5rrd,24618f16-2a86-4c08-82a5-dd8c0f94accf,2,5898.705534
2026/02/05/11:59:50,apply-time,rs-006295-6lsrc,568a7440-2d86-4354-a530-5dbe031c80dc,1,5898.705534
2026/02/05/11:59:50,apply-time,rs-006295-c77c6,b1bb32fe-6198-4d45-95c4-81b88b650ee7,1,5898.705534
2026/02/05/11:59:50,apply-time,rs-006295-k2vr6,152431e3-8aba-411d-8210-96fec2a29015,1,5898.705534
2026/02/05/11:59:51,running-time,rs-006294-hj5bz,fc84b4c2-ee8a-4b04-a8e4-94123ff37576,2,5899.705534
2026/02/05/11:59:51,running-time,rs-006294-v5rrd,24618f16-2a86-4c08-82a5-dd8c0f94accf,2,5899.705534
2026/02/05/11:59:51,running-time,rs-006295-6lsrc,568a7440-2d86-4354-a530-5dbe031c80dc,1,5899.705534
2026/02/05/11:59:51,apply-time,rs-006296-q79d7,8de3a7d9-58e4-4bd4-b514-849a16e373ff,2,5900.705534
2026/02/05/11:59:51,apply-time,rs-006297-9xz99,7f37c350-d706-4e2b-9cd0-05c9d1421086,4,5900.705534
2026/02/05/11:59:51,apply-time,rs-006297-qtr45,25256717-6e10-45ee-9d3c-ae2b43bf0d95,4,5900.705534
2026/02/05/11:59:51,apply-time,rs-006298-2c8x2,0a831353-898b-45b2-8dba-7026fe038d25,3,5900.705534
2026/02/05/11:59:51,running-time,rs-006298-2c8x2,0a831353-898b-45b2-8dba-7026fe038d25,3,5900.705534
2026/02/05/11:59:51,apply-time,rs-006298-2t58n,b68e886a-80e8-4a68-8a9e-08497fb5ac64,3,5900.705534
2026/02/05/11:59:51,apply-time,rs-006298-pw454,45d07c24-6af2-4f8c-ae1a-688147b19963,3,5900.705534
2026/02/05/11:59:51,apply-time,rs-006299-hj76h,032e3658-2449-47e9-8cb0-e3842451477c,1,5900.705534
2026/02/05/11:59:51,apply-time,rs-006300-mv7gw,fa1b94a9-59db-4ead-9154-2f068b45f602,1,5900.705534
2026/02/05/11:59:51,apply-time,rs-006300-qw28p,f5e9aeb3-a641-4771-b501-bf79a49e41dc,1,5900.705534
2026/02/05/11:59:51,apply-time,rs-006300-wp8w6,1119ce83-6d77-4a35-ae46-d8fdec742e26,1,5900.705534
2026/02/05/11:59:52,running-time,rs-006297-qtr45,25256717-6e10-45ee-9d3c-ae2b43bf0d95,4,5901.705534
2026/02/05/11:59:52,running-time,rs-006299-hj76h,032e3658-2449-47e9-8cb0-e3842451477c,1,5900.705534
2026/02/05/11:59:52,apply-time,rs-006301-j74dw,4cdc5f80-08d5-4b71-ad43-d308b410b8b0,3,5900.705534
2026/02/05/11:59:52,apply-time,rs-006301-stzlm,c27f2ac8-3f41-4fa9-b090-8de4fea3dcff,3,5900.705534
2026/02/05/11:59:52,apply-time,rs-006302-bhtsl,012add30-d571-4c2e-9beb-ba734b0b75db,3,5900.705534
2026/02/05/11:59:52,running-time,rs-006302-bhtsl,012add30-d571-4c2e-9beb-ba734b0b75db,3,5900.705534
2026/02/05/11:59:52,apply-time,rs-006302-p8n68,c282602e-cccd-4873-95f2-84af62ef0417,3,5900.705534
2026/02/05/11:59:52,running-time,rs-006302-p8n68,c282602e-cccd-4873-95f2-84af62ef0417,3,5900.705534
2026/02/05/11:59:52,apply-time,rs-006303-kk5p7,349e54eb-518a-480c-8a2d-d83aeaea80d5,4,5900.705534
2026/02/05/11:59:52,apply-time,rs-006304-lm98v,f6daa215-d387-4304-ad58-543eaad70114,3,5900.705534
2026/02/05/11:59:54,running-time,rs-006301-stzlm,c27f2ac8-3f41-4fa9-b090-8de4fea3dcff,3,5903.705534
2026/02/05/11:59:55,running-time,rs-006301-j74dw,4cdc5f80-08d5-4b71-ad43-d308b410b8b0,3,5903.705534
2026/02/05/11:59:56,running-time,rs-006295-c77c6,b1bb32fe-6198-4d45-95c4-81b88b650ee7,1,5905.705534
2026/02/05/11:59:56,running-time,rs-006296-q79d7,8de3a7d9-58e4-4bd4-b514-849a16e373ff,2,5904.705534
2026/02/05/12:00:00,running-time,rs-006295-k2vr6,152431e3-8aba-411d-8210-96fec2a29015,1,5909.705534
2026/02/05/12:00:00,running-time,rs-006303-kk5p7,349e54eb-518a-480c-8a2d-d83aeaea80d5,4,5908.705534
2026/02/05/12:00:01,running-time,rs-006282-llvp4,36a82a09-b48e-4853-b592-f0bd45f0a7aa,1,5910.705534
2026/02/05/12:00:01,running-time,rs-006300-mv7gw,fa1b94a9-59db-4ead-9154-2f068b45f602,1,5910.705534
2026/02/05/12:00:06,apply-time,rs-006305-7244g,eb0c97a7-0d13-47e1-b276-954570bd072d,3,5915.705534
2026/02/05/12:00:06,apply-time,rs-006305-7zbws,082942e8-a423-4cb9-9fd3-e96763edd4f3,3,5915.705534
2026/02/05/12:00:06,running-time,rs-006305-7zbws,082942e8-a423-4cb9-9fd3-e96763edd4f3,3,5915.705534
2026/02/05/12:00:06,apply-time,rs-006305-pz54j,900ff7f5-ffa5-47b8-9f49-b6c706ae1379,3,5915.705534
2026/02/05/12:00:06,running-time,rs-006305-pz54j,900ff7f5-ffa5-47b8-9f49-b6c706ae1379,3,5915.705534
2026/02/05/12:00:06,apply-time,rs-006306-x9tc7,7107013a-539b-459b-9084-d39f6831eaf2,3,5915.705534
2026/02/05/12:00:06,running-time,rs-006306-x9tc7,7107013a-539b-459b-9084-d39f6831eaf2,3,5915.705534
2026/02/05/12:00:06,apply-time,rs-006307-v4jdp,4617d67d-a8a4-45a9-9285-fe749c6e646b,4,5915.705534
2026/02/05/12:00:06,running-time,rs-006307-v4jdp,4617d67d-a8a4-45a9-9285-fe749c6e646b,4,5915.705534
2026/02/05/12:00:07,apply-time,rs-006308-5whd4,98b0ebba-3e8c-43ec-90dc-d001cc81cdf3,2,5915.705534
2026/02/05/12:00:07,apply-time,rs-006308-k4zgz,5c37f553-dee0-48c0-8e9f-7f5af885fd89,2,5915.705534
2026/02/05/12:00:07,apply-time,rs-006308-r7nst,175002c9-ac30-4f5c-b7ba-5ed4afc7d2bd,2,5915.705534
2026/02/05/12:00:07,apply-time,rs-006309-jcvdj,68e4de02-f1aa-4069-90ca-257cf3336814,3,5915.705534
2026/02/05/12:00:07,running-time,rs-006309-jcvdj,68e4de02-f1aa-4069-90ca-257cf3336814,3,5915.705534
2026/02/05/12:00:07,apply-time,rs-006309-l785v,4509919c-fb55-4b37-bbec-be86520d1444,3,5915.705534
2026/02/05/12:00:07,running-time,rs-006309-l785v,4509919c-fb55-4b37-bbec-be86520d1444,3,5915.705534
2026/02/05/12:00:07,apply-time,rs-006309-mrdr6,420a6abd-8c81-46f2-b29e-8f120f4db824,3,5915.705534
2026/02/05/12:00:07,running-time,rs-006309-mrdr6,420a6abd-8c81-46f2-b29e-8f120f4db824,3,5915.705534
2026/02/05/12:00:08,running-time,rs-006305-7244g,eb0c97a7-0d13-47e1-b276-954570bd072d,3,5916.705534
2026/02/05/12:00:08,apply-time,rs-006310-b9sxs,35e4f47f-2569-4ae2-aa42-4387a7bff62b,2,5916.705534
2026/02/05/12:00:08,running-time,rs-006310-b9sxs,35e4f47f-2569-4ae2-aa42-4387a7bff62b,2,5917.705534
2026/02/05/12:00:08,apply-time,rs-006310-z67vv,030b8872-04c3-4c34-ab4c-a1d2efcccc98,2,5916.705534
2026/02/05/12:00:08,running-time,rs-006310-z67vv,030b8872-04c3-4c34-ab4c-a1d2efcccc98,2,5917.705534
2026/02/05/12:00:08,apply-time,rs-006311-6fjl2,6e029c71-4b2b-48ac-9bb6-d35cf303d62e,1,5916.705534
2026/02/05/12:00:08,running-time,rs-006311-6fjl2,6e029c71-4b2b-48ac-9bb6-d35cf303d62e,1,5917.705534
2026/02/05/12:00:08,apply-time,rs-006311-sktjt,94e3aef8-f48a-4dfb-99fb-84729b21c43b,1,5916.705534
2026/02/05/12:00:08,running-time,rs-006311-sktjt,94e3aef8-f48a-4dfb-99fb-84729b21c43b,1,5917.705534
2026/02/05/12:00:19,apply-time,rs-006312-gznkr,0255d1ba-92ba-460d-80a6-00b7b6ae229a,4,5927.705534
2026/02/05/12:00:19,apply-time,rs-006312-qd2bq,f4cd548c-3fb2-4b4a-ab72-49f3a9cc18c9,4,5927.705534
2026/02/05/12:00:19,apply-time,rs-006313-x8l8f,af5165e3-b92d-407c-99ab-434d89eeb3f2,1,5927.705534
2026/02/05/12:00:19,running-time,rs-006313-x8l8f,af5165e3-b92d-407c-99ab-434d89eeb3f2,1,5927.705534
2026/02/05/12:00:19,apply-time,rs-006314-dwkfj,d4bf0d2f-04d2-4268-86f9-f01f2b31a8ec,2,5927.705534
2026/02/05/12:00:19,running-time,rs-006314-dwkfj,d4bf0d2f-04d2-4268-86f9-f01f2b31a8ec,2,5927.705534
2026/02/05/12:00:19,apply-time,rs-006314-vmt7v,0b22c3ce-7ee1-4fd3-8701-b39b8ba28f41,2,5927.705534
2026/02/05/12:00:19,running-time,rs-006314-vmt7v,0b22c3ce-7ee1-4fd3-8701-b39b8ba28f41,2,5927.705534
2026/02/05/12:00:19,apply-time,rs-006314-x4dr8,71b1487b-9594-4c3c-83eb-8b16a6c0b55b,2,5927.705534
2026/02/05/12:00:19,running-time,rs-006314-x4dr8,71b1487b-9594-4c3c-83eb-8b16a6c0b55b,2,5927.705534
2026/02/05/12:00:19,apply-time,rs-006315-jktbv,06f383e4-3be6-438d-b4a7-7ee6734d0b0a,1,5927.705534
2026/02/05/12:00:19,running-time,rs-006315-jktbv,06f383e4-3be6-438d-b4a7-7ee6734d0b0a,1,5927.705534
2026/02/05/12:00:19,apply-time,rs-006315-rgfkr,e38e10cf-36f3-43d1-b76c-5a9f334534cd,1,5927.705534
2026/02/05/12:00:19,running-time,rs-006315-rgfkr,e38e10cf-36f3-43d1-b76c-5a9f334534cd,1,5927.705534
2026/02/05/12:00:22,apply-time,rs-006316-g6pzr,9fe17c1b-2009-44bd-abbe-327c1db2aa99,1,5930.705534
2026/02/05/12:00:22,running-time,rs-006316-g6pzr,9fe17c1b-2009-44bd-abbe-327c1db2aa99,1,5931.705534
2026/02/05/12:00:22,apply-time,rs-006317-7ftqg,c73b0f4b-a6a3-4b9a-9346-c19c30660d2b,3,5930.705534
2026/02/05/12:00:22,running-time,rs-006317-7ftqg,c73b0f4b-a6a3-4b9a-9346-c19c30660d2b,3,5930.705534
2026/02/05/12:00:22,apply-time,rs-006317-dffrg,8a72f658-5b65-49d5-843f-10c6f3bde018,3,5930.705534
2026/02/05/12:00:22,running-time,rs-006317-dffrg,8a72f658-5b65-49d5-843f-10c6f3bde018,3,5931.705534
2026/02/05/12:00:22,apply-time,rs-006317-t52pf,5f31622e-914d-4db6-9e5b-7d12b6f5e275,3,5930.705534
2026/02/05/12:00:22,running-time,rs-006317-t52pf,5f31622e-914d-4db6-9e5b-7d12b6f5e275,3,5931.705534
2026/02/05/12:00:23,apply-time,rs-006318-vjqks,2a423960-c08e-43d3-8b22-eb2a4a84c0a7,4,5931.705534
2026/02/05/12:00:23,apply-time,rs-006318-zpkgm,ca67d542-36bf-4845-b71f-3b8a417be882,4,5931.705534
2026/02/05/12:00:23,running-time,rs-006318-zpkgm,ca67d542-36bf-4845-b71f-3b8a417be882,4,5932.705534
2026/02/05/12:00:23,apply-time,rs-006319-fm5s9,09ad1612-4697-4783-a548-3b139e39b28a,2,5931.705534
2026/02/05/12:00:23,running-time,rs-006319-fm5s9,09ad1612-4697-4783-a548-3b139e39b28a,2,5931.705534
2026/02/05/12:00:23,apply-time,rs-006319-fmtqb,f7b3a11d-de2e-4e20-bcf3-7aae060ed044,2,5931.705534
2026/02/05/12:00:23,running-time,rs-006319-fmtqb,f7b3a11d-de2e-4e20-bcf3-7aae060ed044,2,5931.705534
2026/02/05/12:00:23,apply-time,rs-006319-gmbqd,5ad80dc3-e80f-405b-9263-48e19af01cb6,2,5931.705534
2026/02/05/12:00:23,running-time,rs-006319-gmbqd,5ad80dc3-e80f-405b-9263-48e19af01cb6,2,5931.705534
2026/02/05/12:00:24,apply-time,rs-006320-4w52m,65fec48b-8ffc-4317-9ea7-760db56928c9,2,5932.705534
2026/02/05/12:00:24,running-time,rs-006320-4w52m,65fec48b-8ffc-4317-9ea7-760db56928c9,2,5932.705534
2026/02/05/12:00:24,apply-time,rs-006321-2lb4p,2703d2d5-6bb9-4cc1-83d3-30a4edaa918e,1,5932.705534
2026/02/05/12:00:24,apply-time,rs-006322-hj84x,f3dd417d-8987-497b-9eff-1c6b502c15b8,4,5932.705534
2026/02/05/12:00:24,apply-time,rs-006322-v4zr7,c37edc5b-7658-4748-a377-7a5191bf1375,4,5932.705534
2026/02/05/12:00:24,apply-time,rs-006323-dxrpg,8ae3a84b-cf08-40dc-995c-7da37a27762c,4,5933.705534
2026/02/05/12:00:24,running-time,rs-006323-dxrpg,8ae3a84b-cf08-40dc-995c-7da37a27762c,4,5933.705534
2026/02/05/12:00:24,apply-time,rs-006324-b7qcn,3b0cfcca-1a12-4a8a-9a6c-3517cbe52434,1,5933.705534
2026/02/05/12:00:24,running-time,rs-006324-b7qcn,3b0cfcca-1a12-4a8a-9a6c-3517cbe52434,1,5933.705534
2026/02/05/12:00:24,apply-time,rs-006325-992pt,452b0128-fc96-4e8f-9cf0-0f4fc06fed0e,4,5933.705534
2026/02/05/12:00:24,running-time,rs-006325-992pt,452b0128-fc96-4e8f-9cf0-0f4fc06fed0e,4,5933.705534
2026/02/05/12:00:24,apply-time,rs-006325-gxh6n,48a7dfd8-6384-42d9-94d5-8e058d9f91af,4,5933.705534
2026/02/05/12:00:24,apply-time,rs-006325-jxvdf,f90a1218-14b6-4ece-a86b-4fe88edba491,4,5933.705534
2026/02/05/12:00:24,running-time,rs-006325-jxvdf,f90a1218-14b6-4ece-a86b-4fe88edba491,4,5933.705534
2026/02/05/12:00:25,apply-time,rs-006326-f4pw7,e31cc680-1084-46dd-a23c-2f6dbc75a9bc,2,5934.705534
2026/02/05/12:00:25,running-time,rs-006326-f4pw7,e31cc680-1084-46dd-a23c-2f6dbc75a9bc,2,5934.705534
2026/02/05/12:00:25,apply-time,rs-006326-sb6rw,43a5bdf9-1c3f-449c-89a9-4af93c90a34b,2,5934.705534
2026/02/05/12:00:26,running-time,rs-006326-sb6rw,43a5bdf9-1c3f-449c-89a9-4af93c90a34b,2,5934.705534
2026/02/05/12:00:27,apply-time,rs-006327-bp8dz,fdbe0e0e-a1a3-45a4-894c-d04b5bed7c0c,1,5935.705534
2026/02/05/12:00:27,running-time,rs-006327-bp8dz,fdbe0e0e-a1a3-45a4-894c-d04b5bed7c0c,1,5935.705534
2026/02/05/12:00:27,apply-time,rs-006327-dq8t8,ef29736e-6126-45cd-966b-2b2245fc3e3d,1,5935.705534
2026/02/05/12:00:27,running-time,rs-006327-dq8t8,ef29736e-6126-45cd-966b-2b2245fc3e3d,1,5935.705534
2026/02/05/12:00:27,apply-time,rs-006327-pc58w,ce78e391-70b9-4082-a5a1-d035a05f2b4a,1,5935.705534
2026/02/05/12:00:27,running-time,rs-006327-pc58w,ce78e391-70b9-4082-a5a1-d035a05f2b4a,1,5935.705534
2026/02/05/12:00:27,apply-time,rs-006328-fnznh,a297e88b-8460-4b6b-afd3-a974dd7dc09a,2,5935.705534
2026/02/05/12:00:27,apply-time,rs-006328-q6cjm,989591cf-f45b-4ae9-a0a5-bfd67c86d968,2,5935.705534
2026/02/05/12:00:27,apply-time,rs-006328-xxqdv,41b5d232-64bb-40c4-a025-3172c88f6e15,2,5935.705534
2026/02/05/12:00:27,apply-time,rs-006329-c5lf5,cba6acc4-a3c9-4aef-ac9f-dda7acf213dd,3,5935.705534
2026/02/05/12:00:27,apply-time,rs-006330-88qfm,02dd784a-4eee-4835-891b-c1323d9063e4,1,5935.705534
2026/02/05/12:00:28,running-time,rs-006328-q6cjm,989591cf-f45b-4ae9-a0a5-bfd67c86d968,2,5936.705534
2026/02/05/12:00:29,running-time,rs-006328-fnznh,a297e88b-8460-4b6b-afd3-a974dd7dc09a,2,5937.705534
2026/02/05/12:00:29,running-time,rs-006328-xxqdv,41b5d232-64bb-40c4-a025-3172c88f6e15,2,5937.705534
2026/02/05/12:00:31,apply-time,rs-006331-bfwbv,185889e8-7500-43b9-addd-0471ec8b7f8c,4,5940.705534
2026/02/05/12:00:31,running-time,rs-006331-bfwbv,185889e8-7500-43b9-addd-0471ec8b7f8c,4,5940.705534
2026/02/05/12:00:31,apply-time,rs-006332-7n5st,934f0354-7d2f-4709-9449-d86fa61023ed,2,5940.705534
2026/02/05/12:00:31,apply-time,rs-006332-vq67g,ab690ff0-e499-41f4-8e5c-33d883485443,2,5940.705534
2026/02/05/12:00:31,running-time,rs-006332-vq67g,ab690ff0-e499-41f4-8e5c-33d883485443,2,5940.705534
2026/02/05/12:00:31,apply-time,rs-006332-zrgg6,998454f2-b22d-434e-8fec-84b153eab12e,2,5940.705534
2026/02/05/12:00:31,apply-time,rs-006333-m8dw7,cd1f9437-0c7e-41c2-b41a-1835fcdda947,4,5940.705534
2026/02/05/12:00:31,running-time,rs-006333-m8dw7,cd1f9437-0c7e-41c2-b41a-1835fcdda947,4,5940.705534
2026/02/05/12:00:31,apply-time,rs-006334-njhnf,1e3d4dc0-aab9-4d0d-862d-f68f0a750c27,1,5940.705534
2026/02/05/12:00:31,apply-time,rs-006335-h2mcr,7b10e101-d651-4ce5-817f-764c3ac262e2,4,5940.705534
2026/02/05/12:00:31,apply-time,rs-006335-hf29v,c153f00c-6c65-489c-8451-b35a287d3a48,4,5940.705534
2026/02/05/12:00:31,apply-time,rs-006335-wfp2f,8786abcb-aefe-4227-a057-b695e5713ddf,4,5940.705534
2026/02/05/12:00:32,running-time,rs-006334-njhnf,1e3d4dc0-aab9-4d0d-862d-f68f0a750c27,1,5940.705534
2026/02/05/12:00:32,running-time,rs-006335-hf29v,c153f00c-6c65-489c-8451-b35a287d3a48,4,5940.705534
2026/02/05/12:00:32,apply-time,rs-006336-5qwfp,549cfe19-dd2b-4727-927c-8a0ab4e15087,1,5940.705534
2026/02/05/12:00:32,running-time,rs-006336-5qwfp,549cfe19-dd2b-4727-927c-8a0ab4e15087,1,5940.705534
2026/02/05/12:00:32,apply-time,rs-006336-6jkzk,51b03a0d-70e0-490f-b07d-0667c5556fc2,1,5940.705534
2026/02/05/12:00:32,running-time,rs-006336-6jkzk,51b03a0d-70e0-490f-b07d-0667c5556fc2,1,5940.705534
2026/02/05/12:00:32,apply-time,rs-006336-zvz9k,a9416775-85d7-4c8c-925a-2130238da534,1,5940.705534
2026/02/05/12:00:32,running-time,rs-006336-zvz9k,a9416775-85d7-4c8c-925a-2130238da534,1,5940.705534
2026/02/05/12:00:32,apply-time,rs-006337-fc2ft,9fbe69e7-ebb2-4fbf-881d-0e17a2fa99bd,2,5940.705534
2026/02/05/12:00:32,running-time,rs-006337-fc2ft,9fbe69e7-ebb2-4fbf-881d-0e17a2fa99bd,2,5940.705534
2026/02/05/12:00:34,running-time,rs-006335-h2mcr,7b10e101-d651-4ce5-817f-764c3ac262e2,4,5942.705534
2026/02/05/12:00:34,running-time,rs-006335-wfp2f,8786abcb-aefe-4227-a057-b695e5713ddf,4,5942.705534
2026/02/05/12:00:45,apply-time,rs-006338-dq7kx,67fbec61-14cf-4011-9a6d-187fb94d463b,4,5953.705534
2026/02/05/12:00:45,running-time,rs-006338-dq7kx,67fbec61-14cf-4011-9a6d-187fb94d463b,4,5953.705534
2026/02/05/12:00:45,apply-time,rs-006338-lr92k,d31a680a-a7bb-41a8-8a00-cc19f475c982,4,5953.705534
2026/02/05/12:00:45,apply-time,rs-006339-6lk94,16b0632c-af7c-4d13-87a2-635aca20152e,2,5953.705534
2026/02/05/12:00:45,running-time,rs-006339-6lk94,16b0632c-af7c-4d13-87a2-635aca20152e,2,5953.705534
2026/02/05/12:00:45,apply-time,rs-006339-96n5r,55dfea36-4d2b-4bcc-838f-ba30b58f5070,2,5953.705534
2026/02/05/12:00:45,running-time,rs-006339-96n5r,55dfea36-4d2b-4bcc-838f-ba30b58f5070,2,5953.705534
2026/02/05/12:00:45,apply-time,rs-006339-c7985,5957fe7c-df86-4ef9-83b3-3288705101e8,2,5953.705534
2026/02/05/12:00:45,running-time,rs-006339-c7985,5957fe7c-df86-4ef9-83b3-3288705101e8,2,5953.705534
2026/02/05/12:00:45,apply-time,rs-006340-q4mps,9e2a8886-9e20-4731-8ddf-7f57cd953125,1,5953.705534
2026/02/05/12:00:45,running-time,rs-006340-q4mps,9e2a8886-9e20-4731-8ddf-7f57cd953125,1,5953.705534
2026/02/05/12:00:45,apply-time,rs-006340-x98qh,2b15fba2-7347-497e-bc84-cad7403ab162,1,5953.705534
2026/02/05/12:00:45,apply-time,rs-006341-86zf4,1953c473-db0d-4221-bf8b-dcac41ba7051,1,5953.705534
2026/02/05/12:00:45,apply-time,rs-006341-sq7zz,1d606eaf-ce3e-45f2-b03e-7106af179936,1,5953.705534
2026/02/05/12:00:45,apply-time,rs-006342-22dlt,4b8dc1c9-e60c-4e97-9bb4-7c6142527851,3,5953.705534
2026/02/05/12:00:45,apply-time,rs-006342-98snw,565e8da9-5c48-4f86-b1ff-73ff4c6f79dd,3,5953.705534
2026/02/05/12:00:45,apply-time,rs-006342-ch7q7,bcd3057f-2463-49d7-a247-fd3a82aab3c5,3,5953.705534
2026/02/05/12:00:48,running-time,rs-006338-lr92k,d31a680a-a7bb-41a8-8a00-cc19f475c982,4,5957.705534
2026/02/05/12:00:54,apply-time,rs-006343-55r8p,b04b2c89-107e-43cf-b3e1-3e7894f7e743,2,5962.705534
2026/02/05/12:00:54,apply-time,rs-006343-xnpj9,9d13bfa6-a656-4111-beef-3b5fca728d75,2,5962.705534
2026/02/05/12:00:55,apply-time,rs-006344-5t22r,6c0ff5f9-ab85-48e4-9b81-531f2a35dba4,1,5963.705534
2026/02/05/12:00:55,apply-time,rs-006345-kbqjj,a5c67259-81a4-4a32-a038-327f29fbe2ef,1,5963.705534
2026/02/05/12:00:55,running-time,rs-006345-kbqjj,a5c67259-81a4-4a32-a038-327f29fbe2ef,1,5963.705534
2026/02/05/12:00:55,apply-time,rs-006345-pd96h,70621b2d-d8e1-411f-a70c-97ffee852f3f,1,5963.705534
2026/02/05/12:00:55,running-time,rs-006345-pd96h,70621b2d-d8e1-411f-a70c-97ffee852f3f,1,5963.705534
2026/02/05/12:00:55,apply-time,rs-006346-jsj6v,fdc65e7c-2174-472f-b23f-f24c9fb8f9d9,1,5963.705534
2026/02/05/12:00:55,running-time,rs-006346-jsj6v,fdc65e7c-2174-472f-b23f-f24c9fb8f9d9,1,5963.705534
2026/02/05/12:00:55,apply-time,rs-006346-snprz,9115c10a-211e-48ca-a094-9fb19744e6c0,1,5963.705534
2026/02/05/12:00:55,running-time,rs-006346-snprz,9115c10a-211e-48ca-a094-9fb19744e6c0,1,5963.705534
2026/02/05/12:00:55,apply-time,rs-006347-wrjtq,e2fb9015-7eb0-4302-8416-74fa9e987c19,2,5963.705534
2026/02/05/12:00:55,running-time,rs-006347-wrjtq,e2fb9015-7eb0-4302-8416-74fa9e987c19,2,5963.705534
2026/02/05/12:00:56,apply-time,rs-006348-4mvzv,b6662290-b328-47c1-a341-3192e213553f,1,5965.705534
2026/02/05/12:00:56,running-time,rs-006348-4mvzv,b6662290-b328-47c1-a341-3192e213553f,1,5965.705534
2026/02/05/12:00:56,apply-time,rs-006348-5sr8g,de9a86ab-cb9b-4085-88a5-28986f67cbcf,1,5965.705534
2026/02/05/12:00:57,running-time,rs-006348-5sr8g,de9a86ab-cb9b-4085-88a5-28986f67cbcf,1,5965.705534
2026/02/05/12:00:59,apply-time,rs-006349-l9jgq,57f09e78-bbc2-47c0-b295-74bb27a631d0,1,5968.705534
2026/02/05/12:00:59,running-time,rs-006349-l9jgq,57f09e78-bbc2-47c0-b295-74bb27a631d0,1,5968.705534
2026/02/05/12:00:59,apply-time,rs-006349-pk94j,9ebc046a-1931-4887-af03-05360ea3d617,1,5968.705534
2026/02/05/12:00:59,running-time,rs-006349-pk94j,9ebc046a-1931-4887-af03-05360ea3d617,1,5968.705534
2026/02/05/12:00:59,apply-time,rs-006350-7dr8f,c03be760-e84b-4dce-8a20-0855f0ae0847,2,5968.705534
2026/02/05/12:00:59,apply-time,rs-006351-8fgvz,8e188478-da2b-4733-b24a-f3190def309a,4,5968.705534
2026/02/05/12:00:59,apply-time,rs-006351-8jk5p,cfc1fb08-7a69-4b2c-9919-3b37c1e0d14d,4,5968.705534
2026/02/05/12:00:59,apply-time,rs-006351-dwts9,d9b11b21-2b90-4a54-ab1d-037898570fb6,4,5968.705534
2026/02/05/12:00:59,apply-time,rs-006352-25c9b,1de54bc3-8786-4ef2-95c8-c66c283b24cf,4,5968.705534
2026/02/05/12:00:59,apply-time,rs-006352-fmcgc,d8e85673-f7fb-46c8-893e-f48d24fc437c,4,5968.705534
2026/02/05/12:00:59,apply-time,rs-006352-m7bxx,146eb26a-ad75-4d09-95db-c562816070ef,4,5968.705534
2026/02/05/12:00:59,apply-time,rs-006353-jl8t2,40cc8eaa-c13e-4e7a-b501-2bc73ec14717,3,5968.705534
2026/02/05/12:00:59,apply-time,rs-006353-m8kwn,61d1fbe3-01ae-4049-8c7e-18065619b7c7,3,5968.705534
2026/02/05/12:00:59,running-time,rs-006353-m8kwn,61d1fbe3-01ae-4049-8c7e-18065619b7c7,3,5968.705534
2026/02/05/12:01:00,running-time,rs-006350-7dr8f,c03be760-e84b-4dce-8a20-0855f0ae0847,2,5968.705534
2026/02/05/12:01:00,apply-time,rs-006354-jfjqd,344214a9-e000-4575-b5e2-942fdfec68e7,2,5968.705534
2026/02/05/12:01:00,running-time,rs-006354-jfjqd,344214a9-e000-4575-b5e2-942fdfec68e7,2,5968.705534
2026/02/05/12:01:00,apply-time,rs-006354-kkxqk,ff0e484e-6c57-42a9-ae88-f4649da85655,2,5968.705534
2026/02/05/12:01:00,running-time,rs-006354-kkxqk,ff0e484e-6c57-42a9-ae88-f4649da85655,2,5968.705534
2026/02/05/12:01:00,apply-time,rs-006355-9cljv,e5ff5799-dc81-4372-817d-0cc457d12e52,3,5968.705534
2026/02/05/12:01:00,running-time,rs-006355-9cljv,e5ff5799-dc81-4372-817d-0cc457d12e52,3,5968.705534
2026/02/05/12:01:00,apply-time,rs-006356-sd8sg,d42717d5-2896-4f9a-926f-69b2924ff412,4,5968.705534
2026/02/05/12:01:00,running-time,rs-006356-sd8sg,d42717d5-2896-4f9a-926f-69b2924ff412,4,5968.705534
2026/02/05/12:01:00,apply-time,rs-006357-bmr9d,ab8e250a-f07b-43c4-a81f-8d17dd7105fb,3,5969.705534
2026/02/05/12:01:01,apply-time,rs-006358-s4xc2,d5d00c97-120b-489d-b5f1-6292b363abb0,4,5969.705534
2026/02/05/12:01:02,apply-time,rs-006359-h54jf,9b264f49-b7b1-4627-8b01-674148eedf4f,1,5970.705534
2026/02/05/12:01:02,running-time,rs-006359-h54jf,9b264f49-b7b1-4627-8b01-674148eedf4f,1,5970.705534
2026/02/05/12:01:04,apply-time,rs-006360-6wx52,a4ec1c88-b551-4222-a8b7-be0e033c8ac8,1,5972.705534
2026/02/05/12:01:04,apply-time,rs-006360-s9k7z,9e99e2a8-9d57-4c55-859b-23ce465ebaf3,1,5972.705534
2026/02/05/12:01:06,apply-time,rs-006361-lq6rf,dfda8660-c1c4-4220-9df5-713e3c646533,1,5974.705534
2026/02/05/12:01:06,running-time,rs-006361-lq6rf,dfda8660-c1c4-4220-9df5-713e3c646533,1,5974.705534
2026/02/05/12:01:06,apply-time,rs-006362-2xgrr,a5da3447-f496-404a-a728-cf4b4d44e793,1,5974.705534
2026/02/05/12:01:06,running-time,rs-006362-2xgrr,a5da3447-f496-404a-a728-cf4b4d44e793,1,5974.705534
2026/02/05/12:01:06,apply-time,rs-006363-wb5bk,c87b6767-1a3a-4467-a2f2-1b6ba9d6db94,2,5974.705534
2026/02/05/12:01:06,apply-time,rs-006364-h27cq,7c06429c-a84e-4215-ae2e-8c3857efd675,1,5974.705534
2026/02/05/12:01:06,running-time,rs-006364-h27cq,7c06429c-a84e-4215-ae2e-8c3857efd675,1,5974.705534
2026/02/05/12:01:06,apply-time,rs-006364-wths4,20de9108-8c08-4f94-99ef-8672876b47f2,1,5974.705534
2026/02/05/12:01:06,running-time,rs-006364-wths4,20de9108-8c08-4f94-99ef-8672876b47f2,1,5974.705534
2026/02/05/12:01:06,apply-time,rs-006365-hqkbq,d1cce75f-b544-43f2-905c-019fa51ed61a,2,5974.705534
2026/02/05/12:01:06,apply-time,rs-006365-lw4t6,4b0c5df9-4be7-45f4-8ea0-11d2f3bc6e75,2,5974.705534
2026/02/05/12:01:06,apply-time,rs-006365-sqfs6,3b89903a-9654-4a30-9bcc-87df74a59e6c,2,5974.705534
2026/02/05/12:01:06,running-time,rs-006365-sqfs6,3b89903a-9654-4a30-9bcc-87df74a59e6c,2,5974.705534
2026/02/05/12:01:06,apply-time,rs-006366-mkkjr,9cc5fee7-b0ef-4a54-a9a7-a70010a33b0f,1,5974.705534
2026/02/05/12:01:06,running-time,rs-006366-mkkjr,9cc5fee7-b0ef-4a54-a9a7-a70010a33b0f,1,5974.705534
2026/02/05/12:01:07,running-time,rs-006363-wb5bk,c87b6767-1a3a-4467-a2f2-1b6ba9d6db94,2,5975.705534
2026/02/05/12:01:07,running-time,rs-006365-lw4t6,4b0c5df9-4be7-45f4-8ea0-11d2f3bc6e75,2,5975.705534
2026/02/05/12:01:09,running-time,rs-006365-hqkbq,d1cce75f-b544-43f2-905c-019fa51ed61a,2,5978.705534
2026/02/05/12:01:13,apply-time,rs-006367-84sbz,251ec237-9dcf-4249-9214-aee99553fe13,1,5982.705534
2026/02/05/12:01:13,apply-time,rs-006367-9cgsh,4ad4ef19-8a2d-4257-941f-10a9d499e86d,1,5982.705534
2026/02/05/12:01:13,running-time,rs-006367-9cgsh,4ad4ef19-8a2d-4257-941f-10a9d499e86d,1,5982.705534
2026/02/05/12:01:13,apply-time,rs-006367-stbzl,34b4569c-99b8-40ce-9f29-c3c78bc51156,1,5982.705534
2026/02/05/12:01:13,apply-time,rs-006368-wh2mz,3891639a-cf21-4514-9a84-0ddb34518466,1,5981.705534
2026/02/05/12:01:13,running-time,rs-006368-wh2mz,3891639a-cf21-4514-9a84-0ddb34518466,1,5982.705534
2026/02/05/12:01:13,apply-time,rs-006369-ck4xc,8770dba5-e04c-4f72-a8cd-32d3f024be35,3,5982.705534
2026/02/05/12:01:13,running-time,rs-006369-ck4xc,8770dba5-e04c-4f72-a8cd-32d3f024be35,3,5982.705534
2026/02/05/12:01:13,apply-time,rs-006369-hspzk,f24f46d9-7dce-49da-855c-2deeac6e7400,3,5982.705534
2026/02/05/12:01:13,running-time,rs-006369-hspzk,f24f46d9-7dce-49da-855c-2deeac6e7400,3,5982.705534
2026/02/05/12:01:13,apply-time,rs-006370-v2w8d,a9719133-d950-4dee-b834-4bfaefc8ab2d,1,5982.705534
2026/02/05/12:01:13,running-time,rs-006370-v2w8d,a9719133-d950-4dee-b834-4bfaefc8ab2d,1,5982.705534
2026/02/05/12:01:15,running-time,rs-006367-84sbz,251ec237-9dcf-4249-9214-aee99553fe13,1,5983.705534
2026/02/05/12:01:15,running-time,rs-006367-stbzl,34b4569c-99b8-40ce-9f29-c3c78bc51156,1,5983.705534
2026/02/05/12:01:16,apply-time,rs-006371-9xqjz,63a07dd2-dfe8-4007-8708-a656cd49754b,3,5985.705534
2026/02/05/12:01:16,apply-time,rs-006371-jdhfg,b6fa2ead-aa22-48d4-b55f-9c7107082fc7,3,5985.705534
2026/02/05/12:01:16,apply-time,rs-006371-lkfkp,39fab698-a602-4c46-94a3-05f6aeda73a4,3,5985.705534
2026/02/05/12:01:16,apply-time,rs-006372-69c7j,4af2710d-8d02-44fa-8d22-054002e35918,1,5985.705534
2026/02/05/12:01:16,running-time,rs-006372-69c7j,4af2710d-8d02-44fa-8d22-054002e35918,1,5985.705534
2026/02/05/12:01:16,apply-time,rs-006373-zszjj,ea95277c-e5d9-4772-b221-8654e5939314,2,5985.705534
2026/02/05/12:01:17,apply-time,rs-006374-dhq9z,51bf7e68-a18d-40aa-9241-2447f6dcfc5d,1,5985.705534
2026/02/05/12:01:17,apply-time,rs-006375-kkqst,44595e4f-dfea-4ebb-94f1-cacc4f86f609,4,5985.705534
2026/02/05/12:01:17,running-time,rs-006375-kkqst,44595e4f-dfea-4ebb-94f1-cacc4f86f609,4,5985.705534
2026/02/05/12:01:18,running-time,rs-006373-zszjj,ea95277c-e5d9-4772-b221-8654e5939314,2,5987.705534
2026/02/05/12:01:18,apply-time,rs-006376-4z2c5,f5cb8d63-43a8-4bc6-b775-e91d89a12d6d,1,5987.705534
2026/02/05/12:01:18,apply-time,rs-006376-vwlxb,62b284ca-b38e-42dc-bd92-43e9ca721823,1,5987.705534
2026/02/05/12:01:18,apply-time,rs-006377-dz6cv,18601a70-0082-4b9b-ae34-bda26c63224b,4,5986.705534
2026/02/05/12:01:19,apply-time,rs-006378-srqq2,f2a17117-4c78-4f5b-bd05-0d22002bb775,4,5988.705534
2026/02/05/12:01:19,apply-time,rs-006378-vj42s,4a4233c1-c29f-4fd0-8e11-ea173261ff07,4,5988.705534
2026/02/05/12:01:19,apply-time,rs-006379-hcf2q,67b9efce-0453-4dfe-b2d0-4789f84cfb8d,2,5988.705534
2026/02/05/12:01:19,running-time,rs-006379-hcf2q,67b9efce-0453-4dfe-b2d0-4789f84cfb8d,2,5988.705534
2026/02/05/12:01:19,apply-time,rs-006379-zw9ht,72959b9c-f6a5-47c2-9017-b6558d74a4be,2,5988.705534
2026/02/05/12:01:19,running-time,rs-006379-zw9ht,72959b9c-f6a5-47c2-9017-b6558d74a4be,2,5988.705534
2026/02/05/12:01:20,running-time,rs-006378-srqq2,f2a17117-4c78-4f5b-bd05-0d22002bb775,4,5989.705534
2026/02/05/12:01:20,apply-time,rs-006380-278qz,82e94b43-1fee-402b-81be-23899e24e784,2,5988.705534
2026/02/05/12:01:20,running-time,rs-006380-278qz,82e94b43-1fee-402b-81be-23899e24e784,2,5988.705534
2026/02/05/12:01:20,apply-time,rs-006380-75zkn,8f11772f-1bc3-4796-9441-8d6239f6d2b3,2,5988.705534
2026/02/05/12:01:20,running-time,rs-006380-75zkn,8f11772f-1bc3-4796-9441-8d6239f6d2b3,2,5988.705534
2026/02/05/12:01:20,apply-time,rs-006380-sr7nb,57172ac3-5519-4ac0-896f-73a8f685516e,2,5988.705534
2026/02/05/12:01:20,running-time,rs-006380-sr7nb,57172ac3-5519-4ac0-896f-73a8f685516e,2,5988.705534
2026/02/05/12:01:20,apply-time,rs-006381-f2zs5,012d1cce-4dde-4303-a649-84a2add66ef3,2,5988.705534
2026/02/05/12:01:20,running-time,rs-006381-f2zs5,012d1cce-4dde-4303-a649-84a2add66ef3,2,5989.705534
2026/02/05/12:01:20,apply-time,rs-006381-slfjf,b65a13c0-390f-4024-ac6d-26b943a02588,2,5988.705534
2026/02/05/12:01:20,apply-time,rs-006382-qvf4f,0cd17452-3891-42c4-89e8-bd2c795e8ea3,2,5988.705534
2026/02/05/12:01:20,running-time,rs-006382-qvf4f,0cd17452-3891-42c4-89e8-bd2c795e8ea3,2,5988.705534
2026/02/05/12:01:21,apply-time,rs-006383-g9lbx,e9d6b739-816e-46f8-9e20-ce3f8ecb1542,4,5989.705534
2026/02/05/12:01:21,running-time,rs-006383-g9lbx,e9d6b739-816e-46f8-9e20-ce3f8ecb1542,4,5989.705534
2026/02/05/12:01:21,apply-time,rs-006384-77svj,e8f14944-ec6a-496b-95e1-489aaea36e46,4,5989.705534
2026/02/05/12:01:21,apply-time,rs-006384-kw8mj,5398b830-0ff8-40e2-9edf-bba4c2f9c5d2,4,5989.705534
2026/02/05/12:01:21,apply-time,rs-006385-gmgzc,abf6381d-950f-4fa1-bfae-a1884a8d4b98,1,5989.705534
2026/02/05/12:01:21,apply-time,rs-006385-wp5jn,8e27ac76-252d-4806-8de0-6ac6746d5887,1,5989.705534
2026/02/05/12:01:21,apply-time,rs-006385-zmsmn,767f1c56-8cbd-41d4-a1ef-67a2af0dfa89,1,5989.705534
2026/02/05/12:01:21,apply-time,rs-006386-67h4f,8f920657-50d4-464b-9286-5c1e5c04e4be,1,5989.705534
2026/02/05/12:01:21,running-time,rs-006386-67h4f,8f920657-50d4-464b-9286-5c1e5c04e4be,1,5989.705534
2026/02/05/12:01:21,apply-time,rs-006387-tfphq,d76c4719-2d49-45b6-b542-fffdc6672040,1,5989.705534
2026/02/05/12:01:21,running-time,rs-006387-tfphq,d76c4719-2d49-45b6-b542-fffdc6672040,1,5989.705534
2026/02/05/12:01:22,apply-time,rs-006388-56jmw,e1812be4-6d2b-4b77-8d85-d20c1097b519,3,5990.705534
2026/02/05/12:01:22,apply-time,rs-006389-28qv4,8b56725a-2596-42ba-87b3-cab0fc9dd9ef,3,5990.705534
2026/02/05/12:01:22,apply-time,rs-006389-46sdk,12b1f4aa-ca33-4de2-8d6e-df1f16c41047,3,5990.705534
2026/02/05/12:01:22,apply-time,rs-006389-dpcr2,2a8814cc-4fa0-446c-a3df-3e16f259762c,3,5990.705534
2026/02/05/12:01:22,running-time,rs-006389-dpcr2,2a8814cc-4fa0-446c-a3df-3e16f259762c,3,5990.705534
2026/02/05/12:01:22,apply-time,rs-006390-f6hsg,8317f795-a95d-4a65-bd31-6c0aebd81597,4,5990.705534
2026/02/05/12:01:22,apply-time,rs-006390-xj4r8,f317c37c-f0f8-431e-9d24-214e8d643898,4,5991.705534
2026/02/05/12:01:22,apply-time,rs-006390-z52jw,77f878f4-0f0f-488b-abb1-b2717ffd4a4e,4,5990.705534
2026/02/05/12:01:22,apply-time,rs-006391-74vkp,35ae2644-58a6-4cab-8406-90ec19105d58,4,5990.705534
2026/02/05/12:01:22,apply-time,rs-006391-88db7,1c2430f4-8a97-4aef-ad93-f6b573c7d38d,4,5990.705534
2026/02/05/12:01:22,apply-time,rs-006391-qwkdt,3dcf7334-15a4-400c-a995-d2b2bff60d5f,4,5990.705534
2026/02/05/12:01:22,running-time,rs-006391-qwkdt,3dcf7334-15a4-400c-a995-d2b2bff60d5f,4,5990.705534
2026/02/05/12:01:22,apply-time,rs-006392-455v2,bea85687-d694-4b8c-9b35-de41cb8e03e1,2,5990.705534
2026/02/05/12:01:22,running-time,rs-006392-455v2,bea85687-d694-4b8c-9b35-de41cb8e03e1,2,5990.705534
2026/02/05/12:01:22,apply-time,rs-006392-ntcg7,545d0bda-f059-46f4-ac95-3e194380b9b8,2,5990.705534
2026/02/05/12:01:22,running-time,rs-006392-ntcg7,545d0bda-f059-46f4-ac95-3e194380b9b8,2,5990.705534
2026/02/05/12:01:23,running-time,rs-006384-77svj,e8f14944-ec6a-496b-95e1-489aaea36e46,4,5992.705534
2026/02/05/12:01:23,running-time,rs-006389-28qv4,8b56725a-2596-42ba-87b3-cab0fc9dd9ef,3,5992.705534
2026/02/05/12:01:23,running-time,rs-006391-74vkp,35ae2644-58a6-4cab-8406-90ec19105d58,4,5991.705534
2026/02/05/12:01:23,running-time,rs-006391-88db7,1c2430f4-8a97-4aef-ad93-f6b573c7d38d,4,5992.705534
2026/02/05/12:01:24,running-time,rs-006378-vj42s,4a4233c1-c29f-4fd0-8e11-ea173261ff07,4,5992.705534
2026/02/05/12:01:26,running-time,rs-006390-xj4r8,f317c37c-f0f8-431e-9d24-214e8d643898,4,5994.705534
2026/02/05/12:01:30,running-time,rs-006343-xnpj9,9d13bfa6-a656-4111-beef-3b5fca728d75,2,5999.705534
2026/02/05/12:01:33,apply-time,rs-006393-988jj,abc6bd80-63df-4b26-8928-7015c75fafe2,2,6001.705534
2026/02/05/12:01:33,running-time,rs-006393-988jj,abc6bd80-63df-4b26-8928-7015c75fafe2,2,6001.705534
2026/02/05/12:01:33,apply-time,rs-006393-g7rfk,4fd24582-8154-4b16-8f45-41ad9c814ed1,2,6001.705534
2026/02/05/12:01:33,apply-time,rs-006394-j6pkw,4e7a2670-82ee-44c9-b68e-ac4c2ab0d4aa,2,6001.705534
2026/02/05/12:01:33,running-time,rs-006394-j6pkw,4e7a2670-82ee-44c9-b68e-ac4c2ab0d4aa,2,6001.705534
2026/02/05/12:01:33,apply-time,rs-006394-kh76f,06dd4db9-6ae1-4dfc-895e-bed3fdbbe675,2,6001.705534
2026/02/05/12:01:33,running-time,rs-006394-kh76f,06dd4db9-6ae1-4dfc-895e-bed3fdbbe675,2,6001.705534
2026/02/05/12:01:33,apply-time,rs-006395-sgkqf,e3835361-5450-4669-b4ff-fc577b43c1f9,1,6001.705534
2026/02/05/12:01:33,apply-time,rs-006395-v285c,708d567b-c6b7-4dc3-abb1-f83017cc83b8,1,6001.705534
2026/02/05/12:01:33,apply-time,rs-006395-xtbzs,1b895c1e-f3c8-45db-bb5a-55eaddcce1aa,1,6001.705534
2026/02/05/12:01:33,apply-time,rs-006396-psnhm,987f2436-c04d-4144-8c61-7009c653f150,2,6002.705534
2026/02/05/12:01:33,running-time,rs-006396-psnhm,987f2436-c04d-4144-8c61-7009c653f150,2,6002.705534
2026/02/05/12:01:33,apply-time,rs-006396-tfbt5,54dd30c5-29e8-454b-bfa9-9f8421015fa7,2,6002.705534
2026/02/05/12:01:33,running-time,rs-006396-tfbt5,54dd30c5-29e8-454b-bfa9-9f8421015fa7,2,6002.705534
2026/02/05/12:01:33,apply-time,rs-006397-vvsdq,6f358397-118d-45b6-af53-8e71d80bd1c4,3,6002.705534
2026/02/05/12:01:33,running-time,rs-006397-vvsdq,6f358397-118d-45b6-af53-8e71d80bd1c4,3,6002.705534
2026/02/05/12:01:34,apply-time,rs-006398-6tsr5,bdfe4fd0-025e-4602-bb1a-01eb8b904adf,2,6002.705534
2026/02/05/12:01:34,running-time,rs-006398-6tsr5,bdfe4fd0-025e-4602-bb1a-01eb8b904adf,2,6002.705534
2026/02/05/12:01:35,apply-time,rs-006399-6gn9n,747a5922-d766-4e79-83ff-9427973e6f2b,2,6003.705534
2026/02/05/12:01:35,apply-time,rs-006400-lp97s,d7702135-87a4-4621-a022-521601101e37,3,6003.705534
2026/02/05/12:01:35,running-time,rs-006400-lp97s,d7702135-87a4-4621-a022-521601101e37,3,6003.705534
2026/02/05/12:01:35,apply-time,rs-006400-rwj26,66333ee8-c6d3-4cbd-aa61-84af613c3761,3,6003.705534
2026/02/05/12:01:35,running-time,rs-006400-rwj26,66333ee8-c6d3-4cbd-aa61-84af613c3761,3,6003.705534
2026/02/05/12:01:35,apply-time,rs-006401-5b9ch,2d4aed2e-d868-436c-bef9-cc99cf409493,1,6003.705534
2026/02/05/12:01:35,apply-time,rs-006401-fjkfh,4f10bbb7-c41c-4725-b881-e5b623d22078,1,6003.705534
2026/02/05/12:01:35,apply-time,rs-006401-mzrb7,6d49c155-840a-484c-882f-391b6abfe7f7,1,6003.705534
2026/02/05/12:01:35,apply-time,rs-006402-gpcd6,eebaa47e-cba8-42f9-9a24-ff62734a1a9d,3,6003.705534
2026/02/05/12:01:35,running-time,rs-006402-gpcd6,eebaa47e-cba8-42f9-9a24-ff62734a1a9d,3,6003.705534
2026/02/05/12:01:35,apply-time,rs-006403-7q57t,9a714616-73bd-40f7-92dd-01b833a6cf69,1,6003.705534
2026/02/05/12:01:35,apply-time,rs-006403-xqf9r,aca0771e-4f51-4a94-b235-50e38f5bcc1b,1,6003.705534
2026/02/05/12:01:35,apply-time,rs-006403-z5nm8,31f26194-d9d5-48a6-ab4f-71b0ea138cb2,1,6003.705534
2026/02/05/12:01:35,apply-time,rs-006404-sn7xc,08016d99-95a0-40a3-b785-68e65fdd996d,3,6004.705534
2026/02/05/12:01:36,running-time,rs-006399-6gn9n,747a5922-d766-4e79-83ff-9427973e6f2b,2,6004.705534
2026/02/05/12:01:36,apply-time,rs-006404-blgqx,6ae35d2f-744f-4f46-946f-397d35e1f61b,3,6004.705534
2026/02/05/12:01:36,apply-time,rs-006404-s5nbv,97928684-f7ac-477b-b5db-318e5cba1823,3,6004.705534
2026/02/05/12:01:36,apply-time,rs-006405-7q6tt,b6daf112-1c3c-4ad0-ae3b-37ffeaaa9e8a,1,6004.705534
2026/02/05/12:01:36,apply-time,rs-006405-lfdz2,a187ab74-6c00-48c4-953f-94c7bdbd13cb,1,6004.705534
2026/02/05/12:01:36,apply-time,rs-006405-xpj2l,1f6b60f7-1389-4692-ab3a-454490dd609b,1,6004.705534
2026/02/05/12:01:36,running-time,rs-006405-xpj2l,1f6b60f7-1389-4692-ab3a-454490dd609b,1,6005.705534
2026/02/05/12:01:37,running-time,rs-006404-s5nbv,97928684-f7ac-477b-b5db-318e5cba1823,3,6005.705534
2026/02/05/12:01:38,apply-time,rs-006406-4jf87,0a5b617a-c9db-4de0-a650-6b175b456852,1,6006.705534
2026/02/05/12:01:38,apply-time,rs-006407-hjrhc,ca5987be-d525-4b77-b9dd-f99e53795c7b,3,6006.705534
2026/02/05/12:01:38,running-time,rs-006407-hjrhc,ca5987be-d525-4b77-b9dd-f99e53795c7b,3,6006.705534
2026/02/05/12:01:38,apply-time,rs-006408-vfxzl,f85aa2b3-c68a-4543-8345-f069f8645eed,1,6006.705534
2026/02/05/12:01:38,running-time,rs-006408-vfxzl,f85aa2b3-c68a-4543-8345-f069f8645eed,1,6006.705534
2026/02/05/12:01:38,apply-time,rs-006408-x5lwp,57f1ff6f-ed35-43b7-b9ab-a12cd92fc843,1,6006.705534
2026/02/05/12:01:38,running-time,rs-006408-x5lwp,57f1ff6f-ed35-43b7-b9ab-a12cd92fc843,1,6006.705534
2026/02/05/12:01:38,apply-time,rs-006409-cmjb2,3e46a4cd-833b-4d29-89a0-fbb1102a2c79,4,6006.705534
2026/02/05/12:01:38,running-time,rs-006409-cmjb2,3e46a4cd-833b-4d29-89a0-fbb1102a2c79,4,6006.705534
2026/02/05/12:01:38,apply-time,rs-006409-klvwz,6bc8b8db-4f37-4816-ad35-e35227d3c2d8,4,6006.705534
2026/02/05/12:01:38,apply-time,rs-006409-n89b8,9e3400fc-60cf-46b1-938e-4f7e7034864b,4,6006.705534
2026/02/05/12:01:40,running-time,rs-006409-klvwz,6bc8b8db-4f37-4816-ad35-e35227d3c2d8,4,6008.705534
2026/02/05/12:01:40,running-time,rs-006409-n89b8,9e3400fc-60cf-46b1-938e-4f7e7034864b,4,6008.705534
2026/02/05/12:01:42,running-time,rs-006403-xqf9r,aca0771e-4f51-4a94-b235-50e38f5bcc1b,1,6011.705534
2026/02/05/12:01:45,apply-time,rs-006410-95s7d,557247a4-a580-40bc-bca0-d00d21223f78,1,6013.705534
2026/02/05/12:01:45,running-time,rs-006410-95s7d,557247a4-a580-40bc-bca0-d00d21223f78,1,6013.705534
2026/02/05/12:01:45,apply-time,rs-006410-nzplh,18b03cd2-0984-4f85-9bfc-61a6d43927c9,1,6013.705534
2026/02/05/12:01:45,running-time,rs-006410-nzplh,18b03cd2-0984-4f85-9bfc-61a6d43927c9,1,6013.705534
2026/02/05/12:01:45,apply-time,rs-006410-qf68k,568ac879-2d84-453a-bae6-e5f8497dcbfe,1,6013.705534
2026/02/05/12:01:45,running-time,rs-006410-qf68k,568ac879-2d84-453a-bae6-e5f8497dcbfe,1,6013.705534
2026/02/05/12:01:45,apply-time,rs-006411-2xldl,0798ce51-481c-4e53-9004-4d8589cd02d1,3,6013.705534
2026/02/05/12:01:45,running-time,rs-006411-2xldl,0798ce51-481c-4e53-9004-4d8589cd02d1,3,6014.705534
2026/02/05/12:01:45,apply-time,rs-006411-7bpfh,c64685a1-a73a-4839-89e6-bdea8ac40eed,3,6013.705534
2026/02/05/12:01:45,running-time,rs-006411-7bpfh,c64685a1-a73a-4839-89e6-bdea8ac40eed,3,6014.705534
2026/02/05/12:01:45,apply-time,rs-006412-b7sdv,ff0a2f53-1bb6-40e4-a1a5-d1cfbd24ff9e,3,6014.705534
2026/02/05/12:01:45,apply-time,rs-006412-fhhgh,d005559b-62d5-407d-82ec-215a072e6782,3,6014.705534
2026/02/05/12:01:45,apply-time,rs-006413-9nvbn,e77be233-c3b9-416d-b983-f26565ad06a1,1,6013.705534
2026/02/05/12:01:45,running-time,rs-006413-9nvbn,e77be233-c3b9-416d-b983-f26565ad06a1,1,6014.705534
2026/02/05/12:01:48,running-time,rs-006403-z5nm8,31f26194-d9d5-48a6-ab4f-71b0ea138cb2,1,6017.705534
2026/02/05/12:01:49,running-time,rs-006403-7q57t,9a714616-73bd-40f7-92dd-01b833a6cf69,1,6017.705534
2026/02/05/12:01:50,apply-time,rs-006414-nvkw5,f056d102-efbf-4756-ba9b-537809db3375,1,6018.705534
2026/02/05/12:01:50,running-time,rs-006414-nvkw5,f056d102-efbf-4756-ba9b-537809db3375,1,6018.705534
2026/02/05/12:01:50,apply-time,rs-006415-fcz5z,3e0f973a-a8eb-4f79-87cb-24c57c262a0d,1,6018.705534
2026/02/05/12:01:50,running-time,rs-006415-fcz5z,3e0f973a-a8eb-4f79-87cb-24c57c262a0d,1,6018.705534
2026/02/05/12:01:50,apply-time,rs-006416-4pdrn,677b0661-cc29-4c57-b0c1-e302fe24aad3,4,6018.705534
2026/02/05/12:01:50,running-time,rs-006416-4pdrn,677b0661-cc29-4c57-b0c1-e302fe24aad3,4,6018.705534
2026/02/05/12:01:50,apply-time,rs-006416-jn5db,d22df529-d886-420b-a539-1a5f8967e35b,4,6018.705534
2026/02/05/12:01:50,running-time,rs-006416-jn5db,d22df529-d886-420b-a539-1a5f8967e35b,4,6018.705534
2026/02/05/12:01:50,apply-time,rs-006416-wfrwl,efca4526-56b2-4633-a1f9-430d9baa5f87,4,6018.705534
2026/02/05/12:01:50,running-time,rs-006416-wfrwl,efca4526-56b2-4633-a1f9-430d9baa5f87,4,6018.705534
2026/02/05/12:01:50,apply-time,rs-006417-dd8w4,5fe4f5cc-05ba-4bc9-aca6-812e71cadaa6,2,6018.705534
2026/02/05/12:01:50,apply-time,rs-006417-xt74v,8cf80123-7296-4ca1-a0f9-c864afc47a75,2,6018.705534
2026/02/05/12:01:50,apply-time,rs-006418-595zb,214fadbc-40ad-46c6-b11e-d44f4086745c,2,6018.705534
2026/02/05/12:01:50,running-time,rs-006418-595zb,214fadbc-40ad-46c6-b11e-d44f4086745c,2,6018.705534
2026/02/05/12:01:50,apply-time,rs-006419-llrl5,0b7e4973-d4f3-47ab-88cc-a3828749bf04,1,6018.705534
2026/02/05/12:01:50,apply-time,rs-006420-bw6tm,e097ed15-9748-4a04-a6b4-3b1bc0763cad,2,6018.705534
2026/02/05/12:01:51,running-time,rs-006419-llrl5,0b7e4973-d4f3-47ab-88cc-a3828749bf04,1,6019.705534
2026/02/05/12:01:51,apply-time,rs-006421-6nnlg,1ddf2869-6346-40ba-ba05-161ade35398f,1,6019.705534
2026/02/05/12:01:51,apply-time,rs-006421-p8j4z,f40ba9dd-c25f-4adf-9f55-8e1f9b72c52a,1,6019.705534
2026/02/05/12:01:51,running-time,rs-006421-p8j4z,f40ba9dd-c25f-4adf-9f55-8e1f9b72c52a,1,6019.705534
2026/02/05/12:01:51,apply-time,rs-006421-rdkzd,0387accb-1c6b-4101-814a-8331871073f9,1,6019.705534
2026/02/05/12:01:51,apply-time,rs-006422-p6fgb,65c1de9d-4af8-40eb-8f73-052dd432afb1,3,6019.705534
2026/02/05/12:01:51,running-time,rs-006422-p6fgb,65c1de9d-4af8-40eb-8f73-052dd432afb1,3,6019.705534
2026/02/05/12:01:51,apply-time,rs-006422-zw5cz,27aea27c-e0c7-4575-9a0e-d9751dd4cf6d,3,6019.705534
2026/02/05/12:01:51,running-time,rs-006422-zw5cz,27aea27c-e0c7-4575-9a0e-d9751dd4cf6d,3,6019.705534
2026/02/05/12:01:51,apply-time,rs-006423-549bq,bd29ff54-59c2-426d-a046-1765e57937a9,3,6019.705534
2026/02/05/12:01:51,apply-time,rs-006423-pqgdl,ecfd7d2f-c7b6-4e46-bc28-11b53cfad77d,3,6019.705534
2026/02/05/12:01:52,running-time,rs-006421-rdkzd,0387accb-1c6b-4101-814a-8331871073f9,1,6020.705534
2026/02/05/12:01:52,running-time,rs-006423-549bq,bd29ff54-59c2-426d-a046-1765e57937a9,3,6020.705534
2026/02/05/12:01:52,running-time,rs-006423-pqgdl,ecfd7d2f-c7b6-4e46-bc28-11b53cfad77d,3,6020.705534
2026/02/05/12:01:53,apply-time,rs-006424-zf455,2f4178f8-4298-41fc-8338-e30cddd6762b,4,6021.705534
2026/02/05/12:01:54,running-time,rs-006421-6nnlg,1ddf2869-6346-40ba-ba05-161ade35398f,1,6022.705534
2026/02/05/12:01:54,running-time,rs-006424-zf455,2f4178f8-4298-41fc-8338-e30cddd6762b,4,6022.705534
2026/02/05/12:01:54,apply-time,rs-006425-wk88w,e948da8d-e909-4e4e-809f-305ac918c3da,1,6022.705534
2026/02/05/12:01:54,apply-time,rs-006425-xr8tp,44289c26-d5f1-442b-8638-4180324a4bfb,1,6022.705534
2026/02/05/12:01:54,apply-time,rs-006426-gs7lx,6bb525c7-7eba-44a3-9b98-daf68f300943,3,6022.705534
2026/02/05/12:01:54,apply-time,rs-006426-t59jm,06b16fcc-2dfb-404d-9e99-fc2ee36f0eb0,3,6022.705534
2026/02/05/12:01:55,running-time,rs-006425-xr8tp,44289c26-d5f1-442b-8638-4180324a4bfb,1,6023.705534
2026/02/05/12:01:55,apply-time,rs-006427-ktxbh,3af940f1-074a-455f-90c7-12f2344ea6cd,3,6024.705534
2026/02/05/12:01:55,apply-time,rs-006427-wqkb5,ed07247a-833a-47a7-ba9d-7d4e121efd05,3,6024.705534
2026/02/05/12:01:55,apply-time,rs-006428-mr2mm,3c627a2b-f8a2-47ea-b4a7-89f507aee54c,1,6024.705534
2026/02/05/12:01:55,apply-time,rs-006428-q67lx,4eb93c43-408f-4f35-81cf-c8cb51dbc0ec,1,6024.705534
2026/02/05/12:01:55,apply-time,rs-006429-gvrkr,fa108dec-2ae1-4831-8864-c41c71717f43,1,6024.705534
2026/02/05/12:01:56,running-time,rs-006427-ktxbh,3af940f1-074a-455f-90c7-12f2344ea6cd,3,6024.705534
2026/02/05/12:01:56,apply-time,rs-006429-sdgjp,58943968-d715-4912-baa3-8a2235c34020,1,6024.705534
2026/02/05/12:01:56,apply-time,rs-006430-c82v9,8ab1b632-bf91-4302-8d94-efa8acd1731b,1,6024.705534
2026/02/05/12:01:56,apply-time,rs-006431-bcwsp,d7f36ced-8c54-4a64-aeed-20101bb1d286,4,6024.705534
2026/02/05/12:01:56,apply-time,rs-006432-7x5cm,d63381de-4ed9-4da4-95d7-8c5c95dc9e9e,2,6024.705534
2026/02/05/12:01:56,apply-time,rs-006432-m4cfj,1a6389f8-53e3-4ccd-9f3c-a811403b7a5f,2,6024.705534
2026/02/05/12:01:56,apply-time,rs-006432-qmv2j,20d1d602-cb3a-452b-8340-be00bc3d21a4,2,6024.705534
2026/02/05/12:01:56,apply-time,rs-006433-j8ljv,7517c810-aa38-431e-9480-79844970ba90,1,6024.705534
2026/02/05/12:01:56,apply-time,rs-006433-lxxq4,20e58c3d-bdd8-40f9-9056-155984f865cc,1,6024.705534
2026/02/05/12:01:58,running-time,rs-006431-bcwsp,d7f36ced-8c54-4a64-aeed-20101bb1d286,4,6026.705534
2026/02/05/12:01:58,apply-time,rs-006434-469mp,9a948009-9c3c-45fa-a5c0-941615504b58,1,6026.705534
2026/02/05/12:01:58,apply-time,rs-006434-fvcqz,13b2d6f9-ee2b-4d55-b0e5-f5bcb21a4d43,1,6026.705534
2026/02/05/12:01:58,apply-time,rs-006434-lkzlb,ec491780-2808-49d9-9da8-c44f65f18319,1,6026.705534
2026/02/05/12:01:58,apply-time,rs-006435-6gf9p,f4f0205e-a308-4898-9c04-66e13f4b7690,1,6027.705534
2026/02/05/12:01:58,apply-time,rs-006435-kxwxw,58310d34-beab-4d40-901b-26146026818a,1,6026.705534
2026/02/05/12:01:58,apply-time,rs-006436-ffvrz,ea480fed-be05-42e8-b79f-9a16903a061e,1,6027.705534
2026/02/05/12:01:59,apply-time,rs-006437-2z4vt,519283c2-b0e3-44af-b533-e7e63d8f2c1e,4,6028.705534
2026/02/05/12:01:59,apply-time,rs-006437-krlkg,d0d3d4dd-7001-4872-8218-0f7427089ced,4,6028.705534
2026/02/05/12:01:59,apply-time,rs-006438-9g7rp,efc3fda7-be10-4f62-898a-287a100f8561,3,6028.705534
2026/02/05/12:01:59,apply-time,rs-006438-c9kxj,78f78bfe-7d0b-4801-9a3f-95d95ffdda67,3,6028.705534
2026/02/05/12:01:59,apply-time,rs-006439-7kbtj,e6fd08e8-c624-4172-9bd0-0b7b5db5d266,1,6028.705534
2026/02/05/12:01:59,apply-time,rs-006439-f64c8,6de08811-614d-4636-ad77-9f9c017f94e8,1,6028.705534
2026/02/05/12:01:59,apply-time,rs-006439-vhqr7,0ee8786c-b4e5-4e3d-b816-4865854a57bb,1,6028.705534
2026/02/05/12:01:59,apply-time,rs-006440-27fhh,e619e96d-95c0-47da-b146-b890430a4c50,2,6028.705534
2026/02/05/12:01:59,apply-time,rs-006440-blc2g,4944baec-d196-4465-bd4e-441db06a7889,2,6028.705534
2026/02/05/12:01:59,apply-time,rs-006440-ltc99,42a78cbc-8c9a-4c06-a359-d035ba2aaf70,2,6028.705534
2026/02/05/12:02:00,running-time,rs-006435-kxwxw,58310d34-beab-4d40-901b-26146026818a,1,6028.705534
2026/02/05/12:02:00,running-time,rs-006437-krlkg,d0d3d4dd-7001-4872-8218-0f7427089ced,4,6028.705534
2026/02/05/12:02:00,running-time,rs-006438-9g7rp,efc3fda7-be10-4f62-898a-287a100f8561,3,6028.705534
2026/02/05/12:02:00,running-time,rs-006438-c9kxj,78f78bfe-7d0b-4801-9a3f-95d95ffdda67,3,6028.705534
2026/02/05/12:02:02,running-time,rs-006429-gvrkr,fa108dec-2ae1-4831-8864-c41c71717f43,1,6030.705534
2026/02/05/12:02:02,running-time,rs-006435-6gf9p,f4f0205e-a308-4898-9c04-66e13f4b7690,1,6030.705534
2026/02/05/12:02:02,running-time,rs-006440-blc2g,4944baec-d196-4465-bd4e-441db06a7889,2,6030.705534
2026/02/05/12:02:02,running-time,rs-006440-ltc99,42a78cbc-8c9a-4c06-a359-d035ba2aaf70,2,6030.705534
2026/02/05/12:02:02,apply-time,rs-006441-qxx78,22e617a0-8f50-4757-86bb-1ff5ee1c7356,1,6031.705534
2026/02/05/12:02:02,apply-time,rs-006442-pq5rb,e80c0535-7c90-4dfd-af0a-c878099ae554,2,6031.705534
2026/02/05/12:02:02,apply-time,rs-006442-xnwnd,acd9feaa-6028-46c6-9934-5d14e77e7ccf,2,6031.705534
2026/02/05/12:02:02,apply-time,rs-006442-zvvwp,8f896a3e-60ad-4389-820c-1a74a5ab1dce,2,6031.705534
2026/02/05/12:02:02,apply-time,rs-006443-dp29d,f6eeb01c-6409-4593-94fd-138422a17250,1,6031.705534
2026/02/05/12:02:02,apply-time,rs-006443-xntzl,89164692-8d88-4960-b893-f6047f2da122,1,6031.705534
2026/02/05/12:02:03,running-time,rs-006441-qxx78,22e617a0-8f50-4757-86bb-1ff5ee1c7356,1,6031.705534
2026/02/05/12:02:03,apply-time,rs-006444-rvjrh,2bbdf2f5-0518-4e90-8d45-5a1ddb88719c,1,6031.705534
2026/02/05/12:02:04,running-time,rs-006420-bw6tm,e097ed15-9748-4a04-a6b4-3b1bc0763cad,2,6032.705534
2026/02/05/12:02:04,apply-time,rs-006445-v527l,e139d5ed-adb7-4c48-8522-c026a5593620,2,6032.705534
2026/02/05/12:02:04,apply-time,rs-006446-fjcwv,a6e2948d-970b-4b7e-8bea-8ad6c3d59a93,1,6032.705534
2026/02/05/12:02:04,apply-time,rs-006446-jrzsw,585696a2-5223-4850-857d-0de0726d1ed3,1,6032.705534
2026/02/05/12:02:04,apply-time,rs-006447-8dzzk,97cce6c0-2a98-4a6f-a1c1-ef2df3610b01,3,6032.705534
2026/02/05/12:02:04,apply-time,rs-006447-q57pc,3f27dfce-13ac-47d7-9906-69ccb23ac69f,3,6032.705534
2026/02/05/12:02:07,running-time,rs-006443-xntzl,89164692-8d88-4960-b893-f6047f2da122,1,6036.705534
2026/02/05/12:02:09,running-time,rs-006444-rvjrh,2bbdf2f5-0518-4e90-8d45-5a1ddb88719c,1,6038.705534
2026/02/05/12:02:09,running-time,rs-006445-v527l,e139d5ed-adb7-4c48-8522-c026a5593620,2,6037.705534
2026/02/05/12:02:10,running-time,rs-006443-dp29d,f6eeb01c-6409-4593-94fd-138422a17250,1,6039.705534
2026/02/05/12:02:11,apply-time,rs-006448-ljj8z,577a9963-4a95-4bda-b950-aca239b2e221,2,6039.705534
2026/02/05/12:02:11,apply-time,rs-006448-mnj8t,7274926a-aa12-4d86-9f95-f730f71368ae,2,6039.705534
2026/02/05/12:02:14,running-time,rs-006437-2z4vt,519283c2-b0e3-44af-b533-e7e63d8f2c1e,4,6043.705534
2026/02/05/12:02:21,running-time,rs-006401-fjkfh,4f10bbb7-c41c-4725-b881-e5b623d22078,1,6049.705534
2026/02/05/12:02:21,running-time,rs-006412-fhhgh,d005559b-62d5-407d-82ec-215a072e6782,3,6049.705534
2026/02/05/12:02:25,apply-time,rs-006449-2bqlr,66610bb3-b26c-4aac-a638-117f80a10386,3,6053.705534
2026/02/05/12:02:25,apply-time,rs-006449-nns56,9d42a3c2-d986-40e8-9be3-1fc7bf9299ac,3,6053.705534
2026/02/05/12:02:25,apply-time,rs-006450-24jsm,a46940bc-d70c-4b96-9014-0f71193711c1,1,6053.705534
2026/02/05/12:02:25,running-time,rs-006450-24jsm,a46940bc-d70c-4b96-9014-0f71193711c1,1,6053.705534
2026/02/05/12:02:25,apply-time,rs-006450-nks5z,393fb136-9be0-4f81-a0e6-532427c58346,1,6053.705534
2026/02/05/12:02:25,running-time,rs-006450-nks5z,393fb136-9be0-4f81-a0e6-532427c58346,1,6053.705534
2026/02/05/12:02:25,apply-time,rs-006450-zjp4w,682ad6df-67d5-45fd-a1d7-a4288d935ebb,1,6053.705534
2026/02/05/12:02:25,running-time,rs-006450-zjp4w,682ad6df-67d5-45fd-a1d7-a4288d935ebb,1,6053.705534
2026/02/05/12:02:25,apply-time,rs-006451-l8ljw,5ed08f6b-ac03-4970-96c2-6126b21a66ce,1,6053.705534
2026/02/05/12:02:25,running-time,rs-006451-l8ljw,5ed08f6b-ac03-4970-96c2-6126b21a66ce,1,6053.705534
2026/02/05/12:02:25,apply-time,rs-006452-2h9pd,4d0f559d-5b34-43cc-9dc4-bc3eb1fe1c4b,3,6053.705534
2026/02/05/12:02:25,apply-time,rs-006452-lz7s9,96ca5633-1abd-4795-97c9-26ebf649d465,3,6053.705534
2026/02/05/12:02:25,apply-time,rs-006452-z6r7g,a0c8dd25-e9ca-4b08-b0cb-77613dab740e,3,6053.705534
2026/02/05/12:02:25,apply-time,rs-006453-qhb8n,b2f53321-c351-4250-8cf4-f46a9b0cd0c8,2,6053.705534
2026/02/05/12:02:25,running-time,rs-006453-qhb8n,b2f53321-c351-4250-8cf4-f46a9b0cd0c8,2,6053.705534
2026/02/05/12:02:25,apply-time,rs-006454-7c2bd,554b3588-2af7-4661-9d04-1f4be79f046f,3,6054.705534
2026/02/05/12:02:25,apply-time,rs-006454-pfmvm,30c18d58-fac9-46c4-9eb7-b0487fdac51c,3,6054.705534
2026/02/05/12:02:25,apply-time,rs-006454-xj46j,eee43d94-3bdd-4dda-bd57-cdf1f24eae7d,3,6054.705534
2026/02/05/12:02:25,apply-time,rs-006455-4blll,bc5cd122-7e8d-4331-91f2-2099e0c08632,4,6054.705534
2026/02/05/12:02:25,running-time,rs-006455-4blll,bc5cd122-7e8d-4331-91f2-2099e0c08632,4,6054.705534
2026/02/05/12:02:25,apply-time,rs-006456-249ql,bb87e98f-82c4-40c5-8651-c35184c983ff,1,6054.705534
2026/02/05/12:02:25,apply-time,rs-006456-crc9k,210c38e0-27f6-4e74-9001-d1cf43315eb7,1,6054.705534
2026/02/05/12:02:30,running-time,rs-006454-pfmvm,30c18d58-fac9-46c4-9eb7-b0487fdac51c,3,6058.705534
2026/02/05/12:02:30,running-time,rs-006456-crc9k,210c38e0-27f6-4e74-9001-d1cf43315eb7,1,6058.705534
2026/02/05/12:02:35,apply-time,rs-006457-jm4pb,81726d58-2e7f-472d-a43f-0aaa98fdcf4e,2,6064.705534
2026/02/05/12:02:35,running-time,rs-006457-jm4pb,81726d58-2e7f-472d-a43f-0aaa98fdcf4e,2,6064.705534
2026/02/05/12:02:35,apply-time,rs-006457-nkfgp,9aa05c33-a9cd-4e65-a06d-3afb1a6cbf8a,2,6064.705534
2026/02/05/12:02:35,running-time,rs-006457-nkfgp,9aa05c33-a9cd-4e65-a06d-3afb1a6cbf8a,2,6064.705534
2026/02/05/12:02:35,apply-time,rs-006457-zvd48,b67f7ade-66c2-4496-989d-a89cc039ea09,2,6064.705534
2026/02/05/12:02:35,running-time,rs-006457-zvd48,b67f7ade-66c2-4496-989d-a89cc039ea09,2,6064.705534
2026/02/05/12:02:35,apply-time,rs-006458-5b5fc,c98d4c83-7756-48d5-955c-d11305207bff,1,6064.705534
2026/02/05/12:02:35,apply-time,rs-006458-8w5t8,5399c152-0228-4073-910d-c8240d3a6e23,1,6064.705534
2026/02/05/12:02:35,apply-time,rs-006458-cz2zk,580d45af-6646-4b9f-9a8b-1efdc2937b30,1,6064.705534
2026/02/05/12:02:35,apply-time,rs-006459-tbdff,e0f70ac4-84dd-41f1-a25f-83d32ad2cee2,4,6064.705534
2026/02/05/12:02:35,running-time,rs-006459-tbdff,e0f70ac4-84dd-41f1-a25f-83d32ad2cee2,4,6064.705534
2026/02/05/12:02:36,apply-time,rs-006460-mpjdc,9d4c98a0-5484-4f27-8082-5daa6e8656c2,2,6065.705534
2026/02/05/12:02:37,running-time,rs-006460-mpjdc,9d4c98a0-5484-4f27-8082-5daa6e8656c2,2,6065.705534
2026/02/05/12:02:39,running-time,rs-006449-2bqlr,66610bb3-b26c-4aac-a638-117f80a10386,3,6067.705534
2026/02/05/12:02:39,running-time,rs-006449-nns56,9d42a3c2-d986-40e8-9be3-1fc7bf9299ac,3,6067.705534
2026/02/05/12:02:39,running-time,rs-006454-xj46j,eee43d94-3bdd-4dda-bd57-cdf1f24eae7d,3,6068.705534
2026/02/05/12:02:40,apply-time,rs-006461-pjg4w,10dd4a59-7d61-4e93-80ea-4b09ca3344f7,1,6069.705534
2026/02/05/12:02:40,running-time,rs-006461-pjg4w,10dd4a59-7d61-4e93-80ea-4b09ca3344f7,1,6069.705534
2026/02/05/12:02:40,apply-time,rs-006461-tjqcx,06d74345-2bc4-48e8-bc0c-01bc43c77d60,1,6069.705534
2026/02/05/12:02:40,apply-time,rs-006462-95gj8,6a949a55-ca86-44db-af18-19c8fdf1e3a1,1,6069.705534
2026/02/05/12:02:40,apply-time,rs-006462-hdvlp,e52ef598-c8d4-43ba-93a1-a81f4f3ec2fa,1,6069.705534
2026/02/05/12:02:40,apply-time,rs-006462-zg79m,77a0b730-1dfe-47d0-af89-3b0b2cce01bb,1,6069.705534
2026/02/05/12:02:40,apply-time,rs-006463-9rgjv,bd20c966-0da6-4bde-ae06-363d98629cfb,2,6069.705534
2026/02/05/12:02:40,apply-time,rs-006463-l9xjx,6b9f78c7-de59-4c95-b347-1d4022e86e4a,2,6069.705534
2026/02/05/12:02:40,apply-time,rs-006464-mwcbp,4eac173a-34a6-40f2-b8a8-fe01ef83d158,1,6069.705534
2026/02/05/12:02:40,apply-time,rs-006464-qbwzd,555749d4-33fd-44f1-8673-600d4f47c4ee,1,6069.705534
2026/02/05/12:02:40,apply-time,rs-006465-wrls8,54e19a28-784d-4152-a858-1fd60ac22496,4,6069.705534
2026/02/05/12:02:41,running-time,rs-006464-mwcbp,4eac173a-34a6-40f2-b8a8-fe01ef83d158,1,6069.705534
2026/02/05/12:02:41,running-time,rs-006464-qbwzd,555749d4-33fd-44f1-8673-600d4f47c4ee,1,6069.705534
2026/02/05/12:02:41,apply-time,rs-006468-bhdk5,c200dda9-b642-4044-b68e-9aaf567bc4e2,2,6070.705534
2026/02/05/12:02:41,apply-time,rs-006469-sv5sl,ba09c79e-ef59-4c8f-ba7d-839c8402607a,2,6070.705534
2026/02/05/12:02:42,running-time,rs-006461-tjqcx,06d74345-2bc4-48e8-bc0c-01bc43c77d60,1,6070.705534
2026/02/05/12:02:42,apply-time,rs-006466-fdqjl,9fb50e07-da2a-4ea4-8c22-0233afd90481,1,6070.705534
2026/02/05/12:02:42,apply-time,rs-006466-hwdpc,2311b52f-eed4-4011-9a5b-6a2f955dab74,1,6070.705534
2026/02/05/12:02:42,apply-time,rs-006466-nvmnl,fc01caef-dc1a-4b94-9501-822187c72e20,1,6070.705534
2026/02/05/12:02:42,apply-time,rs-006467-h8vz5,ed64e3f9-d044-4e5d-ad74-cded08947fef,1,6070.705534
2026/02/05/12:02:42,running-time,rs-006468-bhdk5,c200dda9-b642-4044-b68e-9aaf567bc4e2,2,6070.705534
2026/02/05/12:02:42,apply-time,rs-006469-bnrjq,5f44ab30-0ed3-410b-9d18-a38822877ba5,2,6070.705534
2026/02/05/12:02:42,apply-time,rs-006470-c6p6g,605c4621-d342-42ba-a49e-c27703812211,1,6070.705534
2026/02/05/12:02:42,apply-time,rs-006470-c9k2d,e78c20c9-2889-47c3-8299-425a8318a7b7,1,6070.705534
2026/02/05/12:02:42,apply-time,rs-006470-tk62t,4a30b596-e7f2-4246-b735-a98b7e653faa,1,6070.705534
2026/02/05/12:02:42,apply-time,rs-006471-2rlzr,fe418443-89cc-4f93-a1f2-0c62c3120d57,1,6070.705534
2026/02/05/12:02:43,running-time,rs-006466-hwdpc,2311b52f-eed4-4011-9a5b-6a2f955dab74,1,6072.705534
2026/02/05/12:02:43,running-time,rs-006466-nvmnl,fc01caef-dc1a-4b94-9501-822187c72e20,1,6072.705534
2026/02/05/12:02:44,running-time,rs-006466-fdqjl,9fb50e07-da2a-4ea4-8c22-0233afd90481,1,6072.705534
2026/02/05/12:02:44,running-time,rs-006470-c9k2d,e78c20c9-2889-47c3-8299-425a8318a7b7,1,6072.705534
2026/02/05/12:02:44,apply-time,rs-006473-qkzhd,a0289118-622b-4ade-973b-4884f0863193,1,6073.705534
2026/02/05/12:02:44,running-time,rs-006473-qkzhd,a0289118-622b-4ade-973b-4884f0863193,1,6073.705534
2026/02/05/12:02:45,apply-time,rs-006472-lfh5j,6788f9bc-23a5-433e-8f3c-4ac6348c06dc,2,6073.705534
2026/02/05/12:02:45,apply-time,rs-006472-wc2l5,8a10b9c3-76b1-4f5b-a565-f27ea7094718,2,6073.705534
2026/02/05/12:02:45,apply-time,rs-006474-8vxsn,28bd6048-c0e3-41a7-abf6-a01111336c13,3,6073.705534
2026/02/05/12:02:45,running-time,rs-006474-8vxsn,28bd6048-c0e3-41a7-abf6-a01111336c13,3,6073.705534
2026/02/05/12:02:45,apply-time,rs-006475-g9shq,53b1c60a-b5bc-4d2b-948c-826d3ec5c065,3,6074.705534
2026/02/05/12:02:45,apply-time,rs-006476-cp545,7a4c9f4d-1a9a-484e-8b0b-d0af9980aa6b,4,6074.705534
2026/02/05/12:02:46,running-time,rs-006476-cp545,7a4c9f4d-1a9a-484e-8b0b-d0af9980aa6b,4,6075.705534
2026/02/05/12:02:47,running-time,rs-006475-g9shq,53b1c60a-b5bc-4d2b-948c-826d3ec5c065,3,6076.705534
2026/02/05/12:02:47,apply-time,rs-006477-2d9mg,e59c9571-360b-4659-8171-ffbca8790f38,1,6075.705534
2026/02/05/12:02:47,apply-time,rs-006477-x2nnc,65498a18-85d9-4937-a4b9-d5eb7796230f,1,6075.705534
2026/02/05/12:02:47,apply-time,rs-006478-2d7gn,dd22b4c5-f483-40cf-bd56-f3373175c0d6,2,6076.705534
2026/02/05/12:02:47,apply-time,rs-006479-484kl,ba8073c6-7552-49c0-85e3-31ce8dd5beef,4,6076.705534
2026/02/05/12:02:47,apply-time,rs-006479-9f9nv,af8bd2fc-a831-4d42-b001-8e692a7c4ac7,4,6076.705534
2026/02/05/12:02:47,apply-time,rs-006480-2jmpq,9684e875-cf5c-4128-a859-5eef50a6107e,1,6076.705534
2026/02/05/12:02:47,apply-time,rs-006480-8k28b,034612d8-05e6-4271-b726-78ce52c2a1e6,1,6076.705534
2026/02/05/12:02:47,apply-time,rs-006480-v6mf8,f45fe5a6-bbf0-4d59-8395-e9c0875e9017,1,6076.705534
2026/02/05/12:02:47,apply-time,rs-006481-dpg5f,1d04d91d-4cfd-4d19-b0a8-7fadf81b0685,3,6076.705534
2026/02/05/12:02:47,apply-time,rs-006481-ptwkk,61ff370c-95f9-429d-b19d-d841057b72c0,3,6076.705534
2026/02/05/12:02:47,apply-time,rs-006481-s8prt,04fd018b-df58-47f4-b736-b21b03f84a6e,3,6076.705534
2026/02/05/12:02:48,running-time,rs-006478-2d7gn,dd22b4c5-f483-40cf-bd56-f3373175c0d6,2,6076.705534
2026/02/05/12:02:49,running-time,rs-006480-v6mf8,f45fe5a6-bbf0-4d59-8395-e9c0875e9017,1,6078.705534
2026/02/05/12:02:50,running-time,rs-006480-8k28b,034612d8-05e6-4271-b726-78ce52c2a1e6,1,6078.705534
2026/02/05/12:02:52,running-time,rs-006480-2jmpq,9684e875-cf5c-4128-a859-5eef50a6107e,1,6080.705534
2026/02/05/12:02:53,running-time,rs-006479-484kl,ba8073c6-7552-49c0-85e3-31ce8dd5beef,4,6081.705534
2026/02/05/12:02:55,running-time,rs-006479-9f9nv,af8bd2fc-a831-4d42-b001-8e692a7c4ac7,4,6083.705534
2026/02/05/12:02:58,apply-time,rs-006482-rvsn7,13bb0b5f-1c35-4786-b4a7-97b07308865f,2,6086.705534
2026/02/05/12:02:58,running-time,rs-006482-rvsn7,13bb0b5f-1c35-4786-b4a7-97b07308865f,2,6087.705534
2026/02/05/12:02:58,apply-time,rs-006482-snh5f,c016193e-a7c2-4e7a-a934-7b90ec53ae5c,2,6086.705534
2026/02/05/12:02:58,running-time,rs-006482-snh5f,c016193e-a7c2-4e7a-a934-7b90ec53ae5c,2,6086.705534
2026/02/05/12:02:58,apply-time,rs-006482-zxqb4,fddcf156-cc40-41a7-87f8-9be9b7853106,2,6086.705534
2026/02/05/12:02:59,running-time,rs-006482-zxqb4,fddcf156-cc40-41a7-87f8-9be9b7853106,2,6088.705534
2026/02/05/12:03:01,apply-time,rs-006483-xqsfg,9f0b6151-6e36-4c0b-87d0-2b74adc191cb,4,6089.705534
2026/02/05/12:03:01,apply-time,rs-006484-mg5wk,13af0aa9-4ebc-4e80-b5cf-73d7865f2abe,1,6089.705534
2026/02/05/12:03:01,running-time,rs-006484-mg5wk,13af0aa9-4ebc-4e80-b5cf-73d7865f2abe,1,6089.705534
2026/02/05/12:03:01,apply-time,rs-006484-vmvfw,365b0f61-1046-49a6-ae3f-7a04a0e8dc28,1,6089.705534
2026/02/05/12:03:01,running-time,rs-006484-vmvfw,365b0f61-1046-49a6-ae3f-7a04a0e8dc28,1,6089.705534
2026/02/05/12:03:01,apply-time,rs-006484-wp4kx,62d1b734-2e82-4a11-b7d6-8f705a41352a,1,6089.705534
2026/02/05/12:03:01,running-time,rs-006484-wp4kx,62d1b734-2e82-4a11-b7d6-8f705a41352a,1,6089.705534
2026/02/05/12:03:01,apply-time,rs-006485-dp6dg,9094c8a7-42d2-4b30-af5b-95363825fe3d,3,6089.705534
2026/02/05/12:03:01,apply-time,rs-006485-dtj9j,2c471f55-e376-4ad9-b311-0c4811c83a3a,3,6090.705534
2026/02/05/12:03:01,apply-time,rs-006485-smw2l,1c6eb1fc-8400-4525-9368-ed583870ee9c,3,6090.705534
2026/02/05/12:03:01,apply-time,rs-006486-blhbx,6f22bd14-21ec-46eb-ad09-228f68d0d193,2,6090.705534
2026/02/05/12:03:01,apply-time,rs-006486-lpsxw,04afc10d-d956-46e7-94f6-f95bb91c53b1,2,6090.705534
2026/02/05/12:03:01,apply-time,rs-006487-88vrb,10189db2-e53e-4f61-a942-a8f141e66e29,2,6090.705534
2026/02/05/12:03:01,apply-time,rs-006488-7577m,7851f4fc-63e0-4ce3-8d5e-8dca29c9c40f,1,6090.705534
2026/02/05/12:03:02,running-time,rs-006485-dp6dg,9094c8a7-42d2-4b30-af5b-95363825fe3d,3,6091.705534
2026/02/05/12:03:02,running-time,rs-006486-blhbx,6f22bd14-21ec-46eb-ad09-228f68d0d193,2,6090.705534
2026/02/05/12:03:02,running-time,rs-006486-lpsxw,04afc10d-d956-46e7-94f6-f95bb91c53b1,2,6090.705534
2026/02/05/12:03:03,apply-time,rs-006489-c74pp,35874631-b82c-4acc-92fe-013c774f8e86,1,6091.705534
2026/02/05/12:03:03,apply-time,rs-006489-nkmgc,86183cf4-999b-4857-b1b4-becd1c28ea0c,1,6091.705534
2026/02/05/12:03:03,apply-time,rs-006490-nm2rs,202d2be8-8dec-4b4d-b48c-e233f4d30975,1,6092.705534
2026/02/05/12:03:04,apply-time,rs-006491-4gj2r,40384422-574f-4ad5-b3af-132b517db584,1,6092.705534
2026/02/05/12:03:04,running-time,rs-006491-4gj2r,40384422-574f-4ad5-b3af-132b517db584,1,6092.705534
2026/02/05/12:03:04,apply-time,rs-006491-gv469,a8c0974a-9795-4ef6-8106-bb18812cff30,1,6092.705534
2026/02/05/12:03:04,apply-time,rs-006492-8bftk,17cc96f1-f9ab-4051-9373-b672cb579f9d,1,6092.705534
2026/02/05/12:03:04,apply-time,rs-006492-csbnt,61bbcefe-8e83-4dd1-a485-01717eeed42e,1,6092.705534
2026/02/05/12:03:04,running-time,rs-006492-csbnt,61bbcefe-8e83-4dd1-a485-01717eeed42e,1,6092.705534
2026/02/05/12:03:04,apply-time,rs-006492-xzv22,0783e23d-a019-47ed-8207-68302c7d4946,1,6092.705534
2026/02/05/12:03:04,apply-time,rs-006493-8d8n9,11fc7a0e-347f-495a-b716-84036dfa5e6a,3,6092.705534
2026/02/05/12:03:04,running-time,rs-006493-8d8n9,11fc7a0e-347f-495a-b716-84036dfa5e6a,3,6092.705534
2026/02/05/12:03:04,apply-time,rs-006494-5zkpp,0c4306b7-0000-4cf8-8ffa-c9cfa742a523,3,6092.705534
2026/02/05/12:03:04,apply-time,rs-006494-8czlh,76a19851-716c-47a5-b665-ee34d2ded956,3,6092.705534
2026/02/05/12:03:04,apply-time,rs-006495-f256z,24b13293-2a8b-4463-9c87-0270457d073a,2,6092.705534
2026/02/05/12:03:04,apply-time,rs-006496-ffmxb,07a16f92-488d-4dcd-87cc-a07a0cad8bee,1,6093.705534
2026/02/05/12:03:04,apply-time,rs-006497-78cgb,18f0bbb6-116a-4cba-8864-20fec57d4029,2,6093.705534
2026/02/05/12:03:05,apply-time,rs-006498-nl947,e8f31047-e5a2-42c7-b037-7017e913d425,3,6093.705534
2026/02/05/12:03:05,running-time,rs-006498-nl947,e8f31047-e5a2-42c7-b037-7017e913d425,3,6093.705534
2026/02/05/12:03:06,running-time,rs-006491-gv469,a8c0974a-9795-4ef6-8106-bb18812cff30,1,6095.705534
2026/02/05/12:03:06,running-time,rs-006494-8czlh,76a19851-716c-47a5-b665-ee34d2ded956,3,6094.705534
2026/02/05/12:03:06,running-time,rs-006497-78cgb,18f0bbb6-116a-4cba-8864-20fec57d4029,2,6095.705534
2026/02/05/12:03:08,running-time,rs-006454-7c2bd,554b3588-2af7-4661-9d04-1f4be79f046f,3,6097.705534
2026/02/05/12:03:10,running-time,rs-006485-smw2l,1c6eb1fc-8400-4525-9368-ed583870ee9c,3,6098.705534
2026/02/05/12:03:13,apply-time,rs-006499-2g9ws,93f12108-8165-49fd-b707-fcaa5fc680fa,3,6102.705534
2026/02/05/12:03:13,running-time,rs-006499-2g9ws,93f12108-8165-49fd-b707-fcaa5fc680fa,3,6102.705534
2026/02/05/12:03:14,running-time,rs-006487-88vrb,10189db2-e53e-4f61-a942-a8f141e66e29,2,6103.705534
2026/02/05/12:03:17,apply-time,rs-006500-4khc2,2e510ff1-1deb-41ca-9cbb-eca133952e5b,4,6106.705534
2026/02/05/12:03:17,running-time,rs-006500-4khc2,2e510ff1-1deb-41ca-9cbb-eca133952e5b,4,6106.705534
2026/02/05/12:03:17,apply-time,rs-006500-zm8nr,55460f04-7076-4e5c-9bf0-e12d7515b88c,4,6106.705534
2026/02/05/12:03:17,running-time,rs-006500-zm8nr,55460f04-7076-4e5c-9bf0-e12d7515b88c,4,6106.705534
2026/02/05/12:03:18,apply-time,rs-006501-dgtc9,90ac69e3-adb8-4b51-a4ad-c2f8a19e64c2,3,6106.705534
2026/02/05/12:03:18,running-time,rs-006501-dgtc9,90ac69e3-adb8-4b51-a4ad-c2f8a19e64c2,3,6106.705534
2026/02/05/12:03:18,apply-time,rs-006501-k5lpc,ce232c23-fcee-4439-8c8a-df6b3f1d5220,3,6106.705534
2026/02/05/12:03:18,running-time,rs-006501-k5lpc,ce232c23-fcee-4439-8c8a-df6b3f1d5220,3,6106.705534
2026/02/05/12:03:18,apply-time,rs-006501-zgz8f,e34999da-e8cb-4199-bbb9-a3dc83bc0c3b,3,6106.705534
2026/02/05/12:03:18,running-time,rs-006501-zgz8f,e34999da-e8cb-4199-bbb9-a3dc83bc0c3b,3,6106.705534
2026/02/05/12:03:18,apply-time,rs-006502-jjdbb,c7db7d69-0ba6-46e8-8338-5471641d1672,3,6106.705534
2026/02/05/12:03:18,running-time,rs-006502-jjdbb,c7db7d69-0ba6-46e8-8338-5471641d1672,3,6106.705534
2026/02/05/12:03:18,apply-time,rs-006502-n6tlt,ff5b42a4-5a54-4344-abb3-f2e28fa30cb6,3,6106.705534
2026/02/05/12:03:18,running-time,rs-006502-n6tlt,ff5b42a4-5a54-4344-abb3-f2e28fa30cb6,3,6106.705534
2026/02/05/12:03:18,apply-time,rs-006502-skwsb,8a499a7f-6fb0-42e3-8652-88f6d256458c,3,6106.705534
2026/02/05/12:03:18,running-time,rs-006502-skwsb,8a499a7f-6fb0-42e3-8652-88f6d256458c,3,6106.705534
2026/02/05/12:03:18,apply-time,rs-006503-8xp2n,1a4a1c62-741d-412b-adb4-6e1c76dae504,1,6106.705534
2026/02/05/12:03:18,running-time,rs-006503-8xp2n,1a4a1c62-741d-412b-adb4-6e1c76dae504,1,6106.705534
2026/02/05/12:03:18,apply-time,rs-006504-8cpq9,b11ae38e-9ae2-46cb-9a3a-c04385d1809b,1,6106.705534
2026/02/05/12:03:18,running-time,rs-006504-8cpq9,b11ae38e-9ae2-46cb-9a3a-c04385d1809b,1,6106.705534
2026/02/05/12:03:18,apply-time,rs-006504-mlnsx,c1636ad4-3a75-478f-9233-d582a544413a,1,6106.705534
2026/02/05/12:03:18,apply-time,rs-006504-nhpn4,170b305b-a8c0-410c-a7d7-e71e91bd8b70,1,6106.705534
2026/02/05/12:03:18,apply-time,rs-006505-cfxpp,1724cfce-9f77-4fe3-a8dd-dd588e9a4f22,3,6107.705534
2026/02/05/12:03:18,apply-time,rs-006506-np965,5c2c40e6-a98f-43aa-89a8-279fb24506d6,2,6107.705534
2026/02/05/12:03:18,running-time,rs-006506-np965,5c2c40e6-a98f-43aa-89a8-279fb24506d6,2,6107.705534
2026/02/05/12:03:18,apply-time,rs-006506-ptt8b,d96a27df-572d-499f-a063-3b5dd4e10186,2,6107.705534
2026/02/05/12:03:18,running-time,rs-006506-ptt8b,d96a27df-572d-499f-a063-3b5dd4e10186,2,6107.705534
2026/02/05/12:03:19,running-time,rs-006504-mlnsx,c1636ad4-3a75-478f-9233-d582a544413a,1,6107.705534
2026/02/05/12:03:19,running-time,rs-006504-nhpn4,170b305b-a8c0-410c-a7d7-e71e91bd8b70,1,6107.705534
2026/02/05/12:03:23,apply-time,rs-006507-mlhf6,4d88ab04-77d9-4779-81a9-e27a460e261f,4,6111.705534
2026/02/05/12:03:23,running-time,rs-006507-mlhf6,4d88ab04-77d9-4779-81a9-e27a460e261f,4,6111.705534
2026/02/05/12:03:23,apply-time,rs-006507-r6jkk,9ff49bd6-853f-48bf-9aeb-8747631fa4b0,4,6111.705534
2026/02/05/12:03:23,running-time,rs-006507-r6jkk,9ff49bd6-853f-48bf-9aeb-8747631fa4b0,4,6111.705534
2026/02/05/12:03:24,apply-time,rs-006508-cxclw,1a2594d0-023f-4c01-b2f9-4a07a6d56ca8,1,6113.705534
2026/02/05/12:03:24,running-time,rs-006508-cxclw,1a2594d0-023f-4c01-b2f9-4a07a6d56ca8,1,6113.705534
2026/02/05/12:03:24,apply-time,rs-006508-dwdjw,b7e737ff-3fba-40c1-96cd-d8d8c4eff7d9,1,6113.705534
2026/02/05/12:03:24,running-time,rs-006508-dwdjw,b7e737ff-3fba-40c1-96cd-d8d8c4eff7d9,1,6113.705534
2026/02/05/12:03:24,apply-time,rs-006509-g6xjm,24d8b7d4-7c52-49bd-ad81-5fb98d4c3799,2,6113.705534
2026/02/05/12:03:24,running-time,rs-006509-g6xjm,24d8b7d4-7c52-49bd-ad81-5fb98d4c3799,2,6113.705534
2026/02/05/12:03:27,apply-time,rs-006510-f6bdk,67214a2d-5e28-4aed-9768-26759ab1a0f2,4,6116.705534
2026/02/05/12:03:27,apply-time,rs-006510-ktvkv,1d665cfe-ed02-4f58-a0d2-f45d01a55178,4,6116.705534
2026/02/05/12:03:27,running-time,rs-006510-ktvkv,1d665cfe-ed02-4f58-a0d2-f45d01a55178,4,6116.705534
2026/02/05/12:03:27,apply-time,rs-006511-pkmlz,b074eb6f-72f8-4c59-9f3b-174ce6de5a67,1,6116.705534
2026/02/05/12:03:27,running-time,rs-006511-pkmlz,b074eb6f-72f8-4c59-9f3b-174ce6de5a67,1,6116.705534
2026/02/05/12:03:27,apply-time,rs-006512-hkxhw,09eb881b-f790-4ed4-9815-6148b0091c3c,1,6116.705534
2026/02/05/12:03:27,running-time,rs-006512-hkxhw,09eb881b-f790-4ed4-9815-6148b0091c3c,1,6116.705534
2026/02/05/12:03:27,apply-time,rs-006513-7bbsf,ab878aca-656d-48df-83df-0ac25df7752d,2,6116.705534
2026/02/05/12:03:27,running-time,rs-006513-7bbsf,ab878aca-656d-48df-83df-0ac25df7752d,2,6116.705534
2026/02/05/12:03:27,apply-time,rs-006514-5mwr2,e737d65e-efd6-47e8-9dac-116c9fd6b8c7,1,6116.705534
2026/02/05/12:03:27,running-time,rs-006514-5mwr2,e737d65e-efd6-47e8-9dac-116c9fd6b8c7,1,6116.705534
2026/02/05/12:03:27,apply-time,rs-006515-759xz,0da12f04-f8a7-4b01-a4f9-b04065d0f8c2,4,6116.705534
2026/02/05/12:03:27,running-time,rs-006515-759xz,0da12f04-f8a7-4b01-a4f9-b04065d0f8c2,4,6116.705534
2026/02/05/12:03:27,apply-time,rs-006515-dglh9,77e3c57a-5090-4031-adbd-2432a4921098,4,6116.705534
2026/02/05/12:03:27,running-time,rs-006515-dglh9,77e3c57a-5090-4031-adbd-2432a4921098,4,6116.705534
2026/02/05/12:03:29,apply-time,rs-006516-pk2g9,278c3d30-2cf4-431f-9963-77c096ec67e2,1,6118.705534
2026/02/05/12:03:29,apply-time,rs-006516-wvbr4,2cb0b59e-dd54-4e55-b57e-f4faf68c29ca,1,6118.705534
2026/02/05/12:03:29,apply-time,rs-006517-kkjx8,c564aec3-506c-4fbd-b869-f79f01e6f691,2,6118.705534
2026/02/05/12:03:29,running-time,rs-006517-kkjx8,c564aec3-506c-4fbd-b869-f79f01e6f691,2,6118.705534
2026/02/05/12:03:29,apply-time,rs-006517-nxtnc,74c6426b-8d4d-4885-aa88-393263886ba6,2,6118.705534
2026/02/05/12:03:29,running-time,rs-006517-nxtnc,74c6426b-8d4d-4885-aa88-393263886ba6,2,6118.705534
2026/02/05/12:03:29,apply-time,rs-006517-stc6c,759ed6e3-82c3-4759-a207-fcaa9223c275,2,6118.705534
2026/02/05/12:03:29,running-time,rs-006517-stc6c,759ed6e3-82c3-4759-a207-fcaa9223c275,2,6118.705534
2026/02/05/12:03:29,apply-time,rs-006518-xzjw5,a77ca809-ce53-4241-8af1-855db1c0213e,1,6118.705534
2026/02/05/12:03:29,apply-time,rs-006519-ltjf5,b081ed57-d48f-4d6b-98de-000d7d91fd2b,3,6118.705534
2026/02/05/12:03:29,apply-time,rs-006520-7xnmq,0c3bd43b-7f61-434d-8f16-0f355b0c0ebc,3,6118.705534
2026/02/05/12:03:30,running-time,rs-006516-pk2g9,278c3d30-2cf4-431f-9963-77c096ec67e2,1,6118.705534
2026/02/05/12:03:30,running-time,rs-006516-wvbr4,2cb0b59e-dd54-4e55-b57e-f4faf68c29ca,1,6118.705534
2026/02/05/12:03:30,apply-time,rs-006520-m5wgk,067a52fb-d37c-4158-89f8-6b90b81a8bc5,3,6118.705534
2026/02/05/12:03:30,apply-time,rs-006521-cwk5g,fc920d74-d359-4175-ab7e-7b2b148a5b38,1,6118.705534
2026/02/05/12:03:30,apply-time,rs-006522-m29s5,dbf51e25-2c06-4bf2-bde4-dde8be896f5b,2,6118.705534
2026/02/05/12:03:30,running-time,rs-006522-m29s5,dbf51e25-2c06-4bf2-bde4-dde8be896f5b,2,6118.705534
2026/02/05/12:03:30,apply-time,rs-006523-zt89b,9c5142db-675c-4923-ab3e-f49ff92a21bf,1,6118.705534
2026/02/05/12:03:30,running-time,rs-006523-zt89b,9c5142db-675c-4923-ab3e-f49ff92a21bf,1,6118.705534
2026/02/05/12:03:30,apply-time,rs-006524-bf2kl,74a664aa-e6f1-4960-8b99-c670587a8218,4,6118.705534
2026/02/05/12:03:30,apply-time,rs-006524-cn9k2,280cfe74-d959-4f6d-92fe-97eab0f12b75,4,6119.705534
2026/02/05/12:03:30,apply-time,rs-006524-tv4n8,e5e04294-0d6c-4c3a-821d-4a0e5eb73d33,4,6119.705534
2026/02/05/12:03:32,running-time,rs-006524-bf2kl,74a664aa-e6f1-4960-8b99-c670587a8218,4,6120.705534
2026/02/05/12:03:32,apply-time,rs-006526-bbjrh,fa6cdabf-00f9-45eb-ac4b-69559d235863,2,6121.705534
2026/02/05/12:03:32,apply-time,rs-006526-k22rq,026d21f1-efb4-414e-b4eb-06979ff77ed7,2,6121.705534
2026/02/05/12:03:32,apply-time,rs-006526-mhch6,5cb99011-352f-4124-a8fa-dd8b349b8547,2,6121.705534
2026/02/05/12:03:33,apply-time,rs-006525-p5sbj,7243381c-0ba9-418c-8e5c-924954cc1295,1,6121.705534
2026/02/05/12:03:33,running-time,rs-006525-p5sbj,7243381c-0ba9-418c-8e5c-924954cc1295,1,6121.705534
2026/02/05/12:03:33,apply-time,rs-006525-r7wbj,7bbb89c9-a086-449a-8fe0-4ed67ba7d1fa,1,6121.705534
2026/02/05/12:03:33,running-time,rs-006525-r7wbj,7bbb89c9-a086-449a-8fe0-4ed67ba7d1fa,1,6121.705534
2026/02/05/12:03:33,running-time,rs-006526-bbjrh,fa6cdabf-00f9-45eb-ac4b-69559d235863,2,6121.705534
2026/02/05/12:03:33,running-time,rs-006526-k22rq,026d21f1-efb4-414e-b4eb-06979ff77ed7,2,6121.705534
2026/02/05/12:03:33,running-time,rs-006526-mhch6,5cb99011-352f-4124-a8fa-dd8b349b8547,2,6121.705534
2026/02/05/12:03:35,running-time,rs-006519-ltjf5,b081ed57-d48f-4d6b-98de-000d7d91fd2b,3,6123.705534
2026/02/05/12:03:35,apply-time,rs-006527-4mp25,c55deaa9-cba4-4236-9264-7e73fd3771af,1,6123.705534
2026/02/05/12:03:35,apply-time,rs-006527-66fk8,ec02491e-233c-427a-b3b2-19d155d4903f,1,6123.705534
2026/02/05/12:03:35,apply-time,rs-006528-mpnxc,8dcba7f4-d922-484b-952c-b38a4634e745,1,6123.705534
2026/02/05/12:03:35,apply-time,rs-006528-vv4c4,60857308-a2e4-4246-96bb-48419f156b6e,1,6123.705534
2026/02/05/12:03:35,running-time,rs-006528-vv4c4,60857308-a2e4-4246-96bb-48419f156b6e,1,6123.705534
2026/02/05/12:03:35,apply-time,rs-006529-67j88,b11cb1b2-63eb-4430-a8cd-18cc4fb50066,4,6123.705534
2026/02/05/12:03:35,running-time,rs-006529-67j88,b11cb1b2-63eb-4430-a8cd-18cc4fb50066,4,6123.705534
2026/02/05/12:03:35,apply-time,rs-006529-kdqj6,e906971f-a080-431c-87a9-b38e648e25d1,4,6123.705534
2026/02/05/12:03:35,running-time,rs-006529-kdqj6,e906971f-a080-431c-87a9-b38e648e25d1,4,6124.705534
2026/02/05/12:03:35,apply-time,rs-006530-hfkj5,9ed29370-5c1a-4543-865e-04b076759e94,4,6123.705534
2026/02/05/12:03:35,running-time,rs-006530-hfkj5,9ed29370-5c1a-4543-865e-04b076759e94,4,6123.705534
2026/02/05/12:03:35,apply-time,rs-006530-jrrrd,e6fbf4ae-a6e4-42ab-b5ac-5fa3aabdafcc,4,6123.705534
2026/02/05/12:03:35,running-time,rs-006530-jrrrd,e6fbf4ae-a6e4-42ab-b5ac-5fa3aabdafcc,4,6123.705534
2026/02/05/12:03:35,apply-time,rs-006530-t26rm,15ca9684-975e-4082-a7bb-12b27af0a904,4,6123.705534
2026/02/05/12:03:35,running-time,rs-006530-t26rm,15ca9684-975e-4082-a7bb-12b27af0a904,4,6123.705534
2026/02/05/12:03:35,apply-time,rs-006531-26g4q,9142b5ea-a52c-4248-96c4-b17157dba625,1,6123.705534
2026/02/05/12:03:35,running-time,rs-006531-26g4q,9142b5ea-a52c-4248-96c4-b17157dba625,1,6123.705534
2026/02/05/12:03:35,apply-time,rs-006531-8pl9b,0837e5e6-363e-4a19-b7a3-2db2cd8fb6a1,1,6123.705534
2026/02/05/12:03:35,running-time,rs-006531-8pl9b,0837e5e6-363e-4a19-b7a3-2db2cd8fb6a1,1,6123.705534
2026/02/05/12:03:35,apply-time,rs-006531-s6wq7,259566d6-b843-4648-ade9-31de7132ad56,1,6123.705534
2026/02/05/12:03:36,apply-time,rs-006532-btk6w,50ddf6db-9708-4c5c-aa0b-16e7075b0aec,3,6124.705534
2026/02/05/12:03:36,apply-time,rs-006532-rvrkn,55aad0d9-4f2c-482e-93eb-44c2685c672c,3,6124.705534
2026/02/05/12:03:36,apply-time,rs-006533-g8qrz,605fa188-792b-4a4d-bc69-d6bb960fd37e,1,6124.705534
2026/02/05/12:03:36,running-time,rs-006533-g8qrz,605fa188-792b-4a4d-bc69-d6bb960fd37e,1,6124.705534
2026/02/05/12:03:36,apply-time,rs-006533-w996w,0e0d4bc3-79cd-4449-8e45-56f7b22bfb26,1,6124.705534
2026/02/05/12:03:36,running-time,rs-006533-w996w,0e0d4bc3-79cd-4449-8e45-56f7b22bfb26,1,6124.705534
2026/02/05/12:03:36,apply-time,rs-006534-q8jw4,082f41e4-dd7e-42a1-b1ee-4e818a2a2847,1,6124.705534
2026/02/05/12:03:37,running-time,rs-006531-s6wq7,259566d6-b843-4648-ade9-31de7132ad56,1,6126.705534
2026/02/05/12:03:41,apply-time,rs-006535-c885g,a3280ed7-55a5-4004-8b3a-03f0da97e696,3,6129.705534
2026/02/05/12:03:41,running-time,rs-006535-c885g,a3280ed7-55a5-4004-8b3a-03f0da97e696,3,6129.705534
2026/02/05/12:03:41,apply-time,rs-006535-kvtd6,5fdd8d9d-d59b-4a5a-bbd7-6e2117a47024,3,6129.705534
2026/02/05/12:03:41,running-time,rs-006535-kvtd6,5fdd8d9d-d59b-4a5a-bbd7-6e2117a47024,3,6129.705534
2026/02/05/12:03:41,apply-time,rs-006535-tk2gn,ac523002-588c-44c6-a654-f31bf28c8352,3,6129.705534
2026/02/05/12:03:41,running-time,rs-006535-tk2gn,ac523002-588c-44c6-a654-f31bf28c8352,3,6129.705534
2026/02/05/12:03:41,apply-time,rs-006536-8gsth,a2cf6c5d-4089-45f2-ac8b-b28e7ad6d858,3,6129.705534
2026/02/05/12:03:41,apply-time,rs-006537-bjlwh,dd6c1458-f48a-420f-b88d-a242cfddcc9e,4,6129.705534
2026/02/05/12:03:41,apply-time,rs-006537-jwqsw,6a1539eb-2b25-4d74-92ad-2d22b78ba98a,4,6129.705534
2026/02/05/12:03:41,apply-time,rs-006537-sxqvb,a594b332-08b0-4b83-8a78-7d3a7018137d,4,6129.705534
2026/02/05/12:03:41,running-time,rs-006537-sxqvb,a594b332-08b0-4b83-8a78-7d3a7018137d,4,6129.705534
2026/02/05/12:03:41,apply-time,rs-006538-j485x,d3aecdd1-df20-41f2-af31-88fcc5e9e8f5,1,6130.705534
2026/02/05/12:03:41,running-time,rs-006538-j485x,d3aecdd1-df20-41f2-af31-88fcc5e9e8f5,1,6130.705534
2026/02/05/12:03:41,apply-time,rs-006538-mdm27,554cdefb-dae8-4731-b202-eac50729f67b,1,6129.705534
2026/02/05/12:03:41,running-time,rs-006538-mdm27,554cdefb-dae8-4731-b202-eac50729f67b,1,6129.705534
2026/02/05/12:03:41,apply-time,rs-006539-457g2,cd0c6397-be1d-4d0e-9084-313e6a10c18e,2,6130.705534
2026/02/05/12:03:41,running-time,rs-006539-457g2,cd0c6397-be1d-4d0e-9084-313e6a10c18e,2,6130.705534
2026/02/05/12:03:41,apply-time,rs-006539-4dc5v,5e96c9ed-2b07-42c5-9df6-7767d7733bd1,2,6130.705534
2026/02/05/12:03:41,running-time,rs-006539-4dc5v,5e96c9ed-2b07-42c5-9df6-7767d7733bd1,2,6130.705534
2026/02/05/12:03:41,apply-time,rs-006539-gjhkh,ef50bb22-be47-48e9-9638-2f14159d0869,2,6129.705534
2026/02/05/12:03:41,running-time,rs-006539-gjhkh,ef50bb22-be47-48e9-9638-2f14159d0869,2,6129.705534
2026/02/05/12:03:41,apply-time,rs-006540-pq6lk,33c7baec-e807-4646-9453-8ffa102827dc,1,6129.705534
2026/02/05/12:03:41,running-time,rs-006540-pq6lk,33c7baec-e807-4646-9453-8ffa102827dc,1,6129.705534
2026/02/05/12:03:41,apply-time,rs-006540-txb4w,29e49823-b358-484f-b1c8-e06776f0e5b9,1,6130.705534
2026/02/05/12:03:41,running-time,rs-006540-txb4w,29e49823-b358-484f-b1c8-e06776f0e5b9,1,6130.705534
2026/02/05/12:03:42,apply-time,rs-006541-67q9b,5f3c0641-d8fc-4b2d-9ba5-aeb5d2d8ed1d,2,6131.705534
2026/02/05/12:03:42,apply-time,rs-006541-gwbxz,6e32c5a7-7177-4746-b5f7-e24456086a70,2,6130.705534
2026/02/05/12:03:42,running-time,rs-006541-gwbxz,6e32c5a7-7177-4746-b5f7-e24456086a70,2,6130.705534
2026/02/05/12:03:43,running-time,rs-006541-67q9b,5f3c0641-d8fc-4b2d-9ba5-aeb5d2d8ed1d,2,6132.705534
2026/02/05/12:03:43,apply-time,rs-006542-2zrgk,469cc9b9-7521-40ef-975f-f0bb9d8f809f,4,6131.705534
2026/02/05/12:03:43,apply-time,rs-006542-ctb8p,01bae8c2-2582-4395-955c-975f410ecbb5,4,6131.705534
2026/02/05/12:03:43,apply-time,rs-006542-vc9pd,1a5da0bf-70b1-4662-be22-6be746513e96,4,6131.705534
2026/02/05/12:03:43,apply-time,rs-006543-8bbbh,07b579a2-b54b-41ef-a4c3-98759e87dd2f,3,6131.705534
2026/02/05/12:03:43,running-time,rs-006543-8bbbh,07b579a2-b54b-41ef-a4c3-98759e87dd2f,3,6132.705534
2026/02/05/12:03:43,apply-time,rs-006543-gqrrq,05b6eabf-217a-46ff-9739-cbb6bc2cfefa,3,6131.705534
2026/02/05/12:03:43,apply-time,rs-006544-z268l,04942ecd-e974-45c6-b23c-b26dd59b99fc,1,6131.705534
2026/02/05/12:03:43,apply-time,rs-006545-sxbbm,181776c0-3701-4330-bd41-61cb02839ba6,1,6132.705534
2026/02/05/12:03:43,apply-time,rs-006546-zpkvt,aa3439eb-5cb2-4b7e-90ef-419080bb7a70,2,6132.705534
2026/02/05/12:03:44,apply-time,rs-006545-nwtxz,7bb0db9b-eb0a-4474-b81f-c0dcee2754c7,1,6132.705534
2026/02/05/12:03:45,running-time,rs-006546-zpkvt,aa3439eb-5cb2-4b7e-90ef-419080bb7a70,2,6133.705534
2026/02/05/12:03:45,apply-time,rs-006547-fpsgx,8eb3ffe4-2739-48ac-b5ef-da39cf904e96,3,6133.705534
2026/02/05/12:03:45,apply-time,rs-006547-jhqk7,8960383f-3c54-4920-8b4d-71deed3729d5,3,6133.705534
2026/02/05/12:03:45,apply-time,rs-006547-vjcfr,e18bbeac-ec11-4622-ae72-7284f2d035f1,3,6133.705534
2026/02/05/12:03:45,apply-time,rs-006548-fnsnf,770d9ba7-94ae-4479-b010-347685bd23e8,4,6133.705534
2026/02/05/12:03:45,apply-time,rs-006548-t6kqp,e51edfb3-e2cc-4626-8093-3c39c3a751eb,4,6133.705534
2026/02/05/12:03:45,apply-time,rs-006549-795lz,2e887758-2477-4c1e-9721-e945d325b9c4,4,6134.705534
2026/02/05/12:03:45,apply-time,rs-006550-8xvlr,a2e2048f-2247-4e8f-a144-901074b71536,1,6134.705534
2026/02/05/12:03:45,apply-time,rs-006552-cplsn,e09ae56c-3f41-4567-b2d3-4142587946bd,2,6134.705534
2026/02/05/12:03:46,running-time,rs-006548-t6kqp,e51edfb3-e2cc-4626-8093-3c39c3a751eb,4,6134.705534
2026/02/05/12:03:46,apply-time,rs-006549-5xmhw,fc70f6e2-eb12-4ff9-8ff0-468716672856,4,6134.705534
2026/02/05/12:03:46,running-time,rs-006549-5xmhw,fc70f6e2-eb12-4ff9-8ff0-468716672856,4,6135.705534
2026/02/05/12:03:46,apply-time,rs-006549-cmhrm,6142aa12-bc12-4398-a9a8-4181c19c9ebe,4,6134.705534
2026/02/05/12:03:46,running-time,rs-006549-cmhrm,6142aa12-bc12-4398-a9a8-4181c19c9ebe,4,6134.705534
2026/02/05/12:03:46,apply-time,rs-006550-ldlvq,93ca7b86-33f2-46d2-869d-634678970932,1,6134.705534
2026/02/05/12:03:46,apply-time,rs-006551-ckmt5,bd6850c6-dc80-4ab3-b3c0-eee2a9206827,3,6134.705534
2026/02/05/12:03:46,apply-time,rs-006551-llx5b,aadc9ecb-a1b1-4bc9-8249-f14d0a7b33e9,3,6134.705534
2026/02/05/12:03:46,apply-time,rs-006552-sbzd9,8d4d6fd0-632c-43e0-805a-98106b7244a4,2,6134.705534
2026/02/05/12:03:46,apply-time,rs-006552-tbss2,918ff257-9647-4b65-8561-6182bed924c2,2,6134.705534
2026/02/05/12:03:46,apply-time,rs-006553-5v8kz,ba96be34-69a9-497d-9582-0f4e68233cd5,3,6134.705534
2026/02/05/12:03:46,apply-time,rs-006553-gqqkp,114cc8ee-5f2b-44aa-a2aa-1734370c6c3d,3,6134.705534
2026/02/05/12:03:46,apply-time,rs-006554-48qzw,ef2f16dc-3a46-41b1-8e0f-0e2bf5beff9d,1,6135.705534
2026/02/05/12:03:46,apply-time,rs-006555-kmn47,741bf0d1-3719-47a0-b5f7-bea1c09ed721,1,6135.705534
2026/02/05/12:03:47,running-time,rs-006549-795lz,2e887758-2477-4c1e-9721-e945d325b9c4,4,6136.705534
2026/02/05/12:03:47,apply-time,rs-006554-xkzgq,9736a40b-76bd-4634-9569-b7bccc4839df,1,6135.705534
2026/02/05/12:03:47,apply-time,rs-006555-ghp66,4847f637-ac6a-407e-86ee-6130d4b60dcf,1,6135.705534
2026/02/05/12:03:47,apply-time,rs-006556-nfggf,fc35eb71-e912-4684-8408-563c9654747f,2,6135.705534
2026/02/05/12:03:47,apply-time,rs-006557-b8mvh,805fff7e-a529-4a4c-9fa8-5c5f83f61d63,2,6135.705534
2026/02/05/12:03:47,running-time,rs-006557-b8mvh,805fff7e-a529-4a4c-9fa8-5c5f83f61d63,2,6136.705534
2026/02/05/12:03:47,apply-time,rs-006558-7g57v,8049e1fa-80e6-4adf-a676-91be34dbe28c,1,6135.705534
2026/02/05/12:03:47,running-time,rs-006558-7g57v,8049e1fa-80e6-4adf-a676-91be34dbe28c,1,6136.705534
2026/02/05/12:03:47,apply-time,rs-006558-xkxgg,9ef003d8-dbda-4525-a868-66ce66f91aa4,1,6135.705534
2026/02/05/12:03:47,running-time,rs-006558-xkxgg,9ef003d8-dbda-4525-a868-66ce66f91aa4,1,6136.705534
2026/02/05/12:03:47,apply-time,rs-006559-bpm9n,9c62c2e1-6d92-416f-8545-1f30e1ca5e0a,3,6136.705534
2026/02/05/12:03:47,apply-time,rs-006559-fdkmz,feb4f155-5b71-45fc-8515-186c6f0aa2be,3,6136.705534
2026/02/05/12:03:49,running-time,rs-006548-fnsnf,770d9ba7-94ae-4479-b010-347685bd23e8,4,6138.705534
2026/02/05/12:03:49,running-time,rs-006553-gqqkp,114cc8ee-5f2b-44aa-a2aa-1734370c6c3d,3,6138.705534
2026/02/05/12:03:49,running-time,rs-006559-bpm9n,9c62c2e1-6d92-416f-8545-1f30e1ca5e0a,3,6137.705534
2026/02/05/12:03:49,running-time,rs-006559-fdkmz,feb4f155-5b71-45fc-8515-186c6f0aa2be,3,6137.705534
2026/02/05/12:03:51,running-time,rs-006553-5v8kz,ba96be34-69a9-497d-9582-0f4e68233cd5,3,6139.705534
2026/02/05/12:03:51,apply-time,rs-006560-6dchb,208a9608-0c49-430c-85c4-612c026873e5,1,6139.705534
2026/02/05/12:03:51,apply-time,rs-006560-zljvr,a88f6f1f-20ed-4dcc-b85c-b9482ec70b58,1,6139.705534
2026/02/05/12:03:56,apply-time,rs-006561-587c2,3b4466b3-a788-4f5d-8353-b229a67f0d89,4,6144.705534
2026/02/05/12:03:56,running-time,rs-006561-587c2,3b4466b3-a788-4f5d-8353-b229a67f0d89,4,6144.705534
2026/02/05/12:03:56,apply-time,rs-006561-7h5jv,1fa3ed8e-4051-4dcc-8242-6fcdf7bc318a,4,6144.705534
2026/02/05/12:03:56,running-time,rs-006561-7h5jv,1fa3ed8e-4051-4dcc-8242-6fcdf7bc318a,4,6144.705534
2026/02/05/12:03:56,apply-time,rs-006561-7qrjd,e6834a32-1266-49b9-a6e5-03d04bb9d094,4,6144.705534
2026/02/05/12:03:56,running-time,rs-006561-7qrjd,e6834a32-1266-49b9-a6e5-03d04bb9d094,4,6144.705534
2026/02/05/12:03:56,apply-time,rs-006562-2bprh,ec41ca84-dba4-4364-a469-ddbe72c99529,4,6144.705534
2026/02/05/12:03:56,apply-time,rs-006562-45nd5,8e963a17-7903-453d-a10a-6cb121620d3c,4,6144.705534
2026/02/05/12:03:56,apply-time,rs-006563-7dw52,a704808d-7cfa-4472-be23-905bed78e7ca,4,6144.705534
2026/02/05/12:03:56,apply-time,rs-006564-5h75h,94e03d7a-fda6-4b2e-aba5-679268854069,4,6144.705534
2026/02/05/12:03:56,apply-time,rs-006564-pqmfv,1cdb7d62-8fe8-4584-a649-54fa9bc45a0d,4,6144.705534
2026/02/05/12:03:56,running-time,rs-006564-pqmfv,1cdb7d62-8fe8-4584-a649-54fa9bc45a0d,4,6145.705534
2026/02/05/12:03:56,apply-time,rs-006564-xbmqf,59178f29-0d5e-464e-9919-c3c0798d481a,4,6144.705534
2026/02/05/12:03:56,running-time,rs-006564-xbmqf,59178f29-0d5e-464e-9919-c3c0798d481a,4,6144.705534
2026/02/05/12:03:56,apply-time,rs-006565-5wbk7,36dcb2ae-6e86-4403-92d8-3a4cd076f8ba,2,6144.705534
2026/02/05/12:03:56,apply-time,rs-006565-k6cb4,d6298d27-26f7-415e-b49d-608447615204,2,6144.705534
2026/02/05/12:03:56,running-time,rs-006565-k6cb4,d6298d27-26f7-415e-b49d-608447615204,2,6145.705534
2026/02/05/12:03:56,apply-time,rs-006566-gx8hc,77dc8ad4-3395-4c7c-a297-f71a9494b9e4,1,6144.705534
2026/02/05/12:03:56,apply-time,rs-006566-k47pn,17fc4e52-afeb-4d9e-b259-86ec05520938,1,6144.705534
2026/02/05/12:03:56,apply-time,rs-006566-wsn72,ae419c3d-5c41-41c1-8c5a-45a05b8feda9,1,6144.705534
2026/02/05/12:03:58,running-time,rs-006564-5h75h,94e03d7a-fda6-4b2e-aba5-679268854069,4,6147.705534
2026/02/05/12:03:58,running-time,rs-006565-5wbk7,36dcb2ae-6e86-4403-92d8-3a4cd076f8ba,2,6147.705534
2026/02/05/12:03:58,running-time,rs-006566-k47pn,17fc4e52-afeb-4d9e-b259-86ec05520938,1,6147.705534
2026/02/05/12:04:03,apply-time,rs-006567-24t24,e35f0707-b884-4a4f-a8b6-f36176d6e447,3,6151.705534
2026/02/05/12:04:03,apply-time,rs-006567-9ll4x,de2c93c4-a678-4890-b122-7e711a029a0e,3,6151.705534
2026/02/05/12:04:03,apply-time,rs-006567-lzf99,dac70366-413a-4b35-aaf3-90b49f822a02,3,6151.705534
2026/02/05/12:04:03,apply-time,rs-006568-vbtsm,f93eb417-823d-4606-a5f1-51958b73cda4,1,6151.705534
2026/02/05/12:04:03,running-time,rs-006568-vbtsm,f93eb417-823d-4606-a5f1-51958b73cda4,1,6151.705534
2026/02/05/12:04:03,apply-time,rs-006568-zmx2s,1597786f-665a-4b77-a214-b0becbfea2b5,1,6151.705534
2026/02/05/12:04:03,running-time,rs-006568-zmx2s,1597786f-665a-4b77-a214-b0becbfea2b5,1,6151.705534
2026/02/05/12:04:03,apply-time,rs-006569-f6rnx,27f24a7c-7696-4f7f-8a85-782b900b1da6,4,6151.705534
2026/02/05/12:04:03,apply-time,rs-006569-wzck8,106f51a5-b460-4164-bcc8-efb81e8d45f3,4,6151.705534
2026/02/05/12:04:03,apply-time,rs-006570-jfkxt,cacdf78a-fec3-490b-b0f2-aa125815696c,1,6151.705534
2026/02/05/12:04:03,running-time,rs-006570-jfkxt,cacdf78a-fec3-490b-b0f2-aa125815696c,1,6151.705534
2026/02/05/12:04:03,apply-time,rs-006571-5sff8,2a78d012-1cc6-409b-80f5-502e8e2fa728,2,6151.705534
2026/02/05/12:04:03,apply-time,rs-006572-5lj9d,fb9f4491-3764-47c2-b1d9-71f9f97fba1c,4,6151.705534
2026/02/05/12:04:03,running-time,rs-006572-5lj9d,fb9f4491-3764-47c2-b1d9-71f9f97fba1c,4,6151.705534
2026/02/05/12:04:03,apply-time,rs-006572-wvvnk,8ba71326-3a13-479c-bdf9-2d013f0de3ad,4,6151.705534
2026/02/05/12:04:03,running-time,rs-006572-wvvnk,8ba71326-3a13-479c-bdf9-2d013f0de3ad,4,6151.705534
2026/02/05/12:04:03,apply-time,rs-006573-lxhmd,a5fb57fd-de03-46da-836b-d66465fd380e,2,6151.705534
2026/02/05/12:04:03,running-time,rs-006573-lxhmd,a5fb57fd-de03-46da-836b-d66465fd380e,2,6151.705534
2026/02/05/12:04:03,apply-time,rs-006573-n4fmx,2ed683d5-9087-4a74-b8c1-1bd2a5519d0f,2,6152.705534
2026/02/05/12:04:03,apply-time,rs-006574-pqmpb,328d704c-d98b-43cb-9508-5004bdbe754f,1,6152.705534
2026/02/05/12:04:03,apply-time,rs-006574-qggkr,731932a0-046f-4b28-8867-2d29b4853b1a,1,6152.705534
2026/02/05/12:04:03,apply-time,rs-006575-6ftgr,2606841e-0f60-4fbc-a975-a3599d31aef9,3,6152.705534
2026/02/05/12:04:04,apply-time,rs-006575-b7pd2,faec509f-7f60-4a19-9a81-4dafbeb06466,3,6152.705534
2026/02/05/12:04:04,apply-time,rs-006576-shpt7,1d073971-ee47-419a-80ea-ea1c62c5d70d,3,6152.705534
2026/02/05/12:04:04,apply-time,rs-006577-t5pdm,9fe186ef-5681-49ad-a70d-e1ffe78750da,4,6152.705534
2026/02/05/12:04:04,apply-time,rs-006578-nlfkg,aebfc77e-bfed-47f0-95fb-2d5b1249f2df,3,6152.705534
2026/02/05/12:04:04,apply-time,rs-006578-s2g5d,741ca741-b5ff-4899-a60c-6d54aca29d74,3,6153.705534
2026/02/05/12:04:07,apply-time,rs-006579-2dh4m,1a5e7cb7-09c5-45c7-905a-76483ebb4b76,1,6156.705534
2026/02/05/12:04:07,apply-time,rs-006579-vbcq9,fd3e8dfd-2bf9-412a-993e-df08666cc9ac,1,6156.705534
2026/02/05/12:04:07,apply-time,rs-006579-wrjk5,db0d52ee-b9a8-45e7-abf6-29b6590d7811,1,6156.705534
2026/02/05/12:04:08,running-time,rs-006577-t5pdm,9fe186ef-5681-49ad-a70d-e1ffe78750da,4,6156.705534
2026/02/05/12:04:08,running-time,rs-006579-vbcq9,fd3e8dfd-2bf9-412a-993e-df08666cc9ac,1,6157.705534
2026/02/05/12:04:09,running-time,rs-006551-ckmt5,bd6850c6-dc80-4ab3-b3c0-eee2a9206827,3,6158.705534
2026/02/05/12:04:09,running-time,rs-006573-n4fmx,2ed683d5-9087-4a74-b8c1-1bd2a5519d0f,2,6157.705534
2026/02/05/12:04:09,running-time,rs-006576-shpt7,1d073971-ee47-419a-80ea-ea1c62c5d70d,3,6158.705534
2026/02/05/12:04:13,apply-time,rs-006580-brqkq,76481506-2785-4ff4-94e2-790e48833e14,4,6162.705534
2026/02/05/12:04:13,apply-time,rs-006581-4qz24,3470b555-38e2-41ee-aa48-a8e6b7fc14bb,2,6162.705534
2026/02/05/12:04:13,running-time,rs-006581-4qz24,3470b555-38e2-41ee-aa48-a8e6b7fc14bb,2,6162.705534
2026/02/05/12:04:13,apply-time,rs-006582-9s6s8,76713ad6-d3ba-473f-8204-b9c3d3e1a39e,2,6162.705534
2026/02/05/12:04:13,running-time,rs-006582-9s6s8,76713ad6-d3ba-473f-8204-b9c3d3e1a39e,2,6162.705534
2026/02/05/12:04:13,apply-time,rs-006582-djflr,811472b0-1cf7-466d-991e-b796a31e532d,2,6162.705534
2026/02/05/12:04:13,running-time,rs-006582-djflr,811472b0-1cf7-466d-991e-b796a31e532d,2,6162.705534
2026/02/05/12:04:14,apply-time,rs-006583-dc4w2,a0f7da4e-6a2a-4107-8ee9-5ddc2f1dff48,3,6162.705534
2026/02/05/12:04:14,apply-time,rs-006583-dm5t9,cfbdea23-fd5b-46f0-9af3-6d22d44e1e5a,3,6162.705534
2026/02/05/12:04:14,apply-time,rs-006583-sfbrp,7e8c2761-cba3-4246-83c1-86b88155631f,3,6162.705534
2026/02/05/12:04:14,apply-time,rs-006584-hftm8,3f4c5f79-37cc-413f-85c2-b71bfb6363c1,4,6162.705534
2026/02/05/12:04:14,running-time,rs-006584-hftm8,3f4c5f79-37cc-413f-85c2-b71bfb6363c1,4,6162.705534
2026/02/05/12:04:14,apply-time,rs-006585-dhxq8,9266ea22-9f6e-4bfc-a8ef-baf472b29ee3,1,6162.705534
2026/02/05/12:04:14,apply-time,rs-006586-98rnx,b6999e2a-9545-4d1b-b741-7090686984a3,3,6162.705534
2026/02/05/12:04:14,apply-time,rs-006586-qhzqs,2e31cbb9-d925-40ca-9569-7bd168ea5df7,3,6162.705534
2026/02/05/12:04:14,apply-time,rs-006586-t97zr,3252f2c6-7067-47c3-aa4a-75d293808664,3,6162.705534
2026/02/05/12:04:16,running-time,rs-006585-dhxq8,9266ea22-9f6e-4bfc-a8ef-baf472b29ee3,1,6164.705534
2026/02/05/12:04:19,apply-time,rs-006587-rvznt,53d269e7-633d-4673-821a-0ad0c6c1ab41,2,6167.705534
2026/02/05/12:04:19,apply-time,rs-006587-s8gf8,3c0ebed5-d488-4122-91aa-5c9fe7a3a2ba,2,6167.705534
2026/02/05/12:04:19,running-time,rs-006587-s8gf8,3c0ebed5-d488-4122-91aa-5c9fe7a3a2ba,2,6167.705534
2026/02/05/12:04:19,apply-time,rs-006587-xk8kg,1076736d-21b4-4d71-bbf9-3dd5423e8169,2,6167.705534
2026/02/05/12:04:19,apply-time,rs-006588-6slpz,8f4112ac-74eb-4d73-9dc6-b7eff763e47e,1,6167.705534
2026/02/05/12:04:19,running-time,rs-006588-6slpz,8f4112ac-74eb-4d73-9dc6-b7eff763e47e,1,6167.705534
2026/02/05/12:04:19,apply-time,rs-006588-fwhg8,955fdffb-870c-4d1d-8dc1-b13c9a5a4f6b,1,6167.705534
2026/02/05/12:04:19,apply-time,rs-006588-qq96t,76df4dad-7431-4cc8-b13b-e3614d5a35a5,1,6167.705534
2026/02/05/12:04:20,running-time,rs-006588-qq96t,76df4dad-7431-4cc8-b13b-e3614d5a35a5,1,6168.705534
2026/02/05/12:04:23,running-time,rs-006588-fwhg8,955fdffb-870c-4d1d-8dc1-b13c9a5a4f6b,1,6171.705534
2026/02/05/12:04:25,apply-time,rs-006589-cb8vt,87125132-fada-460c-9949-f3372afcd79a,4,6173.705534
2026/02/05/12:04:25,running-time,rs-006589-cb8vt,87125132-fada-460c-9949-f3372afcd79a,4,6173.705534
2026/02/05/12:04:25,apply-time,rs-006590-244wf,a8fe73d0-83fa-4240-9305-c3658b651f11,4,6173.705534
2026/02/05/12:04:25,running-time,rs-006590-244wf,a8fe73d0-83fa-4240-9305-c3658b651f11,4,6174.705534
2026/02/05/12:04:25,apply-time,rs-006590-dswmv,23c19ca2-e0c5-4fb6-855c-d06329db26b7,4,6173.705534
2026/02/05/12:04:25,running-time,rs-006590-dswmv,23c19ca2-e0c5-4fb6-855c-d06329db26b7,4,6174.705534
2026/02/05/12:04:25,apply-time,rs-006590-khsxz,184201e4-f666-4c2b-9d63-a38486337b92,4,6173.705534
2026/02/05/12:04:25,running-time,rs-006590-khsxz,184201e4-f666-4c2b-9d63-a38486337b92,4,6174.705534
2026/02/05/12:04:26,apply-time,rs-006591-762q7,4626f772-6b42-425c-9f70-ea27a6e3bb47,3,6174.705534
2026/02/05/12:04:26,apply-time,rs-006592-9rc6j,2485fdb8-887c-4719-a049-799d252bdf13,3,6174.705534
2026/02/05/12:04:26,apply-time,rs-006592-v7w2w,7a59bf4a-cfc3-4899-9391-40d96aa32ad3,3,6174.705534
2026/02/05/12:04:26,apply-time,rs-006592-zmffq,d8d9f588-b488-4c5f-b4f2-f8e96e4acd77,3,6174.705534
2026/02/05/12:04:26,running-time,rs-006592-zmffq,d8d9f588-b488-4c5f-b4f2-f8e96e4acd77,3,6174.705534
2026/02/05/12:04:26,apply-time,rs-006593-btw7b,09293107-f46e-4b4e-87e1-06d587d5440b,3,6174.705534
2026/02/05/12:04:26,apply-time,rs-006593-g8dnq,1426f6c8-33d2-4d2d-b660-b7fc7c39c75a,3,6174.705534
2026/02/05/12:04:26,apply-time,rs-006594-gnvnm,4769d7a6-8a88-4fbb-93a1-4b54c24969b5,3,6174.705534
2026/02/05/12:04:26,apply-time,rs-006595-kg2tr,9ef84004-a189-4e10-bd19-d99520729416,1,6174.705534
2026/02/05/12:04:26,apply-time,rs-006596-cs4cx,3148ea91-f811-4288-9bd6-97640264ec50,2,6174.705534
2026/02/05/12:04:26,apply-time,rs-006597-4529g,689a285f-be45-4750-bc69-4ea5127731b4,2,6174.705534
2026/02/05/12:04:26,apply-time,rs-006598-8w8ms,0a78b484-003a-4670-a79f-37fdf5f61792,2,6175.705534
2026/02/05/12:04:26,apply-time,rs-006598-cvzhr,d7c2d09b-5005-41d6-9539-d86722563c40,2,6175.705534
2026/02/05/12:04:26,apply-time,rs-006598-q6695,add9aa66-9168-4fd0-89fa-667ffd82b67a,2,6175.705534
2026/02/05/12:04:26,apply-time,rs-006599-6hwzk,feb448fc-a96d-429d-aaed-adae1198ea7f,2,6175.705534
2026/02/05/12:04:26,apply-time,rs-006599-nqn5z,74d08291-4342-4602-82c2-c87da839456d,2,6175.705534
2026/02/05/12:04:27,apply-time,rs-006600-djtfm,15b1678e-74c4-49f6-bfcf-69cb167acc2c,3,6176.705534
2026/02/05/12:04:27,apply-time,rs-006600-hbqcd,6d9af818-d973-4c06-a455-50ec82515b1d,3,6176.705534
2026/02/05/12:04:27,apply-time,rs-006600-qz7l6,66201eda-9491-4221-9020-622b18f49709,3,6175.705534
2026/02/05/12:04:27,apply-time,rs-006601-wxf7r,daf8ccaf-81de-419b-a768-23ff84e34e28,4,6175.705534
2026/02/05/12:04:27,apply-time,rs-006601-zr8fz,d87fed20-f9a5-4229-a900-ad46151d8448,4,6175.705534
2026/02/05/12:04:27,apply-time,rs-006602-lvtwp,13d7720d-4082-45c5-9e62-cc4de0d96510,4,6175.705534
2026/02/05/12:04:27,apply-time,rs-006604-6lxfp,ff3a89ea-870f-4bad-808d-22d56a5beea7,1,6176.705534
2026/02/05/12:04:28,running-time,rs-006592-9rc6j,2485fdb8-887c-4719-a049-799d252bdf13,3,6176.705534
2026/02/05/12:04:28,running-time,rs-006592-v7w2w,7a59bf4a-cfc3-4899-9391-40d96aa32ad3,3,6176.705534
2026/02/05/12:04:28,running-time,rs-006594-gnvnm,4769d7a6-8a88-4fbb-93a1-4b54c24969b5,3,6176.705534
2026/02/05/12:04:28,apply-time,rs-006603-8hcdd,f2f23dd6-bd39-4008-a4aa-58def9d12610,2,6176.705534
2026/02/05/12:04:28,running-time,rs-006603-8hcdd,f2f23dd6-bd39-4008-a4aa-58def9d12610,2,6177.705534
2026/02/05/12:04:28,apply-time,rs-006605-7h4q5,00683384-9230-4d1e-82b2-9998bda3203f,1,6176.705534
2026/02/05/12:04:28,running-time,rs-006605-7h4q5,00683384-9230-4d1e-82b2-9998bda3203f,1,6176.705534
2026/02/05/12:04:28,apply-time,rs-006605-f5jg4,7bc03140-cadd-4452-aa25-b40c4c3198a2,1,6176.705534
2026/02/05/12:04:28,running-time,rs-006605-f5jg4,7bc03140-cadd-4452-aa25-b40c4c3198a2,1,6177.705534
2026/02/05/12:04:28,apply-time,rs-006605-znz7d,bf1be61b-a0b3-4d13-9c08-d15126106a69,1,6176.705534
2026/02/05/12:04:28,apply-time,rs-006606-vh5wp,50ca3a36-9079-4a04-bb43-265509b93375,3,6176.705534
2026/02/05/12:04:28,running-time,rs-006606-vh5wp,50ca3a36-9079-4a04-bb43-265509b93375,3,6176.705534
2026/02/05/12:04:28,apply-time,rs-006607-ljqgn,0e507645-903a-4408-b696-25b77e41f2fc,1,6176.705534
2026/02/05/12:04:28,apply-time,rs-006607-s49fr,cf56e99e-f4ce-4ee6-a2f6-c613871ff837,1,6176.705534
2026/02/05/12:04:29,running-time,rs-006597-4529g,689a285f-be45-4750-bc69-4ea5127731b4,2,6177.705534
2026/02/05/12:04:29,running-time,rs-006600-hbqcd,6d9af818-d973-4c06-a455-50ec82515b1d,3,6177.705534
2026/02/05/12:04:29,running-time,rs-006600-qz7l6,66201eda-9491-4221-9020-622b18f49709,3,6177.705534
2026/02/05/12:04:29,running-time,rs-006605-znz7d,bf1be61b-a0b3-4d13-9c08-d15126106a69,1,6177.705534
2026/02/05/12:04:31,running-time,rs-006599-6hwzk,feb448fc-a96d-429d-aaed-adae1198ea7f,2,6179.705534
2026/02/05/12:04:31,running-time,rs-006599-nqn5z,74d08291-4342-4602-82c2-c87da839456d,2,6179.705534
2026/02/05/12:04:31,apply-time,rs-006608-ddlv5,34edd01a-405e-48ca-be1f-03519a3a7288,4,6179.705534
2026/02/05/12:04:31,apply-time,rs-006608-f8r49,c3791215-b6fc-4b4e-9651-445b408c8d30,4,6179.705534
2026/02/05/12:04:31,apply-time,rs-006609-9lkvt,176cadd4-f7fb-45f9-8eb9-01c1361f1a82,3,6179.705534
2026/02/05/12:04:31,running-time,rs-006609-9lkvt,176cadd4-f7fb-45f9-8eb9-01c1361f1a82,3,6179.705534
2026/02/05/12:04:32,apply-time,rs-006610-68c8h,98896615-e10a-4a0f-92ee-47900c2117a3,1,6180.705534
2026/02/05/12:04:32,apply-time,rs-006611-g7pnd,f5ae2913-a43f-4794-b9ae-88330e71bb2c,4,6180.705534
2026/02/05/12:04:32,running-time,rs-006611-g7pnd,f5ae2913-a43f-4794-b9ae-88330e71bb2c,4,6180.705534
2026/02/05/12:04:32,apply-time,rs-006612-4twwf,f5142250-192b-4f7c-9f0f-035cfa04a5b6,1,6180.705534
2026/02/05/12:04:32,apply-time,rs-006613-6j9vr,c9a39441-0759-49e3-809a-a36f4292d108,4,6180.705534
2026/02/05/12:04:32,running-time,rs-006613-6j9vr,c9a39441-0759-49e3-809a-a36f4292d108,4,6180.705534
2026/02/05/12:04:32,apply-time,rs-006613-t59xm,1dafd204-d592-40c0-af46-f5f2168569ca,4,6180.705534
2026/02/05/12:04:32,running-time,rs-006613-t59xm,1dafd204-d592-40c0-af46-f5f2168569ca,4,6180.705534
2026/02/05/12:04:32,apply-time,rs-006614-brnpc,34753892-c641-4035-a797-b91fa6671cc7,2,6180.705534
2026/02/05/12:04:32,apply-time,rs-006614-chm88,7dea9445-0489-418b-ae47-1e2754c278f3,2,6180.705534
2026/02/05/12:04:32,running-time,rs-006614-chm88,7dea9445-0489-418b-ae47-1e2754c278f3,2,6180.705534
2026/02/05/12:04:32,apply-time,rs-006614-tclk8,f626b80a-c7a9-4d24-b537-91ba4339d948,2,6180.705534
2026/02/05/12:04:32,running-time,rs-006614-tclk8,f626b80a-c7a9-4d24-b537-91ba4339d948,2,6180.705534
2026/02/05/12:04:32,apply-time,rs-006615-pb426,84de09d4-7aea-402f-bc7a-2cf24dbab28f,2,6181.705534
2026/02/05/12:04:32,apply-time,rs-006615-vkrhq,5751269f-004b-4fed-bc14-f54965339a43,2,6181.705534
2026/02/05/12:04:32,apply-time,rs-006616-hkmln,cb9a6bd3-909f-4d65-9add-f96f58791dc0,1,6181.705534
2026/02/05/12:04:33,running-time,rs-006610-68c8h,98896615-e10a-4a0f-92ee-47900c2117a3,1,6181.705534
2026/02/05/12:04:33,running-time,rs-006614-brnpc,34753892-c641-4035-a797-b91fa6671cc7,2,6181.705534
2026/02/05/12:04:33,running-time,rs-006615-pb426,84de09d4-7aea-402f-bc7a-2cf24dbab28f,2,6181.705534
2026/02/05/12:04:34,running-time,rs-006615-vkrhq,5751269f-004b-4fed-bc14-f54965339a43,2,6182.705534
2026/02/05/12:04:34,apply-time,rs-006617-mjv9p,ed9cc5b7-812b-4795-9ba5-226f5364da07,2,6182.705534
2026/02/05/12:04:34,apply-time,rs-006618-j4fz9,740c6cd6-fd24-46d7-96c7-dfea70b853a1,2,6182.705534
2026/02/05/12:04:34,running-time,rs-006618-j4fz9,740c6cd6-fd24-46d7-96c7-dfea70b853a1,2,6182.705534
2026/02/05/12:04:35,running-time,rs-006616-hkmln,cb9a6bd3-909f-4d65-9add-f96f58791dc0,1,6183.705534
2026/02/05/12:04:36,running-time,rs-006602-lvtwp,13d7720d-4082-45c5-9e62-cc4de0d96510,4,6184.705534
2026/02/05/12:04:40,apply-time,rs-006619-r8zr8,51adb586-aa36-4045-a3d2-0687d5c80203,2,6189.705534
2026/02/05/12:04:40,apply-time,rs-006620-dsr49,2bbf4800-cb46-4cad-b55a-b2e1ff507d8a,3,6189.705534
2026/02/05/12:04:40,running-time,rs-006620-dsr49,2bbf4800-cb46-4cad-b55a-b2e1ff507d8a,3,6189.705534
2026/02/05/12:04:40,apply-time,rs-006620-t275k,d95c1bf9-cfb0-4502-b692-109f75c43819,3,6189.705534
2026/02/05/12:04:40,apply-time,rs-006620-tjk5b,0a2f3c29-eaea-4cec-8c13-a0f358c713b9,3,6189.705534
2026/02/05/12:04:40,apply-time,rs-006621-cg4sq,2524083e-9c27-4a1f-9bee-7ed02878889c,1,6189.705534
2026/02/05/12:04:40,apply-time,rs-006621-wjq6w,0e2ced9d-ed60-409c-9159-ca92830a87a4,1,6189.705534
2026/02/05/12:04:40,apply-time,rs-006622-7mqkp,16437d68-90f0-4631-8a87-5381c8bfd5e7,1,6189.705534
2026/02/05/12:04:40,apply-time,rs-006622-8whll,262b270e-7b6e-4172-8b60-98baa38dcc71,1,6189.705534
2026/02/05/12:04:40,apply-time,rs-006623-2xwpb,af9d4cbc-2604-4a1f-b7aa-2009fbe37822,2,6189.705534
2026/02/05/12:04:40,running-time,rs-006623-2xwpb,af9d4cbc-2604-4a1f-b7aa-2009fbe37822,2,6189.705534
2026/02/05/12:04:41,apply-time,rs-006624-nsvzg,48de52ad-c60b-48dd-9c06-3540673d797c,3,6189.705534
2026/02/05/12:04:41,apply-time,rs-006624-qfr4c,dd033142-6ca0-4721-93f4-52710256ae5a,3,6189.705534
2026/02/05/12:04:41,apply-time,rs-006625-vj257,66d19214-26c3-4841-a4db-a00d2f0c0d9a,1,6189.705534
2026/02/05/12:04:41,apply-time,rs-006625-zhl5n,97ee7fa0-93f5-4dc2-8940-cfac025ecb4f,1,6189.705534
2026/02/05/12:04:42,running-time,rs-006620-t275k,d95c1bf9-cfb0-4502-b692-109f75c43819,3,6190.705534
2026/02/05/12:04:42,running-time,rs-006620-tjk5b,0a2f3c29-eaea-4cec-8c13-a0f358c713b9,3,6190.705534
2026/02/05/12:04:45,running-time,rs-006624-nsvzg,48de52ad-c60b-48dd-9c06-3540673d797c,3,6193.705534
2026/02/05/12:04:45,running-time,rs-006624-qfr4c,dd033142-6ca0-4721-93f4-52710256ae5a,3,6193.705534
2026/02/05/12:04:55,apply-time,rs-006626-7cszx,61508a72-1547-4e7e-949b-979703bdeb33,1,6203.705534
2026/02/05/12:04:55,apply-time,rs-006626-mvs77,3fbf721c-6c0a-4cfb-801f-31bf2d5939f3,1,6203.705534
2026/02/05/12:04:55,apply-time,rs-006627-f58wm,707fdafe-2ec2-49c6-9745-e986237fb4e3,3,6203.705534
2026/02/05/12:04:55,running-time,rs-006627-f58wm,707fdafe-2ec2-49c6-9745-e986237fb4e3,3,6203.705534
2026/02/05/12:04:55,apply-time,rs-006628-hrwj8,2d1849cc-4b0b-4495-86d9-b9714f0312fc,1,6203.705534
2026/02/05/12:04:55,apply-time,rs-006628-kwz5w,16dd11c5-2f5f-42f3-b6b0-1398410346d9,1,6203.705534
2026/02/05/12:04:55,apply-time,rs-006628-nd492,5f24491e-b551-47ee-8f52-ec330006de96,1,6203.705534
2026/02/05/12:04:55,apply-time,rs-006629-4fqq5,5e58f7e6-87a4-4e73-bac0-6f07ac65839e,2,6203.705534
2026/02/05/12:04:55,running-time,rs-006629-4fqq5,5e58f7e6-87a4-4e73-bac0-6f07ac65839e,2,6203.705534
2026/02/05/12:04:55,apply-time,rs-006629-sn88x,813e09eb-ac16-42b6-bb51-868f85ee43f7,2,6203.705534
2026/02/05/12:04:55,running-time,rs-006629-sn88x,813e09eb-ac16-42b6-bb51-868f85ee43f7,2,6203.705534
2026/02/05/12:04:55,apply-time,rs-006630-2psjd,22d644c0-6f3d-47b5-8c14-b9c2f8d82ad4,1,6203.705534
2026/02/05/12:04:55,running-time,rs-006630-2psjd,22d644c0-6f3d-47b5-8c14-b9c2f8d82ad4,1,6203.705534
2026/02/05/12:04:55,apply-time,rs-006630-cjnl7,40c04d6a-0132-444b-935a-5c5b39cb1cfd,1,6203.705534
2026/02/05/12:04:55,running-time,rs-006630-cjnl7,40c04d6a-0132-444b-935a-5c5b39cb1cfd,1,6203.705534
2026/02/05/12:04:55,apply-time,rs-006630-mmh2q,1426c651-a1e2-4a44-9932-d3ad97a5fca6,1,6203.705534
2026/02/05/12:04:55,running-time,rs-006630-mmh2q,1426c651-a1e2-4a44-9932-d3ad97a5fca6,1,6203.705534
2026/02/05/12:05:00,apply-time,rs-006631-lldqj,136c08d9-5521-4346-b887-34c0596ed192,2,6208.705534
2026/02/05/12:05:00,running-time,rs-006631-lldqj,136c08d9-5521-4346-b887-34c0596ed192,2,6208.705534
2026/02/05/12:05:00,apply-time,rs-006632-2gr7j,6728c8af-bb1c-4be9-8718-c7cc64e45180,2,6208.705534
2026/02/05/12:05:00,running-time,rs-006632-2gr7j,6728c8af-bb1c-4be9-8718-c7cc64e45180,2,6208.705534
2026/02/05/12:05:00,apply-time,rs-006632-9tsvh,362facbe-c616-4496-8fa3-fb265d87b605,2,6208.705534
2026/02/05/12:05:00,running-time,rs-006632-9tsvh,362facbe-c616-4496-8fa3-fb265d87b605,2,6208.705534
2026/02/05/12:05:00,apply-time,rs-006632-gv982,67270523-bfab-4095-ba57-1c142dca20dc,2,6208.705534
2026/02/05/12:05:00,running-time,rs-006632-gv982,67270523-bfab-4095-ba57-1c142dca20dc,2,6208.705534
2026/02/05/12:05:00,apply-time,rs-006633-6p4lq,a87729b3-313c-4d55-bdfa-276250ff6832,1,6208.705534
2026/02/05/12:05:00,running-time,rs-006633-6p4lq,a87729b3-313c-4d55-bdfa-276250ff6832,1,6208.705534
2026/02/05/12:05:00,apply-time,rs-006633-f724m,718954ad-6c6a-4691-be16-8e9a2fac869b,1,6208.705534
2026/02/05/12:05:00,apply-time,rs-006633-r47pb,d535bfeb-0d0d-4930-ab54-4dc6eaedaabb,1,6208.705534
2026/02/05/12:05:00,running-time,rs-006633-r47pb,d535bfeb-0d0d-4930-ab54-4dc6eaedaabb,1,6208.705534
2026/02/05/12:05:00,apply-time,rs-006634-t7xqb,9209e6f3-94a7-46b0-92ff-c78c968b1ad4,1,6209.705534
2026/02/05/12:05:00,running-time,rs-006634-t7xqb,9209e6f3-94a7-46b0-92ff-c78c968b1ad4,1,6209.705534
2026/02/05/12:05:00,apply-time,rs-006634-x5vz8,3f164ab6-e3a7-4976-b1d6-0724a39dba27,1,6209.705534
2026/02/05/12:05:00,running-time,rs-006634-x5vz8,3f164ab6-e3a7-4976-b1d6-0724a39dba27,1,6209.705534
2026/02/05/12:05:00,apply-time,rs-006635-7qvhk,4490ea14-0dc7-40dc-9578-45650f0cb208,4,6209.705534
2026/02/05/12:05:00,running-time,rs-006635-7qvhk,4490ea14-0dc7-40dc-9578-45650f0cb208,4,6209.705534
2026/02/05/12:05:03,running-time,rs-006633-f724m,718954ad-6c6a-4691-be16-8e9a2fac869b,1,6212.705534
2026/02/05/12:05:05,apply-time,rs-006636-h47xs,b6cc4b3e-c03a-4e3a-b8c4-6a0ee4e167a1,3,6213.705534
2026/02/05/12:05:05,running-time,rs-006636-h47xs,b6cc4b3e-c03a-4e3a-b8c4-6a0ee4e167a1,3,6213.705534
2026/02/05/12:05:05,apply-time,rs-006637-596wt,61afede7-0c81-42f0-baa6-5ace2b798e08,3,6213.705534
2026/02/05/12:05:05,running-time,rs-006637-596wt,61afede7-0c81-42f0-baa6-5ace2b798e08,3,6213.705534
2026/02/05/12:05:05,apply-time,rs-006637-5zf6m,d47f3d24-b84f-4a04-b2d7-1603e4a3fe1c,3,6213.705534
2026/02/05/12:05:05,running-time,rs-006637-5zf6m,d47f3d24-b84f-4a04-b2d7-1603e4a3fe1c,3,6213.705534
2026/02/05/12:05:05,apply-time,rs-006637-lnvhq,841ef161-39de-4e7c-b692-cbe7a161b9fb,3,6213.705534
2026/02/05/12:05:05,running-time,rs-006637-lnvhq,841ef161-39de-4e7c-b692-cbe7a161b9fb,3,6213.705534
2026/02/05/12:05:05,apply-time,rs-006638-dd2dq,6dec526d-ba14-4fe1-a74d-719429ea26c9,3,6213.705534
2026/02/05/12:05:05,apply-time,rs-006638-vglzv,9f496958-596d-428d-8371-74f46d19af47,3,6213.705534
2026/02/05/12:05:06,apply-time,rs-006639-4xh4l,9a062f35-b76f-465b-9c35-167d9408245f,4,6214.705534
2026/02/05/12:05:06,running-time,rs-006639-4xh4l,9a062f35-b76f-465b-9c35-167d9408245f,4,6215.705534
2026/02/05/12:05:06,apply-time,rs-006639-k5x4w,f7335ed0-7197-4726-974d-6009ac0e61ad,4,6214.705534
2026/02/05/12:05:06,running-time,rs-006639-k5x4w,f7335ed0-7197-4726-974d-6009ac0e61ad,4,6215.705534
2026/02/05/12:05:06,apply-time,rs-006640-8m2rh,3ca589b3-50bb-413d-af93-24a862a3be56,2,6214.705534
2026/02/05/12:05:06,running-time,rs-006640-8m2rh,3ca589b3-50bb-413d-af93-24a862a3be56,2,6215.705534
2026/02/05/12:05:06,apply-time,rs-006641-x4s87,523db63b-b0ef-4c46-a6f6-183828973e3e,3,6214.705534
2026/02/05/12:05:06,running-time,rs-006641-x4s87,523db63b-b0ef-4c46-a6f6-183828973e3e,3,6215.705534
2026/02/05/12:05:06,apply-time,rs-006642-8gwb4,ce4255f5-b692-48a7-8040-1e197aaabd5e,1,6214.705534
2026/02/05/12:05:06,apply-time,rs-006642-fdhp8,6a34cc0b-e89f-47ee-91b5-b40473f7ced4,1,6214.705534
2026/02/05/12:05:06,apply-time,rs-006642-z8b47,b5ae285c-decd-4857-a1f8-8380f8b8d055,1,6214.705534
2026/02/05/12:05:06,apply-time,rs-006643-9rfmb,be402d10-947a-4fe7-881b-1e50026c8aa3,4,6215.705534
2026/02/05/12:05:06,running-time,rs-006643-9rfmb,be402d10-947a-4fe7-881b-1e50026c8aa3,4,6215.705534
2026/02/05/12:05:06,apply-time,rs-006643-n7s2z,83cf7e0d-9fa2-4e8f-a5b8-d917f0937562,4,6215.705534
2026/02/05/12:05:06,running-time,rs-006643-n7s2z,83cf7e0d-9fa2-4e8f-a5b8-d917f0937562,4,6215.705534
2026/02/05/12:05:09,running-time,rs-006642-8gwb4,ce4255f5-b692-48a7-8040-1e197aaabd5e,1,6217.705534
2026/02/05/12:05:09,running-time,rs-006642-fdhp8,6a34cc0b-e89f-47ee-91b5-b40473f7ced4,1,6217.705534
2026/02/05/12:05:09,running-time,rs-006642-z8b47,b5ae285c-decd-4857-a1f8-8380f8b8d055,1,6218.705534
2026/02/05/12:05:15,apply-time,rs-006644-gxj5c,129fe7da-3c29-4a17-9769-5fee6994e797,2,6224.705534
2026/02/05/12:05:15,running-time,rs-006644-gxj5c,129fe7da-3c29-4a17-9769-5fee6994e797,2,6224.705534
2026/02/05/12:05:15,apply-time,rs-006644-k22lm,23a3d530-5be5-4c18-ae15-e61601104cdd,2,6224.705534
2026/02/05/12:05:15,running-time,rs-006644-k22lm,23a3d530-5be5-4c18-ae15-e61601104cdd,2,6224.705534
2026/02/05/12:05:15,apply-time,rs-006644-vfc5l,24236d9a-4502-4bdf-9842-30d4eb304b4a,2,6224.705534
2026/02/05/12:05:15,apply-time,rs-006646-zmxp8,4eda285b-5008-40fc-a70e-c1248ba8d42a,1,6224.705534
2026/02/05/12:05:16,running-time,rs-006644-vfc5l,24236d9a-4502-4bdf-9842-30d4eb304b4a,2,6224.705534
2026/02/05/12:05:16,apply-time,rs-006645-ht772,14286455-db53-41d7-bd69-900778b4fb9f,4,6224.705534
2026/02/05/12:05:16,running-time,rs-006645-ht772,14286455-db53-41d7-bd69-900778b4fb9f,4,6224.705534
2026/02/05/12:05:16,apply-time,rs-006645-j9qd7,c7955d6c-6244-4736-9c89-49beb055c71d,4,6224.705534
2026/02/05/12:05:16,running-time,rs-006645-j9qd7,c7955d6c-6244-4736-9c89-49beb055c71d,4,6224.705534
2026/02/05/12:05:16,apply-time,rs-006645-zm5z9,5a2ac5e4-98cf-4bca-b03b-1a7baf53fec3,4,6224.705534
2026/02/05/12:05:16,running-time,rs-006645-zm5z9,5a2ac5e4-98cf-4bca-b03b-1a7baf53fec3,4,6224.705534
2026/02/05/12:05:16,running-time,rs-006646-zmxp8,4eda285b-5008-40fc-a70e-c1248ba8d42a,1,6224.705534
2026/02/05/12:05:16,apply-time,rs-006647-c9bs7,41f9b54b-97a4-44db-9545-83995b57be22,3,6224.705534
2026/02/05/12:05:16,running-time,rs-006647-c9bs7,41f9b54b-97a4-44db-9545-83995b57be22,3,6224.705534
2026/02/05/12:05:16,apply-time,rs-006648-487bw,e4d8185b-08bc-4763-8591-de00efc68c14,1,6224.705534
2026/02/05/12:05:16,running-time,rs-006648-487bw,e4d8185b-08bc-4763-8591-de00efc68c14,1,6224.705534
2026/02/05/12:05:16,apply-time,rs-006649-rn4fs,324e2af6-e349-4a26-8db2-2e7a30f3e40c,2,6224.705534
2026/02/05/12:05:16,running-time,rs-006649-rn4fs,324e2af6-e349-4a26-8db2-2e7a30f3e40c,2,6224.705534
2026/02/05/12:05:16,apply-time,rs-006650-d4989,15ba6440-8489-4779-bb03-f52bed0eb448,3,6225.705534
2026/02/05/12:05:16,apply-time,rs-006650-kzvpr,50a4bcba-3a54-45c8-bf51-dfc5742bf8a8,3,6225.705534
2026/02/05/12:05:16,apply-time,rs-006651-2qpx7,f6bce557-c53e-4690-9217-fd641a66e0f7,2,6225.705534
2026/02/05/12:05:16,apply-time,rs-006652-8lwhd,73a3e71c-7b43-495c-8107-986889004687,3,6225.705534
2026/02/05/12:05:16,running-time,rs-006652-8lwhd,73a3e71c-7b43-495c-8107-986889004687,3,6225.705534
2026/02/05/12:05:16,apply-time,rs-006653-d9265,c8cf774e-0bf4-424d-b8a5-bc5f452d25e8,4,6225.705534
2026/02/05/12:05:17,running-time,rs-006651-2qpx7,f6bce557-c53e-4690-9217-fd641a66e0f7,2,6225.705534
2026/02/05/12:05:17,apply-time,rs-006654-zhmhl,2c7425d0-991f-4f76-8e8f-4aaff46cfbdf,3,6225.705534
2026/02/05/12:05:17,apply-time,rs-006655-kfffs,b6079a64-58d4-4cae-841d-cf703c849b57,3,6225.705534
2026/02/05/12:05:17,running-time,rs-006655-kfffs,b6079a64-58d4-4cae-841d-cf703c849b57,3,6225.705534
2026/02/05/12:05:17,apply-time,rs-006655-lvrzt,856387c9-c442-46b7-8fd9-1ef01dd0c718,3,6226.705534
2026/02/05/12:05:17,apply-time,rs-006655-r2kc8,ed934dd6-7991-4347-ac8f-b9d539a39454,3,6225.705534
2026/02/05/12:05:17,apply-time,rs-006656-9ld67,78eda36f-aabf-45b4-b565-760e7fa14eb7,4,6226.705534
2026/02/05/12:05:17,apply-time,rs-006656-rh6lk,743bcfaa-4758-4877-aa8b-06cfdf7128c9,4,6225.705534
2026/02/05/12:05:17,apply-time,rs-006657-m684b,2b8f4b5e-9d20-4851-b1c9-0293cd40f4d0,2,6226.705534
2026/02/05/12:05:18,running-time,rs-006655-r2kc8,ed934dd6-7991-4347-ac8f-b9d539a39454,3,6227.705534
2026/02/05/12:05:18,apply-time,rs-006657-bq42w,f3c28c92-75e1-43a0-886c-be19e4cedb57,2,6226.705534
2026/02/05/12:05:18,apply-time,rs-006657-lxdns,94a5bd0a-e71d-4db0-8213-0b7b0e2da28b,2,6226.705534
2026/02/05/12:05:18,apply-time,rs-006658-rk2rj,f1937f8a-8e22-4c66-b6b3-3fab7395792a,2,6226.705534
2026/02/05/12:05:18,apply-time,rs-006658-rkzt7,74c1befb-99bc-4791-a23b-7e3e50216863,2,6226.705534
2026/02/05/12:05:18,apply-time,rs-006659-hmsmx,4eafc4b1-2593-4560-871c-5d1b5ffb51d7,3,6226.705534
2026/02/05/12:05:18,apply-time,rs-006659-jqcsn,4b6f8457-d371-48d1-a654-f011eff07072,3,6226.705534
2026/02/05/12:05:18,running-time,rs-006659-jqcsn,4b6f8457-d371-48d1-a654-f011eff07072,3,6227.705534
2026/02/05/12:05:18,apply-time,rs-006660-9m8jj,9eb108bf-0b7a-4b5b-8267-fd054ceb0c81,4,6227.705534
2026/02/05/12:05:18,apply-time,rs-006661-44sx9,5da21c73-96ec-4c7d-85e0-558053b56385,3,6227.705534
2026/02/05/12:05:19,running-time,rs-006660-9m8jj,9eb108bf-0b7a-4b5b-8267-fd054ceb0c81,4,6227.705534
2026/02/05/12:05:19,apply-time,rs-006660-fssgg,34befa96-2ffd-4226-a0aa-f3178e42fc8f,4,6227.705534
2026/02/05/12:05:19,apply-time,rs-006662-scgg2,e4cc16fb-e1cc-4ae3-a8fe-8d1aead7d7b1,1,6227.705534
2026/02/05/12:05:19,apply-time,rs-006662-vx5pj,12938eb3-2054-4402-958c-88a419c71451,1,6227.705534
2026/02/05/12:05:19,running-time,rs-006662-vx5pj,12938eb3-2054-4402-958c-88a419c71451,1,6227.705534
2026/02/05/12:05:19,apply-time,rs-006662-w4kv9,390f7eff-74fb-4d07-9042-6e2bade8e1c9,1,6227.705534
2026/02/05/12:05:21,running-time,rs-006660-fssgg,34befa96-2ffd-4226-a0aa-f3178e42fc8f,4,6229.705534
2026/02/05/12:05:22,running-time,rs-006662-w4kv9,390f7eff-74fb-4d07-9042-6e2bade8e1c9,1,6231.705534
2026/02/05/12:05:23,running-time,rs-006662-scgg2,e4cc16fb-e1cc-4ae3-a8fe-8d1aead7d7b1,1,6231.705534
2026/02/05/12:05:24,apply-time,rs-006663-fslsz,5aa306bf-14f1-4f90-8c83-8c45b53354cc,3,6232.705534
2026/02/05/12:05:24,running-time,rs-006663-fslsz,5aa306bf-14f1-4f90-8c83-8c45b53354cc,3,6232.705534
2026/02/05/12:05:24,apply-time,rs-006663-qq6z4,ad87f896-01b7-47a0-9a55-02327bca7959,3,6232.705534
2026/02/05/12:05:24,apply-time,rs-006663-sx6j5,446f2937-2db4-4580-9442-538965027c0e,3,6232.705534
2026/02/05/12:05:24,running-time,rs-006663-sx6j5,446f2937-2db4-4580-9442-538965027c0e,3,6232.705534
2026/02/05/12:05:24,apply-time,rs-006664-fbpgf,a875352f-e556-4385-a39a-612f19cf6f8a,3,6232.705534
2026/02/05/12:05:24,apply-time,rs-006664-kz4pz,f58c42b8-5854-4560-9524-0b51ff13954e,3,6232.705534
2026/02/05/12:05:24,apply-time,rs-006665-kl8nl,3a888f9d-e361-41a7-840a-986ff38c45de,2,6232.705534
2026/02/05/12:05:24,apply-time,rs-006665-mhswb,be1578f3-c559-4d82-8f6a-0a3f79343d8f,2,6232.705534
2026/02/05/12:05:24,apply-time,rs-006666-qt2qw,89f503db-b763-4deb-bb9a-d3ab72a98004,2,6232.705534
2026/02/05/12:05:24,running-time,rs-006666-qt2qw,89f503db-b763-4deb-bb9a-d3ab72a98004,2,6232.705534
2026/02/05/12:05:24,apply-time,rs-006666-zg5xx,1644c015-d3ca-41b9-85bd-a7f47af8460e,2,6232.705534
2026/02/05/12:05:24,running-time,rs-006666-zg5xx,1644c015-d3ca-41b9-85bd-a7f47af8460e,2,6232.705534
2026/02/05/12:05:24,apply-time,rs-006667-28ssv,4d35d8bb-8709-4d57-b877-89c2be3fee87,1,6232.705534
2026/02/05/12:05:24,apply-time,rs-006667-8gxsd,a68e4971-84e3-4402-a431-9423229603b5,1,6232.705534
2026/02/05/12:05:24,apply-time,rs-006668-7qb25,53e0e877-4b06-49e9-8600-0371b95a4902,2,6233.705534
2026/02/05/12:05:24,apply-time,rs-006668-zl9ks,b81b28c7-b507-448c-8773-726d5bdfab94,2,6232.705534
2026/02/05/12:05:24,apply-time,rs-006669-4dtpt,bb6c4e81-4a13-4605-9de0-3dcb6283fcc7,2,6233.705534
2026/02/05/12:05:24,apply-time,rs-006670-wrlbt,02ba9f5a-4cd5-4871-bf3b-149f7c2fb326,1,6233.705534
2026/02/05/12:05:25,apply-time,rs-006670-nlbn9,a1322d86-2dfe-40b8-9d99-bf6719afe9d3,1,6233.705534
2026/02/05/12:05:25,apply-time,rs-006671-9nddl,e6dc900b-e79f-41e0-b975-cb8fe910311e,3,6233.705534
2026/02/05/12:05:25,apply-time,rs-006672-2hs6x,e17e70d4-9ae5-4182-ab14-766ecc84ad10,2,6233.705534
2026/02/05/12:05:25,apply-time,rs-006673-5gwq8,4f69d3ef-375f-4cc7-aef0-ef6213f78ce9,1,6234.705534
2026/02/05/12:05:25,apply-time,rs-006673-k9gsl,1ef89ad4-d857-49e8-972c-140b87ddb594,1,6234.705534
2026/02/05/12:05:25,apply-time,rs-006673-qkcpv,74c70270-8e8e-4bc4-a590-2dd2eea71f58,1,6233.705534
2026/02/05/12:05:25,apply-time,rs-006674-rqg6d,3b01dba5-b738-4cda-bb66-c5f8f120e3ab,2,6234.705534
2026/02/05/12:05:26,running-time,rs-006665-mhswb,be1578f3-c559-4d82-8f6a-0a3f79343d8f,2,6234.705534
2026/02/05/12:05:26,running-time,rs-006669-4dtpt,bb6c4e81-4a13-4605-9de0-3dcb6283fcc7,2,6234.705534
2026/02/05/12:05:26,apply-time,rs-006675-qr5sx,4e2bdc6f-a7a7-4321-8f48-86ebee9fbf8e,3,6234.705534
2026/02/05/12:05:29,running-time,rs-006670-wrlbt,02ba9f5a-4cd5-4871-bf3b-149f7c2fb326,1,6237.705534
2026/02/05/12:05:31,running-time,rs-006670-nlbn9,a1322d86-2dfe-40b8-9d99-bf6719afe9d3,1,6239.705534
2026/02/05/12:05:33,running-time,rs-006655-lvrzt,856387c9-c442-46b7-8fd9-1ef01dd0c718,3,6241.705534
2026/02/05/12:05:39,apply-time,rs-006676-9wn9m,e8fab1c2-3dbe-409c-856f-a762de558078,4,6248.705534
2026/02/05/12:05:39,running-time,rs-006676-9wn9m,e8fab1c2-3dbe-409c-856f-a762de558078,4,6248.705534
2026/02/05/12:05:39,apply-time,rs-006676-v8fx4,be8b790d-91dc-4e38-a953-64951b663b72,4,6248.705534
2026/02/05/12:05:39,running-time,rs-006676-v8fx4,be8b790d-91dc-4e38-a953-64951b663b72,4,6248.705534
2026/02/05/12:05:39,apply-time,rs-006677-7pkjh,f20ab3a4-23e3-4ef4-b3de-0d3e01f9e43c,1,6248.705534
2026/02/05/12:05:39,running-time,rs-006677-7pkjh,f20ab3a4-23e3-4ef4-b3de-0d3e01f9e43c,1,6248.705534
2026/02/05/12:05:39,apply-time,rs-006678-cdfkk,64cdbcbb-86f6-418e-97ca-7e49343f756d,2,6248.705534
2026/02/05/12:05:39,apply-time,rs-006678-xt7fv,6ef69ac7-aaca-4702-970b-852694e6d163,2,6248.705534
2026/02/05/12:05:39,apply-time,rs-006679-9fkpd,7217cb03-bdf9-4891-86a8-496c37ed4be4,2,6248.705534
2026/02/05/12:05:39,running-time,rs-006679-9fkpd,7217cb03-bdf9-4891-86a8-496c37ed4be4,2,6248.705534
2026/02/05/12:05:39,apply-time,rs-006680-w7fck,07d8595c-08e8-42db-b2f7-900eadf1fd03,1,6248.705534
2026/02/05/12:05:39,apply-time,rs-006680-xcftj,a444da21-116f-4f1c-9923-6be20fd0ba16,1,6248.705534
2026/02/05/12:05:39,apply-time,rs-006681-7j6mv,1add1e06-ea32-43db-88b5-dcdf5f297f96,2,6248.705534
2026/02/05/12:05:39,apply-time,rs-006682-6wvkj,ca75cc84-6d2e-461e-a98a-7ec38602ca96,2,6248.705534
2026/02/05/12:05:39,apply-time,rs-006682-xzxvm,a4b3f0f2-bfab-4602-846d-e793ef76d825,2,6248.705534
2026/02/05/12:05:41,running-time,rs-006680-w7fck,07d8595c-08e8-42db-b2f7-900eadf1fd03,1,6250.705534
2026/02/05/12:05:41,running-time,rs-006680-xcftj,a444da21-116f-4f1c-9923-6be20fd0ba16,1,6250.705534
2026/02/05/12:05:47,apply-time,rs-006683-fdt6w,9eb46482-2fd5-4d53-b615-016dc6883ac6,3,6255.705534
2026/02/05/12:05:47,running-time,rs-006683-fdt6w,9eb46482-2fd5-4d53-b615-016dc6883ac6,3,6255.705534
2026/02/05/12:05:47,apply-time,rs-006683-xnfqn,0fbf4b3e-d0bf-4e6a-a12a-4f6dc754d257,3,6255.705534
2026/02/05/12:05:47,running-time,rs-006683-xnfqn,0fbf4b3e-d0bf-4e6a-a12a-4f6dc754d257,3,6255.705534
2026/02/05/12:05:49,apply-time,rs-006684-26w76,f55e5573-06df-484c-9914-6f815f1ddc51,2,6258.705534
2026/02/05/12:05:49,running-time,rs-006684-26w76,f55e5573-06df-484c-9914-6f815f1ddc51,2,6258.705534
2026/02/05/12:05:49,apply-time,rs-006684-tptf8,eb008d1f-5371-454c-9ae9-9c09b59a4104,2,6258.705534
2026/02/05/12:05:49,running-time,rs-006684-tptf8,eb008d1f-5371-454c-9ae9-9c09b59a4104,2,6258.705534
2026/02/05/12:05:49,apply-time,rs-006685-tf68n,c94877ac-0cfb-48a1-9c25-21019390868d,2,6258.705534
2026/02/05/12:05:49,apply-time,rs-006686-94rgw,04bf9962-75a8-41c3-a679-049aa7ee0452,2,6258.705534
2026/02/05/12:05:49,running-time,rs-006686-94rgw,04bf9962-75a8-41c3-a679-049aa7ee0452,2,6258.705534
2026/02/05/12:05:49,apply-time,rs-006686-skr9s,906fb2c8-1370-4377-a0f2-15ab7eca919a,2,6258.705534
2026/02/05/12:05:49,running-time,rs-006686-skr9s,906fb2c8-1370-4377-a0f2-15ab7eca919a,2,6258.705534
2026/02/05/12:05:49,apply-time,rs-006687-9w2m6,4ec3ed64-8576-4012-b3ed-dfd80ad92898,4,6258.705534
2026/02/05/12:05:49,apply-time,rs-006687-vmqvl,b7212031-37d5-4265-9fcb-decd6cf63a7e,4,6258.705534
2026/02/05/12:05:49,apply-time,rs-006688-22fdh,b38902e1-782c-43d4-b19c-33417dd1f593,3,6258.705534
2026/02/05/12:05:49,running-time,rs-006688-22fdh,b38902e1-782c-43d4-b19c-33417dd1f593,3,6258.705534
2026/02/05/12:05:49,apply-time,rs-006689-5tt5d,7f17defe-b84e-473d-b20a-df5f028d9449,2,6258.705534
2026/02/05/12:05:49,running-time,rs-006689-5tt5d,7f17defe-b84e-473d-b20a-df5f028d9449,2,6258.705534
2026/02/05/12:05:50,running-time,rs-006687-vmqvl,b7212031-37d5-4265-9fcb-decd6cf63a7e,4,6258.705534
2026/02/05/12:05:51,apply-time,rs-006690-2jlzg,c9ce45ad-24f4-4310-a689-50a8f34a8e42,3,6259.705534
2026/02/05/12:05:51,apply-time,rs-006690-v9tsd,44fae152-8f8d-490d-87eb-ffa6ac8bc057,3,6259.705534
2026/02/05/12:05:51,running-time,rs-006690-v9tsd,44fae152-8f8d-490d-87eb-ffa6ac8bc057,3,6259.705534
2026/02/05/12:05:51,apply-time,rs-006690-vgbnw,64271051-7b97-4cf5-a0b7-923d63333562,3,6259.705534
2026/02/05/12:05:51,running-time,rs-006690-vgbnw,64271051-7b97-4cf5-a0b7-923d63333562,3,6259.705534
2026/02/05/12:05:52,running-time,rs-006690-2jlzg,c9ce45ad-24f4-4310-a689-50a8f34a8e42,3,6261.705534
2026/02/05/12:05:52,apply-time,rs-006691-wnkhx,9b3f3728-6fd3-4720-91bc-19b402ecc8f3,2,6260.705534
2026/02/05/12:05:52,running-time,rs-006691-wnkhx,9b3f3728-6fd3-4720-91bc-19b402ecc8f3,2,6260.705534
2026/02/05/12:05:52,apply-time,rs-006692-qsz4l,e6a75ca3-da38-48f6-a615-e10ecc8235b4,3,6260.705534
2026/02/05/12:05:52,running-time,rs-006692-qsz4l,e6a75ca3-da38-48f6-a615-e10ecc8235b4,3,6261.705534
2026/02/05/12:05:52,apply-time,rs-006692-rtdkr,61828d6d-4c17-481c-a7cb-e2c8a300477a,3,6260.705534
2026/02/05/12:05:52,apply-time,rs-006693-rznn8,576de0b8-31a7-4951-86b2-5142c891effa,3,6260.705534
2026/02/05/12:05:52,apply-time,rs-006693-wxbgn,a49e1c6b-6166-4d20-bcfd-27f035c44024,3,6260.705534
2026/02/05/12:05:53,apply-time,rs-006694-fptzz,8c9664c0-100e-43bd-8f56-791d73ba0012,1,6261.705534
2026/02/05/12:05:53,apply-time,rs-006695-2ng4p,947e42c3-72be-402a-a2e4-c17be5577931,1,6261.705534
2026/02/05/12:05:53,apply-time,rs-006695-hdcvf,b3740327-b5bf-49ef-ac17-91704f18d7be,1,6261.705534
2026/02/05/12:05:53,apply-time,rs-006696-h25rk,7f1f6362-bc29-449c-9958-8f4a59b3ef03,1,6261.705534
2026/02/05/12:05:53,apply-time,rs-006696-kfsnf,c3b17794-7c83-472e-a151-18e1a6c2be2e,1,6261.705534
2026/02/05/12:05:53,apply-time,rs-006696-nt556,ac41a5dd-1dce-4b1e-ae40-a4e15af4b770,1,6261.705534
2026/02/05/12:05:53,apply-time,rs-006697-lxdk9,463bea1d-82c2-4b13-a93b-97131fe30493,1,6261.705534
2026/02/05/12:05:53,apply-time,rs-006697-znmfz,e51f4c51-d6cb-4986-8472-40f12e9d7c22,1,6261.705534
2026/02/05/12:05:53,apply-time,rs-006698-5pwb2,6fe1e833-cbb6-453e-bbbc-e115733df223,2,6261.705534
2026/02/05/12:05:53,apply-time,rs-006699-fgtl9,3c7b7d14-5cff-448d-8460-697efbe882bc,2,6261.705534
2026/02/05/12:05:53,apply-time,rs-006699-ssg5r,f570d42b-3932-42b8-9450-8ac535ae0bd6,2,6261.705534
2026/02/05/12:05:53,apply-time,rs-006700-jtg7w,05f8b36d-0f5f-4b2d-9d65-43a28e6daae1,3,6262.705534
2026/02/05/12:05:53,apply-time,rs-006701-472lf,0193fad0-f98b-4a3f-a9bf-25d69b7f98ac,3,6261.705534
2026/02/05/12:05:53,apply-time,rs-006702-p47g6,92e5bda3-a7ac-44ee-91b1-f0321139cd94,1,6262.705534
2026/02/05/12:05:53,apply-time,rs-006703-gns7w,2edc4855-771b-496c-ac35-5a86420c19c5,1,6262.705534
2026/02/05/12:05:54,running-time,rs-006692-rtdkr,61828d6d-4c17-481c-a7cb-e2c8a300477a,3,6263.705534
2026/02/05/12:05:54,apply-time,rs-006703-7nb7b,83955450-3f5b-4d39-b118-795eac95b8c0,1,6262.705534
2026/02/05/12:05:54,running-time,rs-006703-7nb7b,83955450-3f5b-4d39-b118-795eac95b8c0,1,6263.705534
2026/02/05/12:05:54,running-time,rs-006703-gns7w,2edc4855-771b-496c-ac35-5a86420c19c5,1,6263.705534
2026/02/05/12:05:54,apply-time,rs-006704-jhnzz,71923b75-2303-4ce6-9e6f-b48c3872af41,4,6262.705534
2026/02/05/12:05:55,running-time,rs-006693-wxbgn,a49e1c6b-6166-4d20-bcfd-27f035c44024,3,6264.705534
2026/02/05/12:05:56,running-time,rs-006687-9w2m6,4ec3ed64-8576-4012-b3ed-dfd80ad92898,4,6264.705534
2026/02/05/12:05:56,apply-time,rs-006705-6wkjh,a9a254af-0d71-4716-9b40-157aba5cb6eb,4,6264.705534
2026/02/05/12:05:56,apply-time,rs-006705-8lv78,79d922d2-f2e3-4059-8cba-f6a77aefed4a,4,6264.705534
2026/02/05/12:05:56,apply-time,rs-006705-bqm8g,f4ac7147-3422-4311-ac84-33b655af12a4,4,6264.705534
2026/02/05/12:05:56,apply-time,rs-006706-92lrc,1a943bee-b8c7-432a-ada9-a86aba9dfaeb,1,6264.705534
2026/02/05/12:05:56,apply-time,rs-006706-j4g6m,eda39401-85cc-4e3c-b56c-fcaf7eca4f42,1,6264.705534
2026/02/05/12:05:57,running-time,rs-006705-6wkjh,a9a254af-0d71-4716-9b40-157aba5cb6eb,4,6265.705534
2026/02/05/12:05:57,running-time,rs-006705-bqm8g,f4ac7147-3422-4311-ac84-33b655af12a4,4,6265.705534
2026/02/05/12:05:57,apply-time,rs-006707-kgdv7,a4e0e82d-e74e-472e-822d-6a10c41ff261,4,6265.705534
2026/02/05/12:05:57,apply-time,rs-006707-rcbj7,70d792ea-7645-4d51-863f-7c4fa2f92bf8,4,6265.705534
2026/02/05/12:05:57,apply-time,rs-006707-x5sc2,895fb208-f878-457c-bee0-9e932cadc946,4,6265.705534
2026/02/05/12:05:57,apply-time,rs-006708-cgpzc,a00033ac-c824-411c-aaec-fe5f8d78fd09,2,6265.705534
2026/02/05/12:05:57,running-time,rs-006708-cgpzc,a00033ac-c824-411c-aaec-fe5f8d78fd09,2,6266.705534
2026/02/05/12:05:57,apply-time,rs-006709-b5d95,149b8df5-41ad-4546-98d0-3bb5b3687c08,1,6265.705534
2026/02/05/12:05:57,apply-time,rs-006709-zs47w,04b9480d-672b-4b3f-9112-52a2dcaa3461,1,6265.705534
2026/02/05/12:05:58,running-time,rs-006693-rznn8,576de0b8-31a7-4951-86b2-5142c891effa,3,6267.705534
2026/02/05/12:05:58,running-time,rs-006705-8lv78,79d922d2-f2e3-4059-8cba-f6a77aefed4a,4,6267.705534
2026/02/05/12:05:59,running-time,rs-006709-b5d95,149b8df5-41ad-4546-98d0-3bb5b3687c08,1,6267.705534
2026/02/05/12:05:59,apply-time,rs-006710-nmnkr,b8a31c68-bbd2-4ba1-b86d-961c775cc751,3,6267.705534
2026/02/05/12:05:59,apply-time,rs-006711-2c2xh,ab27797d-a2ea-4767-8de8-ac5aa2d30f38,3,6267.705534
2026/02/05/12:05:59,apply-time,rs-006711-qpbrs,e6a8f72e-e00f-41e5-97b2-a5feeae272ab,3,6267.705534
2026/02/05/12:05:59,apply-time,rs-006711-r4f5n,8d46e320-bf0f-4576-84f5-71ec36a4b8af,3,6267.705534
2026/02/05/12:05:59,apply-time,rs-006712-qnmpk,1b3dffa8-9a5e-4bf4-aad8-9b8253474511,2,6267.705534
2026/02/05/12:05:59,running-time,rs-006712-qnmpk,1b3dffa8-9a5e-4bf4-aad8-9b8253474511,2,6267.705534
2026/02/05/12:05:59,apply-time,rs-006713-2mgx4,49a3ae08-aae9-4280-83e2-73bc0bc7aee2,1,6268.705534
2026/02/05/12:05:59,apply-time,rs-006713-djpcs,1d4c7d85-b4e0-4556-9481-46f2091479c3,1,6268.705534
2026/02/05/12:05:59,apply-time,rs-006713-nqkwv,83aa29e8-b3d3-4520-ab86-8e32d7c4d004,1,6268.705534
2026/02/05/12:06:00,apply-time,rs-006714-x6ffh,f91dd53c-de53-4f88-ad9f-d27ebee5f52d,1,6268.705534
2026/02/05/12:06:01,running-time,rs-006713-2mgx4,49a3ae08-aae9-4280-83e2-73bc0bc7aee2,1,6270.705534
2026/02/05/12:06:01,running-time,rs-006714-x6ffh,f91dd53c-de53-4f88-ad9f-d27ebee5f52d,1,6270.705534
2026/02/05/12:06:03,running-time,rs-006710-nmnkr,b8a31c68-bbd2-4ba1-b86d-961c775cc751,3,6272.705534
2026/02/05/12:06:06,apply-time,rs-006715-jrq7f,3cdde592-22dc-4463-895d-f80f51d5a0f8,3,6274.705534
2026/02/05/12:06:06,apply-time,rs-006715-xx7lp,2c94eb3a-d4cb-4b86-9c8e-7d8a6a124ee6,3,6274.705534
2026/02/05/12:06:06,apply-time,rs-006716-rhdx8,378bfed8-6158-4129-9bea-696dd4f5d803,1,6274.705534
2026/02/05/12:06:06,apply-time,rs-006716-vjjw2,0b4543b7-741a-4795-af51-58f396edbb5f,1,6274.705534
2026/02/05/12:06:06,apply-time,rs-006717-pmbb9,2aff1661-93f1-4eb9-8cf8-7619c3354a82,4,6275.705534
2026/02/05/12:06:06,apply-time,rs-006718-b9hq7,62891be2-9805-4d72-be7a-b9d237e96966,1,6275.705534
2026/02/05/12:06:06,apply-time,rs-006719-5cd88,3b1baa4d-909a-48c4-a611-3d6a1ba8523c,3,6275.705534
2026/02/05/12:06:06,apply-time,rs-006719-kvv7l,7f8cf4bb-4c1e-4c51-abac-764c3e6ad39d,3,6275.705534
2026/02/05/12:06:06,running-time,rs-006719-kvv7l,7f8cf4bb-4c1e-4c51-abac-764c3e6ad39d,3,6275.705534
2026/02/05/12:06:06,apply-time,rs-006719-wrb6z,7f88893b-9182-4ffe-a81d-020ad24e0a43,3,6275.705534
2026/02/05/12:06:06,apply-time,rs-006720-jgwrq,00a00b03-adf6-4f41-bb1f-7fcef9b1b559,2,6275.705534
2026/02/05/12:06:06,apply-time,rs-006721-j2jhl,0648be02-a706-4a2c-9aaf-80b5f4bd84b6,2,6275.705534
2026/02/05/12:06:07,running-time,rs-006715-xx7lp,2c94eb3a-d4cb-4b86-9c8e-7d8a6a124ee6,3,6275.705534
2026/02/05/12:06:07,running-time,rs-006719-wrb6z,7f88893b-9182-4ffe-a81d-020ad24e0a43,3,6275.705534
2026/02/05/12:06:07,apply-time,rs-006721-x566m,0a1210b4-0aa9-413b-84d5-94ebe308f345,2,6275.705534
2026/02/05/12:06:07,apply-time,rs-006722-55px2,8da9af97-d9d5-4a13-8796-d0a36ca613a7,2,6275.705534
2026/02/05/12:06:07,apply-time,rs-006722-tvtks,8269111c-9e25-4173-a32b-08d5c0dcde61,2,6275.705534
2026/02/05/12:06:07,apply-time,rs-006723-xqskt,3f276a65-6292-443b-9d42-1d57a8176076,2,6275.705534
2026/02/05/12:06:07,apply-time,rs-006724-pzw9h,0e0f23b2-49bb-4329-9574-49066616a8df,1,6275.705534
2026/02/05/12:06:08,running-time,rs-006719-5cd88,3b1baa4d-909a-48c4-a611-3d6a1ba8523c,3,6277.705534
2026/02/05/12:06:08,running-time,rs-006720-jgwrq,00a00b03-adf6-4f41-bb1f-7fcef9b1b559,2,6277.705534
2026/02/05/12:06:08,running-time,rs-006724-pzw9h,0e0f23b2-49bb-4329-9574-49066616a8df,1,6277.705534
2026/02/05/12:06:09,running-time,rs-006722-tvtks,8269111c-9e25-4173-a32b-08d5c0dcde61,2,6278.705534
2026/02/05/12:06:11,running-time,rs-006722-55px2,8da9af97-d9d5-4a13-8796-d0a36ca613a7,2,6279.705534
2026/02/05/12:06:17,running-time,rs-006715-jrq7f,3cdde592-22dc-4463-895d-f80f51d5a0f8,3,6285.705534
2026/02/05/12:06:18,running-time,rs-006700-jtg7w,05f8b36d-0f5f-4b2d-9d65-43a28e6daae1,3,6286.705534
2026/02/05/12:06:19,apply-time,rs-006725-jgcct,3b33738a-f4e8-4fa0-baa7-d743e930ba7e,3,6287.705534
2026/02/05/12:06:19,apply-time,rs-006726-ljg8x,dab60343-a273-42b5-9565-74975e56ea63,4,6287.705534
2026/02/05/12:06:19,running-time,rs-006726-ljg8x,dab60343-a273-42b5-9565-74975e56ea63,4,6287.705534
2026/02/05/12:06:19,apply-time,rs-006727-6wj58,1661369d-26ff-4740-a8b1-016508573161,2,6287.705534
2026/02/05/12:06:19,running-time,rs-006727-6wj58,1661369d-26ff-4740-a8b1-016508573161,2,6287.705534
2026/02/05/12:06:19,apply-time,rs-006727-w5x72,d1b5954d-b94f-49af-80e0-c0c08a3ab6a5,2,6287.705534
2026/02/05/12:06:19,running-time,rs-006727-w5x72,d1b5954d-b94f-49af-80e0-c0c08a3ab6a5,2,6287.705534
2026/02/05/12:06:19,apply-time,rs-006728-5czpp,0f26b1a6-923a-451d-acbd-2fb632690273,3,6287.705534
2026/02/05/12:06:19,apply-time,rs-006728-bflj6,52384dc8-8b6c-49b2-898f-c1e63199d58a,3,6287.705534
2026/02/05/12:06:19,running-time,rs-006728-bflj6,52384dc8-8b6c-49b2-898f-c1e63199d58a,3,6287.705534
2026/02/05/12:06:23,running-time,rs-006728-5czpp,0f26b1a6-923a-451d-acbd-2fb632690273,3,6291.705534
2026/02/05/12:06:33,apply-time,rs-006729-5pv85,d22a56ce-9431-4881-b27d-ac76669217fe,1,6301.705534
2026/02/05/12:06:33,running-time,rs-006729-5pv85,d22a56ce-9431-4881-b27d-ac76669217fe,1,6301.705534
2026/02/05/12:06:33,apply-time,rs-006729-652dw,f959ab60-14c6-4e7f-ace8-0a5fe39d8eb7,1,6301.705534
2026/02/05/12:06:33,running-time,rs-006729-652dw,f959ab60-14c6-4e7f-ace8-0a5fe39d8eb7,1,6301.705534
2026/02/05/12:06:33,apply-time,rs-006729-w6q64,093c19a3-abb0-4a1b-b59c-067705de2020,1,6301.705534
2026/02/05/12:06:33,apply-time,rs-006730-kqrgw,24b8c5e4-0eaf-4580-8cce-bb3fb7a78a10,3,6301.705534
2026/02/05/12:06:33,running-time,rs-006730-kqrgw,24b8c5e4-0eaf-4580-8cce-bb3fb7a78a10,3,6302.705534
2026/02/05/12:06:37,running-time,rs-006729-w6q64,093c19a3-abb0-4a1b-b59c-067705de2020,1,6306.705534
2026/02/05/12:06:47,apply-time,rs-006731-2xthq,6dc68d12-dfcf-419d-a528-71d0fb885d33,2,6316.705534
2026/02/05/12:06:47,running-time,rs-006731-2xthq,6dc68d12-dfcf-419d-a528-71d0fb885d33,2,6316.705534
2026/02/05/12:06:47,apply-time,rs-006731-tm45l,fa15af27-a3ad-421c-a84d-cf85665bb6e8,2,6316.705534
2026/02/05/12:06:47,running-time,rs-006731-tm45l,fa15af27-a3ad-421c-a84d-cf85665bb6e8,2,6316.705534
2026/02/05/12:06:47,apply-time,rs-006732-9z97n,fae14caa-ed4b-474a-b1de-37f609975342,3,6316.705534
2026/02/05/12:06:47,apply-time,rs-006732-dd5mv,0a082ed6-0246-4784-a1e9-ca73158798dd,3,6316.705534
2026/02/05/12:06:47,apply-time,rs-006732-kt6w4,123be4ca-c12b-4896-a91d-75f0ae3dc72b,3,6316.705534
2026/02/05/12:06:47,running-time,rs-006732-kt6w4,123be4ca-c12b-4896-a91d-75f0ae3dc72b,3,6316.705534
2026/02/05/12:06:47,apply-time,rs-006733-k9zvs,c5b557fe-b964-431e-8c4b-3324953d5b0d,2,6316.705534
2026/02/05/12:06:47,running-time,rs-006733-k9zvs,c5b557fe-b964-431e-8c4b-3324953d5b0d,2,6316.705534
2026/02/05/12:06:47,apply-time,rs-006733-q5p7v,9a07572f-3a75-4305-8ea5-99380e65de50,2,6316.705534
2026/02/05/12:06:47,running-time,rs-006733-q5p7v,9a07572f-3a75-4305-8ea5-99380e65de50,2,6316.705534
2026/02/05/12:06:47,apply-time,rs-006734-gl9b2,6ab58e7c-22da-406f-b087-a2446200a69f,3,6316.705534
2026/02/05/12:06:47,apply-time,rs-006734-hwvgp,1bb15682-ae5b-4175-be26-91fe13d93eea,3,6316.705534
2026/02/05/12:06:48,apply-time,rs-006735-q5bmk,3e4aa16e-d03e-4f79-8239-dc2ed83ab764,4,6317.705534
2026/02/05/12:06:48,running-time,rs-006735-q5bmk,3e4aa16e-d03e-4f79-8239-dc2ed83ab764,4,6317.705534
2026/02/05/12:06:48,apply-time,rs-006735-znj2p,e8ec8e6c-e7b8-4c55-95f4-9e2035a4cf4c,4,6317.705534
2026/02/05/12:06:48,running-time,rs-006735-znj2p,e8ec8e6c-e7b8-4c55-95f4-9e2035a4cf4c,4,6317.705534
2026/02/05/12:06:48,apply-time,rs-006736-czg4r,b5bef5b6-cae4-41b3-8801-8c7ce0db105f,1,6317.705534
2026/02/05/12:06:48,apply-time,rs-006736-dsw5f,b0368b35-e1da-4cb9-9ebc-88803fff7b5a,1,6317.705534
2026/02/05/12:06:48,apply-time,rs-006736-j29h5,67b3b0ed-c778-4059-a3c7-8f6968a37801,1,6317.705534
2026/02/05/12:06:49,apply-time,rs-006737-hd8vd,54ac546c-e87e-4497-83e3-8b8a1b12b514,1,6317.705534
2026/02/05/12:06:49,apply-time,rs-006738-2c4qk,5e2fb976-3c3b-4ddd-863f-2a9035265192,4,6318.705534
2026/02/05/12:06:49,apply-time,rs-006738-vjcbn,ac90b106-92a4-40c5-82a2-6cec44855c6d,4,6318.705534
2026/02/05/12:06:49,apply-time,rs-006739-f664v,b7efc052-c5d0-410e-af47-0a6b40494429,3,6318.705534
2026/02/05/12:06:49,running-time,rs-006739-f664v,b7efc052-c5d0-410e-af47-0a6b40494429,3,6318.705534
2026/02/05/12:06:49,apply-time,rs-006739-p6qvv,b9810f95-f6d8-40b8-b59b-d5819c30fb24,3,6318.705534
2026/02/05/12:06:49,apply-time,rs-006740-dprp5,a34ae00b-106a-41ca-9595-490cd7929707,2,6318.705534
2026/02/05/12:06:49,apply-time,rs-006740-hvvm6,8eb828a2-499e-434f-acde-3b6eba77c019,2,6318.705534
2026/02/05/12:06:49,apply-time,rs-006740-wjkkc,64d95cf7-31d9-4f55-8101-e98a9e0a2261,2,6318.705534
2026/02/05/12:06:50,running-time,rs-006739-p6qvv,b9810f95-f6d8-40b8-b59b-d5819c30fb24,3,6319.705534
2026/02/05/12:06:50,running-time,rs-006740-wjkkc,64d95cf7-31d9-4f55-8101-e98a9e0a2261,2,6319.705534
2026/02/05/12:06:50,apply-time,rs-006741-ktkrv,18a889d0-a517-4dfd-89d5-ef913c5ef36b,4,6318.705534
2026/02/05/12:06:50,running-time,rs-006741-ktkrv,18a889d0-a517-4dfd-89d5-ef913c5ef36b,4,6318.705534
2026/02/05/12:06:53,running-time,rs-006527-66fk8,ec02491e-233c-427a-b3b2-19d155d4903f,1,6321.705534
2026/02/05/12:06:54,running-time,rs-006732-dd5mv,0a082ed6-0246-4784-a1e9-ca73158798dd,3,6323.705534
2026/02/05/12:06:56,running-time,rs-006718-b9hq7,62891be2-9805-4d72-be7a-b9d237e96966,1,6324.705534
2026/02/05/12:07:01,apply-time,rs-006742-qnl9r,5e2ca76e-0d61-498f-86a7-61297a22a7f3,3,6329.705534
2026/02/05/12:07:01,running-time,rs-006742-qnl9r,5e2ca76e-0d61-498f-86a7-61297a22a7f3,3,6329.705534
2026/02/05/12:07:01,apply-time,rs-006743-cnwb8,e8cc2c28-ddf0-44fe-9912-5daaa5dfd0eb,1,6329.705534
2026/02/05/12:07:01,running-time,rs-006743-cnwb8,e8cc2c28-ddf0-44fe-9912-5daaa5dfd0eb,1,6330.705534
2026/02/05/12:07:01,apply-time,rs-006743-hz566,7f65b69b-5025-423c-bfd5-e795cd4a5074,1,6329.705534
2026/02/05/12:07:01,running-time,rs-006743-hz566,7f65b69b-5025-423c-bfd5-e795cd4a5074,1,6330.705534
2026/02/05/12:07:01,apply-time,rs-006744-7qb2d,cd7d170a-bb9e-43ff-865e-dbf39bd2ad57,4,6329.705534
2026/02/05/12:07:01,apply-time,rs-006744-j5g89,7ffac894-e7a8-419d-9db3-bb3d6302c450,4,6329.705534
2026/02/05/12:07:01,apply-time,rs-006745-bwzvz,3c0ecdb9-1550-44dd-b98b-a1a0b2dfc0ad,4,6330.705534
2026/02/05/12:07:01,apply-time,rs-006746-2w9vg,63c6ef12-186e-4bea-9c11-4c73dc626c1b,2,6330.705534
2026/02/05/12:07:01,apply-time,rs-006746-b4bx5,76ee23d1-f909-496e-9e52-0801e755a276,2,6330.705534
2026/02/05/12:07:01,apply-time,rs-006747-zrzb9,3dbe2176-e486-4b5c-aecd-88cce908685f,1,6330.705534
2026/02/05/12:07:01,running-time,rs-006747-zrzb9,3dbe2176-e486-4b5c-aecd-88cce908685f,1,6330.705534
2026/02/05/12:07:01,apply-time,rs-006748-d4dl7,e5fa6294-cc81-4157-869b-b4bb4c0cadbf,1,6330.705534
2026/02/05/12:07:01,apply-time,rs-006748-jhw9g,7aa2587a-2d33-48c0-a135-fd70018e9cdf,1,6330.705534
2026/02/05/12:07:01,apply-time,rs-006749-lp79f,6bbfc0b6-4677-45fa-a887-3a46a6b1d73c,4,6330.705534
2026/02/05/12:07:01,running-time,rs-006749-lp79f,6bbfc0b6-4677-45fa-a887-3a46a6b1d73c,4,6330.705534
2026/02/05/12:07:01,apply-time,rs-006754-lqhnn,be6036ab-7caa-47d1-8a47-9e0ba4cb755b,2,6330.705534
2026/02/05/12:07:02,running-time,rs-006746-b4bx5,76ee23d1-f909-496e-9e52-0801e755a276,2,6331.705534
2026/02/05/12:07:02,running-time,rs-006748-jhw9g,7aa2587a-2d33-48c0-a135-fd70018e9cdf,1,6330.705534
2026/02/05/12:07:02,apply-time,rs-006750-cclhf,5ab1a0ed-d75c-4dde-9228-76ef185b8b58,3,6330.705534
2026/02/05/12:07:02,running-time,rs-006750-cclhf,5ab1a0ed-d75c-4dde-9228-76ef185b8b58,3,6330.705534
2026/02/05/12:07:02,apply-time,rs-006751-pmzx4,8ad47700-7809-4d54-b49d-59dcc2f200bd,1,6331.705534
2026/02/05/12:07:02,running-time,rs-006751-pmzx4,8ad47700-7809-4d54-b49d-59dcc2f200bd,1,6331.705534
2026/02/05/12:07:02,apply-time,rs-006752-lkp49,277bdbbf-3e37-4a39-8ea4-7d8318ce1cf5,2,6330.705534
2026/02/05/12:07:02,apply-time,rs-006752-rx99n,95e3060b-717e-4563-9f95-5f80a8443993,2,6330.705534
2026/02/05/12:07:02,apply-time,rs-006753-87vlb,ad56ab6d-fe4c-4c2b-b4ad-2a2a4d5545a8,2,6331.705534
2026/02/05/12:07:02,running-time,rs-006753-87vlb,ad56ab6d-fe4c-4c2b-b4ad-2a2a4d5545a8,2,6331.705534
2026/02/05/12:07:02,apply-time,rs-006753-dwh2n,b6ffd795-c6e5-44d8-9a3e-34dbcdbd2fc8,2,6331.705534
2026/02/05/12:07:02,running-time,rs-006753-dwh2n,b6ffd795-c6e5-44d8-9a3e-34dbcdbd2fc8,2,6331.705534
2026/02/05/12:07:02,running-time,rs-006754-lqhnn,be6036ab-7caa-47d1-8a47-9e0ba4cb755b,2,6330.705534
2026/02/05/12:07:02,apply-time,rs-006756-trk4f,9eacf8b7-dc7a-467e-851e-10f86d6e6b4f,4,6331.705534
2026/02/05/12:07:02,running-time,rs-006756-trk4f,9eacf8b7-dc7a-467e-851e-10f86d6e6b4f,4,6331.705534
2026/02/05/12:07:02,apply-time,rs-006757-w68jx,1a726c05-8676-4102-8a68-0a0769f34093,3,6331.705534
2026/02/05/12:07:02,running-time,rs-006757-w68jx,1a726c05-8676-4102-8a68-0a0769f34093,3,6331.705534
2026/02/05/12:07:03,apply-time,rs-006755-49k4b,9e7c11f2-a414-428d-8474-8ffcd221146b,1,6332.705534
2026/02/05/12:07:03,apply-time,rs-006755-n5mfn,a013125f-26e8-431b-ac92-91a6170b7c09,1,6331.705534
2026/02/05/12:07:03,apply-time,rs-006755-n5wh5,5c247cc7-25d9-4e90-93d4-f14ddb8f900e,1,6332.705534
2026/02/05/12:07:03,apply-time,rs-006756-6lnzs,a7cdb1cb-c712-4e89-b5e6-4e3724342ba4,4,6331.705534
2026/02/05/12:07:03,apply-time,rs-006756-sxhv5,02409126-7325-49c6-a17a-3cc385e0de0f,4,6331.705534
2026/02/05/12:07:03,running-time,rs-006756-sxhv5,02409126-7325-49c6-a17a-3cc385e0de0f,4,6332.705534
2026/02/05/12:07:03,apply-time,rs-006757-pfr6n,12021cbc-e4ce-4a11-a5d8-4f90a74e8ad8,3,6331.705534
2026/02/05/12:07:03,running-time,rs-006757-pfr6n,12021cbc-e4ce-4a11-a5d8-4f90a74e8ad8,3,6331.705534
2026/02/05/12:07:03,apply-time,rs-006757-wr5jh,73b0e473-6421-4f0c-9634-c2f8830dd3bc,3,6331.705534
2026/02/05/12:07:03,running-time,rs-006757-wr5jh,73b0e473-6421-4f0c-9634-c2f8830dd3bc,3,6331.705534
2026/02/05/12:07:03,apply-time,rs-006758-v5pgp,03da91fa-c4ce-4163-b800-cab2e14e7da4,1,6331.705534
2026/02/05/12:07:04,running-time,rs-006755-n5mfn,a013125f-26e8-431b-ac92-91a6170b7c09,1,6333.705534
2026/02/05/12:07:04,running-time,rs-006756-6lnzs,a7cdb1cb-c712-4e89-b5e6-4e3724342ba4,4,6332.705534
2026/02/05/12:07:05,running-time,rs-006755-n5wh5,5c247cc7-25d9-4e90-93d4-f14ddb8f900e,1,6334.705534
2026/02/05/12:07:06,running-time,rs-006755-49k4b,9e7c11f2-a414-428d-8474-8ffcd221146b,1,6335.705534
2026/02/05/12:07:14,apply-time,rs-006759-2dflc,df11b2d3-727a-4eda-98a4-caa5b93e15cf,3,6343.705534
2026/02/05/12:07:14,running-time,rs-006759-2dflc,df11b2d3-727a-4eda-98a4-caa5b93e15cf,3,6343.705534
2026/02/05/12:07:14,apply-time,rs-006759-dvxhw,ff2d2ce0-583b-44ad-8034-6953278281e9,3,6343.705534
2026/02/05/12:07:14,running-time,rs-006759-dvxhw,ff2d2ce0-583b-44ad-8034-6953278281e9,3,6343.705534
2026/02/05/12:07:15,apply-time,rs-006760-74vb8,94f49378-1f37-424a-9f00-5f3fa0d77193,3,6344.705534
2026/02/05/12:07:15,apply-time,rs-006760-vxsvr,6fe4d6e7-1744-47d9-ba86-d904b872dd86,3,6344.705534
2026/02/05/12:07:15,running-time,rs-006760-vxsvr,6fe4d6e7-1744-47d9-ba86-d904b872dd86,3,6344.705534
2026/02/05/12:07:15,apply-time,rs-006761-f25nw,2e5f42dd-fd2f-440d-80ab-8e36b8cf744c,1,6343.705534
2026/02/05/12:07:15,running-time,rs-006761-f25nw,2e5f42dd-fd2f-440d-80ab-8e36b8cf744c,1,6343.705534
2026/02/05/12:07:15,apply-time,rs-006762-nwbqh,1faf89f0-a607-401c-8dc6-431386066338,1,6344.705534
2026/02/05/12:07:15,apply-time,rs-006763-9hzb4,6f48cb79-c091-46d1-962d-fe5e2f19bef2,3,6344.705534
2026/02/05/12:07:15,running-time,rs-006763-9hzb4,6f48cb79-c091-46d1-962d-fe5e2f19bef2,3,6344.705534
2026/02/05/12:07:15,apply-time,rs-006763-bbtwz,b69e5024-da3d-49e4-b0ec-b1fe27d7f52e,3,6344.705534
2026/02/05/12:07:15,running-time,rs-006763-bbtwz,b69e5024-da3d-49e4-b0ec-b1fe27d7f52e,3,6344.705534
2026/02/05/12:07:15,apply-time,rs-006763-ffvg4,03c5dc7e-442e-4c52-b451-3f5785a3870e,3,6344.705534
2026/02/05/12:07:15,running-time,rs-006763-ffvg4,03c5dc7e-442e-4c52-b451-3f5785a3870e,3,6344.705534
2026/02/05/12:07:16,running-time,rs-006752-lkp49,277bdbbf-3e37-4a39-8ea4-7d8318ce1cf5,2,6344.705534
2026/02/05/12:07:17,running-time,rs-006760-74vb8,94f49378-1f37-424a-9f00-5f3fa0d77193,3,6346.705534
2026/02/05/12:07:17,apply-time,rs-006764-2xd2b,3d9c8233-83df-4582-b963-8486d1f851cf,2,6346.705534
2026/02/05/12:07:17,running-time,rs-006764-2xd2b,3d9c8233-83df-4582-b963-8486d1f851cf,2,6346.705534
2026/02/05/12:07:18,apply-time,rs-006765-h4h9d,f6058a7f-c3d5-42a9-b69b-22e1ebc2b933,2,6347.705534
2026/02/05/12:07:18,running-time,rs-006765-h4h9d,f6058a7f-c3d5-42a9-b69b-22e1ebc2b933,2,6347.705534
2026/02/05/12:07:18,apply-time,rs-006765-vx995,85b34736-f48d-4f62-a0b5-75f2eb4f033f,2,6347.705534
2026/02/05/12:07:18,running-time,rs-006765-vx995,85b34736-f48d-4f62-a0b5-75f2eb4f033f,2,6347.705534
2026/02/05/12:07:18,apply-time,rs-006766-mb8ck,e1462601-7915-4748-8f3f-c6df2531a606,3,6347.705534
2026/02/05/12:07:18,apply-time,rs-006767-2dlkb,8cee4c30-60a5-4a03-981d-edabab575966,4,6347.705534
2026/02/05/12:07:18,apply-time,rs-006767-8ckgp,f9584088-75e5-48ee-a24e-2391e70a6eec,4,6347.705534
2026/02/05/12:07:18,apply-time,rs-006767-ltw7w,290f774a-849f-4a88-900b-8a326427b97c,4,6347.705534
2026/02/05/12:07:18,apply-time,rs-006768-8z6zw,19a4616b-fd64-4fe5-afdf-26bd3836a35c,3,6347.705534
2026/02/05/12:07:18,apply-time,rs-006768-zf2ng,4d002b43-4bb0-400f-9863-0b553ff5b1b4,3,6347.705534
2026/02/05/12:07:19,running-time,rs-006766-mb8ck,e1462601-7915-4748-8f3f-c6df2531a606,3,6348.705534
2026/02/05/12:07:21,running-time,rs-006767-2dlkb,8cee4c30-60a5-4a03-981d-edabab575966,4,6349.705534
2026/02/05/12:07:22,apply-time,rs-006769-qgmtr,15e07817-ce16-408f-9d87-42d43adbf3d2,2,6350.705534
2026/02/05/12:07:22,apply-time,rs-006769-s9v4h,8034865d-3edf-44b9-be67-ac3eb1136c13,2,6350.705534
2026/02/05/12:07:22,apply-time,rs-006770-rsltg,4b3e9e54-4d42-44b4-98ba-a34779e9332c,4,6350.705534
2026/02/05/12:07:22,running-time,rs-006770-rsltg,4b3e9e54-4d42-44b4-98ba-a34779e9332c,4,6350.705534
2026/02/05/12:07:22,apply-time,rs-006771-6lw97,514b9349-5073-456e-a5c1-38f39b38ac6e,1,6350.705534
2026/02/05/12:07:22,running-time,rs-006771-6lw97,514b9349-5073-456e-a5c1-38f39b38ac6e,1,6350.705534
2026/02/05/12:07:22,apply-time,rs-006771-qpzxq,d584c8d8-823b-470b-8601-41d969da738d,1,6350.705534
2026/02/05/12:07:22,running-time,rs-006771-qpzxq,d584c8d8-823b-470b-8601-41d969da738d,1,6350.705534
2026/02/05/12:07:22,apply-time,rs-006772-6jnfv,bb964329-a2ad-4fb4-a1bc-3efc05c01182,1,6351.705534
2026/02/05/12:07:22,running-time,rs-006772-6jnfv,bb964329-a2ad-4fb4-a1bc-3efc05c01182,1,6351.705534
2026/02/05/12:07:22,apply-time,rs-006772-spsw8,06876b8b-3719-47ae-9f9a-cbe62e811c46,1,6351.705534
2026/02/05/12:07:22,running-time,rs-006772-spsw8,06876b8b-3719-47ae-9f9a-cbe62e811c46,1,6351.705534
2026/02/05/12:07:22,apply-time,rs-006773-h6lp7,44e8643d-e833-4cc4-8cba-ccb423d2bc44,3,6351.705534
2026/02/05/12:07:22,apply-time,rs-006773-klnb2,26e72723-531e-43e1-ae20-07ed145aa837,3,6351.705534
2026/02/05/12:07:22,apply-time,rs-006773-stg8m,6562b5a0-078c-4192-909d-517067fde8ea,3,6351.705534
2026/02/05/12:07:23,running-time,rs-006773-h6lp7,44e8643d-e833-4cc4-8cba-ccb423d2bc44,3,6351.705534
2026/02/05/12:07:25,apply-time,rs-006774-jmq27,9dee9cdd-83d1-4fc4-a31a-fa7252dca163,1,6353.705534
2026/02/05/12:07:25,running-time,rs-006774-jmq27,9dee9cdd-83d1-4fc4-a31a-fa7252dca163,1,6353.705534
2026/02/05/12:07:25,apply-time,rs-006774-k7p84,656d8d49-58cd-41ed-8219-c823c4d52d11,1,6353.705534
2026/02/05/12:07:25,running-time,rs-006774-k7p84,656d8d49-58cd-41ed-8219-c823c4d52d11,1,6353.705534
2026/02/05/12:07:25,apply-time,rs-006774-wzw74,78c0342f-a056-45cb-883a-5e84b2c8f2b2,1,6353.705534
2026/02/05/12:07:25,running-time,rs-006774-wzw74,78c0342f-a056-45cb-883a-5e84b2c8f2b2,1,6353.705534
2026/02/05/12:07:25,apply-time,rs-006775-gp8rk,322bb1c7-ecd6-40e2-8e41-3bc251af29dd,3,6353.705534
2026/02/05/12:07:25,running-time,rs-006775-gp8rk,322bb1c7-ecd6-40e2-8e41-3bc251af29dd,3,6353.705534
2026/02/05/12:07:26,apply-time,rs-006776-9w8m8,3a8de5fa-e2fa-4687-9535-9487d291cd15,2,6354.705534
2026/02/05/12:07:26,running-time,rs-006776-9w8m8,3a8de5fa-e2fa-4687-9535-9487d291cd15,2,6354.705534
2026/02/05/12:07:26,apply-time,rs-006776-m9wq7,60ad104a-3632-40ea-a15c-0e9d160417cc,2,6354.705534
2026/02/05/12:07:26,running-time,rs-006776-m9wq7,60ad104a-3632-40ea-a15c-0e9d160417cc,2,6354.705534
2026/02/05/12:07:26,apply-time,rs-006776-zv9lx,858754af-e0f6-4f46-9fe5-58b61d2c1ca3,2,6354.705534
2026/02/05/12:07:26,running-time,rs-006776-zv9lx,858754af-e0f6-4f46-9fe5-58b61d2c1ca3,2,6354.705534
2026/02/05/12:07:26,apply-time,rs-006777-g2gcv,2c849099-1c65-4531-8965-67b25f52e426,2,6354.705534
2026/02/05/12:07:26,running-time,rs-006777-g2gcv,2c849099-1c65-4531-8965-67b25f52e426,2,6355.705534
2026/02/05/12:07:26,apply-time,rs-006778-d5krr,076bdcb6-3176-4b14-9bed-482431028447,1,6354.705534
2026/02/05/12:07:26,running-time,rs-006778-d5krr,076bdcb6-3176-4b14-9bed-482431028447,1,6355.705534
2026/02/05/12:07:26,apply-time,rs-006778-qwjln,fdcbd413-a448-4dcf-ac20-e8a89e4556b2,1,6354.705534
2026/02/05/12:07:26,running-time,rs-006778-qwjln,fdcbd413-a448-4dcf-ac20-e8a89e4556b2,1,6354.705534
2026/02/05/12:07:26,apply-time,rs-006778-vjtp8,36b29076-d2db-4515-829c-e4da7d3feabb,1,6354.705534
2026/02/05/12:07:26,running-time,rs-006778-vjtp8,36b29076-d2db-4515-829c-e4da7d3feabb,1,6354.705534
2026/02/05/12:07:26,apply-time,rs-006779-6ztqz,2514e533-dca9-46a4-b496-f385dbf168c0,2,6354.705534
2026/02/05/12:07:26,running-time,rs-006779-6ztqz,2514e533-dca9-46a4-b496-f385dbf168c0,2,6354.705534
2026/02/05/12:07:26,apply-time,rs-006780-b9n8f,e264c9c4-6202-4245-b534-a4c4a50fed6b,1,6354.705534
2026/02/05/12:07:26,apply-time,rs-006781-n8hb7,16928116-6c68-4521-a620-66006cbd1c2d,3,6355.705534
2026/02/05/12:07:26,apply-time,rs-006781-tmb2t,812358ea-898e-402a-9afc-b0a8e81949ae,3,6355.705534
2026/02/05/12:07:26,apply-time,rs-006782-2k66g,29ba5613-ae63-494a-9f35-bffc13309e27,3,6355.705534
2026/02/05/12:07:26,apply-time,rs-006783-ggkld,28f4a53e-4144-4c58-8a14-56924f597b08,4,6355.705534
2026/02/05/12:07:27,apply-time,rs-006781-5cxbj,18998ede-53aa-4784-8c63-c704bace77ec,3,6355.705534
2026/02/05/12:07:27,apply-time,rs-006783-6q5t7,b9f2be2c-ed06-41f3-89c9-98c989f66cd7,4,6355.705534
2026/02/05/12:07:27,apply-time,rs-006784-cd8vw,0cbec5a7-7029-4bec-a6dd-59dff612d2cf,4,6356.705534
2026/02/05/12:07:27,running-time,rs-006784-cd8vw,0cbec5a7-7029-4bec-a6dd-59dff612d2cf,4,6356.705534
2026/02/05/12:07:27,apply-time,rs-006784-n287h,86b15af1-8f7f-4b80-ad6d-9ee0254709e9,4,6355.705534
2026/02/05/12:07:27,running-time,rs-006784-n287h,86b15af1-8f7f-4b80-ad6d-9ee0254709e9,4,6355.705534
2026/02/05/12:07:27,apply-time,rs-006785-5rf6b,3ff4151f-2d2c-40ab-8691-033be3516aa8,1,6355.705534
2026/02/05/12:07:27,apply-time,rs-006786-92b8d,01299717-ee2b-44a2-a748-67295e59dfc6,3,6356.705534
2026/02/05/12:07:27,apply-time,rs-006786-fb82g,f210790c-621a-4e39-b2c8-ef7e5d51aabb,3,6356.705534
2026/02/05/12:07:27,apply-time,rs-006786-szk8c,464c066c-462c-44c4-885e-cbb10637fbea,3,6356.705534
2026/02/05/12:07:28,running-time,rs-006783-6q5t7,b9f2be2c-ed06-41f3-89c9-98c989f66cd7,4,6357.705534
2026/02/05/12:07:28,running-time,rs-006783-ggkld,28f4a53e-4144-4c58-8a14-56924f597b08,4,6357.705534
2026/02/05/12:07:30,running-time,rs-006773-klnb2,26e72723-531e-43e1-ae20-07ed145aa837,3,6358.705534
2026/02/05/12:07:30,running-time,rs-006785-5rf6b,3ff4151f-2d2c-40ab-8691-033be3516aa8,1,6358.705534
2026/02/05/12:07:35,running-time,rs-006773-stg8m,6562b5a0-078c-4192-909d-517067fde8ea,3,6363.705534
2026/02/05/12:07:35,running-time,rs-006786-92b8d,01299717-ee2b-44a2-a748-67295e59dfc6,3,6363.705534
2026/02/05/12:07:36,running-time,rs-006786-fb82g,f210790c-621a-4e39-b2c8-ef7e5d51aabb,3,6365.705534
2026/02/05/12:07:36,running-time,rs-006786-szk8c,464c066c-462c-44c4-885e-cbb10637fbea,3,6365.705534
2026/02/05/12:07:39,apply-time,rs-006787-glkz2,be8e236e-9980-4f35-b1a3-489d8e10e114,4,6368.705534
2026/02/05/12:07:39,apply-time,rs-006787-nfnc6,e2f40edf-7c94-46b9-bb61-7cbda20131a3,4,6368.705534
2026/02/05/12:07:39,apply-time,rs-006787-wxnz4,fbed9e44-2ff5-4679-b9ed-875c3bd38c21,4,6368.705534
2026/02/05/12:07:39,apply-time,rs-006788-jzgh9,132d2bf3-ba4b-43c7-87f9-1b1188f41dfa,2,6368.705534
2026/02/05/12:07:39,running-time,rs-006788-jzgh9,132d2bf3-ba4b-43c7-87f9-1b1188f41dfa,2,6368.705534
2026/02/05/12:07:39,apply-time,rs-006789-pd874,74951496-7b9d-41ca-a8d3-a4d14bdca8de,4,6368.705534
2026/02/05/12:07:42,apply-time,rs-006790-ddkct,59547eb8-d34a-4595-a730-32deb6e74053,1,6371.705534
2026/02/05/12:07:42,running-time,rs-006790-ddkct,59547eb8-d34a-4595-a730-32deb6e74053,1,6371.705534
2026/02/05/12:07:42,apply-time,rs-006790-gjhcp,5559426c-229a-4573-a326-d32042dfba15,1,6371.705534
2026/02/05/12:07:42,running-time,rs-006790-gjhcp,5559426c-229a-4573-a326-d32042dfba15,1,6371.705534
2026/02/05/12:07:42,apply-time,rs-006790-tf7ww,a14fb576-a071-4d23-8fb9-b1fec5abea37,1,6371.705534
2026/02/05/12:07:42,running-time,rs-006790-tf7ww,a14fb576-a071-4d23-8fb9-b1fec5abea37,1,6371.705534
2026/02/05/12:07:42,apply-time,rs-006791-mq6k5,bcfb2819-b80e-4b45-a415-f8462f293f60,1,6371.705534
2026/02/05/12:07:42,running-time,rs-006791-mq6k5,bcfb2819-b80e-4b45-a415-f8462f293f60,1,6371.705534
2026/02/05/12:07:42,apply-time,rs-006792-l759c,a1c79cec-0bb3-4174-b724-515d90c9d2af,2,6371.705534
2026/02/05/12:07:42,running-time,rs-006792-l759c,a1c79cec-0bb3-4174-b724-515d90c9d2af,2,6371.705534
2026/02/05/12:07:42,apply-time,rs-006792-vqlhw,648a6bd4-0a5b-494f-ab41-07f20fe43135,2,6371.705534
2026/02/05/12:07:42,apply-time,rs-006793-gmdbz,1ceb5292-204e-4df4-9016-3600bda6d401,3,6371.705534
2026/02/05/12:07:42,running-time,rs-006793-gmdbz,1ceb5292-204e-4df4-9016-3600bda6d401,3,6371.705534
2026/02/05/12:07:42,apply-time,rs-006793-rm989,a2e07eab-bd3b-456c-abd8-cd92e2438596,3,6371.705534
2026/02/05/12:07:42,running-time,rs-006793-rm989,a2e07eab-bd3b-456c-abd8-cd92e2438596,3,6371.705534
2026/02/05/12:07:42,apply-time,rs-006793-stcg5,e9e5959f-3576-4436-9f57-f597fe78c51e,3,6371.705534
2026/02/05/12:07:42,running-time,rs-006793-stcg5,e9e5959f-3576-4436-9f57-f597fe78c51e,3,6371.705534
2026/02/05/12:07:54,apply-time,rs-006794-g5mvd,129b15f8-6e09-4b36-a9a7-549f7423efa0,2,6383.705534
2026/02/05/12:07:54,running-time,rs-006794-g5mvd,129b15f8-6e09-4b36-a9a7-549f7423efa0,2,6383.705534
2026/02/05/12:07:54,apply-time,rs-006795-2v8xb,dab810e0-97c9-4acd-9256-465df377978d,4,6383.705534
2026/02/05/12:07:54,running-time,rs-006795-2v8xb,dab810e0-97c9-4acd-9256-465df377978d,4,6383.705534
2026/02/05/12:08:00,running-time,rs-006787-nfnc6,e2f40edf-7c94-46b9-bb61-7cbda20131a3,4,6388.705534
2026/02/05/12:08:04,apply-time,rs-006796-g4gcn,7a406193-0e3b-422e-91c1-bbe376764d62,2,6392.705534
2026/02/05/12:08:04,running-time,rs-006796-g4gcn,7a406193-0e3b-422e-91c1-bbe376764d62,2,6392.705534
2026/02/05/12:08:04,apply-time,rs-006797-4bh67,f6490f61-02f9-49b8-b8fa-0ab14ea225ba,2,6392.705534
2026/02/05/12:08:04,running-time,rs-006797-4bh67,f6490f61-02f9-49b8-b8fa-0ab14ea225ba,2,6392.705534
2026/02/05/12:08:04,apply-time,rs-006797-bzdnv,59a0da89-cdb6-4c61-8393-da03b1d19ac7,2,6392.705534
2026/02/05/12:08:04,apply-time,rs-006797-tfxtp,c6b9ebf4-2f10-4831-be37-19267b571127,2,6392.705534
2026/02/05/12:08:04,apply-time,rs-006798-k4kst,745add6e-daa7-4fef-9cd4-cb05c7bc9243,3,6393.705534
2026/02/05/12:08:04,running-time,rs-006798-k4kst,745add6e-daa7-4fef-9cd4-cb05c7bc9243,3,6393.705534
2026/02/05/12:08:04,apply-time,rs-006799-8bm85,ef0bd260-ab6b-4e47-b5ac-441fd41df614,1,6393.705534
2026/02/05/12:08:04,apply-time,rs-006800-w7d5k,500c55a2-b746-4289-848d-bf2b0f7ef4c9,2,6393.705534
2026/02/05/12:08:04,running-time,rs-006800-w7d5k,500c55a2-b746-4289-848d-bf2b0f7ef4c9,2,6393.705534
2026/02/05/12:08:05,apply-time,rs-006801-wk5bv,e1a7257c-af78-4b44-9dc9-43ace11465c9,1,6394.705534
2026/02/05/12:08:05,running-time,rs-006801-wk5bv,e1a7257c-af78-4b44-9dc9-43ace11465c9,1,6394.705534
2026/02/05/12:08:05,apply-time,rs-006801-wrxx5,ab1f3fce-8212-4713-8a68-6b463584ee93,1,6394.705534
2026/02/05/12:08:05,running-time,rs-006801-wrxx5,ab1f3fce-8212-4713-8a68-6b463584ee93,1,6394.705534
2026/02/05/12:08:08,apply-time,rs-006802-7vd7n,1ca24447-d3b9-4bc2-838e-db001c1a7263,1,6397.705534
2026/02/05/12:08:08,running-time,rs-006802-7vd7n,1ca24447-d3b9-4bc2-838e-db001c1a7263,1,6397.705534
2026/02/05/12:08:08,apply-time,rs-006803-jhq42,c37929c4-27d9-4012-83ef-1ffe30083bb8,2,6397.705534
2026/02/05/12:08:08,running-time,rs-006803-jhq42,c37929c4-27d9-4012-83ef-1ffe30083bb8,2,6397.705534
2026/02/05/12:08:08,apply-time,rs-006804-hmvct,e4fb3250-539b-4121-855f-0f0e4da185e7,1,6397.705534
2026/02/05/12:08:08,apply-time,rs-006804-sdpm6,3bf2b0ac-ebb5-42f8-b1e3-5274ed6e35d8,1,6397.705534
2026/02/05/12:08:08,apply-time,rs-006804-w7ntp,07b448d1-b48a-423f-bf9c-a5ecefd46fa8,1,6397.705534
2026/02/05/12:08:08,apply-time,rs-006805-l64p8,97069d31-d8d7-4356-a0ab-a30ff67cbf48,3,6397.705534
2026/02/05/12:08:08,apply-time,rs-006805-tq2h5,1358ce8b-d839-42e4-a028-9e09332adb21,3,6397.705534
2026/02/05/12:08:08,apply-time,rs-006806-znd25,4ec4181b-e526-46bf-88c5-86a939676139,2,6397.705534
2026/02/05/12:08:08,apply-time,rs-006807-9cz4n,be9b3676-5fe7-4cfb-98f2-0d4166966b6c,4,6397.705534
2026/02/05/12:08:08,running-time,rs-006807-9cz4n,be9b3676-5fe7-4cfb-98f2-0d4166966b6c,4,6397.705534
2026/02/05/12:08:10,running-time,rs-006806-znd25,4ec4181b-e526-46bf-88c5-86a939676139,2,6398.705534
2026/02/05/12:08:12,running-time,rs-006797-tfxtp,c6b9ebf4-2f10-4831-be37-19267b571127,2,6401.705534
2026/02/05/12:08:14,apply-time,rs-006808-sr5np,3aec51a6-0a89-42dd-a807-0ce6571efc27,3,6403.705534
2026/02/05/12:08:14,running-time,rs-006808-sr5np,3aec51a6-0a89-42dd-a807-0ce6571efc27,3,6403.705534
2026/02/05/12:08:14,apply-time,rs-006809-4tl2m,ac91aec7-9ad1-49cc-9415-32384af550fb,2,6403.705534
2026/02/05/12:08:14,running-time,rs-006809-4tl2m,ac91aec7-9ad1-49cc-9415-32384af550fb,2,6403.705534
2026/02/05/12:08:14,apply-time,rs-006809-bgzjk,580285f7-264e-46ff-bd9c-8743efac9823,2,6403.705534
2026/02/05/12:08:14,running-time,rs-006809-bgzjk,580285f7-264e-46ff-bd9c-8743efac9823,2,6403.705534
2026/02/05/12:08:14,apply-time,rs-006809-g667k,5c66c32e-6eb8-4a0a-a063-6cc48f8cf901,2,6403.705534
2026/02/05/12:08:14,running-time,rs-006809-g667k,5c66c32e-6eb8-4a0a-a063-6cc48f8cf901,2,6403.705534
2026/02/05/12:08:19,running-time,rs-006787-glkz2,be8e236e-9980-4f35-b1a3-489d8e10e114,4,6408.705534
2026/02/05/12:08:21,apply-time,rs-006810-k67zj,6725857f-c27b-4a27-abb3-a7372f6ca014,1,6409.705534
2026/02/05/12:08:21,apply-time,rs-006810-t2mxd,0d49e45d-bdcf-4120-afa9-712148cd1898,1,6409.705534
2026/02/05/12:08:22,apply-time,rs-006811-x7dcb,a260db3e-6e5d-463d-9cbb-983321433bd9,2,6411.705534
2026/02/05/12:08:22,running-time,rs-006811-x7dcb,a260db3e-6e5d-463d-9cbb-983321433bd9,2,6411.705534
2026/02/05/12:08:22,apply-time,rs-006811-xzwx9,5f5545eb-d02b-4926-b4b0-f025edee7063,2,6411.705534
2026/02/05/12:08:22,running-time,rs-006811-xzwx9,5f5545eb-d02b-4926-b4b0-f025edee7063,2,6411.705534
2026/02/05/12:08:22,apply-time,rs-006812-mvx8n,f3ffe6e9-b284-4d77-986e-a910069a72e3,2,6411.705534
2026/02/05/12:08:22,apply-time,rs-006812-qhfgz,0e849ea1-82f3-46ec-97db-7275d805e36b,2,6411.705534
2026/02/05/12:08:23,running-time,rs-006812-mvx8n,f3ffe6e9-b284-4d77-986e-a910069a72e3,2,6411.705534
2026/02/05/12:08:23,running-time,rs-006812-qhfgz,0e849ea1-82f3-46ec-97db-7275d805e36b,2,6411.705534
2026/02/05/12:08:34,apply-time,rs-006813-vj7h6,c646d156-f783-4054-91e7-c5450e8d15de,4,6423.705534
2026/02/05/12:08:35,running-time,rs-006813-vj7h6,c646d156-f783-4054-91e7-c5450e8d15de,4,6423.705534
2026/02/05/12:08:46,apply-time,rs-006814-pmdg8,03d46867-c120-4588-836f-02e6d00e66d0,2,6435.705534
2026/02/05/12:08:46,running-time,rs-006814-pmdg8,03d46867-c120-4588-836f-02e6d00e66d0,2,6435.705534
2026/02/05/12:08:57,apply-time,rs-006815-8nbqp,7470a3bb-be13-4bd0-a74e-5c537359dad3,1,6445.705534
2026/02/05/12:08:57,running-time,rs-006815-8nbqp,7470a3bb-be13-4bd0-a74e-5c537359dad3,1,6445.705534
2026/02/05/12:08:57,apply-time,rs-006815-ndrn2,dd86fe68-7c3f-4d18-94f1-ba5bdece2a37,1,6445.705534
2026/02/05/12:08:57,running-time,rs-006815-ndrn2,dd86fe68-7c3f-4d18-94f1-ba5bdece2a37,1,6445.705534
2026/02/05/12:08:58,apply-time,rs-006816-6p7f4,dd25d6ae-5db7-4c18-85e8-4c692b266dab,3,6446.705534
2026/02/05/12:08:58,running-time,rs-006816-6p7f4,dd25d6ae-5db7-4c18-85e8-4c692b266dab,3,6446.705534
2026/02/05/12:08:58,apply-time,rs-006817-pnrkd,4a1ec75f-0724-4ccd-8d32-2d48932a8881,1,6446.705534
2026/02/05/12:08:58,running-time,rs-006817-pnrkd,4a1ec75f-0724-4ccd-8d32-2d48932a8881,1,6446.705534
2026/02/05/12:08:58,apply-time,rs-006818-bq66s,d601fe88-a37d-46ae-829a-706073763e44,1,6446.705534
2026/02/05/12:08:58,running-time,rs-006818-bq66s,d601fe88-a37d-46ae-829a-706073763e44,1,6446.705534
2026/02/05/12:08:58,apply-time,rs-006818-knbbk,afcc671d-b691-4bbd-929b-dd78e7bd8877,1,6446.705534
2026/02/05/12:08:58,running-time,rs-006818-knbbk,afcc671d-b691-4bbd-929b-dd78e7bd8877,1,6446.705534
2026/02/05/12:08:58,apply-time,rs-006818-sssgx,b3b3141e-adc5-4bec-8469-714d7ff87d15,1,6446.705534
2026/02/05/12:08:58,running-time,rs-006818-sssgx,b3b3141e-adc5-4bec-8469-714d7ff87d15,1,6446.705534
2026/02/05/12:08:59,apply-time,rs-006819-5lq47,813f4261-359a-4a3d-848e-d6f4d53e2db2,3,6448.705534
2026/02/05/12:08:59,running-time,rs-006819-5lq47,813f4261-359a-4a3d-848e-d6f4d53e2db2,3,6448.705534
2026/02/05/12:08:59,apply-time,rs-006819-9k7wp,6cfcbe0f-c444-49e3-9866-5ae8a991f4f2,3,6448.705534
2026/02/05/12:08:59,running-time,rs-006819-9k7wp,6cfcbe0f-c444-49e3-9866-5ae8a991f4f2,3,6448.705534
2026/02/05/12:08:59,apply-time,rs-006820-cgtsx,fe5a8f8b-a44a-4041-9593-4c5cd00445eb,1,6448.705534
2026/02/05/12:08:59,running-time,rs-006820-cgtsx,fe5a8f8b-a44a-4041-9593-4c5cd00445eb,1,6448.705534
2026/02/05/12:08:59,apply-time,rs-006820-cww48,6d9c4292-c67c-4ef7-8691-f6c5b802b77f,1,6448.705534
2026/02/05/12:08:59,running-time,rs-006820-cww48,6d9c4292-c67c-4ef7-8691-f6c5b802b77f,1,6448.705534
2026/02/05/12:08:59,apply-time,rs-006820-t4wqw,3026e50c-8199-48ae-984a-75e806f1174f,1,6448.705534
2026/02/05/12:08:59,running-time,rs-006820-t4wqw,3026e50c-8199-48ae-984a-75e806f1174f,1,6448.705534
2026/02/05/12:08:59,apply-time,rs-006821-9hslw,762d0ad6-e378-40e6-9473-a31a9137fe3e,1,6448.705534
2026/02/05/12:08:59,apply-time,rs-006821-dczj8,45c9ae73-8c75-461c-8c29-d7fd620c2da5,1,6448.705534
2026/02/05/12:09:05,apply-time,rs-006822-5gf8b,7a820928-3638-4353-a909-5703c0c6b8e9,3,6453.705534
2026/02/05/12:09:05,running-time,rs-006822-5gf8b,7a820928-3638-4353-a909-5703c0c6b8e9,3,6453.705534
2026/02/05/12:09:05,apply-time,rs-006822-vpqp7,5357d447-95a9-4c33-b4ab-20290abddf3e,3,6453.705534
2026/02/05/12:09:05,running-time,rs-006822-vpqp7,5357d447-95a9-4c33-b4ab-20290abddf3e,3,6453.705534
2026/02/05/12:09:05,apply-time,rs-006822-zfbwm,d39d07e5-b0c9-4a7b-aacc-356a1071fbfa,3,6453.705534
2026/02/05/12:09:05,running-time,rs-006822-zfbwm,d39d07e5-b0c9-4a7b-aacc-356a1071fbfa,3,6453.705534
2026/02/05/12:09:05,apply-time,rs-006823-2955n,d9886cbb-4c43-46a0-b3dd-51502a126ae1,2,6453.705534
2026/02/05/12:09:05,running-time,rs-006823-2955n,d9886cbb-4c43-46a0-b3dd-51502a126ae1,2,6453.705534
2026/02/05/12:09:05,apply-time,rs-006823-tldqk,54685e6d-4c50-4c2b-8735-e8f247fd831b,2,6453.705534
2026/02/05/12:09:05,running-time,rs-006823-tldqk,54685e6d-4c50-4c2b-8735-e8f247fd831b,2,6453.705534
2026/02/05/12:09:05,apply-time,rs-006824-4dl7l,4e75f818-9ea0-4ce7-9f51-c45efa18ca36,2,6454.705534
2026/02/05/12:09:05,apply-time,rs-006824-jzh4g,c6cf3fc4-fa41-45c9-82ed-da043c8cbfa6,2,6454.705534
2026/02/05/12:09:05,apply-time,rs-006824-xdllm,328ee182-62ce-4427-956b-f29dba702833,2,6454.705534
2026/02/05/12:09:05,apply-time,rs-006825-6slvm,986ed39f-573e-4c2f-aadf-b1f6e89377e1,4,6454.705534
2026/02/05/12:09:05,running-time,rs-006825-6slvm,986ed39f-573e-4c2f-aadf-b1f6e89377e1,4,6454.705534
2026/02/05/12:09:05,apply-time,rs-006825-flb8m,3e647228-2de9-4ec2-b6ec-4084688577a9,4,6454.705534
2026/02/05/12:09:05,running-time,rs-006825-flb8m,3e647228-2de9-4ec2-b6ec-4084688577a9,4,6454.705534
2026/02/05/12:09:05,apply-time,rs-006826-68nkg,93b4844b-fe47-48e7-97b4-7f6f62992b49,3,6454.705534
2026/02/05/12:09:05,running-time,rs-006826-68nkg,93b4844b-fe47-48e7-97b4-7f6f62992b49,3,6454.705534
2026/02/05/12:09:05,apply-time,rs-006826-jqcnw,e1b1f9bb-e381-4d67-90e2-35a3ba263300,3,6454.705534
2026/02/05/12:09:05,running-time,rs-006826-jqcnw,e1b1f9bb-e381-4d67-90e2-35a3ba263300,3,6454.705534
2026/02/05/12:09:05,apply-time,rs-006826-pw9j8,c4f53a92-80d5-4673-8e12-71a7833f0cd8,3,6454.705534
2026/02/05/12:09:05,running-time,rs-006826-pw9j8,c4f53a92-80d5-4673-8e12-71a7833f0cd8,3,6454.705534
2026/02/05/12:09:05,apply-time,rs-006827-z98gk,7a332654-8aa3-4dc6-a8f7-533565669288,4,6454.705534
2026/02/05/12:09:05,apply-time,rs-006828-9bl29,7072b27c-5d34-47e5-b6de-750a8cfd8ce7,4,6454.705534
2026/02/05/12:09:05,apply-time,rs-006828-kfp5n,6f373e3b-756e-4da0-ace8-abb09a80be27,4,6454.705534
2026/02/05/12:09:05,running-time,rs-006828-kfp5n,6f373e3b-756e-4da0-ace8-abb09a80be27,4,6454.705534
2026/02/05/12:09:06,apply-time,rs-006827-2krk9,1d3fa09d-614b-410a-acc2-63badeda6eeb,4,6454.705534
2026/02/05/12:09:06,apply-time,rs-006827-v442f,c40ab8e0-9b1a-4fc9-af89-76bd52ea46eb,4,6454.705534
2026/02/05/12:09:06,apply-time,rs-006829-5bz8s,33b2b1e0-f37a-44db-bbe3-75bac6c1bbef,3,6455.705534
2026/02/05/12:09:06,running-time,rs-006829-5bz8s,33b2b1e0-f37a-44db-bbe3-75bac6c1bbef,3,6455.705534
2026/02/05/12:09:06,apply-time,rs-006830-72vsq,1df8ac8a-b16e-4322-a7f7-7c2b96070027,3,6455.705534
2026/02/05/12:09:06,running-time,rs-006830-72vsq,1df8ac8a-b16e-4322-a7f7-7c2b96070027,3,6455.705534
2026/02/05/12:09:06,apply-time,rs-006830-ck46z,0fa2c377-b708-4363-842a-760995122f0f,3,6455.705534
2026/02/05/12:09:06,running-time,rs-006830-ck46z,0fa2c377-b708-4363-842a-760995122f0f,3,6455.705534
2026/02/05/12:09:06,apply-time,rs-006830-gdxlp,fe8ba0f5-1837-4b72-9a7d-2c61597f7c6b,3,6455.705534
2026/02/05/12:09:06,running-time,rs-006830-gdxlp,fe8ba0f5-1837-4b72-9a7d-2c61597f7c6b,3,6455.705534
2026/02/05/12:09:07,apply-time,rs-006831-9qlpw,1730ba07-9281-4af8-b6f4-c70c1d66af65,4,6456.705534
2026/02/05/12:09:07,running-time,rs-006831-9qlpw,1730ba07-9281-4af8-b6f4-c70c1d66af65,4,6456.705534
2026/02/05/12:09:09,running-time,rs-006827-v442f,c40ab8e0-9b1a-4fc9-af89-76bd52ea46eb,4,6458.705534
2026/02/05/12:09:09,running-time,rs-006827-z98gk,7a332654-8aa3-4dc6-a8f7-533565669288,4,6458.705534
2026/02/05/12:09:10,running-time,rs-006827-2krk9,1d3fa09d-614b-410a-acc2-63badeda6eeb,4,6459.705534
2026/02/05/12:09:19,apply-time,rs-006832-qtfts,2d7497cf-003a-4ab9-bd61-8b8cdcfae938,2,6468.705534
2026/02/05/12:09:19,running-time,rs-006832-qtfts,2d7497cf-003a-4ab9-bd61-8b8cdcfae938,2,6468.705534
2026/02/05/12:09:19,apply-time,rs-006833-pz8jw,d0715149-4959-45b1-8e9e-3df864874374,1,6468.705534
2026/02/05/12:09:19,apply-time,rs-006833-xldkd,8aa0f811-80c6-45c4-9273-156f14a50753,1,6468.705534
2026/02/05/12:09:19,apply-time,rs-006834-sw7xb,56130b47-b5f1-489a-b242-bf3fdb0cb77f,1,6468.705534
2026/02/05/12:09:19,apply-time,rs-006835-v7hz9,fc7d10e3-b8ff-44d6-914f-ac0a7669a9a3,2,6468.705534
2026/02/05/12:09:19,apply-time,rs-006835-xpjht,462134b8-e469-411a-8fe0-f184cdd16c8a,2,6468.705534
2026/02/05/12:09:19,apply-time,rs-006835-z4k8n,448a029f-4525-422d-959e-36da89356182,2,6468.705534
2026/02/05/12:09:20,apply-time,rs-006836-2gf27,2d06f83d-68ed-4087-a2bf-93d303c69f63,3,6468.705534
2026/02/05/12:09:20,running-time,rs-006836-2gf27,2d06f83d-68ed-4087-a2bf-93d303c69f63,3,6468.705534
2026/02/05/12:09:20,apply-time,rs-006836-gn2vq,d7576179-6caa-4bab-b14d-9a9ef592ca1a,3,6468.705534
2026/02/05/12:09:20,running-time,rs-006836-gn2vq,d7576179-6caa-4bab-b14d-9a9ef592ca1a,3,6468.705534
2026/02/05/12:09:22,apply-time,rs-006837-t2vkm,86b0db89-0685-43f4-a29f-47c73a508840,1,6471.705534
2026/02/05/12:09:22,running-time,rs-006837-t2vkm,86b0db89-0685-43f4-a29f-47c73a508840,1,6471.705534
2026/02/05/12:09:22,apply-time,rs-006838-6bqc7,8225dbe6-c392-4fea-9f85-a4099ebeafea,1,6471.705534
2026/02/05/12:09:22,running-time,rs-006838-6bqc7,8225dbe6-c392-4fea-9f85-a4099ebeafea,1,6471.705534
2026/02/05/12:09:29,apply-time,rs-006839-xj89s,40ed3b72-05f7-4faa-869a-9ee9f8227ff5,1,6478.705534
2026/02/05/12:09:29,running-time,rs-006839-xj89s,40ed3b72-05f7-4faa-869a-9ee9f8227ff5,1,6478.705534
2026/02/05/12:09:29,apply-time,rs-006840-k955t,fe7ab959-3312-4798-a9d4-27625b50ea5e,2,6478.705534
2026/02/05/12:09:29,running-time,rs-006840-k955t,fe7ab959-3312-4798-a9d4-27625b50ea5e,2,6478.705534
2026/02/05/12:09:34,running-time,rs-006835-v7hz9,fc7d10e3-b8ff-44d6-914f-ac0a7669a9a3,2,6482.705534
2026/02/05/12:09:34,running-time,rs-006835-xpjht,462134b8-e469-411a-8fe0-f184cdd16c8a,2,6482.705534
2026/02/05/12:09:35,apply-time,rs-006841-96lvd,6e717472-afb3-46bd-a6a1-d487bcc9684e,1,6483.705534
2026/02/05/12:09:35,running-time,rs-006841-96lvd,6e717472-afb3-46bd-a6a1-d487bcc9684e,1,6483.705534
2026/02/05/12:09:43,apply-time,rs-006842-6lbp6,84a1e953-4099-44b3-8401-78e3f582729b,1,6492.705534
2026/02/05/12:09:43,running-time,rs-006842-6lbp6,84a1e953-4099-44b3-8401-78e3f582729b,1,6492.705534
2026/02/05/12:09:43,apply-time,rs-006842-slsdj,798baad9-61b6-4566-a1a9-0d3c566ae8ec,1,6492.705534
2026/02/05/12:09:43,running-time,rs-006842-slsdj,798baad9-61b6-4566-a1a9-0d3c566ae8ec,1,6492.705534
2026/02/05/12:09:43,apply-time,rs-006843-28s8j,1893766b-2978-485a-8d3f-afc171fd2f12,2,6492.705534
2026/02/05/12:09:43,apply-time,rs-006843-7wqgc,29efc570-fea3-45a8-971e-854e395c6da6,2,6492.705534
2026/02/05/12:09:43,apply-time,rs-006844-wg6xx,e1ad57ff-bae7-44e5-b3df-260ff75301fd,4,6492.705534
2026/02/05/12:09:43,running-time,rs-006844-wg6xx,e1ad57ff-bae7-44e5-b3df-260ff75301fd,4,6492.705534
2026/02/05/12:09:43,apply-time,rs-006845-lw8qx,4566278c-9335-4679-817a-3d9fec50ece8,3,6492.705534
2026/02/05/12:09:43,apply-time,rs-006845-sg6tq,0c3b0316-ea5a-4ebb-a615-19f4ded6043d,3,6492.705534
2026/02/05/12:09:43,apply-time,rs-006845-wdsjp,d39c6176-f13a-41e0-9880-ff1aa646eeaa,3,6492.705534
2026/02/05/12:09:43,apply-time,rs-006846-5q876,6c04e826-c2c9-4ac1-b423-4502c27c29b6,2,6492.705534
2026/02/05/12:09:43,apply-time,rs-006846-h48gn,b68b6558-32b7-4791-a1c2-f7721b5af41e,2,6492.705534
2026/02/05/12:09:43,apply-time,rs-006846-szdgf,5fafc388-fd15-4d1c-bc47-0a41a3e5a1fc,2,6492.705534
2026/02/05/12:09:43,apply-time,rs-006847-564qn,612b68db-4013-4bc7-b9ea-7632226c135e,3,6492.705534
2026/02/05/12:09:43,apply-time,rs-006847-t5tjq,fadd09d3-8abf-42f0-9061-d2213140516d,3,6492.705534
2026/02/05/12:09:43,apply-time,rs-006847-vhfnf,7218d30e-05e0-4565-8fbc-169331df9b93,3,6492.705534
2026/02/05/12:09:43,apply-time,rs-006848-dhrhd,18449b4c-8c75-4aa6-b2b6-365d1ccfcd78,4,6492.705534
2026/02/05/12:09:43,apply-time,rs-006848-gjc2g,b18b5ed9-efa0-4eca-b233-3942a1bed126,4,6492.705534
2026/02/05/12:09:43,apply-time,rs-006848-v2fq6,dc2dbf41-312c-4760-8b00-dead8abc87c6,4,6492.705534
2026/02/05/12:09:44,running-time,rs-006845-lw8qx,4566278c-9335-4679-817a-3d9fec50ece8,3,6492.705534
2026/02/05/12:09:44,running-time,rs-006845-sg6tq,0c3b0316-ea5a-4ebb-a615-19f4ded6043d,3,6492.705534
2026/02/05/12:09:44,running-time,rs-006845-wdsjp,d39c6176-f13a-41e0-9880-ff1aa646eeaa,3,6492.705534
2026/02/05/12:09:44,running-time,rs-006846-5q876,6c04e826-c2c9-4ac1-b423-4502c27c29b6,2,6492.705534
2026/02/05/12:09:44,running-time,rs-006846-h48gn,b68b6558-32b7-4791-a1c2-f7721b5af41e,2,6492.705534
2026/02/05/12:09:44,running-time,rs-006846-szdgf,5fafc388-fd15-4d1c-bc47-0a41a3e5a1fc,2,6492.705534
2026/02/05/12:09:44,running-time,rs-006848-dhrhd,18449b4c-8c75-4aa6-b2b6-365d1ccfcd78,4,6492.705534
2026/02/05/12:09:44,running-time,rs-006848-gjc2g,b18b5ed9-efa0-4eca-b233-3942a1bed126,4,6492.705534
2026/02/05/12:09:44,running-time,rs-006848-v2fq6,dc2dbf41-312c-4760-8b00-dead8abc87c6,4,6492.705534
2026/02/05/12:09:44,apply-time,rs-006849-2lpfv,f8765d57-5c61-45a8-9f8a-2ef5d0c268b6,1,6493.705534
2026/02/05/12:09:44,apply-time,rs-006850-gxpcc,5119cb25-6703-4e8d-8bf4-811450b6b4f8,1,6493.705534
2026/02/05/12:09:44,apply-time,rs-006850-r9lc7,00c65e96-1398-420d-9993-ff6af466ae63,1,6493.705534
2026/02/05/12:09:44,apply-time,rs-006851-ndlzn,1fdcd68d-280f-458b-ac44-052ff8f020d7,1,6493.705534
2026/02/05/12:09:44,running-time,rs-006851-ndlzn,1fdcd68d-280f-458b-ac44-052ff8f020d7,1,6493.705534
2026/02/05/12:09:44,apply-time,rs-006852-zdkfk,5a002849-521a-400d-b673-08c2837542ba,3,6493.705534
2026/02/05/12:09:44,apply-time,rs-006853-8cdzz,be221f49-04dc-4879-b92b-e014d0689c13,4,6493.705534
2026/02/05/12:09:44,running-time,rs-006853-8cdzz,be221f49-04dc-4879-b92b-e014d0689c13,4,6493.705534
2026/02/05/12:09:44,apply-time,rs-006854-b2995,6d477c33-bb2f-4de5-991f-c2820647851b,1,6493.705534
2026/02/05/12:09:44,running-time,rs-006854-b2995,6d477c33-bb2f-4de5-991f-c2820647851b,1,6493.705534
2026/02/05/12:09:45,apply-time,rs-006854-kkw9q,e9bbc856-c85b-4df5-ada8-f4346cdffac4,1,6493.705534
2026/02/05/12:09:45,apply-time,rs-006854-n5944,405c804f-e74c-4598-acb4-450381f65672,1,6493.705534
2026/02/05/12:09:45,apply-time,rs-006855-zgqff,5afc7863-b448-44a3-b243-810beab79b48,1,6494.705534
2026/02/05/12:09:45,running-time,rs-006855-zgqff,5afc7863-b448-44a3-b243-810beab79b48,1,6494.705534
2026/02/05/12:09:45,apply-time,rs-006856-j8mnt,13f0cedd-f9c1-4544-aab1-56d403fbf829,1,6494.705534
2026/02/05/12:09:45,running-time,rs-006856-j8mnt,13f0cedd-f9c1-4544-aab1-56d403fbf829,1,6494.705534
2026/02/05/12:09:45,apply-time,rs-006856-pltbz,ce5e481c-990b-40f8-af67-29592c458160,1,6494.705534
2026/02/05/12:09:45,running-time,rs-006856-pltbz,ce5e481c-990b-40f8-af67-29592c458160,1,6494.705534
2026/02/05/12:09:45,apply-time,rs-006857-dzwnf,8fe813ee-9135-49ad-9be2-4f5783f21e64,3,6494.705534
2026/02/05/12:09:45,apply-time,rs-006858-7qwzg,e88522de-8adf-42be-a056-afe2c9097a21,1,6494.705534
2026/02/05/12:09:45,apply-time,rs-006858-z4lhh,f234f992-55f5-454e-89d3-6f7dd3fde4bb,1,6494.705534
2026/02/05/12:09:45,apply-time,rs-006859-nm67k,56b0bf23-17df-4796-8238-7b919e7fb9f6,1,6494.705534
2026/02/05/12:09:46,running-time,rs-006849-2lpfv,f8765d57-5c61-45a8-9f8a-2ef5d0c268b6,1,6495.705534
2026/02/05/12:09:46,running-time,rs-006854-kkw9q,e9bbc856-c85b-4df5-ada8-f4346cdffac4,1,6495.705534
2026/02/05/12:09:46,running-time,rs-006854-n5944,405c804f-e74c-4598-acb4-450381f65672,1,6495.705534
2026/02/05/12:09:46,running-time,rs-006858-z4lhh,f234f992-55f5-454e-89d3-6f7dd3fde4bb,1,6495.705534
2026/02/05/12:09:46,apply-time,rs-006860-dpgx6,d4cb4868-4fdb-46a0-9c34-7103fc8191b7,4,6494.705534
2026/02/05/12:09:46,running-time,rs-006860-dpgx6,d4cb4868-4fdb-46a0-9c34-7103fc8191b7,4,6494.705534
2026/02/05/12:09:47,running-time,rs-006850-gxpcc,5119cb25-6703-4e8d-8bf4-811450b6b4f8,1,6496.705534
2026/02/05/12:09:47,running-time,rs-006850-r9lc7,00c65e96-1398-420d-9993-ff6af466ae63,1,6496.705534
2026/02/05/12:09:51,running-time,rs-006858-7qwzg,e88522de-8adf-42be-a056-afe2c9097a21,1,6500.705534
2026/02/05/12:09:52,running-time,rs-006787-wxnz4,fbed9e44-2ff5-4679-b9ed-875c3bd38c21,4,6501.705534
2026/02/05/12:09:59,apply-time,rs-006863-68m48,f4019a79-43ec-46ce-9473-f79a9e4c8de8,2,6508.705534
2026/02/05/12:09:59,apply-time,rs-006863-85nvl,94c0cfe1-a819-46bf-9309-4ceecb050f68,2,6508.705534
2026/02/05/12:09:59,apply-time,rs-006863-hpkvd,3c4e9f34-7c0e-431b-abc1-149f2417436c,2,6508.705534
2026/02/05/12:09:59,running-time,rs-006863-hpkvd,3c4e9f34-7c0e-431b-abc1-149f2417436c,2,6508.705534
2026/02/05/12:10:04,apply-time,rs-006864-4lv75,d6aa5fdb-15ce-4939-803a-a872d97e8824,2,6513.705534
2026/02/05/12:10:04,running-time,rs-006864-4lv75,d6aa5fdb-15ce-4939-803a-a872d97e8824,2,6513.705534
2026/02/05/12:10:04,apply-time,rs-006864-sq6ft,3da4ae18-fb3e-49f7-98bc-8dfdfbeed293,2,6513.705534
2026/02/05/12:10:04,running-time,rs-006864-sq6ft,3da4ae18-fb3e-49f7-98bc-8dfdfbeed293,2,6513.705534
2026/02/05/12:10:04,apply-time,rs-006865-nw9qr,0ca50a92-76e2-4252-86b4-15c6441c6042,2,6513.705534
2026/02/05/12:10:04,apply-time,rs-006865-pv8cl,a42e67d2-45bf-49e0-9817-10139eee77b9,2,6513.705534
2026/02/05/12:10:04,apply-time,rs-006865-vwg5k,e3b2aeb7-f257-45af-855b-5ed1e5bb3e21,2,6513.705534
2026/02/05/12:10:05,running-time,rs-006865-pv8cl,a42e67d2-45bf-49e0-9817-10139eee77b9,2,6513.705534
2026/02/05/12:10:05,apply-time,rs-006866-5gfzs,888e2afa-be89-43a4-9934-61af5069765c,2,6513.705534
2026/02/05/12:10:05,apply-time,rs-006866-hpfdd,1f115b3d-f425-4b4f-8e03-3bff37b4d59d,2,6513.705534
2026/02/05/12:10:05,apply-time,rs-006866-t7cm9,98ecb6e6-d8c4-4a4a-b8bd-ba2d374f3fb6,2,6513.705534
2026/02/05/12:10:05,apply-time,rs-006867-7k4gp,8f37a6a5-5064-445b-907c-408c8cff86da,2,6514.705534
2026/02/05/12:10:05,running-time,rs-006867-7k4gp,8f37a6a5-5064-445b-907c-408c8cff86da,2,6514.705534
2026/02/05/12:10:05,apply-time,rs-006867-9gs8l,09304de8-130b-4a7c-9b30-e9d9403ce7c8,2,6513.705534
2026/02/05/12:10:05,running-time,rs-006867-9gs8l,09304de8-130b-4a7c-9b30-e9d9403ce7c8,2,6514.705534
2026/02/05/12:10:05,apply-time,rs-006867-v856t,6ead787e-d076-4401-a21d-1cdbba525f9c,2,6514.705534
2026/02/05/12:10:05,running-time,rs-006867-v856t,6ead787e-d076-4401-a21d-1cdbba525f9c,2,6514.705534
2026/02/05/12:10:05,apply-time,rs-006868-rvb75,86d31154-032a-40e0-8704-4b12ac7f37a4,2,6513.705534
2026/02/05/12:10:05,apply-time,rs-006869-m62g4,64a389ae-7879-4b4a-8647-1f4ca097a009,4,6514.705534
2026/02/05/12:10:05,apply-time,rs-006869-nmhtt,2d8e49f2-7b6d-4b28-9a92-cfb8126a955e,4,6514.705534
2026/02/05/12:10:05,apply-time,rs-006869-q29qk,c72355dc-bbf7-4379-890a-28f942d79627,4,6514.705534
2026/02/05/12:10:05,apply-time,rs-006870-p6jtg,e145dcda-473e-45cc-983f-2fffefc0aef4,2,6514.705534
2026/02/05/12:10:05,apply-time,rs-006871-j22bb,77e6b2e9-6d57-4308-9fa5-d68d332a9f6c,4,6514.705534
2026/02/05/12:10:05,apply-time,rs-006872-v62v8,5715529a-2905-4f29-b2aa-cf3d8c6d1e6f,1,6514.705534
2026/02/05/12:10:06,apply-time,rs-006870-jn2jl,d62450f2-a8bb-4b6b-9aff-3519a434bb23,2,6514.705534
2026/02/05/12:10:06,running-time,rs-006871-j22bb,77e6b2e9-6d57-4308-9fa5-d68d332a9f6c,4,6514.705534
2026/02/05/12:10:06,apply-time,rs-006872-wrwsv,8c81998b-ff01-4b81-9eeb-da408449aa48,1,6514.705534
2026/02/05/12:10:06,apply-time,rs-006873-69nmp,43afb014-c784-4555-9ab1-d4c67155d9cc,1,6514.705534
2026/02/05/12:10:06,running-time,rs-006873-69nmp,43afb014-c784-4555-9ab1-d4c67155d9cc,1,6514.705534
2026/02/05/12:10:06,apply-time,rs-006874-cphfz,a7ad0d99-818c-47e1-bc70-6f06eeed067b,1,6515.705534
2026/02/05/12:10:06,apply-time,rs-006874-vmx6m,0cba9fdc-c226-4c0e-ab41-ed5a12cde62a,1,6515.705534
2026/02/05/12:10:07,running-time,rs-006872-v62v8,5715529a-2905-4f29-b2aa-cf3d8c6d1e6f,1,6515.705534
2026/02/05/12:10:12,apply-time,rs-006875-4cwdv,8f447faa-1e5f-4c09-a745-0f2b93b263c1,1,6520.705534
2026/02/05/12:10:12,running-time,rs-006875-4cwdv,8f447faa-1e5f-4c09-a745-0f2b93b263c1,1,6521.705534
2026/02/05/12:10:12,apply-time,rs-006875-94dg6,b505d612-d4be-49d3-89f3-4878266841e4,1,6520.705534
2026/02/05/12:10:12,running-time,rs-006875-94dg6,b505d612-d4be-49d3-89f3-4878266841e4,1,6521.705534
2026/02/05/12:10:12,apply-time,rs-006875-sb858,2d4c00e1-e9fd-4140-ac47-5c38fb9b1622,1,6520.705534
2026/02/05/12:10:12,running-time,rs-006875-sb858,2d4c00e1-e9fd-4140-ac47-5c38fb9b1622,1,6521.705534
2026/02/05/12:10:14,apply-time,rs-006876-cskb8,71103cca-4622-4359-b9eb-9f052f7afc15,1,6522.705534
2026/02/05/12:10:14,running-time,rs-006876-cskb8,71103cca-4622-4359-b9eb-9f052f7afc15,1,6522.705534
2026/02/05/12:10:14,apply-time,rs-006876-wfr7q,f08f3903-088b-4585-b9c4-2d817ebf4b1f,1,6522.705534
2026/02/05/12:10:14,running-time,rs-006876-wfr7q,f08f3903-088b-4585-b9c4-2d817ebf4b1f,1,6522.705534
2026/02/05/12:10:15,apply-time,rs-006877-2ggtl,9cf2fe41-2ac7-4183-a58c-c778aad58d77,2,6524.705534
2026/02/05/12:10:15,running-time,rs-006877-2ggtl,9cf2fe41-2ac7-4183-a58c-c778aad58d77,2,6524.705534
2026/02/05/12:10:15,apply-time,rs-006877-6jvfj,af61e62f-c1e2-40b4-8a6c-6e7d5869872a,2,6524.705534
2026/02/05/12:10:15,running-time,rs-006877-6jvfj,af61e62f-c1e2-40b4-8a6c-6e7d5869872a,2,6524.705534
2026/02/05/12:10:15,apply-time,rs-006877-xm5xh,7e2912d4-8aa2-402d-94e9-a7965b0b549d,2,6524.705534
2026/02/05/12:10:15,running-time,rs-006877-xm5xh,7e2912d4-8aa2-402d-94e9-a7965b0b549d,2,6524.705534
2026/02/05/12:10:15,apply-time,rs-006878-rqw49,217af7b4-1837-49e0-a8f8-3e264ae6239d,1,6524.705534
2026/02/05/12:10:15,running-time,rs-006878-rqw49,217af7b4-1837-49e0-a8f8-3e264ae6239d,1,6524.705534
2026/02/05/12:10:15,apply-time,rs-006879-z2ztp,b4103d69-e309-4939-8998-bdb834f1d9c6,1,6524.705534
2026/02/05/12:10:15,apply-time,rs-006880-2vwq9,0206f29a-4bf3-4586-9e2c-d09309277645,1,6524.705534
2026/02/05/12:10:15,apply-time,rs-006880-gbskn,aef22038-1eb2-40b1-9b95-3bed29f4b7d8,1,6524.705534
2026/02/05/12:10:15,apply-time,rs-006880-qsw5r,ed9f6af7-17b2-4e01-b949-4e571e8be827,1,6524.705534
2026/02/05/12:10:15,apply-time,rs-006881-2lrb6,eabf3d00-1094-4d14-b9b5-64a97b35a5ef,4,6524.705534
2026/02/05/12:10:15,running-time,rs-006881-2lrb6,eabf3d00-1094-4d14-b9b5-64a97b35a5ef,4,6524.705534
2026/02/05/12:10:15,apply-time,rs-006881-rzml6,f8a8318e-f6b9-45a4-92e2-7c4485b61451,4,6524.705534
2026/02/05/12:10:15,running-time,rs-006881-rzml6,f8a8318e-f6b9-45a4-92e2-7c4485b61451,4,6524.705534
2026/02/05/12:10:15,apply-time,rs-006881-t5jnh,74174e85-4043-4812-9a03-24ad608acbc4,4,6524.705534
2026/02/05/12:10:15,running-time,rs-006881-t5jnh,74174e85-4043-4812-9a03-24ad608acbc4,4,6524.705534
2026/02/05/12:10:16,apply-time,rs-006882-jrjcx,2964c3ea-45a0-432c-b2fa-37ff658432d1,2,6524.705534
2026/02/05/12:10:16,apply-time,rs-006882-jrtr4,98f46881-c086-4a70-90e4-6dcb01343c7e,2,6525.705534
2026/02/05/12:10:16,running-time,rs-006882-jrtr4,98f46881-c086-4a70-90e4-6dcb01343c7e,2,6525.705534
2026/02/05/12:10:16,apply-time,rs-006883-s4dnr,2d9acb70-fa57-4bb7-8f75-6bf5d411cbe6,3,6524.705534
2026/02/05/12:10:16,running-time,rs-006883-s4dnr,2d9acb70-fa57-4bb7-8f75-6bf5d411cbe6,3,6525.705534
2026/02/05/12:10:17,running-time,rs-006879-z2ztp,b4103d69-e309-4939-8998-bdb834f1d9c6,1,6526.705534
2026/02/05/12:10:17,running-time,rs-006882-jrjcx,2964c3ea-45a0-432c-b2fa-37ff658432d1,2,6526.705534
2026/02/05/12:10:20,apply-time,rs-006884-59zpm,8e8ffe04-b710-4955-a0a0-887bdf77824f,4,6529.705534
2026/02/05/12:10:20,running-time,rs-006884-59zpm,8e8ffe04-b710-4955-a0a0-887bdf77824f,4,6529.705534
2026/02/05/12:10:20,apply-time,rs-006884-6f8mv,0a646b0d-3f08-440a-a3f9-696d865c71d5,4,6529.705534
2026/02/05/12:10:20,apply-time,rs-006884-7rzvb,b2f6b154-8daf-4aaf-8f9b-9349710ff943,4,6529.705534
2026/02/05/12:10:20,apply-time,rs-006885-d2prn,777b4c85-e749-4010-a25c-66b38a406500,3,6529.705534
2026/02/05/12:10:20,running-time,rs-006885-d2prn,777b4c85-e749-4010-a25c-66b38a406500,3,6529.705534
2026/02/05/12:10:20,apply-time,rs-006885-kw9tp,7ee51137-eda5-4ce9-9ed9-9737c3d28b8b,3,6529.705534
2026/02/05/12:10:20,apply-time,rs-006885-tm66s,743452c3-a2ab-4b89-b2da-52500e7407e0,3,6529.705534
2026/02/05/12:10:20,running-time,rs-006885-tm66s,743452c3-a2ab-4b89-b2da-52500e7407e0,3,6529.705534
2026/02/05/12:10:30,apply-time,rs-006886-xcqrc,5c82a4bb-f3a4-4cc3-b484-ee0257ceaf9f,2,6539.705534
2026/02/05/12:10:30,running-time,rs-006886-xcqrc,5c82a4bb-f3a4-4cc3-b484-ee0257ceaf9f,2,6539.705534
2026/02/05/12:10:30,apply-time,rs-006887-zqbjh,1579dcb8-6b57-4323-a8f9-84bb90c95ef0,1,6539.705534
2026/02/05/12:10:30,apply-time,rs-006888-5n99w,6446e879-8b38-4451-bc42-6e1b09fc9146,2,6539.705534
2026/02/05/12:10:30,apply-time,rs-006888-t6s4h,47278258-1318-4a1c-b0d8-c9450e11e7d2,2,6539.705534
2026/02/05/12:10:30,running-time,rs-006888-t6s4h,47278258-1318-4a1c-b0d8-c9450e11e7d2,2,6539.705534
2026/02/05/12:10:30,apply-time,rs-006889-8bhz8,483739ee-793e-4900-8e4a-277dfb3fa30d,2,6539.705534
2026/02/05/12:10:30,running-time,rs-006889-8bhz8,483739ee-793e-4900-8e4a-277dfb3fa30d,2,6539.705534
2026/02/05/12:10:31,running-time,rs-006887-zqbjh,1579dcb8-6b57-4323-a8f9-84bb90c95ef0,1,6539.705534
2026/02/05/12:10:31,running-time,rs-006888-5n99w,6446e879-8b38-4451-bc42-6e1b09fc9146,2,6539.705534
2026/02/05/12:10:31,apply-time,rs-006890-jk5kw,37ec46a2-c9e0-411a-9f09-33fb495882b5,1,6539.705534
2026/02/05/12:10:31,running-time,rs-006890-jk5kw,37ec46a2-c9e0-411a-9f09-33fb495882b5,1,6540.705534
2026/02/05/12:10:31,apply-time,rs-006891-kxd9s,b2c38236-8124-4a3e-b23c-8fa7ad32da77,3,6540.705534
2026/02/05/12:10:31,apply-time,rs-006891-z7phs,24d39a7d-2fe6-4363-b5d6-ca183f36136e,3,6540.705534
2026/02/05/12:10:31,apply-time,rs-006892-czrnl,8f8fa750-db17-4e62-a9a8-06c4012aba99,2,6539.705534
2026/02/05/12:10:31,running-time,rs-006892-czrnl,8f8fa750-db17-4e62-a9a8-06c4012aba99,2,6540.705534
2026/02/05/12:10:31,apply-time,rs-006892-dqjcq,b5383c68-118e-4893-9d94-d0a214989776,2,6539.705534
2026/02/05/12:10:31,running-time,rs-006892-dqjcq,b5383c68-118e-4893-9d94-d0a214989776,2,6540.705534
2026/02/05/12:10:31,apply-time,rs-006893-pvsjc,9506c1ed-1784-4bd6-a7c9-19d182e1ae92,3,6540.705534
2026/02/05/12:10:31,running-time,rs-006893-pvsjc,9506c1ed-1784-4bd6-a7c9-19d182e1ae92,3,6540.705534
2026/02/05/12:10:31,apply-time,rs-006894-5s42d,2dd6a476-1512-4a17-9ccd-3eebb6ce9e88,2,6540.705534
2026/02/05/12:10:31,running-time,rs-006894-5s42d,2dd6a476-1512-4a17-9ccd-3eebb6ce9e88,2,6540.705534
2026/02/05/12:10:32,apply-time,rs-006895-dl2db,0d972f69-ae09-4028-9f05-451bac84322a,1,6540.705534
2026/02/05/12:10:32,apply-time,rs-006896-246vw,cef8eb64-b023-4e92-a20a-451618ed58e3,1,6541.705534
2026/02/05/12:10:32,apply-time,rs-006896-5dtp8,ff4173f9-bb87-46d3-ae6a-87261b3abecc,1,6541.705534
2026/02/05/12:10:32,apply-time,rs-006896-d6jm2,9568c1a7-65fe-4007-a5dc-e4af5bab060d,1,6541.705534
2026/02/05/12:10:33,running-time,rs-006891-kxd9s,b2c38236-8124-4a3e-b23c-8fa7ad32da77,3,6542.705534
2026/02/05/12:10:33,running-time,rs-006891-z7phs,24d39a7d-2fe6-4363-b5d6-ca183f36136e,3,6542.705534
2026/02/05/12:10:33,running-time,rs-006895-dl2db,0d972f69-ae09-4028-9f05-451bac84322a,1,6542.705534
2026/02/05/12:10:33,running-time,rs-006896-246vw,cef8eb64-b023-4e92-a20a-451618ed58e3,1,6541.705534
2026/02/05/12:10:33,running-time,rs-006896-5dtp8,ff4173f9-bb87-46d3-ae6a-87261b3abecc,1,6541.705534
2026/02/05/12:10:33,running-time,rs-006896-d6jm2,9568c1a7-65fe-4007-a5dc-e4af5bab060d,1,6541.705534
2026/02/05/12:10:35,apply-time,rs-006897-44jqv,170ac1dd-7adc-413a-88f2-9cd6496ebb35,1,6544.705534
2026/02/05/12:10:35,apply-time,rs-006897-schkj,a801bd7c-0684-4c2d-b947-858cd64a65a1,1,6544.705534
2026/02/05/12:10:37,running-time,rs-006897-44jqv,170ac1dd-7adc-413a-88f2-9cd6496ebb35,1,6545.705534
2026/02/05/12:10:45,apply-time,rs-006898-vf2zg,9bf8fb6a-4f05-4211-9af9-32ea066bf26e,4,6553.705534
2026/02/05/12:10:45,running-time,rs-006898-vf2zg,9bf8fb6a-4f05-4211-9af9-32ea066bf26e,4,6553.705534
2026/02/05/12:10:45,apply-time,rs-006899-5zbp7,3f806600-8531-4032-b6f0-f177469a273c,4,6553.705534
2026/02/05/12:10:45,running-time,rs-006899-5zbp7,3f806600-8531-4032-b6f0-f177469a273c,4,6553.705534
2026/02/05/12:10:45,apply-time,rs-006899-z9fss,09026793-98e3-4f0b-bda9-bdb4eddf14a5,4,6553.705534
2026/02/05/12:10:45,running-time,rs-006899-z9fss,09026793-98e3-4f0b-bda9-bdb4eddf14a5,4,6553.705534
2026/02/05/12:10:45,apply-time,rs-006900-7fcg6,506e1460-98f9-40e9-840b-1af5bca75015,1,6553.705534
2026/02/05/12:10:45,apply-time,rs-006900-tvs7p,5bb3309b-6b2e-4e3f-b4ee-fcc45ecf7605,1,6553.705534
2026/02/05/12:10:45,apply-time,rs-006901-c7f54,a63217e0-19e6-4137-8a05-1653c5368b01,4,6553.705534
2026/02/05/12:10:45,running-time,rs-006901-c7f54,a63217e0-19e6-4137-8a05-1653c5368b01,4,6553.705534
2026/02/05/12:10:45,apply-time,rs-006902-bct8f,6ac27c94-94f3-400b-b884-05bd4354a47e,2,6553.705534
2026/02/05/12:10:45,apply-time,rs-006902-mkgwr,aa96db52-d33d-4aa6-967c-ba1069f61aef,2,6553.705534
2026/02/05/12:10:45,apply-time,rs-006903-m2wlb,110cfc7c-8f94-4c75-b6ce-397c62771102,2,6554.705534
2026/02/05/12:10:45,apply-time,rs-006903-nkkrm,7646a9f5-12d2-4b29-aa05-24bd1279c4dc,2,6554.705534
2026/02/05/12:10:45,running-time,rs-006903-nkkrm,7646a9f5-12d2-4b29-aa05-24bd1279c4dc,2,6554.705534
2026/02/05/12:10:45,apply-time,rs-006904-c9w6g,289f7be2-ca22-4ae5-9782-f8107a87962f,2,6554.705534
2026/02/05/12:10:45,running-time,rs-006904-c9w6g,289f7be2-ca22-4ae5-9782-f8107a87962f,2,6554.705534
2026/02/05/12:10:45,apply-time,rs-006905-8t5th,62313e08-b9ed-43f0-9b83-53f120f04e54,1,6554.705534
2026/02/05/12:10:45,running-time,rs-006905-8t5th,62313e08-b9ed-43f0-9b83-53f120f04e54,1,6554.705534
2026/02/05/12:10:45,apply-time,rs-006905-bj5k4,44ff66db-d863-4476-af4d-6d8792ede563,1,6554.705534
2026/02/05/12:10:45,running-time,rs-006905-bj5k4,44ff66db-d863-4476-af4d-6d8792ede563,1,6554.705534
2026/02/05/12:10:45,apply-time,rs-006905-gm2t6,c68d089d-23f9-47fc-9f33-3b5539b72d82,1,6554.705534
2026/02/05/12:10:45,running-time,rs-006905-gm2t6,c68d089d-23f9-47fc-9f33-3b5539b72d82,1,6554.705534
2026/02/05/12:10:45,apply-time,rs-006906-f4p8d,7045b882-6f10-42f6-8915-5ad5d12ea45d,1,6554.705534
2026/02/05/12:10:45,running-time,rs-006906-f4p8d,7045b882-6f10-42f6-8915-5ad5d12ea45d,1,6554.705534
2026/02/05/12:10:45,apply-time,rs-006906-p8w6f,746074c9-27a9-4176-ac9d-cc6e604bb680,1,6554.705534
2026/02/05/12:10:46,apply-time,rs-006906-wv6xr,65d59225-eb00-409f-8cd7-332c0f09f9c0,1,6554.705534
2026/02/05/12:10:46,apply-time,rs-006907-2nl8c,64ac5368-0e5e-481b-ab9b-d5dd143419c8,4,6554.705534
2026/02/05/12:10:46,apply-time,rs-006907-vvdr4,7adb16c5-cafa-4ec1-94ce-33677714a9a9,4,6555.705534
2026/02/05/12:10:46,apply-time,rs-006907-wd86v,a10e9a2e-0f5c-45c3-9cfd-1f4d57bea771,4,6555.705534
2026/02/05/12:10:46,apply-time,rs-006908-vjvgn,38e4a109-658d-4b2f-8a4e-354bd963903f,2,6555.705534
2026/02/05/12:10:46,apply-time,rs-006909-4xxzs,cb21f31f-bd0d-4280-9d14-97cacaae242f,1,6555.705534
2026/02/05/12:10:46,running-time,rs-006909-4xxzs,cb21f31f-bd0d-4280-9d14-97cacaae242f,1,6555.705534
2026/02/05/12:10:46,apply-time,rs-006909-gfxxz,24b403b8-831f-4d9a-9333-e1ebb4df26d7,1,6555.705534
2026/02/05/12:10:46,apply-time,rs-006910-dwm2c,55cda45a-e49b-411c-b3ed-633dbea8e776,1,6555.705534
2026/02/05/12:10:46,running-time,rs-006910-dwm2c,55cda45a-e49b-411c-b3ed-633dbea8e776,1,6555.705534
2026/02/05/12:10:47,apply-time,rs-006911-7k6sj,8d922d17-168a-48b1-b519-7d5b9d06d461,4,6555.705534
2026/02/05/12:10:47,apply-time,rs-006911-s4v5d,6ecfca7a-405b-4f39-9182-dfaf2f7568ca,4,6556.705534
2026/02/05/12:10:47,apply-time,rs-006911-svhf8,4d4d7e55-f244-4ebb-a5f5-e183f7d8404b,4,6556.705534
2026/02/05/12:10:47,apply-time,rs-006912-tktsj,18dc47e9-f6c6-4dec-925a-0efe94585826,3,6555.705534
2026/02/05/12:10:47,running-time,rs-006912-tktsj,18dc47e9-f6c6-4dec-925a-0efe94585826,3,6555.705534
2026/02/05/12:10:47,apply-time,rs-006913-h5bcf,b99f5128-016e-4892-830c-d25150b1de06,1,6556.705534
2026/02/05/12:10:47,apply-time,rs-006913-kt7j4,f913b426-ddd8-4610-9913-41b92d32eceb,1,6556.705534
2026/02/05/12:10:47,apply-time,rs-006913-zf96g,4cb63fc2-bbec-4178-8cd0-7da4dfe4ec56,1,6556.705534
2026/02/05/12:10:47,apply-time,rs-006914-hb6fj,eb197873-0d1b-40a2-b449-242fcf71ea35,2,6556.705534
2026/02/05/12:10:47,apply-time,rs-006915-5fqv8,e49f2973-082b-4873-84bf-a2481553be67,4,6556.705534
2026/02/05/12:10:47,apply-time,rs-006916-jt2tw,51c66ff7-616b-4dfb-9e1c-7964bd60e876,1,6556.705534
2026/02/05/12:10:47,running-time,rs-006916-jt2tw,51c66ff7-616b-4dfb-9e1c-7964bd60e876,1,6556.705534
2026/02/05/12:10:48,apply-time,rs-006914-hcgjp,e7cfd136-b383-449c-a7d3-61ebf4957640,2,6556.705534
2026/02/05/12:10:48,running-time,rs-006915-5fqv8,e49f2973-082b-4873-84bf-a2481553be67,4,6557.705534
2026/02/05/12:10:48,apply-time,rs-006915-ndfn7,9f036832-9049-4203-9b1e-4d2c43e36e4c,4,6556.705534
2026/02/05/12:10:48,running-time,rs-006915-ndfn7,9f036832-9049-4203-9b1e-4d2c43e36e4c,4,6557.705534
2026/02/05/12:10:48,apply-time,rs-006917-g94kt,dbf5a4e0-a091-41be-bbc5-54aa7ca09d42,1,6556.705534
2026/02/05/12:10:48,apply-time,rs-006918-qfw4k,a6242bc6-54bc-4721-8e56-bc41929095ae,2,6557.705534
2026/02/05/12:10:48,apply-time,rs-006919-6w6l5,c7c69093-afe8-4c81-b9cf-5278554a0a38,3,6557.705534
2026/02/05/12:10:48,running-time,rs-006919-6w6l5,c7c69093-afe8-4c81-b9cf-5278554a0a38,3,6557.705534
2026/02/05/12:10:48,apply-time,rs-006920-n98h4,f6fbab1d-27cc-43b5-8503-b42027d2002b,4,6557.705534
2026/02/05/12:10:48,apply-time,rs-006920-p9gnc,6dce2ec8-2701-4d93-961a-f6006bce2db2,4,6557.705534
2026/02/05/12:10:48,apply-time,rs-006921-2kcjt,a280f238-aa64-495f-b39f-6762193a7aa6,3,6557.705534
2026/02/05/12:10:49,apply-time,rs-006919-x8skk,ef990f28-89ae-49a2-8364-015b64f16fb5,3,6557.705534
2026/02/05/12:10:49,running-time,rs-006919-x8skk,ef990f28-89ae-49a2-8364-015b64f16fb5,3,6558.705534
2026/02/05/12:10:49,apply-time,rs-006920-vbgp7,afb42b3c-3183-4d06-ab59-de2b69a78587,4,6557.705534
2026/02/05/12:10:49,apply-time,rs-006921-k26j9,a9733113-3f0e-481e-9e29-d8627db37aac,3,6557.705534
2026/02/05/12:10:49,apply-time,rs-006922-dd7hk,c148e730-9e97-497f-be86-58c3274648a5,1,6557.705534
2026/02/05/12:10:49,apply-time,rs-006923-h922x,b9169741-de18-4420-ad18-7555e64b6f39,1,6558.705534
2026/02/05/12:10:49,running-time,rs-006923-h922x,b9169741-de18-4420-ad18-7555e64b6f39,1,6558.705534
2026/02/05/12:10:49,apply-time,rs-006923-rn7cs,2c631fbc-5d8d-4100-90d6-8a83d0e8c6d9,1,6557.705534
2026/02/05/12:10:49,running-time,rs-006923-rn7cs,2c631fbc-5d8d-4100-90d6-8a83d0e8c6d9,1,6558.705534
2026/02/05/12:10:50,running-time,rs-006914-hb6fj,eb197873-0d1b-40a2-b449-242fcf71ea35,2,6559.705534
2026/02/05/12:10:50,running-time,rs-006914-hcgjp,e7cfd136-b383-449c-a7d3-61ebf4957640,2,6559.705534
2026/02/05/12:10:50,running-time,rs-006918-qfw4k,a6242bc6-54bc-4721-8e56-bc41929095ae,2,6559.705534
2026/02/05/12:10:50,running-time,rs-006922-dd7hk,c148e730-9e97-497f-be86-58c3274648a5,1,6558.705534
2026/02/05/12:10:50,apply-time,rs-006924-dhwnq,c9a611d1-b5ed-4f94-a73e-baccce0d3ca4,1,6558.705534
2026/02/05/12:10:50,running-time,rs-006924-dhwnq,c9a611d1-b5ed-4f94-a73e-baccce0d3ca4,1,6559.705534
2026/02/05/12:10:52,running-time,rs-006911-s4v5d,6ecfca7a-405b-4f39-9182-dfaf2f7568ca,4,6561.705534
2026/02/05/12:10:57,running-time,rs-006911-7k6sj,8d922d17-168a-48b1-b519-7d5b9d06d461,4,6565.705534
2026/02/05/12:10:59,apply-time,rs-006925-p2qmq,47a22001-3e27-42c8-b115-618f160a4ca4,1,6568.705534
2026/02/05/12:10:59,apply-time,rs-006926-9bbqf,71eb0ee6-5652-414e-af0d-84832ac633ba,2,6568.705534
2026/02/05/12:10:59,running-time,rs-006926-9bbqf,71eb0ee6-5652-414e-af0d-84832ac633ba,2,6568.705534
2026/02/05/12:10:59,apply-time,rs-006927-r6fz8,2335c854-bd87-4d1f-804c-b1e0dcf2a6a4,3,6568.705534
2026/02/05/12:11:00,running-time,rs-006925-p2qmq,47a22001-3e27-42c8-b115-618f160a4ca4,1,6568.705534
2026/02/05/12:11:00,apply-time,rs-006927-j4tt6,4c1f1b9e-dba0-4c36-a04f-f07bb0022a03,3,6568.705534
2026/02/05/12:11:00,running-time,rs-006927-j4tt6,4c1f1b9e-dba0-4c36-a04f-f07bb0022a03,3,6568.705534
2026/02/05/12:11:00,running-time,rs-006927-r6fz8,2335c854-bd87-4d1f-804c-b1e0dcf2a6a4,3,6568.705534
2026/02/05/12:11:00,apply-time,rs-006928-wtrpg,5b86ac70-971c-43e1-b1de-a42836500abd,3,6568.705534
2026/02/05/12:11:00,running-time,rs-006928-wtrpg,5b86ac70-971c-43e1-b1de-a42836500abd,3,6568.705534
2026/02/05/12:11:00,apply-time,rs-006929-9cpq6,218d0032-bf4e-4229-a79c-be935c4072d7,1,6568.705534
2026/02/05/12:11:00,running-time,rs-006929-9cpq6,218d0032-bf4e-4229-a79c-be935c4072d7,1,6568.705534
2026/02/05/12:11:00,apply-time,rs-006929-jjfcq,c0c39678-7e31-4bfc-a660-787aa236751c,1,6568.705534
2026/02/05/12:11:00,running-time,rs-006929-jjfcq,c0c39678-7e31-4bfc-a660-787aa236751c,1,6568.705534
2026/02/05/12:11:00,apply-time,rs-006930-26nvl,622080b9-d54f-45d6-bfbc-309c7636b26e,3,6568.705534
2026/02/05/12:11:00,running-time,rs-006930-26nvl,622080b9-d54f-45d6-bfbc-309c7636b26e,3,6568.705534
2026/02/05/12:11:00,apply-time,rs-006930-jbbts,1108d582-6691-4418-90f4-f2815a02af6f,3,6569.705534
2026/02/05/12:11:00,apply-time,rs-006930-lm98f,66dc8357-0a38-4d9b-b1d7-d4f7ed9021a5,3,6568.705534
2026/02/05/12:11:00,apply-time,rs-006931-cmgdm,a586032f-3970-4e17-96c5-9f88b00b9d14,3,6569.705534
2026/02/05/12:11:00,running-time,rs-006931-cmgdm,a586032f-3970-4e17-96c5-9f88b00b9d14,3,6569.705534
2026/02/05/12:11:00,apply-time,rs-006931-pcb5b,290a7778-5f33-4f27-beef-34a939cd5f10,3,6569.705534
2026/02/05/12:11:00,apply-time,rs-006931-s78bz,85097587-cf42-4196-980b-64f17c25f605,3,6569.705534
2026/02/05/12:11:02,running-time,rs-006931-pcb5b,290a7778-5f33-4f27-beef-34a939cd5f10,3,6571.705534
2026/02/05/12:11:02,running-time,rs-006931-s78bz,85097587-cf42-4196-980b-64f17c25f605,3,6571.705534
2026/02/05/12:11:13,apply-time,rs-006932-8zrh7,c57d8cd6-e876-4d5b-a63e-2eaaebc873c1,2,6582.705534
2026/02/05/12:11:13,running-time,rs-006932-8zrh7,c57d8cd6-e876-4d5b-a63e-2eaaebc873c1,2,6582.705534
2026/02/05/12:11:20,apply-time,rs-006933-m4mbt,4f5b9b96-5254-49d6-8a5c-489e02e2a4e5,2,6589.705534
2026/02/05/12:11:20,apply-time,rs-006933-s2hsx,c5c2f038-24e4-4ec1-a1d0-c4a159da1466,2,6588.705534
2026/02/05/12:11:20,running-time,rs-006933-s2hsx,c5c2f038-24e4-4ec1-a1d0-c4a159da1466,2,6589.705534
2026/02/05/12:11:20,apply-time,rs-006934-g9lzz,8e0a35c9-0cb1-44ac-ab13-4aa9a07374cb,3,6589.705534
2026/02/05/12:11:20,apply-time,rs-006934-g9qmk,e2e7afe3-eb6c-4c53-8e1e-92771fa787e2,3,6589.705534
2026/02/05/12:11:20,apply-time,rs-006934-tkznd,7f2ea0f9-b98f-44ee-9d3e-7dd99cf1131d,3,6589.705534
2026/02/05/12:11:20,apply-time,rs-006935-n9vch,c7790be7-54be-4668-b480-7cccf8b4e909,3,6589.705534
2026/02/05/12:11:20,running-time,rs-006935-n9vch,c7790be7-54be-4668-b480-7cccf8b4e909,3,6589.705534
2026/02/05/12:11:20,apply-time,rs-006935-rkbtx,7fa4305c-f5a3-4cf8-a368-1ffe96f675c6,3,6589.705534
2026/02/05/12:11:20,running-time,rs-006935-rkbtx,7fa4305c-f5a3-4cf8-a368-1ffe96f675c6,3,6589.705534
2026/02/05/12:11:20,apply-time,rs-006936-6q987,b8af66ad-bff9-4f2a-b8d1-a41a15dc6f35,1,6589.705534
2026/02/05/12:11:20,running-time,rs-006936-6q987,b8af66ad-bff9-4f2a-b8d1-a41a15dc6f35,1,6589.705534
2026/02/05/12:11:20,apply-time,rs-006937-642vj,9514ac03-3dbc-4de6-a914-855de7e92c5d,3,6589.705534
2026/02/05/12:11:20,running-time,rs-006937-642vj,9514ac03-3dbc-4de6-a914-855de7e92c5d,3,6589.705534
2026/02/05/12:11:20,apply-time,rs-006937-7686t,351bca32-f548-4ef3-9303-3f7db3776e74,3,6589.705534
2026/02/05/12:11:20,running-time,rs-006937-7686t,351bca32-f548-4ef3-9303-3f7db3776e74,3,6589.705534
2026/02/05/12:11:20,apply-time,rs-006937-9dzx7,22decba6-3671-4285-b790-bdd476b55aa1,3,6589.705534
2026/02/05/12:11:21,apply-time,rs-006938-2lqwq,0bf72121-a652-4f64-8f37-7bb8dac58f4f,1,6590.705534
2026/02/05/12:11:21,apply-time,rs-006938-h9jp4,16edf3ff-52ad-4449-b503-bf6d9fcd42ce,1,6590.705534
2026/02/05/12:11:21,apply-time,rs-006938-vjfts,24c48ea8-e049-40b0-a8b3-efc74f3f5ac2,1,6590.705534
2026/02/05/12:11:21,apply-time,rs-006939-qr8dp,04f0c74d-0da5-44d0-80ed-778c60709413,3,6590.705534
2026/02/05/12:11:21,apply-time,rs-006940-k6q7g,e452ec18-ffa3-4105-8e60-d6ac71b71efa,1,6590.705534
2026/02/05/12:11:21,running-time,rs-006940-k6q7g,e452ec18-ffa3-4105-8e60-d6ac71b71efa,1,6590.705534
2026/02/05/12:11:22,running-time,rs-006939-qr8dp,04f0c74d-0da5-44d0-80ed-778c60709413,3,6591.705534
2026/02/05/12:11:24,apply-time,rs-006941-prwdz,f6fc783e-81e4-42b0-a9fe-0acffd97b549,2,6593.705534
2026/02/05/12:11:24,apply-time,rs-006941-tp8bm,b5a1930e-6c31-4c9d-a304-7f9beee6e5fc,2,6593.705534
2026/02/05/12:11:24,apply-time,rs-006941-xs89k,8c3d00d8-90cc-4034-96bc-63e780abc9d2,2,6593.705534
2026/02/05/12:11:24,apply-time,rs-006942-2gmfx,62278132-6026-4101-83fa-a495a09612c6,4,6593.705534
2026/02/05/12:11:24,running-time,rs-006942-2gmfx,62278132-6026-4101-83fa-a495a09612c6,4,6593.705534
2026/02/05/12:11:24,apply-time,rs-006943-fwkmh,bca156da-8710-4d37-950f-15052ac9f40b,4,6593.705534
2026/02/05/12:11:24,running-time,rs-006943-fwkmh,bca156da-8710-4d37-950f-15052ac9f40b,4,6593.705534
2026/02/05/12:11:24,apply-time,rs-006943-nsn44,e08a6789-7dac-41c2-9f8f-5d902669b66c,4,6593.705534
2026/02/05/12:11:24,running-time,rs-006943-nsn44,e08a6789-7dac-41c2-9f8f-5d902669b66c,4,6593.705534
2026/02/05/12:11:24,apply-time,rs-006944-6292n,6e2aeff1-176c-476c-a56c-1dc8a33ab113,4,6593.705534
2026/02/05/12:11:24,apply-time,rs-006944-p4bqj,2cf41f5b-5c8d-40f8-8361-42df01f9e35f,4,6593.705534
2026/02/05/12:11:24,apply-time,rs-006945-9vtrm,c6e37853-3d9a-4e7b-ae54-47cc68046693,1,6593.705534
2026/02/05/12:11:24,running-time,rs-006945-9vtrm,c6e37853-3d9a-4e7b-ae54-47cc68046693,1,6593.705534
2026/02/05/12:11:24,apply-time,rs-006945-gndw6,ed09816a-57de-400a-89c4-3fe97801b223,1,6593.705534
2026/02/05/12:11:24,running-time,rs-006945-gndw6,ed09816a-57de-400a-89c4-3fe97801b223,1,6593.705534
2026/02/05/12:11:24,apply-time,rs-006946-6rxx8,abe15208-12e8-463e-96cb-b99ccb05655b,1,6593.705534
2026/02/05/12:11:24,running-time,rs-006946-6rxx8,abe15208-12e8-463e-96cb-b99ccb05655b,1,6593.705534
2026/02/05/12:11:24,apply-time,rs-006946-lqbfl,0d53cccf-36cb-4ca4-b7b5-5f0036e33699,1,6593.705534
2026/02/05/12:11:24,running-time,rs-006946-lqbfl,0d53cccf-36cb-4ca4-b7b5-5f0036e33699,1,6593.705534
2026/02/05/12:11:24,apply-time,rs-006946-qtrrr,0d974c05-869b-40aa-8a1d-65d261b9a4c2,1,6593.705534
2026/02/05/12:11:24,running-time,rs-006946-qtrrr,0d974c05-869b-40aa-8a1d-65d261b9a4c2,1,6593.705534
2026/02/05/12:11:26,apply-time,rs-006947-6sj4q,6f4a8538-761f-4004-b9cd-148cda5d1f02,4,6595.705534
2026/02/05/12:11:26,running-time,rs-006947-6sj4q,6f4a8538-761f-4004-b9cd-148cda5d1f02,4,6595.705534
2026/02/05/12:11:26,apply-time,rs-006947-hwwsr,577e5d1d-3b43-402e-980b-3497c775d623,4,6595.705534
2026/02/05/12:11:26,running-time,rs-006947-hwwsr,577e5d1d-3b43-402e-980b-3497c775d623,4,6595.705534
2026/02/05/12:11:26,apply-time,rs-006947-t7sjm,127ac066-546f-4638-8d24-48f16d635e4f,4,6595.705534
2026/02/05/12:11:26,running-time,rs-006947-t7sjm,127ac066-546f-4638-8d24-48f16d635e4f,4,6595.705534
2026/02/05/12:11:26,apply-time,rs-006948-dkdn4,9014cbca-5a2d-4396-9aba-61c801f25c57,2,6595.705534
2026/02/05/12:11:26,apply-time,rs-006948-pvwhz,3be97edc-ddba-4cb6-b683-95074532874c,2,6595.705534
2026/02/05/12:11:26,apply-time,rs-006949-c4v88,c641b42f-b26f-4084-a4aa-b39ba912f7ec,1,6595.705534
2026/02/05/12:11:26,apply-time,rs-006949-gsb4n,68140aac-2943-4f4d-b549-ebcadb24ce1f,1,6595.705534
2026/02/05/12:11:26,apply-time,rs-006949-h66bm,8178c099-af63-4531-89ad-715cf9a140f3,1,6595.705534
2026/02/05/12:11:26,apply-time,rs-006950-jl67n,5dae1c34-d3c9-44ea-9b79-d219e22f39a2,1,6595.705534
2026/02/05/12:11:26,apply-time,rs-006951-bplgl,ff4e04b4-c013-4f19-a3c1-1a90de3e6180,3,6595.705534
2026/02/05/12:11:27,running-time,rs-006941-prwdz,f6fc783e-81e4-42b0-a9fe-0acffd97b549,2,6596.705534
2026/02/05/12:11:27,running-time,rs-006948-dkdn4,9014cbca-5a2d-4396-9aba-61c801f25c57,2,6596.705534
2026/02/05/12:11:27,running-time,rs-006949-gsb4n,68140aac-2943-4f4d-b549-ebcadb24ce1f,1,6596.705534
2026/02/05/12:11:27,apply-time,rs-006952-qpfs7,ad9f0a71-0d4d-441d-baaf-8f5d78d6c21e,4,6595.705534
2026/02/05/12:11:27,running-time,rs-006952-qpfs7,ad9f0a71-0d4d-441d-baaf-8f5d78d6c21e,4,6596.705534
2026/02/05/12:11:27,apply-time,rs-006953-8vljf,267f683e-e8a7-4f4f-8f68-1a28565b31c5,1,6596.705534
2026/02/05/12:11:27,apply-time,rs-006954-n5x84,1ef0e90e-56d0-4e51-85fe-4df629931f76,2,6595.705534
2026/02/05/12:11:28,apply-time,rs-006955-n74bp,b048c769-031f-48c2-b4a7-b7be9f21a083,2,6596.705534
2026/02/05/12:11:28,apply-time,rs-006955-rhnr6,ea5ac1e9-48fd-40bd-924f-b8df035d0eef,2,6596.705534
2026/02/05/12:11:29,running-time,rs-006949-c4v88,c641b42f-b26f-4084-a4aa-b39ba912f7ec,1,6597.705534
2026/02/05/12:11:29,running-time,rs-006953-8vljf,267f683e-e8a7-4f4f-8f68-1a28565b31c5,1,6597.705534
2026/02/05/12:11:30,running-time,rs-006949-h66bm,8178c099-af63-4531-89ad-715cf9a140f3,1,6599.705534
2026/02/05/12:11:32,apply-time,rs-006956-s65kw,ace8bcd8-ca88-4689-8159-3553de660f1e,1,6601.705534
2026/02/05/12:11:32,apply-time,rs-006957-qq4tj,3e221280-24d3-4edf-a842-ddb445c74575,3,6601.705534
2026/02/05/12:11:32,apply-time,rs-006958-cwxfg,a89f3d18-cf93-4e54-8fdf-18c76517ae9f,4,6601.705534
2026/02/05/12:11:32,apply-time,rs-006958-mpn4r,ea844b4c-8da4-4ec3-9910-a781054ea712,4,6601.705534
2026/02/05/12:11:32,apply-time,rs-006958-wkqv5,6eb17dc1-8d1f-42c3-a256-cd71351779e5,4,6601.705534
2026/02/05/12:11:32,apply-time,rs-006959-k297t,24646c87-3fa3-424e-8e7c-072f00fd3135,4,6601.705534
2026/02/05/12:11:32,apply-time,rs-006960-rnqnk,01825a4b-6842-4686-8957-fbd0349220df,1,6601.705534
2026/02/05/12:11:32,running-time,rs-006960-rnqnk,01825a4b-6842-4686-8957-fbd0349220df,1,6601.705534
2026/02/05/12:11:33,running-time,rs-006959-k297t,24646c87-3fa3-424e-8e7c-072f00fd3135,4,6602.705534
2026/02/05/12:11:43,apply-time,rs-006961-2p7w8,2ce1f85f-32fa-43ad-8399-91b30fc5090a,1,6611.705534
2026/02/05/12:11:43,running-time,rs-006961-2p7w8,2ce1f85f-32fa-43ad-8399-91b30fc5090a,1,6611.705534
2026/02/05/12:11:43,apply-time,rs-006961-pd2kf,249bd10a-1e74-4d26-8288-9a784bee0cab,1,6611.705534
2026/02/05/12:11:43,running-time,rs-006961-pd2kf,249bd10a-1e74-4d26-8288-9a784bee0cab,1,6611.705534
2026/02/05/12:11:43,apply-time,rs-006961-tc2hr,4edc2e95-f4f3-4afa-a817-2c4832fa8e56,1,6611.705534
2026/02/05/12:11:43,running-time,rs-006961-tc2hr,4edc2e95-f4f3-4afa-a817-2c4832fa8e56,1,6611.705534
2026/02/05/12:11:43,apply-time,rs-006962-n4n45,93767f01-7a69-4a7a-a177-5c44801a9d48,1,6611.705534
2026/02/05/12:11:43,running-time,rs-006962-n4n45,93767f01-7a69-4a7a-a177-5c44801a9d48,1,6611.705534
2026/02/05/12:11:43,apply-time,rs-006963-lcn84,cdf156d1-6de8-438f-8042-5f0272c3f139,3,6612.705534
2026/02/05/12:11:43,running-time,rs-006963-lcn84,cdf156d1-6de8-438f-8042-5f0272c3f139,3,6612.705534
2026/02/05/12:11:43,apply-time,rs-006964-6lwsn,99ea3efe-05b3-4810-9e37-f2df5fcd49a0,2,6612.705534
2026/02/05/12:11:43,running-time,rs-006964-6lwsn,99ea3efe-05b3-4810-9e37-f2df5fcd49a0,2,6612.705534
2026/02/05/12:11:43,apply-time,rs-006965-dfrb6,97eb65bb-3d08-4de0-a1da-5717c2add7a8,1,6612.705534
2026/02/05/12:11:43,apply-time,rs-006966-nqx8k,992fabed-9531-4b02-9da3-f811dfba6e06,1,6612.705534
2026/02/05/12:11:43,running-time,rs-006966-nqx8k,992fabed-9531-4b02-9da3-f811dfba6e06,1,6612.705534
2026/02/05/12:11:45,running-time,rs-006965-dfrb6,97eb65bb-3d08-4de0-a1da-5717c2add7a8,1,6614.705534
2026/02/05/12:11:48,running-time,rs-006941-tp8bm,b5a1930e-6c31-4c9d-a304-7f9beee6e5fc,2,6617.705534
2026/02/05/12:11:50,apply-time,rs-006967-8tqb9,38a1a5e4-0fe1-4330-b22b-ff03c9c21d67,2,6619.705534
2026/02/05/12:11:50,running-time,rs-006967-8tqb9,38a1a5e4-0fe1-4330-b22b-ff03c9c21d67,2,6619.705534
2026/02/05/12:11:50,apply-time,rs-006967-nwmlp,29962e6e-b242-4027-ab17-c5eacfa040df,2,6619.705534
2026/02/05/12:11:50,running-time,rs-006967-nwmlp,29962e6e-b242-4027-ab17-c5eacfa040df,2,6619.705534
2026/02/05/12:11:50,apply-time,rs-006968-6mppn,c4f9e137-9960-4040-abbc-152be478719e,4,6619.705534
2026/02/05/12:11:50,apply-time,rs-006968-b87nd,39daeed2-f9f4-4b7b-b3f7-79228b09e29e,4,6619.705534
2026/02/05/12:11:50,apply-time,rs-006968-qbgkm,46d036dd-7e81-4102-bb92-d4a08c4a0650,4,6619.705534
2026/02/05/12:11:51,running-time,rs-006968-b87nd,39daeed2-f9f4-4b7b-b3f7-79228b09e29e,4,6620.705534
2026/02/05/12:11:51,apply-time,rs-006969-6jbsm,b72aad89-ee30-4115-8ab1-b6379a3709f0,2,6619.705534
2026/02/05/12:11:51,running-time,rs-006969-6jbsm,b72aad89-ee30-4115-8ab1-b6379a3709f0,2,6620.705534
2026/02/05/12:11:51,apply-time,rs-006969-rq85b,6d557a5f-177b-4b14-aaca-122ab99fdb6a,2,6619.705534
2026/02/05/12:11:51,running-time,rs-006969-rq85b,6d557a5f-177b-4b14-aaca-122ab99fdb6a,2,6620.705534
2026/02/05/12:11:51,apply-time,rs-006970-88dvf,3109aed2-310c-4e9f-b2ce-a77beedc0735,2,6619.705534
2026/02/05/12:11:51,running-time,rs-006970-88dvf,3109aed2-310c-4e9f-b2ce-a77beedc0735,2,6619.705534
2026/02/05/12:11:51,apply-time,rs-006970-9qz55,dee3b8af-1b91-48b1-bb57-296247a9b821,2,6619.705534
2026/02/05/12:11:51,running-time,rs-006970-9qz55,dee3b8af-1b91-48b1-bb57-296247a9b821,2,6619.705534
2026/02/05/12:11:51,apply-time,rs-006970-scjnh,728ad3c5-7dd0-439f-a198-ff14d004be0b,2,6619.705534
2026/02/05/12:11:51,running-time,rs-006970-scjnh,728ad3c5-7dd0-439f-a198-ff14d004be0b,2,6619.705534
2026/02/05/12:11:51,apply-time,rs-006971-hgj9k,4011d6ae-8c22-4e6c-97e9-91077916a81a,1,6619.705534
2026/02/05/12:11:51,running-time,rs-006971-hgj9k,4011d6ae-8c22-4e6c-97e9-91077916a81a,1,6620.705534
2026/02/05/12:11:51,apply-time,rs-006971-jrqdm,ab99bae5-2440-4589-a502-780f7ce929a8,1,6619.705534
2026/02/05/12:11:51,running-time,rs-006971-jrqdm,ab99bae5-2440-4589-a502-780f7ce929a8,1,6620.705534
2026/02/05/12:11:51,apply-time,rs-006971-z6qnm,3f71ce3c-10ff-467f-9dc1-19d50a8860ca,1,6619.705534
2026/02/05/12:11:51,running-time,rs-006971-z6qnm,3f71ce3c-10ff-467f-9dc1-19d50a8860ca,1,6620.705534
2026/02/05/12:11:55,apply-time,rs-006972-b5g75,8dcdf275-fe35-4c0c-bd58-0bfe68f41ebe,4,6624.705534
2026/02/05/12:11:55,apply-time,rs-006972-gspkt,bc4290d5-d304-4039-97ef-01228d78e94f,4,6624.705534
2026/02/05/12:11:55,apply-time,rs-006973-gtpfp,e224ad00-d513-44dd-a2e3-472420912b71,1,6624.705534
2026/02/05/12:11:55,apply-time,rs-006973-jq2lx,916b31c0-5f2f-41b8-bcad-542762e07f69,1,6624.705534
2026/02/05/12:11:55,apply-time,rs-006973-zmjxm,87e9ec7c-4f14-450f-b20f-e28640961939,1,6624.705534
2026/02/05/12:11:55,apply-time,rs-006974-nj5ls,e24a4a5f-7480-4044-bda6-d329d5e89b67,2,6624.705534
2026/02/05/12:11:55,apply-time,rs-006974-pb89w,de3069e1-75a8-4fdb-bed7-6ac75f1e5415,2,6624.705534
2026/02/05/12:11:55,apply-time,rs-006974-vrkds,1b3ea23c-0591-4952-b424-38c38261e9be,2,6624.705534
2026/02/05/12:11:55,apply-time,rs-006975-bxxzl,9856f70e-dfc9-45c9-92d2-f3b383cc2c26,4,6624.705534
2026/02/05/12:11:55,running-time,rs-006975-bxxzl,9856f70e-dfc9-45c9-92d2-f3b383cc2c26,4,6624.705534
2026/02/05/12:11:55,apply-time,rs-006976-48v8p,8d3e1bcc-3416-4d75-9730-2a988e89841a,4,6624.705534
2026/02/05/12:11:55,apply-time,rs-006976-sk2db,c2bd818a-ee00-4ae1-b430-1ca8bb1776b1,4,6624.705534
2026/02/05/12:11:55,apply-time,rs-006977-9tnjf,a74babed-736f-4352-8a35-50bd410698ca,2,6624.705534
2026/02/05/12:11:55,running-time,rs-006977-9tnjf,a74babed-736f-4352-8a35-50bd410698ca,2,6624.705534
2026/02/05/12:11:55,apply-time,rs-006977-fczxq,5a85e088-ffa8-4630-895e-ec00b374b12b,2,6624.705534
2026/02/05/12:11:55,running-time,rs-006977-fczxq,5a85e088-ffa8-4630-895e-ec00b374b12b,2,6624.705534
2026/02/05/12:11:55,apply-time,rs-006978-zhgzl,b443ba60-dcb5-44d0-99fc-21dc4eb1d2e5,1,6624.705534
2026/02/05/12:11:55,running-time,rs-006978-zhgzl,b443ba60-dcb5-44d0-99fc-21dc4eb1d2e5,1,6624.705534
2026/02/05/12:11:55,apply-time,rs-006979-kh66m,22f26fb9-c4fb-43dd-94e9-44b34552a23f,2,6624.705534
2026/02/05/12:11:55,running-time,rs-006979-kh66m,22f26fb9-c4fb-43dd-94e9-44b34552a23f,2,6624.705534
2026/02/05/12:11:55,apply-time,rs-006979-z8gcm,0c0266a2-f1b3-4ed3-ab0e-f3be3cca9a99,2,6624.705534
2026/02/05/12:11:55,running-time,rs-006979-z8gcm,0c0266a2-f1b3-4ed3-ab0e-f3be3cca9a99,2,6624.705534
2026/02/05/12:11:55,apply-time,rs-006980-t2lgq,71203aa8-6130-4e5b-b944-4d993b11e664,2,6624.705534
2026/02/05/12:11:55,running-time,rs-006980-t2lgq,71203aa8-6130-4e5b-b944-4d993b11e664,2,6624.705534
2026/02/05/12:11:56,apply-time,rs-006978-6vvxk,140260bf-4c21-43f1-b0f3-e1d051b2a4b9,1,6624.705534
2026/02/05/12:11:56,running-time,rs-006978-6vvxk,140260bf-4c21-43f1-b0f3-e1d051b2a4b9,1,6624.705534
2026/02/05/12:11:56,apply-time,rs-006980-2qjg8,c1d47707-3152-497d-9d89-a47031131374,2,6624.705534
2026/02/05/12:11:56,running-time,rs-006980-2qjg8,c1d47707-3152-497d-9d89-a47031131374,2,6624.705534
2026/02/05/12:11:56,apply-time,rs-006980-xll9f,60e00ed8-5624-41c3-9825-70d0476eba80,2,6624.705534
2026/02/05/12:11:56,running-time,rs-006980-xll9f,60e00ed8-5624-41c3-9825-70d0476eba80,2,6624.705534
2026/02/05/12:11:56,apply-time,rs-006981-6x89z,0165a13a-3fac-463a-b55d-4df41f6c5046,4,6625.705534
2026/02/05/12:11:56,apply-time,rs-006981-md4jg,46e02012-2800-4425-a581-7d1d2c030497,4,6625.705534
2026/02/05/12:11:56,apply-time,rs-006982-mf2zb,92cb5a16-d47b-47f1-8711-f54f20c0ab30,3,6625.705534
2026/02/05/12:11:56,running-time,rs-006982-mf2zb,92cb5a16-d47b-47f1-8711-f54f20c0ab30,3,6625.705534
2026/02/05/12:11:56,apply-time,rs-006983-brpp9,82bed87f-d298-4c63-b696-0dc3c25f9929,4,6625.705534
2026/02/05/12:11:56,apply-time,rs-006984-5bmws,2b6e9025-900a-4c79-8efa-426fa5c14c44,2,6625.705534
2026/02/05/12:11:56,apply-time,rs-006985-rm5wq,1b494e23-c785-4cc8-aefa-fb093af33c27,2,6625.705534
2026/02/05/12:11:57,running-time,rs-006974-nj5ls,e24a4a5f-7480-4044-bda6-d329d5e89b67,2,6626.705534
2026/02/05/12:11:57,apply-time,rs-006986-622wt,a90bb325-3415-4a02-bb7d-b688ddc576f8,1,6626.705534
2026/02/05/12:11:57,apply-time,rs-006986-bfhkc,6fa73bfc-3108-42a7-85dc-744224dd7056,1,6626.705534
2026/02/05/12:11:57,apply-time,rs-006986-hqbl9,d2934347-2dd4-4a9e-99ed-b625b86ac077,1,6626.705534
2026/02/05/12:11:57,apply-time,rs-006987-98vc8,f0daabbc-05f1-4014-b3dc-28c165a5d5d1,2,6625.705534
2026/02/05/12:11:57,apply-time,rs-006987-9jmms,74e232fb-35fb-45b4-a975-f76c11c7dbaf,2,6626.705534
2026/02/05/12:11:57,running-time,rs-006987-9jmms,74e232fb-35fb-45b4-a975-f76c11c7dbaf,2,6626.705534
2026/02/05/12:11:57,apply-time,rs-006987-fgsft,01b6696b-dab8-4664-a583-a0e89ba18621,2,6626.705534
2026/02/05/12:11:57,apply-time,rs-006988-4f4dp,fe28d97b-95e6-4892-ada4-79a0dad27e56,2,6626.705534
2026/02/05/12:11:57,apply-time,rs-006988-6nzjv,5a389513-2f43-4f89-b318-e0f1368b7aa0,2,6626.705534
2026/02/05/12:11:57,apply-time,rs-006989-fds7c,309f5b56-e5cf-4ba3-97c5-c8d28156856f,2,6626.705534
2026/02/05/12:11:57,apply-time,rs-006989-gqg5h,70c1bc51-15ad-4f8c-939f-688d9a8be400,2,6626.705534
2026/02/05/12:11:58,running-time,rs-006983-brpp9,82bed87f-d298-4c63-b696-0dc3c25f9929,4,6627.705534
2026/02/05/12:11:58,running-time,rs-006984-5bmws,2b6e9025-900a-4c79-8efa-426fa5c14c44,2,6627.705534
2026/02/05/12:11:58,running-time,rs-006988-6nzjv,5a389513-2f43-4f89-b318-e0f1368b7aa0,2,6627.705534
2026/02/05/12:11:58,apply-time,rs-006991-bsn6m,ee159598-1057-46f7-a5b4-40f356499cc2,4,6627.705534
2026/02/05/12:11:58,running-time,rs-006991-bsn6m,ee159598-1057-46f7-a5b4-40f356499cc2,4,6627.705534
2026/02/05/12:11:58,apply-time,rs-006992-r5drh,6507a290-ee21-4fa0-abfe-b5b995a099b3,1,6627.705534
2026/02/05/12:11:58,apply-time,rs-006993-zqjfd,b971d1b2-626c-4f74-b219-92fdc90147da,2,6627.705534
2026/02/05/12:11:59,running-time,rs-006972-b5g75,8dcdf275-fe35-4c0c-bd58-0bfe68f41ebe,4,6628.705534
2026/02/05/12:11:59,running-time,rs-006986-622wt,a90bb325-3415-4a02-bb7d-b688ddc576f8,1,6628.705534
2026/02/05/12:11:59,running-time,rs-006987-98vc8,f0daabbc-05f1-4014-b3dc-28c165a5d5d1,2,6628.705534
2026/02/05/12:11:59,running-time,rs-006987-fgsft,01b6696b-dab8-4664-a583-a0e89ba18621,2,6628.705534
2026/02/05/12:11:59,running-time,rs-006988-4f4dp,fe28d97b-95e6-4892-ada4-79a0dad27e56,2,6628.705534
2026/02/05/12:11:59,running-time,rs-006989-fds7c,309f5b56-e5cf-4ba3-97c5-c8d28156856f,2,6628.705534
2026/02/05/12:11:59,running-time,rs-006989-gqg5h,70c1bc51-15ad-4f8c-939f-688d9a8be400,2,6628.705534
2026/02/05/12:12:02,running-time,rs-006897-schkj,a801bd7c-0684-4c2d-b947-858cd64a65a1,1,6630.705534
2026/02/05/12:12:02,running-time,rs-006948-pvwhz,3be97edc-ddba-4cb6-b683-95074532874c,2,6631.705534
2026/02/05/12:12:02,running-time,rs-006972-gspkt,bc4290d5-d304-4039-97ef-01228d78e94f,4,6630.705534
2026/02/05/12:12:02,apply-time,rs-006994-4lb2h,fe195073-dd57-4ebc-b4d6-5a5e04c3b9ad,1,6631.705534
2026/02/05/12:12:02,running-time,rs-006994-4lb2h,fe195073-dd57-4ebc-b4d6-5a5e04c3b9ad,1,6631.705534
2026/02/05/12:12:02,apply-time,rs-006994-r2czz,356ae263-08da-404a-b8e4-a8cb653dad79,1,6631.705534
2026/02/05/12:12:02,running-time,rs-006994-r2czz,356ae263-08da-404a-b8e4-a8cb653dad79,1,6631.705534
2026/02/05/12:12:15,apply-time,rs-006995-dpzsr,c8ac79c3-bf3a-46ef-9d62-7b0f80d8d046,1,6644.705534
2026/02/05/12:12:15,running-time,rs-006995-dpzsr,c8ac79c3-bf3a-46ef-9d62-7b0f80d8d046,1,6644.705534
2026/02/05/12:12:15,apply-time,rs-006996-29mrt,24f32f41-70bc-4995-9eb2-60a114a85826,1,6644.705534
2026/02/05/12:12:15,running-time,rs-006996-29mrt,24f32f41-70bc-4995-9eb2-60a114a85826,1,6644.705534
2026/02/05/12:12:15,apply-time,rs-006996-cx924,78624815-323c-489b-b726-d7042d7693f3,1,6644.705534
2026/02/05/12:12:15,running-time,rs-006996-cx924,78624815-323c-489b-b726-d7042d7693f3,1,6644.705534
2026/02/05/12:12:15,apply-time,rs-006997-g4kdz,550826cb-90a5-477e-a07b-f960f16ce58c,4,6644.705534
2026/02/05/12:12:15,running-time,rs-006997-g4kdz,550826cb-90a5-477e-a07b-f960f16ce58c,4,6644.705534
2026/02/05/12:12:25,apply-time,rs-006998-42w6p,0da5ae04-25e4-4838-895c-8eb8bcff3b31,2,6654.705534
2026/02/05/12:12:25,running-time,rs-006998-42w6p,0da5ae04-25e4-4838-895c-8eb8bcff3b31,2,6654.705534
2026/02/05/12:12:25,apply-time,rs-006998-ct9ff,a2e29242-2972-4daf-b74c-d552900917ba,2,6654.705534
2026/02/05/12:12:25,apply-time,rs-006998-srnwv,4de0f7e0-cad2-42aa-a3ee-3feb74081eaf,2,6654.705534
2026/02/05/12:12:25,apply-time,rs-006999-4tshv,c7172e85-2b1e-4b31-a1be-359520466102,4,6654.705534
2026/02/05/12:12:25,running-time,rs-006999-4tshv,c7172e85-2b1e-4b31-a1be-359520466102,4,6654.705534
2026/02/05/12:12:25,apply-time,rs-006999-l68jt,a4e7d3b9-deae-4442-ba41-15125ba301b1,4,6654.705534
2026/02/05/12:12:25,running-time,rs-006999-l68jt,a4e7d3b9-deae-4442-ba41-15125ba301b1,4,6654.705534
2026/02/05/12:12:25,apply-time,rs-006999-tqjnk,bf63f733-4d65-422a-9564-1a619d6a1518,4,6654.705534
2026/02/05/12:12:25,running-time,rs-006999-tqjnk,bf63f733-4d65-422a-9564-1a619d6a1518,4,6654.705534
2026/02/05/12:12:25,apply-time,rs-007000-khfnm,0840217a-b9ae-47a9-9232-2daed5af208c,2,6654.705534
2026/02/05/12:12:25,running-time,rs-007000-khfnm,0840217a-b9ae-47a9-9232-2daed5af208c,2,6654.705534
2026/02/05/12:12:25,apply-time,rs-007000-x2stz,fa757e99-599d-4f52-a8e5-e656d4c03b2a,2,6654.705534
2026/02/05/12:12:25,running-time,rs-007000-x2stz,fa757e99-599d-4f52-a8e5-e656d4c03b2a,2,6654.705534
2026/02/05/12:12:25,apply-time,rs-007001-6xllq,c9116f42-a4f7-4ff9-891d-f70365bc1b94,2,6654.705534
2026/02/05/12:12:25,apply-time,rs-007002-8n7lt,18c52f65-f231-4744-ae96-cc5abfff07b8,3,6654.705534
2026/02/05/12:12:25,running-time,rs-007002-8n7lt,18c52f65-f231-4744-ae96-cc5abfff07b8,3,6654.705534
2026/02/05/12:12:26,apply-time,rs-007003-9wvgw,f301550b-3da0-4ecd-a16c-37142e65c71b,4,6655.705534
2026/02/05/12:12:26,apply-time,rs-007003-m7ls2,d7e0e494-f85a-45f4-acb6-6f26a5ffdaf3,4,6655.705534
2026/02/05/12:12:26,apply-time,rs-007004-xnz9n,b02b252b-e2ed-4a46-926a-93cc38eed096,1,6655.705534
2026/02/05/12:12:26,apply-time,rs-007004-zb9w5,9f714a7c-ef48-4441-9212-c673f49924ba,1,6655.705534
2026/02/05/12:12:26,apply-time,rs-007005-58nm6,7fadee77-15dd-4fa1-9741-bf1eea39d949,1,6655.705534
2026/02/05/12:12:26,running-time,rs-007005-58nm6,7fadee77-15dd-4fa1-9741-bf1eea39d949,1,6655.705534
2026/02/05/12:12:26,apply-time,rs-007005-knh92,aa988bd6-3ab7-46c7-9ecb-e86e7f2fb50b,1,6655.705534
2026/02/05/12:12:26,running-time,rs-007005-knh92,aa988bd6-3ab7-46c7-9ecb-e86e7f2fb50b,1,6655.705534
2026/02/05/12:12:26,apply-time,rs-007005-l6m65,d9a0b06e-1b51-4179-913f-4e9480d26d9d,1,6655.705534
2026/02/05/12:12:26,running-time,rs-007005-l6m65,d9a0b06e-1b51-4179-913f-4e9480d26d9d,1,6655.705534
2026/02/05/12:12:26,apply-time,rs-007006-gkz9x,0a860361-0b50-4dd9-bb91-628e4ce61247,2,6655.705534
2026/02/05/12:12:27,running-time,rs-007001-6xllq,c9116f42-a4f7-4ff9-891d-f70365bc1b94,2,6656.705534
2026/02/05/12:12:27,apply-time,rs-007007-2cbg8,084f3787-4e1d-4659-af45-110a9535a5c5,2,6656.705534
2026/02/05/12:12:27,apply-time,rs-007007-phq4c,ee04a217-92c3-47bb-a8cd-4ce30a3d198b,2,6656.705534
2026/02/05/12:12:27,running-time,rs-007007-phq4c,ee04a217-92c3-47bb-a8cd-4ce30a3d198b,2,6656.705534
2026/02/05/12:12:27,apply-time,rs-007008-ttb8w,24c2857e-ad32-45fd-9eab-3fb6caabea9d,3,6656.705534
2026/02/05/12:12:27,apply-time,rs-007009-6787j,202678ab-c794-44f1-97d3-ac6da7273934,1,6656.705534
2026/02/05/12:12:27,running-time,rs-007009-6787j,202678ab-c794-44f1-97d3-ac6da7273934,1,6656.705534
2026/02/05/12:12:27,apply-time,rs-007009-lstl4,cab14d9e-0234-4029-8ea9-e3f57c6ccd0c,1,6655.705534
2026/02/05/12:12:27,running-time,rs-007009-lstl4,cab14d9e-0234-4029-8ea9-e3f57c6ccd0c,1,6655.705534
2026/02/05/12:12:27,apply-time,rs-007010-ps6n8,2445e161-0cd9-497c-ab8e-d089c30809c0,1,6656.705534
2026/02/05/12:12:27,apply-time,rs-007011-mnvkq,cefd4688-76e7-417e-876c-a2b1c630d847,1,6656.705534
2026/02/05/12:12:28,running-time,rs-007003-m7ls2,d7e0e494-f85a-45f4-acb6-6f26a5ffdaf3,4,6657.705534
2026/02/05/12:12:28,running-time,rs-007006-gkz9x,0a860361-0b50-4dd9-bb91-628e4ce61247,2,6657.705534
2026/02/05/12:12:28,running-time,rs-007007-2cbg8,084f3787-4e1d-4659-af45-110a9535a5c5,2,6657.705534
2026/02/05/12:12:28,apply-time,rs-007012-vrprc,07ff3907-e3e5-49f1-a06f-b0c13d5b9fd0,3,6657.705534
2026/02/05/12:12:28,apply-time,rs-007013-fg6mv,3f77bb34-8a96-4ff7-a9df-4afa47091762,1,6657.705534
2026/02/05/12:12:28,running-time,rs-007013-fg6mv,3f77bb34-8a96-4ff7-a9df-4afa47091762,1,6657.705534
2026/02/05/12:12:28,apply-time,rs-007014-8mrvp,7e08f8c1-a476-40da-98c1-66762f3cf062,1,6657.705534
2026/02/05/12:12:28,apply-time,rs-007015-j5r6h,fc298aaa-d8a1-447a-b2ee-ca806cacacf0,3,6657.705534
2026/02/05/12:12:28,running-time,rs-007015-j5r6h,fc298aaa-d8a1-447a-b2ee-ca806cacacf0,3,6657.705534
2026/02/05/12:12:29,apply-time,rs-007012-kpw2p,6a285f79-0519-4ea8-b467-a820f78c7a0a,3,6658.705534
2026/02/05/12:12:29,apply-time,rs-007012-r2nvr,200b57c5-d9a2-4a48-ad7a-4b698abbb784,3,6658.705534
2026/02/05/12:12:29,running-time,rs-007012-vrprc,07ff3907-e3e5-49f1-a06f-b0c13d5b9fd0,3,6658.705534
2026/02/05/12:12:29,apply-time,rs-007016-jqtm2,5e24e43c-a212-441b-af94-ae938f464421,2,6658.705534
2026/02/05/12:12:29,apply-time,rs-007017-bhpp5,7f5d0692-20b4-4823-ada5-4695f81b6c9b,1,6658.705534
2026/02/05/12:12:29,apply-time,rs-007017-cqcdk,1b02f8a0-70c2-4a40-a630-7eecc31159cb,1,6658.705534
2026/02/05/12:12:29,apply-time,rs-007018-sbwjj,ab74498d-1bc9-41e2-a73e-e72d1b59cca6,4,6658.705534
2026/02/05/12:12:29,running-time,rs-007018-sbwjj,ab74498d-1bc9-41e2-a73e-e72d1b59cca6,4,6658.705534
2026/02/05/12:12:29,apply-time,rs-007019-qx2rt,97e83b8b-66b8-44f3-8355-586c3698e68e,2,6658.705534
2026/02/05/12:12:29,apply-time,rs-007020-c7kc4,3d2d6f89-275d-4274-bc92-d42bd19b6455,4,6658.705534
2026/02/05/12:12:30,running-time,rs-007012-kpw2p,6a285f79-0519-4ea8-b467-a820f78c7a0a,3,6659.705534
2026/02/05/12:12:30,running-time,rs-007012-r2nvr,200b57c5-d9a2-4a48-ad7a-4b698abbb784,3,6658.705534
2026/02/05/12:12:30,running-time,rs-007017-bhpp5,7f5d0692-20b4-4823-ada5-4695f81b6c9b,1,6658.705534
2026/02/05/12:12:30,apply-time,rs-007019-74dqc,50bed08a-2d97-4b69-b2f5-3cfc1ec398c3,2,6659.705534
2026/02/05/12:12:30,apply-time,rs-007019-9g869,08a9a807-980e-4391-b26f-e2b09e9a2af0,2,6659.705534
2026/02/05/12:12:30,apply-time,rs-007021-bfwl9,8c6646ee-03fd-4282-8ba8-0c10bbfa295a,2,6659.705534
2026/02/05/12:12:30,apply-time,rs-007021-vt8wv,6ed0c118-c3c5-4c51-ba86-757c5550f9f0,2,6658.705534
2026/02/05/12:12:30,apply-time,rs-007022-674pm,952f3ade-bc50-4c6d-96e9-2bf0be40bbdf,3,6659.705534
2026/02/05/12:12:30,apply-time,rs-007022-kh6q4,de727a3e-9bf7-45f7-a569-8eb13afa3851,3,6659.705534
2026/02/05/12:12:30,apply-time,rs-007023-btzdd,282068e6-e5f0-47ed-b802-af0e0aa63bdc,3,6659.705534
2026/02/05/12:12:30,running-time,rs-007023-btzdd,282068e6-e5f0-47ed-b802-af0e0aa63bdc,3,6659.705534
2026/02/05/12:12:30,apply-time,rs-007023-gpjxq,6cd3f8f6-586e-441c-97ad-afc48779cfbe,3,6659.705534
2026/02/05/12:12:30,running-time,rs-007023-gpjxq,6cd3f8f6-586e-441c-97ad-afc48779cfbe,3,6659.705534
2026/02/05/12:12:30,apply-time,rs-007024-zdw25,cdb6b15f-3254-49d8-ad24-a7f3321c53d1,1,6659.705534
2026/02/05/12:12:30,apply-time,rs-007025-9l4lb,12357e88-f97a-413a-92d9-71da99c4900b,3,6659.705534
2026/02/05/12:12:31,running-time,rs-007022-674pm,952f3ade-bc50-4c6d-96e9-2bf0be40bbdf,3,6659.705534
2026/02/05/12:12:31,running-time,rs-007024-zdw25,cdb6b15f-3254-49d8-ad24-a7f3321c53d1,1,6659.705534
2026/02/05/12:12:31,apply-time,rs-007026-qqsbv,85470570-0e7a-49f7-ac82-d86fc74e5618,2,6660.705534
2026/02/05/12:12:31,running-time,rs-007026-qqsbv,85470570-0e7a-49f7-ac82-d86fc74e5618,2,6660.705534
2026/02/05/12:12:31,apply-time,rs-007028-2r5kn,0a4cdffb-7b61-4b5a-9b78-7f1bbcec5dd3,3,6660.705534
2026/02/05/12:12:31,running-time,rs-007028-2r5kn,0a4cdffb-7b61-4b5a-9b78-7f1bbcec5dd3,3,6660.705534
2026/02/05/12:12:31,apply-time,rs-007028-6mvsn,15ca7cb2-6f4c-4093-856c-86e8d669d736,3,6659.705534
2026/02/05/12:12:31,running-time,rs-007028-6mvsn,15ca7cb2-6f4c-4093-856c-86e8d669d736,3,6660.705534
2026/02/05/12:12:31,apply-time,rs-007028-wsmkn,ac1e39e8-086f-4c58-a29e-e5424532bfe9,3,6660.705534
2026/02/05/12:12:31,running-time,rs-007028-wsmkn,ac1e39e8-086f-4c58-a29e-e5424532bfe9,3,6660.705534
2026/02/05/12:12:31,apply-time,rs-007029-rrvsq,7df5d614-4b62-4de7-aa5c-e7c3407a49f6,4,6660.705534
2026/02/05/12:12:31,apply-time,rs-007030-j64vh,2c346b6a-964b-4f21-93de-a90e18d6db31,2,6660.705534
2026/02/05/12:12:31,apply-time,rs-007030-p9v57,5289ab22-0ba8-428c-a4b9-9e4d7ddebf93,2,6660.705534
2026/02/05/12:12:32,running-time,rs-007020-c7kc4,3d2d6f89-275d-4274-bc92-d42bd19b6455,4,6660.705534
2026/02/05/12:12:32,running-time,rs-007030-j64vh,2c346b6a-964b-4f21-93de-a90e18d6db31,2,6661.705534
2026/02/05/12:12:33,apply-time,rs-007031-8lk7v,fabf96c3-f57a-4c04-b71f-55d54613cf07,2,6662.705534
2026/02/05/12:12:33,running-time,rs-007031-8lk7v,fabf96c3-f57a-4c04-b71f-55d54613cf07,2,6662.705534
2026/02/05/12:12:33,apply-time,rs-007031-g86pv,0587da7b-71be-4e64-b5a5-4d145ea3533a,2,6661.705534
2026/02/05/12:12:33,running-time,rs-007031-g86pv,0587da7b-71be-4e64-b5a5-4d145ea3533a,2,6662.705534
2026/02/05/12:12:33,apply-time,rs-007031-j2ctp,7f216c67-5fec-4ad8-8020-8df117a2ce62,2,6662.705534
2026/02/05/12:12:33,running-time,rs-007031-j2ctp,7f216c67-5fec-4ad8-8020-8df117a2ce62,2,6662.705534
2026/02/05/12:12:33,apply-time,rs-007032-6q86q,12afecbe-89c0-4e48-af51-045553f60a31,2,6662.705534
2026/02/05/12:12:33,apply-time,rs-007032-f7d9h,be66a43c-267c-4790-8592-9ec645c1e0b1,2,6662.705534
2026/02/05/12:12:33,apply-time,rs-007033-z4d4p,58aa131b-7cd2-44b9-9785-fd1db841f6ce,2,6662.705534
2026/02/05/12:12:33,apply-time,rs-007034-fc698,62bec22b-ae4d-4d1e-8436-94d1175e1da7,4,6662.705534
2026/02/05/12:12:33,running-time,rs-007034-fc698,62bec22b-ae4d-4d1e-8436-94d1175e1da7,4,6662.705534
2026/02/05/12:12:34,running-time,rs-007032-f7d9h,be66a43c-267c-4790-8592-9ec645c1e0b1,2,6662.705534
2026/02/05/12:12:34,apply-time,rs-007035-gnmwk,fd7d250c-bb1d-4daa-a5ed-c9311aa826a4,2,6663.705534
2026/02/05/12:12:34,apply-time,rs-007035-kg5mv,4084d5d0-0d52-4caa-b9ab-d1ef35b6a9fa,2,6663.705534
2026/02/05/12:12:34,apply-time,rs-007035-lcgxt,45b31aa3-1a3a-4917-9216-e729fe2263d1,2,6663.705534
2026/02/05/12:12:34,apply-time,rs-007036-7fzqq,bd7c1ea5-3531-4d08-883c-e5ee86075d50,4,6663.705534
2026/02/05/12:12:34,apply-time,rs-007037-2gqtl,2f29ca64-0eeb-43a5-86d2-8b415e2fc14e,2,6663.705534
2026/02/05/12:12:35,running-time,rs-007035-gnmwk,fd7d250c-bb1d-4daa-a5ed-c9311aa826a4,2,6664.705534
2026/02/05/12:12:36,running-time,rs-007035-kg5mv,4084d5d0-0d52-4caa-b9ab-d1ef35b6a9fa,2,6664.705534
2026/02/05/12:12:37,running-time,rs-007033-z4d4p,58aa131b-7cd2-44b9-9785-fd1db841f6ce,2,6666.705534
2026/02/05/12:12:37,running-time,rs-007037-2gqtl,2f29ca64-0eeb-43a5-86d2-8b415e2fc14e,2,6666.705534
2026/02/05/12:12:42,apply-time,rs-007038-qfc9w,ff4cdc6a-0ae9-4e65-8618-6b23c7a9fcdb,2,6671.705534
2026/02/05/12:12:42,running-time,rs-007038-qfc9w,ff4cdc6a-0ae9-4e65-8618-6b23c7a9fcdb,2,6671.705534
2026/02/05/12:12:42,apply-time,rs-007038-wscv7,4826d267-b25e-4216-b95f-dbcb1f5728cd,2,6671.705534
2026/02/05/12:12:42,running-time,rs-007038-wscv7,4826d267-b25e-4216-b95f-dbcb1f5728cd,2,6671.705534
2026/02/05/12:12:43,apply-time,rs-007039-rj62p,da97cdca-9e39-4fa3-9297-3cf6c9800d4b,1,6672.705534
2026/02/05/12:12:43,running-time,rs-007039-rj62p,da97cdca-9e39-4fa3-9297-3cf6c9800d4b,1,6672.705534
2026/02/05/12:12:51,apply-time,rs-007040-rr6ng,164ad557-6ba8-4d5c-935c-802094e653a3,1,6679.705534
2026/02/05/12:12:51,running-time,rs-007040-rr6ng,164ad557-6ba8-4d5c-935c-802094e653a3,1,6679.705534
2026/02/05/12:12:53,apply-time,rs-007041-4g2s9,d06c07da-c8fd-48b0-8854-6cb1d9003bb5,3,6682.705534
2026/02/05/12:12:53,apply-time,rs-007041-w5p4f,85b7ecd2-1693-468b-88ea-3b36e162f57d,3,6682.705534
2026/02/05/12:12:54,running-time,rs-007041-4g2s9,d06c07da-c8fd-48b0-8854-6cb1d9003bb5,3,6682.705534
2026/02/05/12:12:54,running-time,rs-007041-w5p4f,85b7ecd2-1693-468b-88ea-3b36e162f57d,3,6682.705534
2026/02/05/12:13:07,apply-time,rs-007042-xv9d9,7687a76b-4926-4795-90a7-183571a7a4ff,2,6696.705534
2026/02/05/12:13:07,running-time,rs-007042-xv9d9,7687a76b-4926-4795-90a7-183571a7a4ff,2,6696.705534
2026/02/05/12:13:07,apply-time,rs-007043-l5hkc,5fa51efb-4bd1-40a8-960d-a0863c5faa0a,2,6696.705534
2026/02/05/12:13:07,running-time,rs-007043-l5hkc,5fa51efb-4bd1-40a8-960d-a0863c5faa0a,2,6696.705534
2026/02/05/12:13:07,apply-time,rs-007044-cg98r,c0192f7d-1118-40ae-bc2a-74cefa4a3854,1,6696.705534
2026/02/05/12:13:07,running-time,rs-007044-cg98r,c0192f7d-1118-40ae-bc2a-74cefa4a3854,1,6696.705534
2026/02/05/12:13:07,apply-time,rs-007044-kpr5x,72c68b68-82fc-4525-9d00-b27339809044,1,6696.705534
2026/02/05/12:13:07,running-time,rs-007044-kpr5x,72c68b68-82fc-4525-9d00-b27339809044,1,6696.705534
2026/02/05/12:13:07,apply-time,rs-007044-z46n2,9cc367a3-44f8-4e72-ac55-d2ec92d6ee1e,1,6696.705534
2026/02/05/12:13:07,running-time,rs-007044-z46n2,9cc367a3-44f8-4e72-ac55-d2ec92d6ee1e,1,6696.705534
2026/02/05/12:13:07,apply-time,rs-007045-k45n7,1931855e-07b2-40f6-ab61-6638615ff6bb,1,6696.705534
2026/02/05/12:13:07,running-time,rs-007045-k45n7,1931855e-07b2-40f6-ab61-6638615ff6bb,1,6696.705534
2026/02/05/12:13:07,apply-time,rs-007045-lgw6t,1573d37a-4108-4d6b-8dc1-749e915832ae,1,6696.705534
2026/02/05/12:13:07,running-time,rs-007045-lgw6t,1573d37a-4108-4d6b-8dc1-749e915832ae,1,6696.705534
2026/02/05/12:13:07,apply-time,rs-007045-n5dck,7c3efc40-bd45-461a-a7d2-c611e240bde6,1,6696.705534
2026/02/05/12:13:07,running-time,rs-007045-n5dck,7c3efc40-bd45-461a-a7d2-c611e240bde6,1,6696.705534
2026/02/05/12:13:07,apply-time,rs-007046-b5vtp,609e1dd0-332c-4763-89d1-e48a97f9ffb3,3,6696.705534
2026/02/05/12:13:07,apply-time,rs-007046-jkbhq,104f19d3-ae6d-41ac-a045-af627de7a08d,3,6696.705534
2026/02/05/12:13:08,apply-time,rs-007047-9kfgw,ea77ff4b-2da1-4dbb-99c1-3588eabb6506,3,6697.705534
2026/02/05/12:13:08,apply-time,rs-007047-gzgz9,045e362e-1aa6-4490-85fd-c0874204f7cb,3,6697.705534
2026/02/05/12:13:08,apply-time,rs-007047-zpxsx,40cda5b3-927c-4797-b8b8-8d46eb8f2e87,3,6697.705534
2026/02/05/12:13:08,running-time,rs-007047-zpxsx,40cda5b3-927c-4797-b8b8-8d46eb8f2e87,3,6697.705534
2026/02/05/12:13:09,running-time,rs-007047-gzgz9,045e362e-1aa6-4490-85fd-c0874204f7cb,3,6698.705534
2026/02/05/12:13:09,apply-time,rs-007048-ffnl2,a5e59e5b-7ade-4b03-a855-e78fb1235776,1,6698.705534
2026/02/05/12:13:09,running-time,rs-007048-ffnl2,a5e59e5b-7ade-4b03-a855-e78fb1235776,1,6698.705534
2026/02/05/12:13:10,running-time,rs-007047-9kfgw,ea77ff4b-2da1-4dbb-99c1-3588eabb6506,3,6699.705534
2026/02/05/12:13:12,apply-time,rs-007052-8kbgx,e1a95880-27ce-4026-9909-6a2e0fd970b5,3,6701.705534
2026/02/05/12:13:13,apply-time,rs-007049-ptx9w,f45b390f-edea-4bf1-85cb-7d6b650067fd,4,6701.705534
2026/02/05/12:13:13,running-time,rs-007049-ptx9w,f45b390f-edea-4bf1-85cb-7d6b650067fd,4,6701.705534
2026/02/05/12:13:13,apply-time,rs-007049-wp6z6,340f7767-e2bb-4e76-a1aa-0f49890070e1,4,6701.705534
2026/02/05/12:13:13,running-time,rs-007049-wp6z6,340f7767-e2bb-4e76-a1aa-0f49890070e1,4,6701.705534
2026/02/05/12:13:13,apply-time,rs-007050-s6tcf,3cea330e-3827-44fa-b378-804167b97ceb,3,6701.705534
2026/02/05/12:13:13,running-time,rs-007050-s6tcf,3cea330e-3827-44fa-b378-804167b97ceb,3,6701.705534
2026/02/05/12:13:13,apply-time,rs-007051-gmfg5,6827881b-e010-406f-b9eb-309ec40416d7,4,6701.705534
2026/02/05/12:13:13,running-time,rs-007051-gmfg5,6827881b-e010-406f-b9eb-309ec40416d7,4,6701.705534
2026/02/05/12:13:13,running-time,rs-007052-8kbgx,e1a95880-27ce-4026-9909-6a2e0fd970b5,3,6701.705534
2026/02/05/12:13:13,apply-time,rs-007053-c5w5c,580089b8-3a59-4df0-a4ac-3e4f3448159a,1,6701.705534
2026/02/05/12:13:13,running-time,rs-007053-c5w5c,580089b8-3a59-4df0-a4ac-3e4f3448159a,1,6702.705534
2026/02/05/12:13:18,apply-time,rs-007054-6hqz5,3fb0ef13-201b-4231-9033-e691c3a46094,4,6707.705534
2026/02/05/12:13:18,running-time,rs-007054-6hqz5,3fb0ef13-201b-4231-9033-e691c3a46094,4,6707.705534
2026/02/05/12:13:18,apply-time,rs-007054-82v8p,cfbcb651-d401-400a-9fc1-fd22ca6a24cf,4,6707.705534
2026/02/05/12:13:18,running-time,rs-007054-82v8p,cfbcb651-d401-400a-9fc1-fd22ca6a24cf,4,6707.705534
2026/02/05/12:13:18,apply-time,rs-007055-kp9n4,85379c16-c645-4345-9490-2ee184ade0b2,1,6707.705534
2026/02/05/12:13:18,running-time,rs-007055-kp9n4,85379c16-c645-4345-9490-2ee184ade0b2,1,6707.705534
2026/02/05/12:13:18,apply-time,rs-007055-wzf2q,92784b29-a958-4e0f-9f88-4be487068c1e,1,6707.705534
2026/02/05/12:13:18,running-time,rs-007055-wzf2q,92784b29-a958-4e0f-9f88-4be487068c1e,1,6707.705534
2026/02/05/12:13:18,apply-time,rs-007055-xxp5d,69657310-9fa9-4fa8-803e-fa896ea5e131,1,6707.705534
2026/02/05/12:13:18,running-time,rs-007055-xxp5d,69657310-9fa9-4fa8-803e-fa896ea5e131,1,6707.705534
2026/02/05/12:13:18,apply-time,rs-007056-m5zlc,75602165-46c8-4c6f-84d4-e8a645fc6729,2,6707.705534
2026/02/05/12:13:18,running-time,rs-007056-m5zlc,75602165-46c8-4c6f-84d4-e8a645fc6729,2,6707.705534
2026/02/05/12:13:21,apply-time,rs-007057-c52wp,839ff5ca-5939-4b7b-91a6-9c7ca62aef7a,3,6710.705534
2026/02/05/12:13:21,running-time,rs-007057-c52wp,839ff5ca-5939-4b7b-91a6-9c7ca62aef7a,3,6710.705534
2026/02/05/12:13:21,apply-time,rs-007057-sbzf9,a806d531-06f9-42f4-94bf-7217f94e189d,3,6710.705534
2026/02/05/12:13:21,running-time,rs-007057-sbzf9,a806d531-06f9-42f4-94bf-7217f94e189d,3,6710.705534
2026/02/05/12:13:21,apply-time,rs-007057-v2p82,82a2d5bb-d79e-4662-ad4a-c52dad0cd17a,3,6710.705534
2026/02/05/12:13:21,running-time,rs-007057-v2p82,82a2d5bb-d79e-4662-ad4a-c52dad0cd17a,3,6710.705534
2026/02/05/12:13:22,apply-time,rs-007058-ggt6s,456c8c25-e928-451c-9f35-f7a80ce07f03,2,6710.705534
2026/02/05/12:13:22,running-time,rs-007058-ggt6s,456c8c25-e928-451c-9f35-f7a80ce07f03,2,6710.705534
2026/02/05/12:13:22,apply-time,rs-007059-wsmlq,d7da083f-c27c-4cfd-beaa-cfafc22c5f61,2,6711.705534
2026/02/05/12:13:22,running-time,rs-007059-wsmlq,d7da083f-c27c-4cfd-beaa-cfafc22c5f61,2,6711.705534
2026/02/05/12:13:22,apply-time,rs-007060-f8jch,be883881-9ee4-4283-8bcf-20528c14a9aa,4,6711.705534
2026/02/05/12:13:22,running-time,rs-007060-f8jch,be883881-9ee4-4283-8bcf-20528c14a9aa,4,6711.705534
2026/02/05/12:13:22,apply-time,rs-007061-5tzvp,54b917b3-dee6-4fa7-bf74-963320ba01dd,4,6711.705534
2026/02/05/12:13:22,running-time,rs-007061-5tzvp,54b917b3-dee6-4fa7-bf74-963320ba01dd,4,6711.705534
2026/02/05/12:13:22,apply-time,rs-007062-69lfq,068fe70f-48e8-4477-a5fd-4bda0710b184,1,6711.705534
2026/02/05/12:13:22,apply-time,rs-007063-v745n,b84bb076-c709-4735-b97b-2a5eccd6c432,2,6711.705534
2026/02/05/12:13:22,running-time,rs-007063-v745n,b84bb076-c709-4735-b97b-2a5eccd6c432,2,6711.705534
2026/02/05/12:13:22,apply-time,rs-007064-j6z6h,06a3fe5c-accc-4788-a038-8d65f25988de,2,6711.705534
2026/02/05/12:13:22,running-time,rs-007064-j6z6h,06a3fe5c-accc-4788-a038-8d65f25988de,2,6711.705534
2026/02/05/12:13:22,apply-time,rs-007064-kk6r8,bfb20bd7-c925-485e-a825-f6ff4411eee4,2,6711.705534
2026/02/05/12:13:22,running-time,rs-007064-kk6r8,bfb20bd7-c925-485e-a825-f6ff4411eee4,2,6711.705534
2026/02/05/12:13:22,apply-time,rs-007064-t6mbp,285d7878-1cb4-4813-b8fb-026efea5c238,2,6711.705534
2026/02/05/12:13:22,running-time,rs-007064-t6mbp,285d7878-1cb4-4813-b8fb-026efea5c238,2,6711.705534
2026/02/05/12:13:22,apply-time,rs-007065-9xsbc,eb9f058c-1f1f-478f-a949-af9fc688aad7,1,6711.705534
2026/02/05/12:13:23,apply-time,rs-007065-jz6wk,96e26d25-3c2d-4d3a-9b6b-3116d6efd80a,1,6712.705534
2026/02/05/12:13:23,apply-time,rs-007066-57dl4,6f2c35be-38cc-416d-9fbb-bbdfb02a50c3,3,6711.705534
2026/02/05/12:13:23,running-time,rs-007066-57dl4,6f2c35be-38cc-416d-9fbb-bbdfb02a50c3,3,6712.705534
2026/02/05/12:13:23,apply-time,rs-007066-fcnfv,6cd9ecca-75d4-4d45-a3f1-21d77776774e,3,6712.705534
2026/02/05/12:13:24,running-time,rs-007062-69lfq,068fe70f-48e8-4477-a5fd-4bda0710b184,1,6713.705534
2026/02/05/12:13:30,apply-time,rs-007067-jr4ll,cbd04c3e-6c2d-4787-9cbb-e3240e031c86,4,6719.705534
2026/02/05/12:13:30,running-time,rs-007067-jr4ll,cbd04c3e-6c2d-4787-9cbb-e3240e031c86,4,6719.705534
2026/02/05/12:13:30,apply-time,rs-007067-ts45k,2b3349e4-c868-41a1-b3f2-4567c8ccb450,4,6719.705534
2026/02/05/12:13:30,running-time,rs-007067-ts45k,2b3349e4-c868-41a1-b3f2-4567c8ccb450,4,6719.705534
2026/02/05/12:13:30,apply-time,rs-007067-tt48q,d254d9bb-682e-47dc-b10e-f71cc4854708,4,6719.705534
2026/02/05/12:13:30,running-time,rs-007067-tt48q,d254d9bb-682e-47dc-b10e-f71cc4854708,4,6719.705534
2026/02/05/12:13:30,apply-time,rs-007068-8pgd4,7cbe5ccf-10fa-472c-b99a-bfe9cdf4f69f,3,6719.705534
2026/02/05/12:13:30,apply-time,rs-007068-w4xm8,77724705-feb2-495a-93ed-76ae4f9ee81f,3,6719.705534
2026/02/05/12:13:30,apply-time,rs-007069-bghmk,aad8c32d-5eb8-4391-ba50-c91c55790c8a,1,6719.705534
2026/02/05/12:13:30,apply-time,rs-007069-vkx69,379ca2bd-c691-43ac-b31b-03720996c136,1,6719.705534
2026/02/05/12:13:30,running-time,rs-007069-vkx69,379ca2bd-c691-43ac-b31b-03720996c136,1,6719.705534
2026/02/05/12:13:30,apply-time,rs-007069-vqrzn,8b9980a2-fe6c-4582-8032-22c2eb074055,1,6719.705534
2026/02/05/12:13:30,running-time,rs-007069-vqrzn,8b9980a2-fe6c-4582-8032-22c2eb074055,1,6719.705534
2026/02/05/12:13:30,apply-time,rs-007070-zn72c,da54cfda-1e17-4785-a1f1-d2ea46764d94,4,6719.705534
2026/02/05/12:13:30,running-time,rs-007070-zn72c,da54cfda-1e17-4785-a1f1-d2ea46764d94,4,6719.705534
2026/02/05/12:13:30,apply-time,rs-007071-5b6sj,5821cdb1-9e60-41ff-aa0b-c78d6a472c59,4,6719.705534
2026/02/05/12:13:30,running-time,rs-007071-5b6sj,5821cdb1-9e60-41ff-aa0b-c78d6a472c59,4,6719.705534
2026/02/05/12:13:30,apply-time,rs-007072-79nns,77241043-6c3e-4faf-ae1a-072d5d5fa526,1,6719.705534
2026/02/05/12:13:30,apply-time,rs-007072-c95ll,89dd2b77-9692-441c-8c36-159657935ec5,1,6719.705534
2026/02/05/12:13:31,apply-time,rs-007073-d26w2,04e8841b-6ab2-4c06-9601-244e37646ebb,2,6720.705534
2026/02/05/12:13:31,apply-time,rs-007074-8jvd4,6255458c-638d-447b-9596-ac2aaa91e755,1,6720.705534
2026/02/05/12:13:31,apply-time,rs-007074-fmx2p,2fdac6cc-fd97-47f8-b58b-657448f592be,1,6720.705534
2026/02/05/12:13:31,apply-time,rs-007074-gwndn,18be7de6-56ee-4a87-94e4-1b6a1db9d94d,1,6720.705534
2026/02/05/12:13:31,apply-time,rs-007075-jbr78,4cdb10cc-2167-4ec5-a947-59675de49e2f,3,6720.705534
2026/02/05/12:13:31,running-time,rs-007075-jbr78,4cdb10cc-2167-4ec5-a947-59675de49e2f,3,6720.705534
2026/02/05/12:13:34,running-time,rs-007072-79nns,77241043-6c3e-4faf-ae1a-072d5d5fa526,1,6723.705534
2026/02/05/12:13:34,running-time,rs-007072-c95ll,89dd2b77-9692-441c-8c36-159657935ec5,1,6723.705534
2026/02/05/12:13:36,apply-time,rs-007076-c7v9x,36ec4c4d-d0f2-4664-8495-d858d2965761,2,6725.705534
2026/02/05/12:13:36,running-time,rs-007076-c7v9x,36ec4c4d-d0f2-4664-8495-d858d2965761,2,6725.705534
2026/02/05/12:13:36,apply-time,rs-007076-jhmwh,580ab20e-29ea-4783-a673-b786ac9c441c,2,6725.705534
2026/02/05/12:13:36,running-time,rs-007076-jhmwh,580ab20e-29ea-4783-a673-b786ac9c441c,2,6725.705534
2026/02/05/12:13:36,apply-time,rs-007077-hw74m,b7025ea0-695a-419c-88f0-4b30b1092fe2,1,6725.705534
2026/02/05/12:13:36,running-time,rs-007077-hw74m,b7025ea0-695a-419c-88f0-4b30b1092fe2,1,6725.705534
2026/02/05/12:13:36,apply-time,rs-007077-l255z,8e43795d-07df-4417-9afd-309a89bfa882,1,6725.705534
2026/02/05/12:13:36,running-time,rs-007077-l255z,8e43795d-07df-4417-9afd-309a89bfa882,1,6725.705534
2026/02/05/12:13:36,apply-time,rs-007078-7gwsb,744c2160-1f12-4a9c-9580-3617ef5e847f,1,6725.705534
2026/02/05/12:13:36,running-time,rs-007078-7gwsb,744c2160-1f12-4a9c-9580-3617ef5e847f,1,6725.705534
2026/02/05/12:13:36,apply-time,rs-007078-ghpbv,19e799ac-8165-4620-a3e6-07d1c97de43d,1,6725.705534
2026/02/05/12:13:36,running-time,rs-007078-ghpbv,19e799ac-8165-4620-a3e6-07d1c97de43d,1,6725.705534
2026/02/05/12:13:36,apply-time,rs-007079-5xxzn,6e0b0b5d-ed66-4215-a507-03b31cf01e52,4,6725.705534
2026/02/05/12:13:36,running-time,rs-007079-5xxzn,6e0b0b5d-ed66-4215-a507-03b31cf01e52,4,6725.705534
2026/02/05/12:13:36,apply-time,rs-007079-stm5j,19006b0e-b387-416c-aee5-4e8b4997fc4b,4,6725.705534
2026/02/05/12:13:36,running-time,rs-007079-stm5j,19006b0e-b387-416c-aee5-4e8b4997fc4b,4,6725.705534
2026/02/05/12:13:36,apply-time,rs-007079-wj6hz,8f06f65f-e1d5-48f1-b06f-60dd233767a1,4,6725.705534
2026/02/05/12:13:36,running-time,rs-007079-wj6hz,8f06f65f-e1d5-48f1-b06f-60dd233767a1,4,6725.705534
2026/02/05/12:13:36,apply-time,rs-007080-6wxrz,e4514650-30aa-45f2-8493-373e3689b1ee,4,6725.705534
2026/02/05/12:13:36,apply-time,rs-007080-lkkdx,14616f3a-e0b7-4c76-aca1-f86354d275d8,4,6725.705534
2026/02/05/12:13:36,apply-time,rs-007081-58v8z,89d118e1-ae23-48ea-82d2-2840c954fc8d,4,6725.705534
2026/02/05/12:13:36,apply-time,rs-007082-fzpmm,b1cce4b4-1a10-44ce-afba-10e6bc07552b,4,6725.705534
2026/02/05/12:13:36,running-time,rs-007082-fzpmm,b1cce4b4-1a10-44ce-afba-10e6bc07552b,4,6725.705534
2026/02/05/12:13:36,apply-time,rs-007083-lbk65,b4950e67-bbf4-48c9-b937-a1eacb170f44,1,6725.705534
2026/02/05/12:13:36,apply-time,rs-007084-dln7l,e429a476-df23-46e7-a5e6-d643bcd645da,1,6725.705534
2026/02/05/12:13:36,running-time,rs-007084-dln7l,e429a476-df23-46e7-a5e6-d643bcd645da,1,6725.705534
2026/02/05/12:13:36,apply-time,rs-007085-pmmq5,311f30a3-74ee-4c73-92c9-a3428f626ad8,3,6725.705534
2026/02/05/12:13:37,apply-time,rs-007081-qkqh7,0930a7f4-3eb0-423c-88fd-4b24c3ba26ef,4,6725.705534
2026/02/05/12:13:37,apply-time,rs-007083-x4xxm,cda45741-3432-478f-ae3a-d3ef09a71fae,1,6726.705534
2026/02/05/12:13:37,apply-time,rs-007084-nwrzl,b5dcd1dd-396d-482b-bb4c-f11d27c45a87,1,6726.705534
2026/02/05/12:13:37,running-time,rs-007084-nwrzl,b5dcd1dd-396d-482b-bb4c-f11d27c45a87,1,6726.705534
2026/02/05/12:13:37,apply-time,rs-007085-m5gzg,b96cda93-9786-4bfc-adc5-c37106a3fc70,3,6726.705534
2026/02/05/12:13:37,apply-time,rs-007086-ngtwh,a8e75d2e-ae72-41e1-94db-f4ead3e395eb,2,6726.705534
2026/02/05/12:13:37,apply-time,rs-007088-rtkq2,bb519eb9-9fbe-4317-883f-abd8165129c7,2,6726.705534
2026/02/05/12:13:37,apply-time,rs-007089-6b728,20ea297d-aa17-42b8-9ffc-a9c7ee9f05eb,3,6726.705534
2026/02/05/12:13:37,running-time,rs-007089-6b728,20ea297d-aa17-42b8-9ffc-a9c7ee9f05eb,3,6726.705534
2026/02/05/12:13:38,running-time,rs-007080-lkkdx,14616f3a-e0b7-4c76-aca1-f86354d275d8,4,6727.705534
2026/02/05/12:13:38,apply-time,rs-007087-qdftm,ef9fc4e2-7500-4c31-843e-49c2adfcec4e,1,6727.705534
2026/02/05/12:13:38,apply-time,rs-007087-rv8vq,1bb3b138-be0d-411e-a8d0-ea562b6b61c5,1,6727.705534
2026/02/05/12:13:38,apply-time,rs-007088-nvcjp,3867d329-1928-4265-8312-e61559490ee1,2,6727.705534
2026/02/05/12:13:38,apply-time,rs-007089-45q8w,f513058e-28e6-4b72-835e-cb600ce7407c,3,6727.705534
2026/02/05/12:13:38,running-time,rs-007089-45q8w,f513058e-28e6-4b72-835e-cb600ce7407c,3,6727.705534
2026/02/05/12:13:38,apply-time,rs-007090-6bfkt,5cd8c543-cc24-48fb-8262-9c05a760420b,1,6726.705534
2026/02/05/12:13:38,running-time,rs-007090-6bfkt,5cd8c543-cc24-48fb-8262-9c05a760420b,1,6726.705534
2026/02/05/12:13:38,apply-time,rs-007091-vc58h,010e6e86-52e4-4c7c-87bd-601314461c4d,1,6727.705534
2026/02/05/12:13:38,apply-time,rs-007091-z9fth,5ef0ef2d-2b02-4ba2-9068-4172e4435106,1,6727.705534
2026/02/05/12:13:38,apply-time,rs-007092-zhldr,ee98b462-207d-4220-94db-268c3d67414d,3,6727.705534
2026/02/05/12:13:38,running-time,rs-007092-zhldr,ee98b462-207d-4220-94db-268c3d67414d,3,6727.705534
2026/02/05/12:13:38,apply-time,rs-007093-lxmjl,36849393-764a-4501-8ee8-99783cbc8c75,3,6727.705534
2026/02/05/12:13:38,running-time,rs-007093-lxmjl,36849393-764a-4501-8ee8-99783cbc8c75,3,6727.705534
2026/02/05/12:13:39,running-time,rs-007080-6wxrz,e4514650-30aa-45f2-8493-373e3689b1ee,4,6728.705534
2026/02/05/12:13:39,running-time,rs-007091-vc58h,010e6e86-52e4-4c7c-87bd-601314461c4d,1,6728.705534
2026/02/05/12:13:39,apply-time,rs-007094-9kqm6,736ea615-39e1-4eae-9467-469b1d20bdcb,2,6728.705534
2026/02/05/12:13:39,running-time,rs-007094-9kqm6,736ea615-39e1-4eae-9467-469b1d20bdcb,2,6728.705534
2026/02/05/12:13:39,apply-time,rs-007094-ggfpw,f9ded2c4-9849-4fa7-925e-aa88b632eb74,2,6728.705534
2026/02/05/12:13:39,apply-time,rs-007095-vvwmg,b0b9bd38-8033-4b9c-81be-cd2771a4a398,3,6728.705534
2026/02/05/12:13:39,running-time,rs-007095-vvwmg,b0b9bd38-8033-4b9c-81be-cd2771a4a398,3,6728.705534
2026/02/05/12:13:39,apply-time,rs-007096-hm4gl,6de74711-ac7e-4658-8b1a-ee5f65afd82e,1,6728.705534
2026/02/05/12:13:40,running-time,rs-007094-ggfpw,f9ded2c4-9849-4fa7-925e-aa88b632eb74,2,6729.705534
2026/02/05/12:13:40,apply-time,rs-007095-d48tf,6aadb6c8-e6d4-443f-9c50-20435cc77548,3,6729.705534
2026/02/05/12:13:40,running-time,rs-007095-d48tf,6aadb6c8-e6d4-443f-9c50-20435cc77548,3,6729.705534
2026/02/05/12:13:42,running-time,rs-007068-8pgd4,7cbe5ccf-10fa-472c-b99a-bfe9cdf4f69f,3,6731.705534
2026/02/05/12:13:42,running-time,rs-007083-x4xxm,cda45741-3432-478f-ae3a-d3ef09a71fae,1,6731.705534
2026/02/05/12:13:42,running-time,rs-007091-z9fth,5ef0ef2d-2b02-4ba2-9068-4172e4435106,1,6731.705534
2026/02/05/12:13:44,apply-time,rs-007097-7z5bc,fdf18e19-3178-4bbc-ac15-75df070eeb29,4,6733.705534
2026/02/05/12:13:44,running-time,rs-007097-7z5bc,fdf18e19-3178-4bbc-ac15-75df070eeb29,4,6733.705534
2026/02/05/12:13:50,running-time,rs-007083-lbk65,b4950e67-bbf4-48c9-b937-a1eacb170f44,1,6739.705534
2026/02/05/12:13:59,apply-time,rs-007098-b64mz,222ce299-653a-44fb-980b-223064f0c529,1,6748.705534
2026/02/05/12:13:59,apply-time,rs-007098-qhjlp,be6fdffc-72f8-41e3-b96c-1a4405c6e256,1,6748.705534
2026/02/05/12:13:59,apply-time,rs-007100-dw28j,01ae88c0-307c-41f2-a326-612db6787015,3,6748.705534
2026/02/05/12:14:00,running-time,rs-007098-b64mz,222ce299-653a-44fb-980b-223064f0c529,1,6748.705534
2026/02/05/12:14:00,running-time,rs-007098-qhjlp,be6fdffc-72f8-41e3-b96c-1a4405c6e256,1,6748.705534
2026/02/05/12:14:00,apply-time,rs-007099-7trbc,98e467c5-5b5c-4c40-9e90-f6da5cbf0638,4,6748.705534
2026/02/05/12:14:00,running-time,rs-007099-7trbc,98e467c5-5b5c-4c40-9e90-f6da5cbf0638,4,6748.705534
2026/02/05/12:14:00,running-time,rs-007100-dw28j,01ae88c0-307c-41f2-a326-612db6787015,3,6748.705534
2026/02/05/12:14:00,apply-time,rs-007101-bd6bm,b65da221-2d33-4989-8dad-1043af09c00d,3,6749.705534
2026/02/05/12:14:00,running-time,rs-007101-bd6bm,b65da221-2d33-4989-8dad-1043af09c00d,3,6749.705534
2026/02/05/12:14:00,apply-time,rs-007102-l8xkq,98c453b6-7342-4a75-a49c-1857c309d792,2,6749.705534
2026/02/05/12:14:00,running-time,rs-007102-l8xkq,98c453b6-7342-4a75-a49c-1857c309d792,2,6749.705534
2026/02/05/12:14:00,apply-time,rs-007103-q2bqm,feaef473-7cae-473c-819a-8b54120ac4f4,2,6749.705534
2026/02/05/12:14:00,apply-time,rs-007104-4hj2k,bd936b52-0d17-4d8d-9b56-c854b63fdc67,2,6749.705534
2026/02/05/12:14:00,running-time,rs-007104-4hj2k,bd936b52-0d17-4d8d-9b56-c854b63fdc67,2,6749.705534
2026/02/05/12:14:00,apply-time,rs-007104-dmqxm,e0c3c81c-61c3-4cf0-b482-dd1e241e0173,2,6749.705534
2026/02/05/12:14:00,running-time,rs-007104-dmqxm,e0c3c81c-61c3-4cf0-b482-dd1e241e0173,2,6749.705534
2026/02/05/12:14:00,apply-time,rs-007104-kr8nr,2ad699d8-8217-4cbf-8f4e-7d88be796f26,2,6749.705534
2026/02/05/12:14:00,running-time,rs-007104-kr8nr,2ad699d8-8217-4cbf-8f4e-7d88be796f26,2,6749.705534
2026/02/05/12:14:00,apply-time,rs-007105-7d4rg,67a3b061-cff3-4df3-a090-dc3976612e53,4,6749.705534
2026/02/05/12:14:00,running-time,rs-007105-7d4rg,67a3b061-cff3-4df3-a090-dc3976612e53,4,6749.705534
2026/02/05/12:14:02,apply-time,rs-007106-vk29j,4ccea9e4-ef3e-4364-89a9-17b1ca6a9709,2,6751.705534
2026/02/05/12:14:02,apply-time,rs-007107-whd2l,86ed8fd2-4cce-48a4-a657-17c240fbdb90,2,6751.705534
2026/02/05/12:14:02,apply-time,rs-007109-l7ls8,3fcd9bbe-3cf7-4c6c-a885-4d62fa17b9ae,1,6751.705534
2026/02/05/12:14:02,apply-time,rs-007110-fwmcx,2e92a4ce-a5f6-44cd-9478-b794b602e521,2,6751.705534
2026/02/05/12:14:03,running-time,rs-007106-vk29j,4ccea9e4-ef3e-4364-89a9-17b1ca6a9709,2,6752.705534
2026/02/05/12:14:03,apply-time,rs-007108-kh8ng,0254902c-e5fd-44fd-bb9b-c47436df19d6,1,6751.705534
2026/02/05/12:14:03,running-time,rs-007108-kh8ng,0254902c-e5fd-44fd-bb9b-c47436df19d6,1,6751.705534
2026/02/05/12:14:03,running-time,rs-007109-l7ls8,3fcd9bbe-3cf7-4c6c-a885-4d62fa17b9ae,1,6751.705534
2026/02/05/12:14:03,apply-time,rs-007110-hsg55,327f0d7a-4a4c-4a22-a0ee-558200564b75,2,6751.705534
2026/02/05/12:14:03,apply-time,rs-007111-8kt6g,ac8afc0b-0919-4707-8d88-bc93152a9818,1,6752.705534
2026/02/05/12:14:03,apply-time,rs-007111-rv7fx,88c62bc3-1355-4a28-b710-afec62817867,1,6752.705534
2026/02/05/12:14:03,apply-time,rs-007111-tbmgj,afab2b41-91bc-4cfb-b796-0d193d26c4e4,1,6752.705534
2026/02/05/12:14:03,apply-time,rs-007112-2h9g4,e0eabf06-7fed-491d-82c3-7b1119ec6346,1,6752.705534
2026/02/05/12:14:03,running-time,rs-007112-2h9g4,e0eabf06-7fed-491d-82c3-7b1119ec6346,1,6752.705534
2026/02/05/12:14:03,apply-time,rs-007113-rglfk,c36bc102-f70c-4449-b45b-2a70f63da9b9,1,6752.705534
2026/02/05/12:14:03,running-time,rs-007113-rglfk,c36bc102-f70c-4449-b45b-2a70f63da9b9,1,6752.705534
2026/02/05/12:14:03,apply-time,rs-007113-xc4lm,e2ad5257-eb59-4056-9062-8f8877e2d9e8,1,6752.705534
2026/02/05/12:14:03,running-time,rs-007113-xc4lm,e2ad5257-eb59-4056-9062-8f8877e2d9e8,1,6752.705534
2026/02/05/12:14:04,apply-time,rs-007114-s55cj,eb88c35f-0c50-4384-9219-a19f64a9fbd3,3,6753.705534
2026/02/05/12:14:04,running-time,rs-007114-s55cj,eb88c35f-0c50-4384-9219-a19f64a9fbd3,3,6753.705534
2026/02/05/12:14:04,apply-time,rs-007115-g6tmf,caacade5-7d6e-4f36-b0ed-cf04e38ec6d7,2,6753.705534
2026/02/05/12:14:04,running-time,rs-007115-g6tmf,caacade5-7d6e-4f36-b0ed-cf04e38ec6d7,2,6753.705534
2026/02/05/12:14:05,running-time,rs-007111-rv7fx,88c62bc3-1355-4a28-b710-afec62817867,1,6754.705534
2026/02/05/12:14:05,running-time,rs-007111-tbmgj,afab2b41-91bc-4cfb-b796-0d193d26c4e4,1,6754.705534
2026/02/05/12:14:07,running-time,rs-007107-whd2l,86ed8fd2-4cce-48a4-a657-17c240fbdb90,2,6756.705534
2026/02/05/12:14:07,apply-time,rs-007116-2467p,a056728b-3883-4147-a5a3-4c79ce62d72b,2,6756.705534
2026/02/05/12:14:07,running-time,rs-007116-2467p,a056728b-3883-4147-a5a3-4c79ce62d72b,2,6756.705534
2026/02/05/12:14:07,apply-time,rs-007117-s255n,90ba85a0-35bc-424a-ac1e-b52aa3eefede,1,6756.705534
2026/02/05/12:14:07,running-time,rs-007117-s255n,90ba85a0-35bc-424a-ac1e-b52aa3eefede,1,6756.705534
2026/02/05/12:14:07,apply-time,rs-007118-62cln,7e19e72c-682b-4845-925d-606d142a6006,4,6756.705534
2026/02/05/12:14:07,apply-time,rs-007118-nrr2v,c30f51f2-f93c-431d-bc12-2e7fb4805990,4,6756.705534
2026/02/05/12:14:07,apply-time,rs-007118-x57dl,a68eb35e-9837-438b-a706-e96df6b1df47,4,6756.705534
2026/02/05/12:14:07,apply-time,rs-007119-5rdm2,2aa667e7-9051-4bd4-adbd-0356867887c4,2,6756.705534
2026/02/05/12:14:07,running-time,rs-007119-5rdm2,2aa667e7-9051-4bd4-adbd-0356867887c4,2,6756.705534
2026/02/05/12:14:07,apply-time,rs-007119-qptw5,c77a44c0-1216-4dfa-b8c0-790afbccfe4f,2,6756.705534
2026/02/05/12:14:07,running-time,rs-007119-qptw5,c77a44c0-1216-4dfa-b8c0-790afbccfe4f,2,6756.705534
2026/02/05/12:14:08,running-time,rs-007118-x57dl,a68eb35e-9837-438b-a706-e96df6b1df47,4,6757.705534
2026/02/05/12:14:08,apply-time,rs-007120-g7b9m,12ea39eb-3349-4e4f-ab05-cc40cfbc25d7,4,6756.705534
2026/02/05/12:14:08,running-time,rs-007120-g7b9m,12ea39eb-3349-4e4f-ab05-cc40cfbc25d7,4,6757.705534
2026/02/05/12:14:08,apply-time,rs-007121-9f55q,1e054aba-1a5c-4bf4-93da-49ab85d10557,1,6757.705534
2026/02/05/12:14:08,running-time,rs-007121-9f55q,1e054aba-1a5c-4bf4-93da-49ab85d10557,1,6757.705534
2026/02/05/12:14:11,running-time,rs-007118-nrr2v,c30f51f2-f93c-431d-bc12-2e7fb4805990,4,6760.705534
2026/02/05/12:14:17,running-time,rs-007118-62cln,7e19e72c-682b-4845-925d-606d142a6006,4,6766.705534
2026/02/05/12:14:18,apply-time,rs-007122-56ndn,87fa590a-566e-4943-9dab-528f79038554,1,6767.705534
2026/02/05/12:14:18,running-time,rs-007122-56ndn,87fa590a-566e-4943-9dab-528f79038554,1,6767.705534
2026/02/05/12:14:18,apply-time,rs-007122-mtlvl,79ca4c8e-62d2-4494-b633-c2d57bb3e49c,1,6767.705534
2026/02/05/12:14:18,running-time,rs-007122-mtlvl,79ca4c8e-62d2-4494-b633-c2d57bb3e49c,1,6767.705534
2026/02/05/12:14:18,apply-time,rs-007123-sp44f,7801d7fc-dc0c-4a2d-9d2f-812ce84fee96,2,6767.705534
2026/02/05/12:14:18,running-time,rs-007123-sp44f,7801d7fc-dc0c-4a2d-9d2f-812ce84fee96,2,6767.705534
2026/02/05/12:14:21,apply-time,rs-007124-5kpbc,26b70d99-a57a-43cb-97e2-c73e997688c6,1,6770.705534
2026/02/05/12:14:21,apply-time,rs-007124-fczw5,e7a51df8-3437-48e8-beb3-7cc22c15b30d,1,6770.705534
2026/02/05/12:14:21,apply-time,rs-007125-7rjwm,434e4669-b62a-4a03-ae6b-f57544cc7ad9,1,6770.705534
2026/02/05/12:14:21,running-time,rs-007125-7rjwm,434e4669-b62a-4a03-ae6b-f57544cc7ad9,1,6770.705534
2026/02/05/12:14:21,apply-time,rs-007126-8kszg,442fc526-41fe-440e-aaf7-ea3ef681c7bc,4,6770.705534
2026/02/05/12:14:21,running-time,rs-007126-8kszg,442fc526-41fe-440e-aaf7-ea3ef681c7bc,4,6770.705534
2026/02/05/12:14:21,apply-time,rs-007126-s2gfs,7f8feb3d-bb04-44eb-9da2-00a2e81b1ed5,4,6770.705534
2026/02/05/12:14:21,running-time,rs-007126-s2gfs,7f8feb3d-bb04-44eb-9da2-00a2e81b1ed5,4,6770.705534
2026/02/05/12:14:21,apply-time,rs-007126-xpln4,4e90e3a8-4064-4c61-b343-5fd88147c8d3,4,6770.705534
2026/02/05/12:14:21,running-time,rs-007126-xpln4,4e90e3a8-4064-4c61-b343-5fd88147c8d3,4,6770.705534
2026/02/05/12:14:22,apply-time,rs-007127-ms9z6,28bf1484-3359-412c-b189-1dbf7c336d3f,2,6771.705534
2026/02/05/12:14:22,running-time,rs-007127-ms9z6,28bf1484-3359-412c-b189-1dbf7c336d3f,2,6771.705534
2026/02/05/12:14:22,apply-time,rs-007128-rk5q5,1d32cff6-769b-4378-a3d0-8cab0dc73a7a,3,6771.705534
2026/02/05/12:14:22,running-time,rs-007128-rk5q5,1d32cff6-769b-4378-a3d0-8cab0dc73a7a,3,6771.705534
2026/02/05/12:14:23,running-time,rs-007124-5kpbc,26b70d99-a57a-43cb-97e2-c73e997688c6,1,6772.705534
2026/02/05/12:14:23,running-time,rs-007124-fczw5,e7a51df8-3437-48e8-beb3-7cc22c15b30d,1,6772.705534
2026/02/05/12:14:24,apply-time,rs-007129-8nh8p,5025ccfa-3a54-41f2-ab0b-d535bdd1e8c0,3,6773.705534
2026/02/05/12:14:24,running-time,rs-007129-8nh8p,5025ccfa-3a54-41f2-ab0b-d535bdd1e8c0,3,6773.705534
2026/02/05/12:14:24,apply-time,rs-007129-pm262,bb625cba-21b8-4299-b4ca-cbd89650929c,3,6773.705534
2026/02/05/12:14:24,running-time,rs-007129-pm262,bb625cba-21b8-4299-b4ca-cbd89650929c,3,6773.705534
2026/02/05/12:14:24,apply-time,rs-007130-t4wzl,490621e3-6859-4c1c-b7eb-5b4b40140f3f,2,6773.705534
2026/02/05/12:14:24,running-time,rs-007130-t4wzl,490621e3-6859-4c1c-b7eb-5b4b40140f3f,2,6773.705534
2026/02/05/12:14:24,apply-time,rs-007130-twrfc,586b78ed-9769-4e48-a065-66d4b21bd48e,2,6773.705534
2026/02/05/12:14:24,running-time,rs-007130-twrfc,586b78ed-9769-4e48-a065-66d4b21bd48e,2,6773.705534
2026/02/05/12:14:29,apply-time,rs-007131-scqdb,eef88c21-9ef5-423d-b62e-2f7086e39921,4,6778.705534
2026/02/05/12:14:29,running-time,rs-007131-scqdb,eef88c21-9ef5-423d-b62e-2f7086e39921,4,6778.705534
2026/02/05/12:14:33,apply-time,rs-007132-7flc8,106cb864-0be7-4193-9917-7fe1439e0bc6,1,6782.705534
2026/02/05/12:14:33,running-time,rs-007132-7flc8,106cb864-0be7-4193-9917-7fe1439e0bc6,1,6782.705534
2026/02/05/12:14:33,apply-time,rs-007132-h8dmm,c418964e-b5c8-46b8-8ac0-2d9fdae63380,1,6782.705534
2026/02/05/12:14:33,running-time,rs-007132-h8dmm,c418964e-b5c8-46b8-8ac0-2d9fdae63380,1,6782.705534
2026/02/05/12:14:33,apply-time,rs-007132-tq6rq,28ed9a0b-1ba7-4faa-8c15-bd61df7525bd,1,6782.705534
2026/02/05/12:14:33,running-time,rs-007132-tq6rq,28ed9a0b-1ba7-4faa-8c15-bd61df7525bd,1,6782.705534
2026/02/05/12:14:33,apply-time,rs-007133-l7z6x,8e07c552-e10c-465f-9849-67c5a58b8b1e,2,6782.705534
2026/02/05/12:14:33,apply-time,rs-007133-rkxdd,5eb1de0a-f0ef-408a-99e4-2113d56f04c5,2,6782.705534
2026/02/05/12:14:33,apply-time,rs-007134-fb8xs,16ae8f3f-9c90-4647-97c1-3c640a2222a3,3,6782.705534
2026/02/05/12:14:33,running-time,rs-007134-fb8xs,16ae8f3f-9c90-4647-97c1-3c640a2222a3,3,6782.705534
2026/02/05/12:14:33,apply-time,rs-007134-mr98n,08cf4b9e-7900-4a49-ae0e-6e589cb31b3a,3,6782.705534
2026/02/05/12:14:33,apply-time,rs-007134-njsrm,4fcaae07-6e60-4ba1-a6c8-18315dbd465d,3,6782.705534
2026/02/05/12:14:33,apply-time,rs-007135-mfkfh,5860c013-9233-4d7a-82ba-391e7eba0a5d,2,6782.705534
2026/02/05/12:14:33,apply-time,rs-007136-lf67w,6b80d950-ac4c-4829-84d8-d40a63a79b7d,2,6782.705534
2026/02/05/12:14:34,running-time,rs-007134-mr98n,08cf4b9e-7900-4a49-ae0e-6e589cb31b3a,3,6782.705534
2026/02/05/12:14:34,running-time,rs-007134-njsrm,4fcaae07-6e60-4ba1-a6c8-18315dbd465d,3,6782.705534
2026/02/05/12:14:34,running-time,rs-007135-mfkfh,5860c013-9233-4d7a-82ba-391e7eba0a5d,2,6782.705534
2026/02/05/12:14:34,running-time,rs-007136-lf67w,6b80d950-ac4c-4829-84d8-d40a63a79b7d,2,6782.705534
2026/02/05/12:14:34,apply-time,rs-007137-xxzf6,62d9ac60-7633-4ed6-8376-bdd8cf2855a0,1,6783.705534
2026/02/05/12:14:34,running-time,rs-007137-xxzf6,62d9ac60-7633-4ed6-8376-bdd8cf2855a0,1,6783.705534
2026/02/05/12:14:34,apply-time,rs-007138-2sgp4,b85ce45b-ef88-4a1b-8546-0dab384712f3,1,6783.705534
2026/02/05/12:14:34,apply-time,rs-007138-x9zs2,7fae8b73-9078-4091-809e-1ea40d828677,1,6783.705534
2026/02/05/12:14:34,apply-time,rs-007139-slrn6,eadacecf-a0fe-4894-87bb-c62f39b9e6fc,2,6783.705534
2026/02/05/12:14:34,running-time,rs-007139-slrn6,eadacecf-a0fe-4894-87bb-c62f39b9e6fc,2,6783.705534
2026/02/05/12:14:46,apply-time,rs-007140-kmx74,0709f72b-98b9-4181-ae44-69604520a4ac,4,6795.705534
2026/02/05/12:14:46,running-time,rs-007140-kmx74,0709f72b-98b9-4181-ae44-69604520a4ac,4,6795.705534
2026/02/05/12:14:46,apply-time,rs-007141-xgmz4,90f5b574-4f03-4d48-a47c-fbd2be116ddb,1,6795.705534
2026/02/05/12:14:46,running-time,rs-007141-xgmz4,90f5b574-4f03-4d48-a47c-fbd2be116ddb,1,6795.705534
2026/02/05/12:14:46,apply-time,rs-007142-8dv7c,c4c73e4a-c0af-4793-8191-207bd7ea6437,4,6795.705534
2026/02/05/12:14:46,running-time,rs-007142-8dv7c,c4c73e4a-c0af-4793-8191-207bd7ea6437,4,6795.705534
2026/02/05/12:14:46,apply-time,rs-007142-fxg2p,34a2fe27-4fdf-4b9b-9b43-8197ba2d3ada,4,6795.705534
2026/02/05/12:14:46,running-time,rs-007142-fxg2p,34a2fe27-4fdf-4b9b-9b43-8197ba2d3ada,4,6795.705534
2026/02/05/12:14:46,apply-time,rs-007142-wd8xl,cb70dd71-0dd8-49ba-ae94-a2b3f532d620,4,6795.705534
2026/02/05/12:14:46,running-time,rs-007142-wd8xl,cb70dd71-0dd8-49ba-ae94-a2b3f532d620,4,6795.705534
2026/02/05/12:14:47,apply-time,rs-007143-2sht6,0c6d1a29-000c-4f6b-8089-6fdb78731ec6,2,6795.705534
2026/02/05/12:14:47,running-time,rs-007143-2sht6,0c6d1a29-000c-4f6b-8089-6fdb78731ec6,2,6796.705534
2026/02/05/12:14:47,apply-time,rs-007143-6x98c,f12bc747-6c3b-4547-aae5-444ba3a24bbf,2,6796.705534
2026/02/05/12:14:47,running-time,rs-007143-6x98c,f12bc747-6c3b-4547-aae5-444ba3a24bbf,2,6796.705534
2026/02/05/12:14:47,apply-time,rs-007144-mvwmv,ec98b642-42ba-4d29-921c-968fa02f100d,1,6796.705534
2026/02/05/12:14:47,running-time,rs-007144-mvwmv,ec98b642-42ba-4d29-921c-968fa02f100d,1,6796.705534
2026/02/05/12:14:47,apply-time,rs-007145-2bsft,4d9ae35f-d7d2-4568-a4de-1eabf6fa66c2,2,6796.705534
2026/02/05/12:14:47,running-time,rs-007145-2bsft,4d9ae35f-d7d2-4568-a4de-1eabf6fa66c2,2,6796.705534
2026/02/05/12:14:47,apply-time,rs-007145-5dq47,53977e83-0f70-47ee-8cdf-f160c1706f30,2,6796.705534
2026/02/05/12:14:47,running-time,rs-007145-5dq47,53977e83-0f70-47ee-8cdf-f160c1706f30,2,6796.705534
2026/02/05/12:14:47,apply-time,rs-007145-stxct,d1fae4ee-2974-4f4a-8e74-4b665224d1db,2,6796.705534
2026/02/05/12:14:47,running-time,rs-007145-stxct,d1fae4ee-2974-4f4a-8e74-4b665224d1db,2,6796.705534
2026/02/05/12:14:47,apply-time,rs-007146-5qp64,e2b99e36-def0-4cac-890d-d3b2fc1e9993,4,6796.705534
2026/02/05/12:14:47,running-time,rs-007146-5qp64,e2b99e36-def0-4cac-890d-d3b2fc1e9993,4,6796.705534
2026/02/05/12:14:47,apply-time,rs-007146-hw5w2,df23d7bc-4b22-4852-adf0-910f4990cb23,4,6796.705534
2026/02/05/12:14:47,running-time,rs-007146-hw5w2,df23d7bc-4b22-4852-adf0-910f4990cb23,4,6796.705534
2026/02/05/12:14:47,apply-time,rs-007146-sxfb5,61c699c2-12df-4d51-b663-cea7e4bcb056,4,6796.705534
2026/02/05/12:14:47,running-time,rs-007146-sxfb5,61c699c2-12df-4d51-b663-cea7e4bcb056,4,6796.705534
2026/02/05/12:14:47,apply-time,rs-007147-2h5xb,93d02e34-48fb-4fab-be6b-b54175266a18,2,6796.705534
2026/02/05/12:14:47,running-time,rs-007147-2h5xb,93d02e34-48fb-4fab-be6b-b54175266a18,2,6796.705534
2026/02/05/12:14:47,apply-time,rs-007147-2sxdq,1655ca57-ba6b-422b-bf3c-6eb9fd389e2c,2,6796.705534
2026/02/05/12:14:47,running-time,rs-007147-2sxdq,1655ca57-ba6b-422b-bf3c-6eb9fd389e2c,2,6796.705534
2026/02/05/12:14:47,apply-time,rs-007147-rjw2d,2228a2d9-f21a-4d89-8a57-148da1ba707c,2,6796.705534
2026/02/05/12:14:47,running-time,rs-007147-rjw2d,2228a2d9-f21a-4d89-8a57-148da1ba707c,2,6796.705534
2026/02/05/12:14:47,apply-time,rs-007148-qgb99,a2818dc9-3cfa-4cf4-a377-33cc49600c09,1,6796.705534
2026/02/05/12:14:47,running-time,rs-007148-qgb99,a2818dc9-3cfa-4cf4-a377-33cc49600c09,1,6796.705534
2026/02/05/12:14:47,apply-time,rs-007148-smm8m,cdf706af-d08f-4d7c-9818-b06cf0fd304b,1,6796.705534
2026/02/05/12:14:47,running-time,rs-007148-smm8m,cdf706af-d08f-4d7c-9818-b06cf0fd304b,1,6796.705534
2026/02/05/12:14:48,apply-time,rs-007149-6htpw,a68eab73-fd03-4efd-8466-c8f11e1e27e9,2,6797.705534
2026/02/05/12:14:48,running-time,rs-007149-6htpw,a68eab73-fd03-4efd-8466-c8f11e1e27e9,2,6797.705534
2026/02/05/12:14:48,apply-time,rs-007149-7mwm8,db19608c-485d-482e-b028-c685b337496f,2,6797.705534
2026/02/05/12:14:48,running-time,rs-007149-7mwm8,db19608c-485d-482e-b028-c685b337496f,2,6797.705534
2026/02/05/12:14:48,apply-time,rs-007149-dzvbc,fff0c3f6-87f0-4f45-b294-ba8fd96dae2e,2,6797.705534
2026/02/05/12:14:48,running-time,rs-007149-dzvbc,fff0c3f6-87f0-4f45-b294-ba8fd96dae2e,2,6797.705534
2026/02/05/12:14:53,apply-time,rs-007150-phts7,80ddc662-eeaf-44e7-a117-8893021020b1,1,6802.705534
2026/02/05/12:14:53,running-time,rs-007150-phts7,80ddc662-eeaf-44e7-a117-8893021020b1,1,6802.705534
2026/02/05/12:14:53,apply-time,rs-007151-9sd54,254f04db-3e8d-42a4-ae84-bf037b9880c8,1,6802.705534
2026/02/05/12:14:53,running-time,rs-007151-9sd54,254f04db-3e8d-42a4-ae84-bf037b9880c8,1,6802.705534
2026/02/05/12:14:53,apply-time,rs-007151-9t8lp,35347a2b-c886-4abc-9406-d83af53890b0,1,6802.705534
2026/02/05/12:14:53,running-time,rs-007151-9t8lp,35347a2b-c886-4abc-9406-d83af53890b0,1,6802.705534
2026/02/05/12:14:53,apply-time,rs-007151-gs5f8,9c7c6657-d04a-410d-af3f-e352933587a5,1,6802.705534
2026/02/05/12:14:53,running-time,rs-007151-gs5f8,9c7c6657-d04a-410d-af3f-e352933587a5,1,6802.705534
2026/02/05/12:14:53,apply-time,rs-007152-g2g7g,a3e4f314-57ab-47cf-abe4-9cd50d87dc1c,2,6802.705534
2026/02/05/12:14:53,running-time,rs-007152-g2g7g,a3e4f314-57ab-47cf-abe4-9cd50d87dc1c,2,6802.705534
2026/02/05/12:14:53,apply-time,rs-007152-hdqfn,c9dad529-12b8-466b-bf7d-67073781020f,2,6802.705534
2026/02/05/12:14:53,running-time,rs-007152-hdqfn,c9dad529-12b8-466b-bf7d-67073781020f,2,6802.705534
2026/02/05/12:14:53,apply-time,rs-007152-nzpx7,5e978231-5363-4231-9ddc-ffc470e4c03a,2,6802.705534
2026/02/05/12:14:53,running-time,rs-007152-nzpx7,5e978231-5363-4231-9ddc-ffc470e4c03a,2,6802.705534
2026/02/05/12:14:53,apply-time,rs-007153-vk92x,e06df591-615a-48b5-b381-2f38c7bdfc34,2,6802.705534
2026/02/05/12:14:53,running-time,rs-007153-vk92x,e06df591-615a-48b5-b381-2f38c7bdfc34,2,6802.705534
2026/02/05/12:14:53,apply-time,rs-007153-z8h4k,e767f589-66ae-4813-bfa3-ac6af9ca373a,2,6802.705534
2026/02/05/12:14:53,running-time,rs-007153-z8h4k,e767f589-66ae-4813-bfa3-ac6af9ca373a,2,6802.705534
2026/02/05/12:14:53,apply-time,rs-007154-hh97p,3ea67f6c-fdc1-4ee3-8dfd-83f4295d878e,4,6802.705534
2026/02/05/12:14:53,running-time,rs-007154-hh97p,3ea67f6c-fdc1-4ee3-8dfd-83f4295d878e,4,6802.705534
2026/02/05/12:15:02,apply-time,rs-007155-s47tl,efe5b0a4-2b1c-465d-a12b-b8bcb7af982d,1,6811.705534
2026/02/05/12:15:02,running-time,rs-007155-s47tl,efe5b0a4-2b1c-465d-a12b-b8bcb7af982d,1,6811.705534
2026/02/05/12:15:02,apply-time,rs-007156-rrrg7,c27debc8-4b77-4e10-b24d-a7b3f1f9c41f,1,6811.705534
2026/02/05/12:15:02,running-time,rs-007156-rrrg7,c27debc8-4b77-4e10-b24d-a7b3f1f9c41f,1,6811.705534
2026/02/05/12:15:06,apply-time,rs-007157-mwwwj,d9509f08-d13f-4aef-bff7-5798501a6636,1,6815.705534
2026/02/05/12:15:06,running-time,rs-007157-mwwwj,d9509f08-d13f-4aef-bff7-5798501a6636,1,6815.705534
2026/02/05/12:15:06,apply-time,rs-007158-d8s8t,01c6b73f-92a2-4afb-875d-b98e01a41dfc,3,6815.705534
2026/02/05/12:15:06,running-time,rs-007158-d8s8t,01c6b73f-92a2-4afb-875d-b98e01a41dfc,3,6815.705534
2026/02/05/12:15:14,apply-time,rs-007159-7zt66,175319da-445e-4d91-abdc-413359f9a225,4,6823.705534
2026/02/05/12:15:14,running-time,rs-007159-7zt66,175319da-445e-4d91-abdc-413359f9a225,4,6823.705534
2026/02/05/12:15:14,apply-time,rs-007160-6gf8p,73b29f97-1933-4cad-97ab-8d2aebe3453a,3,6823.705534
2026/02/05/12:15:14,running-time,rs-007160-6gf8p,73b29f97-1933-4cad-97ab-8d2aebe3453a,3,6823.705534
2026/02/05/12:15:14,apply-time,rs-007161-vpht7,d0c73f3c-1b8e-48bd-b3c7-3c5a2d3526d7,1,6823.705534
2026/02/05/12:15:14,running-time,rs-007161-vpht7,d0c73f3c-1b8e-48bd-b3c7-3c5a2d3526d7,1,6823.705534
2026/02/05/12:15:14,apply-time,rs-007162-w7chs,725c44f8-2123-4b3e-bc34-2c9d9cce8af8,4,6823.705534
2026/02/05/12:15:14,running-time,rs-007162-w7chs,725c44f8-2123-4b3e-bc34-2c9d9cce8af8,4,6823.705534
2026/02/05/12:15:14,apply-time,rs-007163-djpc7,5dd274e9-0e8f-4021-929b-c2272c063d48,2,6823.705534
2026/02/05/12:15:14,running-time,rs-007163-djpc7,5dd274e9-0e8f-4021-929b-c2272c063d48,2,6823.705534
2026/02/05/12:15:15,apply-time,rs-007164-rjd7h,e971afac-36cd-4713-829f-221789fa7e72,1,6824.705534
2026/02/05/12:15:15,running-time,rs-007164-rjd7h,e971afac-36cd-4713-829f-221789fa7e72,1,6824.705534
2026/02/05/12:15:15,apply-time,rs-007165-57ddq,052de0ec-05ec-4fc0-9fca-e27e167a8c11,1,6824.705534
2026/02/05/12:15:15,running-time,rs-007165-57ddq,052de0ec-05ec-4fc0-9fca-e27e167a8c11,1,6824.705534
2026/02/05/12:15:15,apply-time,rs-007165-fxt22,82d4b9a9-269a-4cb2-9590-be71aa049768,1,6824.705534
2026/02/05/12:15:15,running-time,rs-007165-fxt22,82d4b9a9-269a-4cb2-9590-be71aa049768,1,6824.705534
2026/02/05/12:15:15,apply-time,rs-007166-42xcn,fb7a4bbe-1825-40ef-b476-f9be9078639a,1,6824.705534
2026/02/05/12:15:15,running-time,rs-007166-42xcn,fb7a4bbe-1825-40ef-b476-f9be9078639a,1,6824.705534
2026/02/05/12:15:15,apply-time,rs-007166-jx9gp,2196a5fd-2f42-495b-865f-9768523934ab,1,6824.705534
2026/02/05/12:15:15,running-time,rs-007166-jx9gp,2196a5fd-2f42-495b-865f-9768523934ab,1,6824.705534
2026/02/05/12:15:15,apply-time,rs-007166-lj2nj,1e03ed65-5fc6-4c95-9536-de1446b521f7,1,6824.705534
2026/02/05/12:15:15,running-time,rs-007166-lj2nj,1e03ed65-5fc6-4c95-9536-de1446b521f7,1,6824.705534
2026/02/05/12:15:15,apply-time,rs-007167-56mb9,70270002-5d26-450b-a21e-e78d82ec7916,1,6824.705534
2026/02/05/12:15:15,running-time,rs-007167-56mb9,70270002-5d26-450b-a21e-e78d82ec7916,1,6824.705534
2026/02/05/12:15:15,apply-time,rs-007168-hqgx5,b3a28ac5-8e94-41bf-ba8c-85555825b712,4,6824.705534
2026/02/05/12:15:15,running-time,rs-007168-hqgx5,b3a28ac5-8e94-41bf-ba8c-85555825b712,4,6824.705534
2026/02/05/12:15:15,apply-time,rs-007169-88wg6,2ecbe2f4-4206-48f3-874c-51a29411ab4c,1,6824.705534
2026/02/05/12:15:15,apply-time,rs-007169-9zhnm,4effdf3a-157c-4b14-b5b0-7e296b56f4f1,1,6824.705534
2026/02/05/12:15:15,apply-time,rs-007171-7szh8,af5d267c-679f-4e70-90d3-bcebe3ca5e49,3,6824.705534
2026/02/05/12:15:15,running-time,rs-007171-7szh8,af5d267c-679f-4e70-90d3-bcebe3ca5e49,3,6824.705534
2026/02/05/12:15:16,apply-time,rs-007170-kp8dk,59a73866-87ce-4587-9fbe-836a09f4aa32,4,6825.705534
2026/02/05/12:15:16,running-time,rs-007170-kp8dk,59a73866-87ce-4587-9fbe-836a09f4aa32,4,6825.705534
2026/02/05/12:15:20,apply-time,rs-007172-4hh4l,854fc572-1ca1-41ec-92d3-d74ba6184764,4,6829.705534
2026/02/05/12:15:20,running-time,rs-007172-4hh4l,854fc572-1ca1-41ec-92d3-d74ba6184764,4,6829.705534
2026/02/05/12:15:20,apply-time,rs-007172-4ns7k,4df4f12e-2d93-4c88-abdc-70699bde6c96,4,6829.705534
2026/02/05/12:15:20,running-time,rs-007172-4ns7k,4df4f12e-2d93-4c88-abdc-70699bde6c96,4,6829.705534
2026/02/05/12:15:20,apply-time,rs-007173-5h9hg,f8d36442-514d-4e65-9bd1-6d6c9f0f2732,1,6829.705534
2026/02/05/12:15:20,running-time,rs-007173-5h9hg,f8d36442-514d-4e65-9bd1-6d6c9f0f2732,1,6829.705534
2026/02/05/12:15:20,apply-time,rs-007174-mfjd6,dfa5798c-8f51-4da0-acac-f239aa30b15e,2,6829.705534
2026/02/05/12:15:20,running-time,rs-007174-mfjd6,dfa5798c-8f51-4da0-acac-f239aa30b15e,2,6829.705534
2026/02/05/12:15:20,apply-time,rs-007175-6sdqf,ae963f52-181f-4466-aa66-dd7dffd58061,1,6829.705534
2026/02/05/12:15:20,running-time,rs-007175-6sdqf,ae963f52-181f-4466-aa66-dd7dffd58061,1,6829.705534
2026/02/05/12:15:20,apply-time,rs-007175-htf99,3c0506d3-dc4a-4991-b3c2-4611a98ab2a6,1,6829.705534
2026/02/05/12:15:20,running-time,rs-007175-htf99,3c0506d3-dc4a-4991-b3c2-4611a98ab2a6,1,6829.705534
2026/02/05/12:15:20,apply-time,rs-007175-q5blm,3b3ec271-75d0-4d94-8fd8-7d190244d3a5,1,6829.705534
2026/02/05/12:15:20,running-time,rs-007175-q5blm,3b3ec271-75d0-4d94-8fd8-7d190244d3a5,1,6829.705534
2026/02/05/12:15:22,apply-time,rs-007176-dg5ch,831598a1-64be-4b96-b095-ffa1d5294281,1,6831.705534
2026/02/05/12:15:22,apply-time,rs-007176-gqx68,3639994c-e369-4211-811e-14fed4da4f37,1,6831.705534
2026/02/05/12:15:22,running-time,rs-007176-gqx68,3639994c-e369-4211-811e-14fed4da4f37,1,6831.705534
2026/02/05/12:15:22,apply-time,rs-007177-822s8,d34d459e-4297-4ba5-bf3d-6fd19b398450,3,6831.705534
2026/02/05/12:15:22,running-time,rs-007177-822s8,d34d459e-4297-4ba5-bf3d-6fd19b398450,3,6831.705534
2026/02/05/12:15:22,apply-time,rs-007177-9pgg8,3616023a-ebbc-47c2-b676-3a6c893c66fd,3,6831.705534
2026/02/05/12:15:22,running-time,rs-007177-9pgg8,3616023a-ebbc-47c2-b676-3a6c893c66fd,3,6831.705534
2026/02/05/12:15:22,apply-time,rs-007177-z954x,9656f566-cd93-4c2f-b888-3662bc61ff14,3,6831.705534
2026/02/05/12:15:22,running-time,rs-007177-z954x,9656f566-cd93-4c2f-b888-3662bc61ff14,3,6831.705534
2026/02/05/12:15:22,apply-time,rs-007178-ff2s8,a347d753-8e30-4839-bc90-b9ce45373b05,2,6831.705534
2026/02/05/12:15:22,running-time,rs-007178-ff2s8,a347d753-8e30-4839-bc90-b9ce45373b05,2,6831.705534
2026/02/05/12:15:22,apply-time,rs-007178-ksww8,886f4c9c-aaf9-4dba-b1df-99d4b1fe933f,2,6831.705534
2026/02/05/12:15:22,running-time,rs-007178-ksww8,886f4c9c-aaf9-4dba-b1df-99d4b1fe933f,2,6831.705534
2026/02/05/12:15:22,apply-time,rs-007179-8vkfc,cc3823d1-818b-453c-a44f-191b2370af83,4,6831.705534
2026/02/05/12:15:22,running-time,rs-007179-8vkfc,cc3823d1-818b-453c-a44f-191b2370af83,4,6831.705534
2026/02/05/12:15:22,apply-time,rs-007179-rwq7q,4196669d-c058-4907-bc5e-463dd9bdb796,4,6831.705534
2026/02/05/12:15:22,running-time,rs-007179-rwq7q,4196669d-c058-4907-bc5e-463dd9bdb796,4,6831.705534
2026/02/05/12:15:22,apply-time,rs-007180-wxzkh,bfad2022-c0bb-4056-b07c-01aff84472ec,2,6831.705534
2026/02/05/12:15:22,running-time,rs-007180-wxzkh,bfad2022-c0bb-4056-b07c-01aff84472ec,2,6831.705534
2026/02/05/12:15:22,apply-time,rs-007181-hkf99,ed18b190-54a4-4060-80d8-bf8bd2a189d7,4,6831.705534
2026/02/05/12:15:22,apply-time,rs-007181-n5lr9,348c7c7f-63b9-4b47-9f69-2c1de5064259,4,6831.705534
2026/02/05/12:15:22,running-time,rs-007181-n5lr9,348c7c7f-63b9-4b47-9f69-2c1de5064259,4,6831.705534
2026/02/05/12:15:22,apply-time,rs-007182-rb5c6,6e472127-8be2-422c-a369-404ce9db5d50,2,6831.705534
2026/02/05/12:15:25,running-time,rs-007181-hkf99,ed18b190-54a4-4060-80d8-bf8bd2a189d7,4,6834.705534
2026/02/05/12:15:26,running-time,rs-007176-dg5ch,831598a1-64be-4b96-b095-ffa1d5294281,1,6835.705534
2026/02/05/12:15:30,apply-time,rs-007183-qc6kh,6897c293-2451-4b3f-9677-6cb5ead6cd04,1,6839.705534
2026/02/05/12:15:30,running-time,rs-007183-qc6kh,6897c293-2451-4b3f-9677-6cb5ead6cd04,1,6839.705534
2026/02/05/12:15:30,apply-time,rs-007184-57l84,639baffd-0bf4-4949-a0dd-db020cda35b0,2,6839.705534
2026/02/05/12:15:30,running-time,rs-007184-57l84,639baffd-0bf4-4949-a0dd-db020cda35b0,2,6839.705534
2026/02/05/12:15:30,apply-time,rs-007184-8g4s5,ce99f314-553c-4ce4-8705-94c61aad0467,2,6839.705534
2026/02/05/12:15:30,running-time,rs-007184-8g4s5,ce99f314-553c-4ce4-8705-94c61aad0467,2,6839.705534
2026/02/05/12:15:30,apply-time,rs-007184-zldj2,3cb78b90-abcf-4a05-8e5d-8c8e4ae51d41,2,6839.705534
2026/02/05/12:15:30,running-time,rs-007184-zldj2,3cb78b90-abcf-4a05-8e5d-8c8e4ae51d41,2,6839.705534
2026/02/05/12:15:30,apply-time,rs-007185-6w4f9,d123cdbb-876e-4242-b0de-b22db1c13dac,3,6839.705534
2026/02/05/12:15:30,running-time,rs-007185-6w4f9,d123cdbb-876e-4242-b0de-b22db1c13dac,3,6839.705534
2026/02/05/12:15:30,apply-time,rs-007185-hx2nn,7cd2e3ad-c3b6-410c-8d46-7d6c550e178d,3,6839.705534
2026/02/05/12:15:30,running-time,rs-007185-hx2nn,7cd2e3ad-c3b6-410c-8d46-7d6c550e178d,3,6839.705534
2026/02/05/12:15:33,apply-time,rs-007186-9jrqh,73859fc2-d680-402b-b24f-42302abfc919,2,6842.705534
2026/02/05/12:15:33,running-time,rs-007186-9jrqh,73859fc2-d680-402b-b24f-42302abfc919,2,6842.705534
2026/02/05/12:15:33,apply-time,rs-007186-bkfzq,168ed086-d4d9-4392-8a26-99effa1370c5,2,6842.705534
2026/02/05/12:15:33,running-time,rs-007186-bkfzq,168ed086-d4d9-4392-8a26-99effa1370c5,2,6842.705534
2026/02/05/12:15:33,apply-time,rs-007186-xmn7h,2eb929b8-7b25-4a3d-abcf-713c155fc49e,2,6842.705534
2026/02/05/12:15:33,running-time,rs-007186-xmn7h,2eb929b8-7b25-4a3d-abcf-713c155fc49e,2,6842.705534
2026/02/05/12:15:33,apply-time,rs-007187-9stxn,03acedc3-c615-47a2-9f1f-765ae39312a7,3,6842.705534
2026/02/05/12:15:33,running-time,rs-007187-9stxn,03acedc3-c615-47a2-9f1f-765ae39312a7,3,6842.705534
2026/02/05/12:15:33,apply-time,rs-007187-g6xc8,51d88d2e-49ca-46e4-a3ef-2c13ea97ae38,3,6842.705534
2026/02/05/12:15:33,running-time,rs-007187-g6xc8,51d88d2e-49ca-46e4-a3ef-2c13ea97ae38,3,6842.705534
2026/02/05/12:15:33,apply-time,rs-007188-h4njj,01d02bfa-e8bb-4dab-96a5-5164d30e49fa,1,6842.705534
2026/02/05/12:15:33,apply-time,rs-007188-qccd5,3ab74c56-6460-4324-82a2-d48b1d5f9663,1,6842.705534
2026/02/05/12:15:33,apply-time,rs-007189-x55vs,b955beee-fc63-4028-a11d-d6210e44c509,2,6842.705534
2026/02/05/12:15:33,apply-time,rs-007190-66sps,23bd8c1d-96e1-4d61-b102-5b506a15106a,1,6842.705534
2026/02/05/12:15:33,running-time,rs-007190-66sps,23bd8c1d-96e1-4d61-b102-5b506a15106a,1,6842.705534
2026/02/05/12:15:33,apply-time,rs-007190-h76mj,ca3156cd-72d4-418e-bfa3-9028917620d4,1,6842.705534
2026/02/05/12:15:33,running-time,rs-007190-h76mj,ca3156cd-72d4-418e-bfa3-9028917620d4,1,6842.705534
2026/02/05/12:15:33,apply-time,rs-007190-xnhbj,07c3ee2d-cfd9-47a5-bbab-c506c68b4cac,1,6842.705534
2026/02/05/12:15:33,running-time,rs-007190-xnhbj,07c3ee2d-cfd9-47a5-bbab-c506c68b4cac,1,6842.705534
2026/02/05/12:15:34,apply-time,rs-007191-5bgvt,01cff177-ad9b-4914-9b3e-09354541adc8,2,6843.705534
2026/02/05/12:15:34,running-time,rs-007191-5bgvt,01cff177-ad9b-4914-9b3e-09354541adc8,2,6843.705534
2026/02/05/12:15:34,apply-time,rs-007191-qlkwn,073b18ae-d9ed-4d96-b4c2-27dc003648d5,2,6843.705534
2026/02/05/12:15:34,apply-time,rs-007191-rmtph,89f85ce1-cd09-4595-a928-b8d30aaf45e3,2,6843.705534
2026/02/05/12:15:34,running-time,rs-007191-rmtph,89f85ce1-cd09-4595-a928-b8d30aaf45e3,2,6843.705534
2026/02/05/12:15:36,running-time,rs-007191-qlkwn,073b18ae-d9ed-4d96-b4c2-27dc003648d5,2,6845.705534
2026/02/05/12:15:38,running-time,rs-007188-h4njj,01d02bfa-e8bb-4dab-96a5-5164d30e49fa,1,6848.705534
2026/02/05/12:15:44,running-time,rs-007188-qccd5,3ab74c56-6460-4324-82a2-d48b1d5f9663,1,6853.705534
2026/02/05/12:15:47,apply-time,rs-007192-brd46,bb38fc83-433b-4f1a-bd2b-8e53b6bab26f,2,6856.705534
2026/02/05/12:15:47,running-time,rs-007192-brd46,bb38fc83-433b-4f1a-bd2b-8e53b6bab26f,2,6856.705534
2026/02/05/12:15:47,apply-time,rs-007192-nrdtb,546d7086-83ac-45b2-8827-89cb835dc0ea,2,6856.705534
2026/02/05/12:15:47,running-time,rs-007192-nrdtb,546d7086-83ac-45b2-8827-89cb835dc0ea,2,6856.705534
2026/02/05/12:15:47,apply-time,rs-007193-tbcwx,15e5cd7f-2050-4a26-ab2a-c27afc7f1200,2,6856.705534
2026/02/05/12:15:47,running-time,rs-007193-tbcwx,15e5cd7f-2050-4a26-ab2a-c27afc7f1200,2,6856.705534
2026/02/05/12:15:47,apply-time,rs-007193-tdgfr,6b80044e-e865-4b0a-9f32-655ce324e8e6,2,6856.705534
2026/02/05/12:15:47,running-time,rs-007193-tdgfr,6b80044e-e865-4b0a-9f32-655ce324e8e6,2,6856.705534
2026/02/05/12:15:48,apply-time,rs-007194-6r26b,7ca71334-8412-448f-a11b-e60ab4b5236e,2,6857.705534
2026/02/05/12:15:48,running-time,rs-007194-6r26b,7ca71334-8412-448f-a11b-e60ab4b5236e,2,6857.705534
2026/02/05/12:15:48,apply-time,rs-007194-7qrvs,8dce8219-dfeb-47c8-a9ee-3890ef900cae,2,6857.705534
2026/02/05/12:15:48,running-time,rs-007194-7qrvs,8dce8219-dfeb-47c8-a9ee-3890ef900cae,2,6857.705534
2026/02/05/12:15:49,apply-time,rs-007195-dhhq7,92fbf5e0-00cd-46ab-bd39-2567edeb0c8e,2,6858.705534
2026/02/05/12:15:49,apply-time,rs-007195-m6wwq,2e6f312d-9d2b-4c3c-ac54-66a67ccc2708,2,6858.705534
2026/02/05/12:15:49,running-time,rs-007195-m6wwq,2e6f312d-9d2b-4c3c-ac54-66a67ccc2708,2,6858.705534
2026/02/05/12:15:49,apply-time,rs-007195-qnmgf,23bd6b30-3b5b-4820-b201-0da9f2db094e,2,6858.705534
2026/02/05/12:15:49,apply-time,rs-007196-b4ncf,f3821297-3992-4a2c-82bb-5c614aa97846,1,6858.705534
2026/02/05/12:15:49,running-time,rs-007196-b4ncf,f3821297-3992-4a2c-82bb-5c614aa97846,1,6858.705534
2026/02/05/12:15:49,apply-time,rs-007196-bftgv,c40a347f-1f27-4d42-90fd-cb9b06c3b061,1,6858.705534
2026/02/05/12:15:49,running-time,rs-007196-bftgv,c40a347f-1f27-4d42-90fd-cb9b06c3b061,1,6858.705534
2026/02/05/12:15:49,apply-time,rs-007196-tdzjp,11eb4634-17fa-4271-af65-2685ee93f127,1,6858.705534
2026/02/05/12:15:49,running-time,rs-007196-tdzjp,11eb4634-17fa-4271-af65-2685ee93f127,1,6858.705534
2026/02/05/12:15:49,apply-time,rs-007197-frhmv,f86c54af-d100-4ba8-a4b0-64b3f3fe19a0,2,6858.705534
2026/02/05/12:15:49,running-time,rs-007197-frhmv,f86c54af-d100-4ba8-a4b0-64b3f3fe19a0,2,6858.705534
2026/02/05/12:15:56,apply-time,rs-007198-286mq,20a87914-94e6-4b9f-8205-dc14f2c41526,1,6865.705534
2026/02/05/12:15:56,running-time,rs-007198-286mq,20a87914-94e6-4b9f-8205-dc14f2c41526,1,6865.705534
2026/02/05/12:15:56,apply-time,rs-007198-mc9nz,1f9cd07d-1f12-4675-8d51-ae36e9d1871c,1,6865.705534
2026/02/05/12:15:56,running-time,rs-007198-mc9nz,1f9cd07d-1f12-4675-8d51-ae36e9d1871c,1,6865.705534
2026/02/05/12:15:56,apply-time,rs-007199-k9w56,e389d3f2-fc60-420d-9460-31e6d5c24f47,2,6865.705534
2026/02/05/12:15:56,running-time,rs-007199-k9w56,e389d3f2-fc60-420d-9460-31e6d5c24f47,2,6865.705534
2026/02/05/12:15:56,apply-time,rs-007199-zj6nv,5cb89b8c-fb5c-4ff1-a5a7-4649d96aebde,2,6865.705534
2026/02/05/12:15:56,running-time,rs-007199-zj6nv,5cb89b8c-fb5c-4ff1-a5a7-4649d96aebde,2,6865.705534
2026/02/05/12:15:56,apply-time,rs-007200-h4tjn,dabeb0f5-1400-4c14-9381-f74ff7e07d52,3,6865.705534
2026/02/05/12:15:56,running-time,rs-007200-h4tjn,dabeb0f5-1400-4c14-9381-f74ff7e07d52,3,6865.705534
2026/02/05/12:15:56,apply-time,rs-007200-xkdkb,4b511da1-3131-4920-ba38-e8042345171c,3,6865.705534
2026/02/05/12:15:56,running-time,rs-007200-xkdkb,4b511da1-3131-4920-ba38-e8042345171c,3,6865.705534
2026/02/05/12:15:56,apply-time,rs-007200-xzd7z,2f7e311c-d087-4022-b8b9-956314adeb9f,3,6865.705534
2026/02/05/12:15:56,running-time,rs-007200-xzd7z,2f7e311c-d087-4022-b8b9-956314adeb9f,3,6865.705534
2026/02/05/12:15:56,apply-time,rs-007201-2mb54,78933eae-e713-423f-8fb0-26dce4e0d382,1,6865.705534
2026/02/05/12:15:56,apply-time,rs-007201-hp9zp,3691f97e-1808-4b8c-99d3-53a3767e15ee,1,6865.705534
2026/02/05/12:15:56,running-time,rs-007201-hp9zp,3691f97e-1808-4b8c-99d3-53a3767e15ee,1,6865.705534
2026/02/05/12:15:58,apply-time,rs-007202-frvvd,51a88a58-826f-4a48-a482-54e75434fab0,1,6867.705534
2026/02/05/12:15:58,running-time,rs-007202-frvvd,51a88a58-826f-4a48-a482-54e75434fab0,1,6867.705534
2026/02/05/12:15:58,apply-time,rs-007203-64d7g,a29ab5d6-8531-485f-a49c-bd872aa11339,1,6867.705534
2026/02/05/12:15:58,running-time,rs-007203-64d7g,a29ab5d6-8531-485f-a49c-bd872aa11339,1,6867.705534
2026/02/05/12:15:58,apply-time,rs-007203-c4456,fe350a5b-31ca-48cd-8e6b-a2233ac4e36f,1,6867.705534
2026/02/05/12:15:58,running-time,rs-007203-c4456,fe350a5b-31ca-48cd-8e6b-a2233ac4e36f,1,6867.705534
2026/02/05/12:15:58,apply-time,rs-007203-qr7lx,6480c0cb-bcb8-4900-bede-127f4201d986,1,6867.705534
2026/02/05/12:15:58,running-time,rs-007203-qr7lx,6480c0cb-bcb8-4900-bede-127f4201d986,1,6867.705534
2026/02/05/12:15:59,apply-time,rs-007204-269sd,581f708c-29db-494e-a89a-489ae9501700,4,6868.705534
2026/02/05/12:15:59,running-time,rs-007204-269sd,581f708c-29db-494e-a89a-489ae9501700,4,6868.705534
2026/02/05/12:15:59,apply-time,rs-007204-lq6gd,112c3ab5-f80d-41a2-aa11-e55c46b294c9,4,6868.705534
2026/02/05/12:15:59,running-time,rs-007204-lq6gd,112c3ab5-f80d-41a2-aa11-e55c46b294c9,4,6868.705534
2026/02/05/12:15:59,apply-time,rs-007204-zf9rj,ec548325-4f31-4391-b7dc-fc3925eed461,4,6868.705534
2026/02/05/12:15:59,running-time,rs-007204-zf9rj,ec548325-4f31-4391-b7dc-fc3925eed461,4,6868.705534
2026/02/05/12:15:59,apply-time,rs-007205-scdt5,8112dd4f-1127-451e-95f4-a7c9cb1ca55c,1,6868.705534
2026/02/05/12:15:59,running-time,rs-007205-scdt5,8112dd4f-1127-451e-95f4-a7c9cb1ca55c,1,6868.705534
2026/02/05/12:15:59,apply-time,rs-007206-j5vzf,f0ecc737-a14e-4351-a1fc-0729d9237745,3,6868.705534
2026/02/05/12:15:59,running-time,rs-007206-j5vzf,f0ecc737-a14e-4351-a1fc-0729d9237745,3,6868.705534
2026/02/05/12:16:00,apply-time,rs-007207-6m2bj,05f0424c-8998-4a0f-9b1c-ad6904da6699,3,6869.705534
2026/02/05/12:16:00,apply-time,rs-007207-cvz2c,c6003d3c-2982-4e9e-8c9b-604659e40ea0,3,6869.705534
2026/02/05/12:16:00,apply-time,rs-007207-w4q8q,b5f6fa6a-11ef-4f06-9c8e-1108c37434ce,3,6869.705534
2026/02/05/12:16:00,apply-time,rs-007208-fzm7d,75d8981c-b170-4e34-9cfb-e2a94d92b2c7,3,6869.705534
2026/02/05/12:16:00,running-time,rs-007208-fzm7d,75d8981c-b170-4e34-9cfb-e2a94d92b2c7,3,6869.705534
2026/02/05/12:16:00,apply-time,rs-007208-xnkvl,3163997d-2d18-49a4-828f-2f02a52afc2a,3,6869.705534
2026/02/05/12:16:00,running-time,rs-007208-xnkvl,3163997d-2d18-49a4-828f-2f02a52afc2a,3,6869.705534
2026/02/05/12:16:00,apply-time,rs-007209-2gbrh,8fc82ed8-a14d-4887-8ccc-0ae391002f31,2,6869.705534
2026/02/05/12:16:00,apply-time,rs-007209-hmhht,139a37b9-3b1b-42e2-b21b-c7c3ff54f97b,2,6869.705534
2026/02/05/12:16:00,apply-time,rs-007210-4r9nb,52c804a7-c807-48c1-8f02-c121cd0784da,1,6869.705534
2026/02/05/12:16:00,apply-time,rs-007210-jkwfq,80e9bf62-78cb-4437-8784-0ca8dc5648a3,1,6869.705534
2026/02/05/12:16:00,apply-time,rs-007210-mxqns,cfdb47f5-f914-4eef-a798-29a327f53f9e,1,6869.705534
2026/02/05/12:16:00,apply-time,rs-007211-gmk8v,4603450d-e94f-4ab1-be85-cd91d1e4e60a,1,6869.705534
2026/02/05/12:16:00,apply-time,rs-007211-rrv2q,617538b0-c9cb-455b-b2ea-2c5ba2b356f8,1,6869.705534
2026/02/05/12:16:00,apply-time,rs-007211-wgmbr,bc203442-ba26-4ef9-900a-e2d6b0cbca7b,1,6869.705534
2026/02/05/12:16:01,running-time,rs-007209-hmhht,139a37b9-3b1b-42e2-b21b-c7c3ff54f97b,2,6870.705534
2026/02/05/12:16:02,running-time,rs-007211-rrv2q,617538b0-c9cb-455b-b2ea-2c5ba2b356f8,1,6871.705534
2026/02/05/12:16:02,running-time,rs-007211-wgmbr,bc203442-ba26-4ef9-900a-e2d6b0cbca7b,1,6871.705534
2026/02/05/12:16:04,running-time,rs-007211-gmk8v,4603450d-e94f-4ab1-be85-cd91d1e4e60a,1,6873.705534
2026/02/05/12:16:05,running-time,rs-007201-2mb54,78933eae-e713-423f-8fb0-26dce4e0d382,1,6874.705534
2026/02/05/12:16:05,apply-time,rs-007212-k96sq,cd8dde3e-34f3-433e-abb5-9dcce63e98ef,1,6874.705534
2026/02/05/12:16:05,apply-time,rs-007212-ssx7s,852f7694-5c40-48a9-88a5-a25a307c06dd,1,6874.705534
2026/02/05/12:16:05,apply-time,rs-007212-wgxxv,0142b74a-c530-40a4-af24-782ea0d2e537,1,6874.705534
2026/02/05/12:16:05,apply-time,rs-007213-f4mc8,e8c580d1-078c-4142-af40-2be754422ba4,3,6874.705534
2026/02/05/12:16:05,running-time,rs-007213-f4mc8,e8c580d1-078c-4142-af40-2be754422ba4,3,6874.705534
2026/02/05/12:16:05,apply-time,rs-007214-9clh9,329839f5-93fe-43b2-8329-8dc4e2de47e5,1,6874.705534
2026/02/05/12:16:05,running-time,rs-007214-9clh9,329839f5-93fe-43b2-8329-8dc4e2de47e5,1,6874.705534
2026/02/05/12:16:05,apply-time,rs-007215-g9h8h,37772481-ba6a-4a91-93e5-ce0d2c3962bf,1,6874.705534
2026/02/05/12:16:05,running-time,rs-007215-g9h8h,37772481-ba6a-4a91-93e5-ce0d2c3962bf,1,6874.705534
2026/02/05/12:16:05,apply-time,rs-007215-sxfpw,c1e18b6a-8121-45c1-9b49-fcaff4285bc4,1,6874.705534
2026/02/05/12:16:05,running-time,rs-007215-sxfpw,c1e18b6a-8121-45c1-9b49-fcaff4285bc4,1,6874.705534
2026/02/05/12:16:05,apply-time,rs-007215-w457n,7d9dabb9-6e82-4cbb-a93a-890c0ffe94e8,1,6874.705534
2026/02/05/12:16:05,running-time,rs-007215-w457n,7d9dabb9-6e82-4cbb-a93a-890c0ffe94e8,1,6874.705534
2026/02/05/12:16:05,apply-time,rs-007216-mxkwx,a97576b7-3bcf-4839-bbd7-8e0bc2e7f5b2,3,6874.705534
2026/02/05/12:16:06,apply-time,rs-007217-g7d5q,b2b3b6a3-f323-44e1-8103-9aae55179b5a,1,6875.705534
2026/02/05/12:16:06,apply-time,rs-007218-vnsfz,9b377568-d6b4-42df-ae2b-cd0b571138cb,3,6875.705534
2026/02/05/12:16:06,running-time,rs-007218-vnsfz,9b377568-d6b4-42df-ae2b-cd0b571138cb,3,6875.705534
2026/02/05/12:16:06,apply-time,rs-007219-qtwgz,02954663-0d32-42b9-9252-8c3f7b3f5b1c,1,6875.705534
2026/02/05/12:16:06,apply-time,rs-007219-zr6gh,a6a3f284-fd01-49e1-8986-d49d74564713,1,6875.705534
2026/02/05/12:16:06,apply-time,rs-007219-zzwfq,833465cf-a94e-49d5-b815-aa5a6f5f1f33,1,6875.705534
2026/02/05/12:16:06,apply-time,rs-007220-fntsz,98e6f084-d38c-46be-b136-40cf66157f80,2,6875.705534
2026/02/05/12:16:06,apply-time,rs-007220-zhtxc,1fff68ff-dfe4-4f38-b7c1-7e7737d8f81d,2,6875.705534
2026/02/05/12:16:07,running-time,rs-007212-ssx7s,852f7694-5c40-48a9-88a5-a25a307c06dd,1,6876.705534
2026/02/05/12:16:07,running-time,rs-007219-zzwfq,833465cf-a94e-49d5-b815-aa5a6f5f1f33,1,6876.705534
2026/02/05/12:16:07,running-time,rs-007220-fntsz,98e6f084-d38c-46be-b136-40cf66157f80,2,6876.705534
2026/02/05/12:16:10,running-time,rs-007220-zhtxc,1fff68ff-dfe4-4f38-b7c1-7e7737d8f81d,2,6879.705534
2026/02/05/12:16:11,running-time,rs-007219-qtwgz,02954663-0d32-42b9-9252-8c3f7b3f5b1c,1,6880.705534
2026/02/05/12:16:11,running-time,rs-007219-zr6gh,a6a3f284-fd01-49e1-8986-d49d74564713,1,6880.705534
2026/02/05/12:16:18,apply-time,rs-007221-2spsn,9b079031-49b9-4ad4-9fab-329e347f843b,2,6887.705534
2026/02/05/12:16:18,running-time,rs-007221-2spsn,9b079031-49b9-4ad4-9fab-329e347f843b,2,6887.705534
2026/02/05/12:16:18,apply-time,rs-007221-c2k97,00058ee9-b625-415c-b84e-023a63096398,2,6887.705534
2026/02/05/12:16:18,running-time,rs-007221-c2k97,00058ee9-b625-415c-b84e-023a63096398,2,6887.705534
2026/02/05/12:16:19,apply-time,rs-007222-crgv8,436e33e0-9564-4ad0-a6ef-05ecf685e6a9,1,6888.705534
2026/02/05/12:16:19,running-time,rs-007222-crgv8,436e33e0-9564-4ad0-a6ef-05ecf685e6a9,1,6888.705534
2026/02/05/12:16:19,apply-time,rs-007222-ltmrh,0e326991-30c9-4cac-8360-d90901932551,1,6888.705534
2026/02/05/12:16:19,running-time,rs-007222-ltmrh,0e326991-30c9-4cac-8360-d90901932551,1,6888.705534
2026/02/05/12:16:19,apply-time,rs-007223-mzq8q,19a0ddd9-1ab3-4940-8b90-794dcbfbf8c8,4,6888.705534
2026/02/05/12:16:19,apply-time,rs-007223-r7q6n,10fa79ce-7b0f-4173-a1ec-7386ea58f294,4,6888.705534
2026/02/05/12:16:19,apply-time,rs-007223-vvhzt,a1c4ea42-520b-43cd-ae4a-7c657128b652,4,6888.705534
2026/02/05/12:16:19,apply-time,rs-007224-4qdgj,b48cb6f6-6c20-439c-bac0-875d83ad86d3,1,6888.705534
2026/02/05/12:16:19,running-time,rs-007224-4qdgj,b48cb6f6-6c20-439c-bac0-875d83ad86d3,1,6888.705534
2026/02/05/12:16:19,apply-time,rs-007224-vd9sz,623bf13e-b849-403d-a839-e5241d08a5e0,1,6888.705534
2026/02/05/12:16:19,running-time,rs-007224-vd9sz,623bf13e-b849-403d-a839-e5241d08a5e0,1,6888.705534
2026/02/05/12:16:19,apply-time,rs-007225-ghgxb,5b0d638b-c9ae-4059-b45b-dc0466a5d8e6,3,6888.705534
2026/02/05/12:16:19,running-time,rs-007225-ghgxb,5b0d638b-c9ae-4059-b45b-dc0466a5d8e6,3,6888.705534
2026/02/05/12:16:19,apply-time,rs-007226-tq5qc,20d04bd6-e289-4ca7-adbc-58de175b4354,1,6888.705534
2026/02/05/12:16:19,apply-time,rs-007227-fh55h,21e5da46-9bb2-4145-9d28-b590621d0377,3,6888.705534
2026/02/05/12:16:19,running-time,rs-007227-fh55h,21e5da46-9bb2-4145-9d28-b590621d0377,3,6888.705534
2026/02/05/12:16:19,apply-time,rs-007228-bnqsf,75046ef0-5357-4525-81c0-347b1f697ddc,2,6888.705534
2026/02/05/12:16:19,running-time,rs-007228-bnqsf,75046ef0-5357-4525-81c0-347b1f697ddc,2,6888.705534
2026/02/05/12:16:20,apply-time,rs-007229-f6tgz,431bbf0c-7012-4c2c-90a2-5a3eee070465,1,6889.705534
2026/02/05/12:16:20,apply-time,rs-007229-mzs7b,a4be2684-ee37-41a9-b7c6-8c6253be22e4,1,6889.705534
2026/02/05/12:16:20,apply-time,rs-007230-2k748,686682b9-993a-4780-bd23-eed6185a4020,1,6889.705534
2026/02/05/12:16:20,apply-time,rs-007230-cdspl,208dae4a-037c-4a92-b24b-ccca91ffe85a,1,6889.705534
2026/02/05/12:16:20,running-time,rs-007230-cdspl,208dae4a-037c-4a92-b24b-ccca91ffe85a,1,6889.705534
2026/02/05/12:16:20,apply-time,rs-007230-mz8ff,a8230439-f731-4f31-b6fc-d958c7a12e89,1,6889.705534
2026/02/05/12:16:20,running-time,rs-007230-mz8ff,a8230439-f731-4f31-b6fc-d958c7a12e89,1,6889.705534
2026/02/05/12:16:21,running-time,rs-007230-2k748,686682b9-993a-4780-bd23-eed6185a4020,1,6890.705534
2026/02/05/12:16:21,apply-time,rs-007231-cbj42,645b9073-978a-4cec-85fe-fbb0cb181218,2,6890.705534
2026/02/05/12:16:21,running-time,rs-007231-cbj42,645b9073-978a-4cec-85fe-fbb0cb181218,2,6890.705534
2026/02/05/12:16:21,apply-time,rs-007232-cwpc2,29f27cdb-62f7-40f7-98e0-b43abf4357df,2,6890.705534
2026/02/05/12:16:21,running-time,rs-007232-cwpc2,29f27cdb-62f7-40f7-98e0-b43abf4357df,2,6890.705534
2026/02/05/12:16:21,apply-time,rs-007232-dz49d,295fe308-47dd-446b-b198-7f87e71700bf,2,6890.705534
2026/02/05/12:16:21,running-time,rs-007232-dz49d,295fe308-47dd-446b-b198-7f87e71700bf,2,6890.705534
2026/02/05/12:16:21,apply-time,rs-007233-9hvz8,62f10374-103b-4464-bd5b-55f8556daaba,1,6890.705534
2026/02/05/12:16:21,running-time,rs-007233-9hvz8,62f10374-103b-4464-bd5b-55f8556daaba,1,6890.705534
2026/02/05/12:16:21,apply-time,rs-007234-4swth,b2e693bf-3a11-4d81-8d08-fb43215fae94,1,6890.705534
2026/02/05/12:16:21,running-time,rs-007234-4swth,b2e693bf-3a11-4d81-8d08-fb43215fae94,1,6890.705534
2026/02/05/12:16:21,apply-time,rs-007234-skc2g,874915e6-f544-45dc-a238-d30f45ef1cd3,1,6890.705534
2026/02/05/12:16:21,apply-time,rs-007235-2psvw,8c19d531-4f9e-4af2-ab00-d93e70318535,2,6890.705534
2026/02/05/12:16:21,running-time,rs-007235-2psvw,8c19d531-4f9e-4af2-ab00-d93e70318535,2,6891.705534
2026/02/05/12:16:22,running-time,rs-007234-skc2g,874915e6-f544-45dc-a238-d30f45ef1cd3,1,6891.705534
2026/02/05/12:16:22,apply-time,rs-007236-47r7d,c9ed92bb-eba8-445d-a266-d80a7ff79eb3,4,6891.705534
2026/02/05/12:16:22,running-time,rs-007236-47r7d,c9ed92bb-eba8-445d-a266-d80a7ff79eb3,4,6891.705534
2026/02/05/12:16:22,apply-time,rs-007236-g88vt,7661d527-fbeb-42ee-9eca-841f8c9445ec,4,6891.705534
2026/02/05/12:16:22,running-time,rs-007236-g88vt,7661d527-fbeb-42ee-9eca-841f8c9445ec,4,6891.705534
2026/02/05/12:16:22,apply-time,rs-007237-tvvlf,56fd0b1a-1995-4b88-98ce-74159aeec861,1,6891.705534
2026/02/05/12:16:22,running-time,rs-007237-tvvlf,56fd0b1a-1995-4b88-98ce-74159aeec861,1,6891.705534
2026/02/05/12:16:22,apply-time,rs-007238-295bs,7dcb17f1-1ea2-4162-a2d0-40e95176f41c,2,6891.705534
2026/02/05/12:16:22,running-time,rs-007238-295bs,7dcb17f1-1ea2-4162-a2d0-40e95176f41c,2,6891.705534
2026/02/05/12:16:22,apply-time,rs-007238-f7wf2,49308333-25f2-4257-8b82-0e14fa87ee2f,2,6891.705534
2026/02/05/12:16:22,running-time,rs-007238-f7wf2,49308333-25f2-4257-8b82-0e14fa87ee2f,2,6891.705534
2026/02/05/12:16:22,apply-time,rs-007239-q4jx6,24523d8c-788f-405d-be1a-17ef0a66d54e,2,6891.705534
2026/02/05/12:16:22,running-time,rs-007239-q4jx6,24523d8c-788f-405d-be1a-17ef0a66d54e,2,6891.705534
2026/02/05/12:16:22,apply-time,rs-007240-f4nmr,1045a1e4-6d31-41b2-a19f-06969d33d54d,3,6891.705534
2026/02/05/12:16:22,running-time,rs-007240-f4nmr,1045a1e4-6d31-41b2-a19f-06969d33d54d,3,6891.705534
2026/02/05/12:16:22,apply-time,rs-007241-gzvk9,ed4fa676-0cd2-4ece-89af-f5fb20e278e9,4,6891.705534
2026/02/05/12:16:22,running-time,rs-007241-gzvk9,ed4fa676-0cd2-4ece-89af-f5fb20e278e9,4,6891.705534
2026/02/05/12:16:22,apply-time,rs-007242-kdhlc,bff15b67-61c4-43a1-a638-bd51de525762,1,6891.705534
2026/02/05/12:16:22,running-time,rs-007242-kdhlc,bff15b67-61c4-43a1-a638-bd51de525762,1,6892.705534
2026/02/05/12:16:23,apply-time,rs-007241-77fd5,381029a5-aab0-4515-ae74-b09254cc81b6,4,6892.705534
2026/02/05/12:16:23,apply-time,rs-007241-vdsbn,a7cd37e6-6630-42b9-a294-3c1e097c0058,4,6892.705534
2026/02/05/12:16:23,apply-time,rs-007243-w4xzw,e6f71de9-dd54-4f63-88b7-edc0d103530d,1,6892.705534
2026/02/05/12:16:23,apply-time,rs-007244-kcwgm,435430e2-fbcb-4b13-9d8c-9ef2849aeffc,2,6892.705534
2026/02/05/12:16:23,running-time,rs-007244-kcwgm,435430e2-fbcb-4b13-9d8c-9ef2849aeffc,2,6892.705534
2026/02/05/12:16:27,running-time,rs-007241-vdsbn,a7cd37e6-6630-42b9-a294-3c1e097c0058,4,6896.705534
2026/02/05/12:16:28,running-time,rs-007241-77fd5,381029a5-aab0-4515-ae74-b09254cc81b6,4,6897.705534
2026/02/05/12:16:29,running-time,rs-007243-w4xzw,e6f71de9-dd54-4f63-88b7-edc0d103530d,1,6898.705534
2026/02/05/12:16:30,apply-time,rs-007245-vdr6j,138a6bbd-f70b-4faa-9d29-c044f06a1f1c,2,6899.705534
2026/02/05/12:16:30,running-time,rs-007245-vdr6j,138a6bbd-f70b-4faa-9d29-c044f06a1f1c,2,6899.705534
2026/02/05/12:16:35,apply-time,rs-007246-l8khd,554124b5-c5c0-4a5f-a94a-00bf638d5a82,4,6904.705534
2026/02/05/12:16:35,running-time,rs-007246-l8khd,554124b5-c5c0-4a5f-a94a-00bf638d5a82,4,6904.705534
2026/02/05/12:16:35,apply-time,rs-007246-qklkg,d089e6a9-8e24-4e98-b98d-5c09606c1068,4,6904.705534
2026/02/05/12:16:35,running-time,rs-007246-qklkg,d089e6a9-8e24-4e98-b98d-5c09606c1068,4,6904.705534
2026/02/05/12:16:35,apply-time,rs-007246-tzsr4,2e92ad92-7250-4408-b332-79669ce4356f,4,6904.705534
2026/02/05/12:16:35,running-time,rs-007246-tzsr4,2e92ad92-7250-4408-b332-79669ce4356f,4,6904.705534
2026/02/05/12:16:35,apply-time,rs-007247-2f646,7a37d80f-f100-440e-b7f5-7e4684157bb2,4,6904.705534
2026/02/05/12:16:35,running-time,rs-007247-2f646,7a37d80f-f100-440e-b7f5-7e4684157bb2,4,6904.705534
2026/02/05/12:16:35,apply-time,rs-007247-nsszv,9c05499a-1842-411a-aed6-dd32d6d7af5f,4,6904.705534
2026/02/05/12:16:35,running-time,rs-007247-nsszv,9c05499a-1842-411a-aed6-dd32d6d7af5f,4,6904.705534
2026/02/05/12:16:35,apply-time,rs-007248-55bbl,77efa4e7-6039-48c0-94de-1e7892383457,1,6904.705534
2026/02/05/12:16:35,running-time,rs-007248-55bbl,77efa4e7-6039-48c0-94de-1e7892383457,1,6904.705534
2026/02/05/12:16:35,apply-time,rs-007249-fg2rg,f96872fc-ec87-4837-ae91-5d55c43362b9,4,6904.705534
2026/02/05/12:16:35,running-time,rs-007249-fg2rg,f96872fc-ec87-4837-ae91-5d55c43362b9,4,6904.705534
2026/02/05/12:16:35,apply-time,rs-007250-8s2st,4f84c92f-62b8-49cd-b5de-d0cad60f658c,3,6904.705534
2026/02/05/12:16:35,running-time,rs-007250-8s2st,4f84c92f-62b8-49cd-b5de-d0cad60f658c,3,6904.705534
2026/02/05/12:16:35,apply-time,rs-007250-bccfn,77b8f9a8-ba4c-4009-b425-a789b2cdd8c4,3,6904.705534
2026/02/05/12:16:35,running-time,rs-007250-bccfn,77b8f9a8-ba4c-4009-b425-a789b2cdd8c4,3,6904.705534
2026/02/05/12:16:36,apply-time,rs-007251-rprhc,430064e9-eb2c-4e4b-afa4-c8ba8e44d762,1,6905.705534
2026/02/05/12:16:36,apply-time,rs-007251-vpwkh,572f5a94-9766-4b9f-81ed-841054bb1087,1,6905.705534
2026/02/05/12:16:36,apply-time,rs-007251-xpcpw,6503a44a-81f7-4ecb-a908-fafe97f3c911,1,6905.705534
2026/02/05/12:16:37,running-time,rs-007251-vpwkh,572f5a94-9766-4b9f-81ed-841054bb1087,1,6906.705534
2026/02/05/12:16:37,running-time,rs-007251-xpcpw,6503a44a-81f7-4ecb-a908-fafe97f3c911,1,6906.705534
2026/02/05/12:16:44,apply-time,rs-007252-pnq8c,1dfdc4b2-365e-4d10-9f24-97135fda4ae7,2,6913.705534
2026/02/05/12:16:44,running-time,rs-007252-pnq8c,1dfdc4b2-365e-4d10-9f24-97135fda4ae7,2,6913.705534
2026/02/05/12:16:44,apply-time,rs-007252-rwbw6,e303d4c5-8bc3-4966-ae58-c81eb66a3a2a,2,6913.705534
2026/02/05/12:16:44,running-time,rs-007252-rwbw6,e303d4c5-8bc3-4966-ae58-c81eb66a3a2a,2,6913.705534
2026/02/05/12:16:44,apply-time,rs-007252-whl6w,2800451a-d90f-4022-b0b9-376d6effeb56,2,6913.705534
2026/02/05/12:16:44,running-time,rs-007252-whl6w,2800451a-d90f-4022-b0b9-376d6effeb56,2,6913.705534
2026/02/05/12:16:44,apply-time,rs-007253-j8wbc,57266c85-2557-4723-97d6-34c78b2739c3,4,6913.705534
2026/02/05/12:16:44,running-time,rs-007253-j8wbc,57266c85-2557-4723-97d6-34c78b2739c3,4,6913.705534
2026/02/05/12:16:44,apply-time,rs-007254-6ctt2,229907d8-f6fa-49bb-82fa-e907dd1bd547,1,6913.705534
2026/02/05/12:16:44,running-time,rs-007254-6ctt2,229907d8-f6fa-49bb-82fa-e907dd1bd547,1,6913.705534
2026/02/05/12:16:44,apply-time,rs-007254-dbd8l,9f810056-00ed-46d2-b662-6de683ccfd72,1,6913.705534
2026/02/05/12:16:44,running-time,rs-007254-dbd8l,9f810056-00ed-46d2-b662-6de683ccfd72,1,6913.705534
2026/02/05/12:16:44,apply-time,rs-007254-n92zk,570bd814-0863-4dfe-93d4-4e475ad34d3b,1,6913.705534
2026/02/05/12:16:44,running-time,rs-007254-n92zk,570bd814-0863-4dfe-93d4-4e475ad34d3b,1,6913.705534
2026/02/05/12:16:44,apply-time,rs-007255-dr2ln,5eff1ccb-5acd-43b1-bd12-bc0cb21e212c,4,6913.705534
2026/02/05/12:16:44,apply-time,rs-007256-q79ll,e965e3d0-5e7e-48f8-abc8-a1a7e0ef577e,2,6913.705534
2026/02/05/12:16:44,running-time,rs-007256-q79ll,e965e3d0-5e7e-48f8-abc8-a1a7e0ef577e,2,6913.705534
2026/02/05/12:16:45,apply-time,rs-007257-58zjc,6c550cba-52e8-413f-ac31-55a98e0feabc,4,6914.705534
2026/02/05/12:16:45,running-time,rs-007257-58zjc,6c550cba-52e8-413f-ac31-55a98e0feabc,4,6914.705534
2026/02/05/12:16:46,apply-time,rs-007258-sjr7n,a649f1f1-a993-43a1-ab5d-4890a73c5573,3,6915.705534
2026/02/05/12:16:46,apply-time,rs-007259-nhwfl,511937b7-5ef2-490b-a471-97ac5e68d83c,3,6915.705534
2026/02/05/12:16:46,running-time,rs-007259-nhwfl,511937b7-5ef2-490b-a471-97ac5e68d83c,3,6915.705534
2026/02/05/12:16:47,running-time,rs-007255-dr2ln,5eff1ccb-5acd-43b1-bd12-bc0cb21e212c,4,6916.705534
2026/02/05/12:16:47,apply-time,rs-007260-skjgw,c2a8536f-df53-4951-b82e-aad13023f317,4,6916.705534
2026/02/05/12:16:47,running-time,rs-007260-skjgw,c2a8536f-df53-4951-b82e-aad13023f317,4,6916.705534
2026/02/05/12:16:47,apply-time,rs-007261-mqpc5,89c6005b-6415-4f78-9065-5c746a31eff3,1,6916.705534
2026/02/05/12:16:47,running-time,rs-007261-mqpc5,89c6005b-6415-4f78-9065-5c746a31eff3,1,6916.705534
2026/02/05/12:16:47,apply-time,rs-007262-472wt,0f913811-cc0d-4484-bada-69bb08e5ce23,1,6916.705534
2026/02/05/12:16:47,running-time,rs-007262-472wt,0f913811-cc0d-4484-bada-69bb08e5ce23,1,6916.705534
2026/02/05/12:16:47,apply-time,rs-007262-8v96k,a94414fd-1aad-4d21-8889-66ef49f0d4eb,1,6916.705534
2026/02/05/12:16:47,running-time,rs-007262-8v96k,a94414fd-1aad-4d21-8889-66ef49f0d4eb,1,6916.705534
2026/02/05/12:16:47,apply-time,rs-007263-n798m,9c829458-37e9-4d1b-8138-6b9e9060ab50,1,6916.705534
2026/02/05/12:16:47,apply-time,rs-007264-68cxs,a18a10f3-d361-4c3c-a489-c73bd4e2e2e6,2,6916.705534
2026/02/05/12:16:47,running-time,rs-007264-68cxs,a18a10f3-d361-4c3c-a489-c73bd4e2e2e6,2,6916.705534
2026/02/05/12:16:47,apply-time,rs-007264-ct8qr,233a7ce0-0bdf-4692-b177-92d1c5a7ecad,2,6916.705534
2026/02/05/12:16:47,running-time,rs-007264-ct8qr,233a7ce0-0bdf-4692-b177-92d1c5a7ecad,2,6916.705534
2026/02/05/12:16:47,apply-time,rs-007265-7t5r4,4cd49e3c-6198-4bb9-8d30-b06881d432ca,1,6916.705534
2026/02/05/12:16:47,running-time,rs-007265-7t5r4,4cd49e3c-6198-4bb9-8d30-b06881d432ca,1,6916.705534
2026/02/05/12:16:47,apply-time,rs-007265-ds2pb,04152733-36fc-44c3-9323-4c690d371b36,1,6916.705534
2026/02/05/12:16:47,running-time,rs-007265-ds2pb,04152733-36fc-44c3-9323-4c690d371b36,1,6916.705534
2026/02/05/12:16:47,apply-time,rs-007265-skqkm,1f276640-a2e1-40a0-b165-2b430db44f20,1,6916.705534
2026/02/05/12:16:47,running-time,rs-007265-skqkm,1f276640-a2e1-40a0-b165-2b430db44f20,1,6916.705534
2026/02/05/12:16:47,apply-time,rs-007266-bzjqb,0c024bc6-5d9c-499a-a870-eb73eff8b8c1,1,6916.705534
2026/02/05/12:16:47,running-time,rs-007266-bzjqb,0c024bc6-5d9c-499a-a870-eb73eff8b8c1,1,6916.705534
2026/02/05/12:16:47,apply-time,rs-007266-mzdwq,78654fb8-05f1-4ab6-a297-74ab5edb5c76,1,6916.705534
2026/02/05/12:16:47,running-time,rs-007266-mzdwq,78654fb8-05f1-4ab6-a297-74ab5edb5c76,1,6916.705534
2026/02/05/12:16:48,running-time,rs-007263-n798m,9c829458-37e9-4d1b-8138-6b9e9060ab50,1,6917.705534
2026/02/05/12:16:49,running-time,rs-007258-sjr7n,a649f1f1-a993-43a1-ab5d-4890a73c5573,3,6918.705534
2026/02/05/12:16:52,apply-time,rs-007267-c6n7x,f4985e5a-c6b2-456d-8543-7ca11ba55408,4,6921.705534
2026/02/05/12:16:52,running-time,rs-007267-c6n7x,f4985e5a-c6b2-456d-8543-7ca11ba55408,4,6921.705534
2026/02/05/12:16:52,apply-time,rs-007267-njqvx,2a5e4b05-cc66-4800-ac92-495bc9ff379e,4,6921.705534
2026/02/05/12:16:52,running-time,rs-007267-njqvx,2a5e4b05-cc66-4800-ac92-495bc9ff379e,4,6921.705534
2026/02/05/12:16:52,apply-time,rs-007267-przhj,3e061471-309d-45fe-a52e-2c683db5caa5,4,6921.705534
2026/02/05/12:16:52,running-time,rs-007267-przhj,3e061471-309d-45fe-a52e-2c683db5caa5,4,6921.705534
2026/02/05/12:16:52,apply-time,rs-007268-2xvkx,5b4119df-d146-4bae-944e-6a73c51f4356,4,6921.705534
2026/02/05/12:16:52,running-time,rs-007268-2xvkx,5b4119df-d146-4bae-944e-6a73c51f4356,4,6921.705534
2026/02/05/12:16:52,apply-time,rs-007268-sdkhb,07d14c48-cb69-4e7d-95fe-a4fbe9b708eb,4,6921.705534
2026/02/05/12:16:52,running-time,rs-007268-sdkhb,07d14c48-cb69-4e7d-95fe-a4fbe9b708eb,4,6921.705534
2026/02/05/12:16:52,apply-time,rs-007268-zkjgc,904d5a96-8319-418b-a380-20dad960a0b2,4,6921.705534
2026/02/05/12:16:52,running-time,rs-007268-zkjgc,904d5a96-8319-418b-a380-20dad960a0b2,4,6921.705534
2026/02/05/12:16:57,apply-time,rs-007269-tst6l,c8ccff45-4841-40d2-aea9-8f4108355acf,3,6926.705534
2026/02/05/12:16:57,apply-time,rs-007270-4jcqb,b3c7095b-a35e-4b64-98db-28c31615143f,1,6926.705534
2026/02/05/12:16:57,apply-time,rs-007270-qpk6h,4052192d-b6df-49f2-863a-11412b3fb294,1,6926.705534
2026/02/05/12:16:57,running-time,rs-007270-qpk6h,4052192d-b6df-49f2-863a-11412b3fb294,1,6926.705534
2026/02/05/12:16:57,apply-time,rs-007270-wwr86,7caa247b-d258-42eb-b9ba-bab1659bbe04,1,6926.705534
2026/02/05/12:16:57,running-time,rs-007270-wwr86,7caa247b-d258-42eb-b9ba-bab1659bbe04,1,6926.705534
2026/02/05/12:16:57,apply-time,rs-007271-4s9xb,7e4fed8a-eda4-47bc-b2b2-97c5d5e5d6aa,3,6926.705534
2026/02/05/12:16:57,running-time,rs-007271-4s9xb,7e4fed8a-eda4-47bc-b2b2-97c5d5e5d6aa,3,6926.705534
2026/02/05/12:16:57,apply-time,rs-007271-4ttg4,8e870b66-6020-4d6e-83a3-deff0798818b,3,6926.705534
2026/02/05/12:16:57,running-time,rs-007271-4ttg4,8e870b66-6020-4d6e-83a3-deff0798818b,3,6926.705534
2026/02/05/12:16:57,apply-time,rs-007271-nsct5,c6332f60-2872-4f50-a236-ac12a6fa472a,3,6926.705534
2026/02/05/12:16:57,running-time,rs-007271-nsct5,c6332f60-2872-4f50-a236-ac12a6fa472a,3,6926.705534
2026/02/05/12:16:57,apply-time,rs-007272-92sth,28320c5b-09f8-4ecf-86cb-f3b73b20f7e6,1,6926.705534
2026/02/05/12:16:57,running-time,rs-007272-92sth,28320c5b-09f8-4ecf-86cb-f3b73b20f7e6,1,6926.705534
2026/02/05/12:16:57,apply-time,rs-007272-wpncn,fe23b628-6b24-49d7-984c-8dd97f5aa95c,1,6926.705534
2026/02/05/12:16:57,running-time,rs-007272-wpncn,fe23b628-6b24-49d7-984c-8dd97f5aa95c,1,6926.705534
2026/02/05/12:16:58,running-time,rs-007270-4jcqb,b3c7095b-a35e-4b64-98db-28c31615143f,1,6927.705534
2026/02/05/12:17:01,apply-time,rs-007273-w7xn2,8ef28444-9d7c-4bd2-a494-9119c4fb7382,1,6930.705534
2026/02/05/12:17:01,running-time,rs-007273-w7xn2,8ef28444-9d7c-4bd2-a494-9119c4fb7382,1,6930.705534
2026/02/05/12:17:01,apply-time,rs-007274-zl2x4,d36f4f61-daa0-4589-bfdd-854c92dd29c1,1,6930.705534
2026/02/05/12:17:01,running-time,rs-007274-zl2x4,d36f4f61-daa0-4589-bfdd-854c92dd29c1,1,6930.705534
2026/02/05/12:17:05,apply-time,rs-007275-8l79x,5704067f-b4df-432a-ba97-d25915c65fd2,1,6934.705534
2026/02/05/12:17:05,running-time,rs-007275-8l79x,5704067f-b4df-432a-ba97-d25915c65fd2,1,6934.705534
2026/02/05/12:17:05,apply-time,rs-007275-szs4c,e86d4165-dca5-4f25-bc51-693ec28401f1,1,6934.705534
2026/02/05/12:17:05,apply-time,rs-007275-v8vxg,1a58474f-9a6a-448f-a227-102e606a772f,1,6934.705534
2026/02/05/12:17:05,running-time,rs-007275-v8vxg,1a58474f-9a6a-448f-a227-102e606a772f,1,6934.705534
2026/02/05/12:17:05,apply-time,rs-007276-9ww9m,e3b261a0-45fb-4698-8b2a-81b75ecec151,4,6934.705534
2026/02/05/12:17:05,running-time,rs-007276-9ww9m,e3b261a0-45fb-4698-8b2a-81b75ecec151,4,6934.705534
2026/02/05/12:17:05,apply-time,rs-007276-vhn42,3e7c70c2-d012-4d9a-8086-94220b051c72,4,6934.705534
2026/02/05/12:17:05,running-time,rs-007276-vhn42,3e7c70c2-d012-4d9a-8086-94220b051c72,4,6934.705534
2026/02/05/12:17:05,apply-time,rs-007277-gvz68,297ff0f6-dc59-4758-8d19-ab81bef24c66,4,6934.705534
2026/02/05/12:17:05,running-time,rs-007277-gvz68,297ff0f6-dc59-4758-8d19-ab81bef24c66,4,6934.705534
2026/02/05/12:17:05,apply-time,rs-007277-psgnp,f625b504-8d87-452f-bdc2-87804d330449,4,6934.705534
2026/02/05/12:17:05,running-time,rs-007277-psgnp,f625b504-8d87-452f-bdc2-87804d330449,4,6934.705534
2026/02/05/12:17:05,apply-time,rs-007278-k8pl6,8a6b9a8a-8ab8-405d-9bf9-08532b507b92,4,6934.705534
2026/02/05/12:17:05,running-time,rs-007278-k8pl6,8a6b9a8a-8ab8-405d-9bf9-08532b507b92,4,6934.705534
2026/02/05/12:17:05,apply-time,rs-007278-v9zlk,d28dcbbc-c958-4f0c-be65-389573584611,4,6934.705534
2026/02/05/12:17:05,running-time,rs-007278-v9zlk,d28dcbbc-c958-4f0c-be65-389573584611,4,6934.705534
2026/02/05/12:17:05,apply-time,rs-007279-j7wrj,fefa8da8-62e3-4b61-a49c-6b57d1ce78a1,1,6934.705534
2026/02/05/12:17:05,running-time,rs-007279-j7wrj,fefa8da8-62e3-4b61-a49c-6b57d1ce78a1,1,6934.705534
2026/02/05/12:17:05,apply-time,rs-007279-nmpx2,132b2ed2-5502-4761-a17e-ff3e1d58670d,1,6934.705534
2026/02/05/12:17:05,running-time,rs-007279-nmpx2,132b2ed2-5502-4761-a17e-ff3e1d58670d,1,6934.705534
2026/02/05/12:17:06,apply-time,rs-007280-6fm2v,8d3bbe07-8e0f-4d8b-9954-664bb0c18ab5,4,6935.705534
2026/02/05/12:17:06,running-time,rs-007280-6fm2v,8d3bbe07-8e0f-4d8b-9954-664bb0c18ab5,4,6935.705534
2026/02/05/12:17:06,apply-time,rs-007280-b5d97,8f9c73fd-1911-43da-a0fa-b121d2efd285,4,6935.705534
2026/02/05/12:17:06,running-time,rs-007280-b5d97,8f9c73fd-1911-43da-a0fa-b121d2efd285,4,6935.705534
2026/02/05/12:17:06,apply-time,rs-007280-fw7mr,c16546db-6072-49e6-a2e7-c3b88ef20054,4,6935.705534
2026/02/05/12:17:06,running-time,rs-007280-fw7mr,c16546db-6072-49e6-a2e7-c3b88ef20054,4,6935.705534
2026/02/05/12:17:06,apply-time,rs-007281-4vwdp,9835477e-ee91-4b0e-98ed-53a6ad75baec,1,6935.705534
2026/02/05/12:17:06,apply-time,rs-007281-k7btz,6311b2c5-43a3-4397-9ff8-ab29833ef057,1,6935.705534
2026/02/05/12:17:06,running-time,rs-007281-k7btz,6311b2c5-43a3-4397-9ff8-ab29833ef057,1,6935.705534
2026/02/05/12:17:06,apply-time,rs-007281-rqbz9,65d0e57a-dd05-43a1-9609-11b3083e5c5e,1,6935.705534
2026/02/05/12:17:06,running-time,rs-007281-rqbz9,65d0e57a-dd05-43a1-9609-11b3083e5c5e,1,6935.705534
2026/02/05/12:17:06,apply-time,rs-007282-dgfd2,54a2e926-9dc8-429d-9787-2ae4bfc92c34,3,6935.705534
2026/02/05/12:17:06,running-time,rs-007282-dgfd2,54a2e926-9dc8-429d-9787-2ae4bfc92c34,3,6935.705534
2026/02/05/12:17:06,apply-time,rs-007282-ntdlm,a14ba3d5-6078-4fa8-b4fc-a0fae0866b47,3,6935.705534
2026/02/05/12:17:06,running-time,rs-007282-ntdlm,a14ba3d5-6078-4fa8-b4fc-a0fae0866b47,3,6935.705534
2026/02/05/12:17:08,running-time,rs-007275-szs4c,e86d4165-dca5-4f25-bc51-693ec28401f1,1,6938.705534
2026/02/05/12:17:08,running-time,rs-007281-4vwdp,9835477e-ee91-4b0e-98ed-53a6ad75baec,1,6937.705534
2026/02/05/12:17:09,apply-time,rs-007283-hq9qh,12c0ab17-9bf1-4518-ab34-f0621729c5c2,1,6938.705534
2026/02/05/12:17:09,running-time,rs-007283-hq9qh,12c0ab17-9bf1-4518-ab34-f0621729c5c2,1,6938.705534
2026/02/05/12:17:09,apply-time,rs-007283-vqf4d,a112433b-5244-4825-bde0-9e61e86628f0,1,6938.705534
2026/02/05/12:17:09,running-time,rs-007283-vqf4d,a112433b-5244-4825-bde0-9e61e86628f0,1,6938.705534
2026/02/05/12:17:09,apply-time,rs-007284-7dbmj,b9e9fba5-9d40-41ae-98f3-678af74ab90d,3,6938.705534
2026/02/05/12:17:09,apply-time,rs-007284-8wln6,c7525d49-b671-4b3d-a51a-8d7a49c232ae,3,6938.705534
2026/02/05/12:17:09,apply-time,rs-007284-vtgdd,fceaa892-4c12-466b-b08f-c853c6d67eed,3,6938.705534
2026/02/05/12:17:09,apply-time,rs-007285-2xnzt,a3c766e7-51c7-46da-b597-e773d97861cb,2,6938.705534
2026/02/05/12:17:09,apply-time,rs-007285-v2sp7,6fe58d6f-01c1-4366-8d6f-80737a1d6021,2,6938.705534
2026/02/05/12:17:09,apply-time,rs-007285-vlb69,23cf404f-05bd-46a7-8d0e-140338a234d0,2,6938.705534
2026/02/05/12:17:09,apply-time,rs-007286-js2dl,4c81928d-a4bb-45b5-9a21-54fe1cdf6565,4,6939.705534
2026/02/05/12:17:09,apply-time,rs-007286-qhpf8,41bca937-4c7d-4fb9-b829-9b4eec373cdb,4,6939.705534
2026/02/05/12:17:09,apply-time,rs-007287-9dnxg,4536962a-b0fa-4c6d-864a-c2cedcc4b831,2,6938.705534
2026/02/05/12:17:09,apply-time,rs-007287-j2z7z,a6491a6c-778b-4f08-ac37-76cdb349c1e1,2,6938.705534
2026/02/05/12:17:09,running-time,rs-007287-j2z7z,a6491a6c-778b-4f08-ac37-76cdb349c1e1,2,6938.705534
2026/02/05/12:17:10,running-time,rs-007284-7dbmj,b9e9fba5-9d40-41ae-98f3-678af74ab90d,3,6939.705534
2026/02/05/12:17:10,running-time,rs-007284-vtgdd,fceaa892-4c12-466b-b08f-c853c6d67eed,3,6939.705534
2026/02/05/12:17:10,running-time,rs-007285-v2sp7,6fe58d6f-01c1-4366-8d6f-80737a1d6021,2,6939.705534
2026/02/05/12:17:10,apply-time,rs-007288-ndds2,037b16b7-003f-4515-8283-1bbc023c9055,1,6939.705534
2026/02/05/12:17:10,running-time,rs-007288-ndds2,037b16b7-003f-4515-8283-1bbc023c9055,1,6939.705534
2026/02/05/12:17:10,apply-time,rs-007288-q87v7,4babb517-261c-43f2-88f5-7507f90a6d44,1,6939.705534
2026/02/05/12:17:10,running-time,rs-007288-q87v7,4babb517-261c-43f2-88f5-7507f90a6d44,1,6939.705534
2026/02/05/12:17:10,apply-time,rs-007289-94chp,8a2ef3c2-cba9-4315-ae62-45328364e84f,2,6939.705534
2026/02/05/12:17:10,running-time,rs-007289-94chp,8a2ef3c2-cba9-4315-ae62-45328364e84f,2,6939.705534
2026/02/05/12:17:10,apply-time,rs-007290-8rvks,312ceea4-f93e-4646-a6f8-4e044082df55,1,6939.705534
2026/02/05/12:17:10,running-time,rs-007290-8rvks,312ceea4-f93e-4646-a6f8-4e044082df55,1,6939.705534
2026/02/05/12:17:10,apply-time,rs-007290-jgd5h,6cf9a03d-23a9-4189-a890-d313a1726f19,1,6939.705534
2026/02/05/12:17:11,running-time,rs-007287-9dnxg,4536962a-b0fa-4c6d-864a-c2cedcc4b831,2,6940.705534
2026/02/05/12:17:14,running-time,rs-007285-vlb69,23cf404f-05bd-46a7-8d0e-140338a234d0,2,6943.705534
2026/02/05/12:17:15,running-time,rs-007285-2xnzt,a3c766e7-51c7-46da-b597-e773d97861cb,2,6944.705534
2026/02/05/12:17:16,running-time,rs-007284-8wln6,c7525d49-b671-4b3d-a51a-8d7a49c232ae,3,6945.705534
2026/02/05/12:17:16,apply-time,rs-007291-w6xrf,426306c2-0a9c-4faa-97c9-716faf783774,4,6945.705534
2026/02/05/12:17:17,running-time,rs-007290-jgd5h,6cf9a03d-23a9-4189-a890-d313a1726f19,1,6946.705534
2026/02/05/12:17:17,running-time,rs-007291-w6xrf,426306c2-0a9c-4faa-97c9-716faf783774,4,6946.705534
2026/02/05/12:17:24,apply-time,rs-007292-qlp2f,5cd403a7-caaa-47b4-a824-0ed575eae390,3,6953.705534
2026/02/05/12:17:24,running-time,rs-007292-qlp2f,5cd403a7-caaa-47b4-a824-0ed575eae390,3,6953.705534
2026/02/05/12:17:24,apply-time,rs-007293-bt58x,ac6e0b3a-a181-4c73-8208-5a4cfe286d32,2,6953.705534
2026/02/05/12:17:24,running-time,rs-007293-bt58x,ac6e0b3a-a181-4c73-8208-5a4cfe286d32,2,6953.705534
2026/02/05/12:17:24,apply-time,rs-007294-5htkd,04f93a12-d377-486a-abde-184f74f4fe29,3,6953.705534
2026/02/05/12:17:24,running-time,rs-007294-5htkd,04f93a12-d377-486a-abde-184f74f4fe29,3,6953.705534
2026/02/05/12:17:24,apply-time,rs-007295-24mzg,887bf53d-cd1d-4561-a4ce-6ffe93dce854,1,6953.705534
2026/02/05/12:17:24,running-time,rs-007295-24mzg,887bf53d-cd1d-4561-a4ce-6ffe93dce854,1,6953.705534
2026/02/05/12:17:24,apply-time,rs-007295-55x94,8c099d34-2ff4-490b-a121-1d26eae02eda,1,6953.705534
2026/02/05/12:17:24,running-time,rs-007295-55x94,8c099d34-2ff4-490b-a121-1d26eae02eda,1,6953.705534
2026/02/05/12:17:24,apply-time,rs-007296-4mh7p,f6a36068-4423-4672-8166-c906032b953d,3,6953.705534
2026/02/05/12:17:24,apply-time,rs-007297-2pz7g,efd2c196-4f6b-44cb-8ef0-faaa0e7db30c,1,6954.705534
2026/02/05/12:17:24,apply-time,rs-007298-xdcgs,80191aef-9928-4a64-ad8a-c8c511d618eb,3,6954.705534
2026/02/05/12:17:25,apply-time,rs-007299-6bsbt,2930dfc9-a782-4432-a1b0-0c1712d7d148,1,6954.705534
2026/02/05/12:17:25,running-time,rs-007299-6bsbt,2930dfc9-a782-4432-a1b0-0c1712d7d148,1,6954.705534
2026/02/05/12:17:25,apply-time,rs-007299-vtz9j,20af4fab-7089-4f78-87ef-94047b280731,1,6954.705534
2026/02/05/12:17:25,running-time,rs-007299-vtz9j,20af4fab-7089-4f78-87ef-94047b280731,1,6954.705534
2026/02/05/12:17:25,apply-time,rs-007299-zr9rv,f92f0d14-adca-4432-b241-9fa30f44c5cb,1,6954.705534
2026/02/05/12:17:25,running-time,rs-007299-zr9rv,f92f0d14-adca-4432-b241-9fa30f44c5cb,1,6954.705534
2026/02/05/12:17:25,apply-time,rs-007300-ckd8w,8f440c1e-dc37-486f-a957-ce976f16b807,3,6954.705534
2026/02/05/12:17:25,running-time,rs-007300-ckd8w,8f440c1e-dc37-486f-a957-ce976f16b807,3,6954.705534
2026/02/05/12:17:25,apply-time,rs-007300-jw84g,5af2a133-96a1-44fc-a4c0-7a6602b56eaa,3,6954.705534
2026/02/05/12:17:25,running-time,rs-007300-jw84g,5af2a133-96a1-44fc-a4c0-7a6602b56eaa,3,6954.705534
2026/02/05/12:17:25,apply-time,rs-007301-bthwb,0c2d4787-7534-44d7-830c-04864b773ea0,2,6954.705534
2026/02/05/12:17:25,running-time,rs-007301-bthwb,0c2d4787-7534-44d7-830c-04864b773ea0,2,6954.705534
2026/02/05/12:17:25,apply-time,rs-007302-p6wb4,9faadeb1-a6a2-45c5-821a-865ff5ba0158,1,6955.705534
2026/02/05/12:17:26,running-time,rs-007302-p6wb4,9faadeb1-a6a2-45c5-821a-865ff5ba0158,1,6955.705534
2026/02/05/12:17:28,running-time,rs-007297-2pz7g,efd2c196-4f6b-44cb-8ef0-faaa0e7db30c,1,6957.705534
2026/02/05/12:17:33,apply-time,rs-007303-lv6sd,f303895b-1aa3-46fd-b2ec-6dad4ff31dc9,1,6962.705534
2026/02/05/12:17:33,running-time,rs-007303-lv6sd,f303895b-1aa3-46fd-b2ec-6dad4ff31dc9,1,6962.705534
2026/02/05/12:17:33,apply-time,rs-007304-92tkb,f0c6e78c-961d-43da-9ff2-68f35f6803c0,2,6962.705534
2026/02/05/12:17:33,running-time,rs-007304-92tkb,f0c6e78c-961d-43da-9ff2-68f35f6803c0,2,6962.705534
2026/02/05/12:17:34,apply-time,rs-007305-h47b6,db8d01ce-8ca9-4923-8f26-f8dc8bf2d0fa,2,6963.705534
2026/02/05/12:17:36,apply-time,rs-007306-wt24g,2a076e5b-0144-4ed9-8c8a-5e9b33504d25,4,6966.705534
2026/02/05/12:17:37,apply-time,rs-007307-lm4s5,7f90e841-2fb7-4cf1-8714-a570744ab78f,1,6966.705534
2026/02/05/12:17:37,apply-time,rs-007307-wd5gm,13acbd55-f757-4733-a438-b9f8e304df83,1,6966.705534
2026/02/05/12:17:37,apply-time,rs-007308-76hq4,37a496c6-d48d-4778-906b-099972a6a489,4,6966.705534
2026/02/05/12:17:37,apply-time,rs-007308-cbrlk,711fb812-21c2-4a01-9e40-aa9208be3bee,4,6966.705534
2026/02/05/12:17:37,apply-time,rs-007308-dx72p,9735d8ea-d8cc-48e8-b8a2-835b36c35f7f,4,6966.705534
2026/02/05/12:17:38,apply-time,rs-007309-qc5k7,bbc74c6a-f9f7-42b4-a6d6-8c110f0e9960,2,6967.705534
2026/02/05/12:17:38,running-time,rs-007309-qc5k7,bbc74c6a-f9f7-42b4-a6d6-8c110f0e9960,2,6967.705534
2026/02/05/12:17:38,apply-time,rs-007310-9b6gn,1732fd38-79c3-41ab-a9ff-8a76d547753a,3,6967.705534
2026/02/05/12:17:38,running-time,rs-007310-9b6gn,1732fd38-79c3-41ab-a9ff-8a76d547753a,3,6967.705534
2026/02/05/12:17:38,apply-time,rs-007311-bcndq,1d59fedb-70a0-4bea-a525-d4bea5fc477a,2,6967.705534
2026/02/05/12:17:38,running-time,rs-007311-bcndq,1d59fedb-70a0-4bea-a525-d4bea5fc477a,2,6967.705534
2026/02/05/12:17:38,apply-time,rs-007312-lvpmd,dcf9f940-b8a1-4348-9252-79b6eef455ea,2,6967.705534
2026/02/05/12:17:38,apply-time,rs-007313-lqkww,68e44b29-6192-4e12-afdc-607587011dd6,3,6967.705534
2026/02/05/12:17:38,running-time,rs-007313-lqkww,68e44b29-6192-4e12-afdc-607587011dd6,3,6967.705534
2026/02/05/12:17:38,apply-time,rs-007313-pp7kz,cc89e0c0-239e-4512-8111-43cdfc654216,3,6967.705534
2026/02/05/12:17:38,running-time,rs-007313-pp7kz,cc89e0c0-239e-4512-8111-43cdfc654216,3,6967.705534
2026/02/05/12:17:38,apply-time,rs-007314-fq5v8,2becbc6b-084b-4dd2-8e8e-7289051a6add,2,6968.705534
2026/02/05/12:17:38,apply-time,rs-007314-znzl9,de405433-6309-4a9e-838a-649658248894,2,6967.705534
2026/02/05/12:17:38,apply-time,rs-007315-8zb9d,8ed2fe00-6120-469c-a246-cecd0c36a681,2,6967.705534
2026/02/05/12:17:38,running-time,rs-007315-8zb9d,8ed2fe00-6120-469c-a246-cecd0c36a681,2,6968.705534
2026/02/05/12:17:38,apply-time,rs-007315-hfpc5,38fcb761-2fa1-4e15-a770-f67dcf5fa825,2,6968.705534
2026/02/05/12:17:38,apply-time,rs-007316-z52hc,ac78a9c5-cd2c-4c11-8a32-f0f55a80cdcd,1,6968.705534
2026/02/05/12:17:38,apply-time,rs-007317-4rfjq,b7a350cf-3570-4e69-8fe5-dd6d4dbbc70b,4,6968.705534
2026/02/05/12:17:38,running-time,rs-007317-4rfjq,b7a350cf-3570-4e69-8fe5-dd6d4dbbc70b,4,6968.705534
2026/02/05/12:17:39,apply-time,rs-007315-thkcz,61a7e905-64d2-4cf0-b983-eace908bf4e6,2,6968.705534
2026/02/05/12:17:39,apply-time,rs-007317-vv6rm,5bcc2a12-840c-4829-9fb1-1f76a361c6eb,4,6968.705534
2026/02/05/12:17:39,running-time,rs-007317-vv6rm,5bcc2a12-840c-4829-9fb1-1f76a361c6eb,4,6968.705534
2026/02/05/12:17:40,running-time,rs-007314-znzl9,de405433-6309-4a9e-838a-649658248894,2,6969.705534
2026/02/05/12:17:40,running-time,rs-007315-thkcz,61a7e905-64d2-4cf0-b983-eace908bf4e6,2,6969.705534
2026/02/05/12:17:40,apply-time,rs-007318-htlg2,a7fcee4f-4d81-431e-b4b3-945307fc8bf5,3,6969.705534
2026/02/05/12:17:40,running-time,rs-007318-htlg2,a7fcee4f-4d81-431e-b4b3-945307fc8bf5,3,6969.705534
2026/02/05/12:17:40,apply-time,rs-007319-qxfkc,598560f4-91ff-4b31-86a3-a049237faea4,2,6969.705534
2026/02/05/12:17:40,apply-time,rs-007319-sr5m7,cee665c3-979b-4870-a478-bc07e1431aae,2,6969.705534
2026/02/05/12:17:40,apply-time,rs-007319-tvrsc,3b0880af-9bd3-43f3-a596-e3c459daba2c,2,6969.705534
2026/02/05/12:17:40,running-time,rs-007319-tvrsc,3b0880af-9bd3-43f3-a596-e3c459daba2c,2,6969.705534
2026/02/05/12:17:40,apply-time,rs-007320-cwpbl,3280b7e2-edf1-479f-91bd-9e04c76d9425,4,6969.705534
2026/02/05/12:17:40,apply-time,rs-007321-wrj48,5edb8097-b8ee-422c-80a9-588852a3c1b1,4,6969.705534
2026/02/05/12:17:40,running-time,rs-007321-wrj48,5edb8097-b8ee-422c-80a9-588852a3c1b1,4,6969.705534
2026/02/05/12:17:40,apply-time,rs-007322-bzw8d,e012e1b7-3f6d-4501-a474-2e101bd44be9,1,6969.705534
2026/02/05/12:17:42,apply-time,rs-007321-f6hf6,d980c9ed-5ac4-48c4-be4d-5d7fa339bd31,4,6970.705534
2026/02/05/12:17:42,running-time,rs-007321-f6hf6,d980c9ed-5ac4-48c4-be4d-5d7fa339bd31,4,6970.705534
2026/02/05/12:17:42,apply-time,rs-007321-p7h5k,acd1af76-2be0-4c5a-88c3-573de5d6fceb,4,6970.705534
2026/02/05/12:17:42,running-time,rs-007321-p7h5k,acd1af76-2be0-4c5a-88c3-573de5d6fceb,4,6970.705534
2026/02/05/12:17:42,apply-time,rs-007322-d4rkr,2d9268cd-8a26-4b43-9f26-67bcc9313cf4,1,6970.705534
2026/02/05/12:17:42,apply-time,rs-007322-xcd8n,2a6d1ee3-eac2-47bd-bf56-78b8d2455b43,1,6970.705534
2026/02/05/12:17:42,apply-time,rs-007323-xp6w2,38bcb82f-8372-4b18-92fb-1ab28a873dd6,1,6970.705534
2026/02/05/12:17:42,running-time,rs-007323-xp6w2,38bcb82f-8372-4b18-92fb-1ab28a873dd6,1,6970.705534
2026/02/05/12:17:42,apply-time,rs-007324-h9kf2,89d57ff6-c9f3-4dec-a5fc-63b235fd1d6e,4,6970.705534
2026/02/05/12:17:42,apply-time,rs-007324-s5hpw,1789d480-b127-4832-a099-faa5820c31a0,4,6970.705534
2026/02/05/12:17:43,running-time,rs-007322-bzw8d,e012e1b7-3f6d-4501-a474-2e101bd44be9,1,6971.705534
2026/02/05/12:17:43,running-time,rs-007322-xcd8n,2a6d1ee3-eac2-47bd-bf56-78b8d2455b43,1,6971.705534
2026/02/05/12:17:45,running-time,rs-007324-s5hpw,1789d480-b127-4832-a099-faa5820c31a0,4,6974.705534
2026/02/05/12:17:46,running-time,rs-007314-fq5v8,2becbc6b-084b-4dd2-8e8e-7289051a6add,2,6974.705534
2026/02/05/12:17:46,running-time,rs-007324-h9kf2,89d57ff6-c9f3-4dec-a5fc-63b235fd1d6e,4,6974.705534
2026/02/05/12:17:48,running-time,rs-007312-lvpmd,dcf9f940-b8a1-4348-9252-79b6eef455ea,2,6976.705534
2026/02/05/12:17:56,apply-time,rs-007325-vhkmc,8f7f8ee8-0432-4a34-a326-d74b70edcdec,1,6985.705534
2026/02/05/12:17:57,running-time,rs-007325-vhkmc,8f7f8ee8-0432-4a34-a326-d74b70edcdec,1,6985.705534
2026/02/05/12:17:57,apply-time,rs-007325-x24kt,3279cf5c-5516-4ed2-bdb6-a5fcea99009f,1,6985.705534
2026/02/05/12:17:57,running-time,rs-007325-x24kt,3279cf5c-5516-4ed2-bdb6-a5fcea99009f,1,6985.705534
2026/02/05/12:17:57,apply-time,rs-007325-zfrmv,1b43f9ba-ee6c-4202-ab27-892f70a92114,1,6985.705534
2026/02/05/12:17:57,running-time,rs-007325-zfrmv,1b43f9ba-ee6c-4202-ab27-892f70a92114,1,6985.705534
2026/02/05/12:17:57,apply-time,rs-007326-89zjn,475c98e2-65e4-413c-bfff-fdbe463b9e60,1,6986.705534
2026/02/05/12:17:57,running-time,rs-007326-89zjn,475c98e2-65e4-413c-bfff-fdbe463b9e60,1,6986.705534
2026/02/05/12:17:57,apply-time,rs-007326-hncfw,0c7c0b3d-1145-48f0-9fcb-2ca636e216bd,1,6986.705534
2026/02/05/12:17:57,running-time,rs-007326-hncfw,0c7c0b3d-1145-48f0-9fcb-2ca636e216bd,1,6986.705534
2026/02/05/12:17:57,apply-time,rs-007326-jhgs4,a4d0a426-c94a-47a9-8152-6380e0fde08b,1,6986.705534
2026/02/05/12:17:57,running-time,rs-007326-jhgs4,a4d0a426-c94a-47a9-8152-6380e0fde08b,1,6986.705534
2026/02/05/12:17:57,apply-time,rs-007327-mwfn9,e34c0eb7-7702-4cac-a1bb-06e643325b58,1,6986.705534
2026/02/05/12:17:57,apply-time,rs-007327-vpp6p,5dd1c7bf-423c-4313-a2cc-9520c7ec09de,1,6986.705534
2026/02/05/12:17:57,running-time,rs-007327-vpp6p,5dd1c7bf-423c-4313-a2cc-9520c7ec09de,1,6986.705534
2026/02/05/12:17:58,apply-time,rs-007328-qqx4l,d34c6ca5-b410-45af-b47a-e334aa6a1cb1,1,6986.705534
2026/02/05/12:17:58,running-time,rs-007328-qqx4l,d34c6ca5-b410-45af-b47a-e334aa6a1cb1,1,6986.705534
2026/02/05/12:17:58,apply-time,rs-007329-4ll8r,55b15e12-e415-4e40-a1bd-08fbcf6c252f,1,6986.705534
2026/02/05/12:17:58,running-time,rs-007329-4ll8r,55b15e12-e415-4e40-a1bd-08fbcf6c252f,1,6986.705534
2026/02/05/12:17:58,apply-time,rs-007329-82gsq,152d85fc-ffe9-494d-be0a-54caf17cece1,1,6986.705534
2026/02/05/12:17:58,running-time,rs-007329-82gsq,152d85fc-ffe9-494d-be0a-54caf17cece1,1,6986.705534
2026/02/05/12:17:58,apply-time,rs-007330-bzhjh,5f9cb974-7d4b-4b36-ae32-4e4825059296,3,6986.705534
2026/02/05/12:17:58,apply-time,rs-007330-kc7qq,7948924c-26b0-4505-8be1-8cb19bfbfc4c,3,6986.705534
2026/02/05/12:17:59,running-time,rs-007330-bzhjh,5f9cb974-7d4b-4b36-ae32-4e4825059296,3,6988.705534
2026/02/05/12:17:59,running-time,rs-007330-kc7qq,7948924c-26b0-4505-8be1-8cb19bfbfc4c,3,6988.705534
2026/02/05/12:18:02,running-time,rs-007327-mwfn9,e34c0eb7-7702-4cac-a1bb-06e643325b58,1,6990.705534
2026/02/05/12:18:03,apply-time,rs-007331-ckcpz,cc0d2214-2bcd-4b1f-9872-e648085cd25e,4,6991.705534
2026/02/05/12:18:03,apply-time,rs-007331-nlnvm,1ad6b2c5-1a2c-4fdd-94cd-740d5f1b7769,4,6991.705534
2026/02/05/12:18:03,apply-time,rs-007332-jjw9p,834ca21e-42f5-469f-8d71-a8ee6b7e178b,3,6991.705534
2026/02/05/12:18:03,apply-time,rs-007332-wkkkj,af15e9ed-6c3a-4ac1-ae32-73db443bc3a6,3,6991.705534
2026/02/05/12:18:04,running-time,rs-007331-ckcpz,cc0d2214-2bcd-4b1f-9872-e648085cd25e,4,6992.705534
2026/02/05/12:18:04,running-time,rs-007331-nlnvm,1ad6b2c5-1a2c-4fdd-94cd-740d5f1b7769,4,6992.705534
2026/02/05/12:18:05,running-time,rs-007332-wkkkj,af15e9ed-6c3a-4ac1-ae32-73db443bc3a6,3,6993.705534
2026/02/05/12:18:05,apply-time,rs-007333-kplf8,4a304497-fe47-468c-adf6-bdbb06776575,4,6993.705534
2026/02/05/12:18:05,apply-time,rs-007333-vpsl5,f08bc604-6618-422b-9a97-247af093c264,4,6993.705534
2026/02/05/12:18:05,apply-time,rs-007334-46qck,8a9c6671-ed67-4401-ab5e-a973acbcd6a7,3,6993.705534
2026/02/05/12:18:05,apply-time,rs-007335-c56g2,14761d61-4d29-4b10-9ba3-b1f1541eff98,4,6993.705534
2026/02/05/12:18:05,apply-time,rs-007336-45bnj,fe2fc074-6e2f-4427-bbda-d8e84a5028ff,3,6993.705534
2026/02/05/12:18:05,running-time,rs-007336-45bnj,fe2fc074-6e2f-4427-bbda-d8e84a5028ff,3,6993.705534
2026/02/05/12:18:05,apply-time,rs-007337-bz8lx,b66ff476-b556-435e-baf3-7c579b9b9d39,4,6993.705534
2026/02/05/12:18:05,apply-time,rs-007338-8hnsj,037cf8cd-383f-476a-becd-098728695452,1,6993.705534
2026/02/05/12:18:05,apply-time,rs-007339-4r2kq,fdbdd030-d748-434b-b0ba-30e9e6d57bd1,3,6993.705534
2026/02/05/12:18:05,running-time,rs-007339-4r2kq,fdbdd030-d748-434b-b0ba-30e9e6d57bd1,3,6993.705534
2026/02/05/12:18:05,apply-time,rs-007339-zkxn9,f0d3e0e8-f1da-4974-8428-c00569db991f,3,6993.705534
2026/02/05/12:18:05,running-time,rs-007339-zkxn9,f0d3e0e8-f1da-4974-8428-c00569db991f,3,6993.705534
2026/02/05/12:18:05,apply-time,rs-007340-d9fpt,f59746d8-41c5-4f1e-893c-5d1e3e46ba80,4,6993.705534
2026/02/05/12:18:05,running-time,rs-007340-d9fpt,f59746d8-41c5-4f1e-893c-5d1e3e46ba80,4,6993.705534
2026/02/05/12:18:05,apply-time,rs-007341-qgbh4,ffb8a73c-2a8f-4a72-bac2-045bd0b3397e,1,6994.705534
2026/02/05/12:18:05,running-time,rs-007341-qgbh4,ffb8a73c-2a8f-4a72-bac2-045bd0b3397e,1,6994.705534
2026/02/05/12:18:06,apply-time,rs-007342-66q5p,d4770eca-38c0-48f9-bdfc-d7937448d233,3,6994.705534
2026/02/05/12:18:06,apply-time,rs-007342-nnkq8,717d23fc-6020-4a94-a374-e0e54afbc809,3,6994.705534
2026/02/05/12:18:06,apply-time,rs-007342-w8sk8,9cb1c7b5-acc7-4267-9fd4-d845b799bc75,3,6994.705534
2026/02/05/12:18:06,apply-time,rs-007343-bbvvd,0fb83d61-9f37-43ad-873b-1ee9b1853a2f,1,6994.705534
2026/02/05/12:18:06,apply-time,rs-007343-tb2hm,e85303a1-5968-46d2-a924-e04b111bd68f,1,6994.705534
2026/02/05/12:18:07,running-time,rs-007338-8hnsj,037cf8cd-383f-476a-becd-098728695452,1,6995.705534
2026/02/05/12:18:07,running-time,rs-007342-66q5p,d4770eca-38c0-48f9-bdfc-d7937448d233,3,6995.705534
2026/02/05/12:18:08,running-time,rs-007332-jjw9p,834ca21e-42f5-469f-8d71-a8ee6b7e178b,3,6997.705534
2026/02/05/12:18:08,running-time,rs-007343-bbvvd,0fb83d61-9f37-43ad-873b-1ee9b1853a2f,1,6997.705534
2026/02/05/12:18:14,running-time,rs-007343-tb2hm,e85303a1-5968-46d2-a924-e04b111bd68f,1,7002.705534
2026/02/05/12:18:15,apply-time,rs-007344-sq7n2,09749d7e-4a7b-4d6d-bf14-11fc4392ba13,3,7003.705534
2026/02/05/12:18:15,running-time,rs-007344-sq7n2,09749d7e-4a7b-4d6d-bf14-11fc4392ba13,3,7003.705534
2026/02/05/12:18:17,apply-time,rs-007345-v4k8w,3ddcd97d-8db5-459e-8509-c0bbbdf2f7f8,4,7005.705534
2026/02/05/12:18:17,running-time,rs-007345-v4k8w,3ddcd97d-8db5-459e-8509-c0bbbdf2f7f8,4,7005.705534
2026/02/05/12:18:17,apply-time,rs-007346-67zww,f10d6727-4690-4f7d-9a81-e26c15c6f188,2,7005.705534
2026/02/05/12:18:17,running-time,rs-007346-67zww,f10d6727-4690-4f7d-9a81-e26c15c6f188,2,7005.705534
2026/02/05/12:18:19,apply-time,rs-007347-tx2qd,71932da1-0241-4203-afd7-7ee4baea5c71,1,7007.705534
2026/02/05/12:18:19,running-time,rs-007347-tx2qd,71932da1-0241-4203-afd7-7ee4baea5c71,1,7007.705534
2026/02/05/12:18:19,apply-time,rs-007348-rdddt,626e43c3-17f4-4747-969a-7522dece2020,3,7007.705534
2026/02/05/12:18:19,apply-time,rs-007348-t6pbp,f277a604-2bf9-46bf-aefc-6c92fd6e398f,3,7007.705534
2026/02/05/12:18:21,running-time,rs-007348-t6pbp,f277a604-2bf9-46bf-aefc-6c92fd6e398f,3,7009.705534
2026/02/05/12:18:21,apply-time,rs-007349-fbrbq,5572d815-6d5a-4102-aa9c-898dc67617dd,2,7009.705534
2026/02/05/12:18:21,running-time,rs-007349-fbrbq,5572d815-6d5a-4102-aa9c-898dc67617dd,2,7009.705534
2026/02/05/12:18:21,apply-time,rs-007350-9qj59,1d61e2d8-1a3d-42ad-8c8a-89d24f9ba743,2,7009.705534
2026/02/05/12:18:21,running-time,rs-007350-9qj59,1d61e2d8-1a3d-42ad-8c8a-89d24f9ba743,2,7009.705534
2026/02/05/12:18:21,apply-time,rs-007350-h9m54,27c60a90-928f-47a4-82dc-b5a38d806e77,2,7009.705534
2026/02/05/12:18:21,running-time,rs-007350-h9m54,27c60a90-928f-47a4-82dc-b5a38d806e77,2,7009.705534
2026/02/05/12:18:21,apply-time,rs-007350-t4qlt,46495ae4-92b9-42b8-b501-162ffebba22e,2,7009.705534
2026/02/05/12:18:21,running-time,rs-007350-t4qlt,46495ae4-92b9-42b8-b501-162ffebba22e,2,7009.705534
2026/02/05/12:18:22,apply-time,rs-007351-4z2mr,70c7c62b-331a-488d-8270-b908b1b0bd05,1,7010.705534
2026/02/05/12:18:22,running-time,rs-007351-4z2mr,70c7c62b-331a-488d-8270-b908b1b0bd05,1,7010.705534
2026/02/05/12:18:23,apply-time,rs-007352-md6sc,a97fedd7-5bf7-48e5-9371-4baebf3cbd44,4,7011.705534
2026/02/05/12:18:23,running-time,rs-007352-md6sc,a97fedd7-5bf7-48e5-9371-4baebf3cbd44,4,7012.705534
2026/02/05/12:18:26,apply-time,rs-007353-9w68q,f8a9d5a4-6db9-44b8-832f-d9cc656b2e59,3,7015.705534
2026/02/05/12:18:26,running-time,rs-007353-9w68q,f8a9d5a4-6db9-44b8-832f-d9cc656b2e59,3,7015.705534
2026/02/05/12:18:26,apply-time,rs-007353-cw9qt,bf908b53-d368-4f7d-8713-febf3cc84bc3,3,7015.705534
2026/02/05/12:18:26,running-time,rs-007353-cw9qt,bf908b53-d368-4f7d-8713-febf3cc84bc3,3,7015.705534
2026/02/05/12:18:26,apply-time,rs-007353-z47jk,dc53f91c-eabb-48f2-a871-55fdbe4e531d,3,7015.705534
2026/02/05/12:18:26,running-time,rs-007353-z47jk,dc53f91c-eabb-48f2-a871-55fdbe4e531d,3,7015.705534
2026/02/05/12:18:26,apply-time,rs-007354-nrwbj,520c985a-5038-48d9-92bf-7c9848a443c6,3,7015.705534
2026/02/05/12:18:26,running-time,rs-007354-nrwbj,520c985a-5038-48d9-92bf-7c9848a443c6,3,7015.705534
2026/02/05/12:18:26,apply-time,rs-007355-rbtwv,11cd2c02-c681-476f-80d7-bc4caa58ae8a,2,7015.705534
2026/02/05/12:18:27,apply-time,rs-007355-b7vgb,1f149084-33c4-4962-b96c-5d6690a3b6cd,2,7015.705534
2026/02/05/12:18:27,running-time,rs-007355-b7vgb,1f149084-33c4-4962-b96c-5d6690a3b6cd,2,7015.705534
2026/02/05/12:18:27,apply-time,rs-007355-qxdgn,be87fd96-b172-4e02-a92b-c2f6981245ca,2,7015.705534
2026/02/05/12:18:27,running-time,rs-007355-qxdgn,be87fd96-b172-4e02-a92b-c2f6981245ca,2,7015.705534
2026/02/05/12:18:27,running-time,rs-007355-rbtwv,11cd2c02-c681-476f-80d7-bc4caa58ae8a,2,7015.705534
2026/02/05/12:18:27,apply-time,rs-007356-g28q7,89836444-bc63-46c9-ae6d-3910bbe26890,4,7015.705534
2026/02/05/12:18:27,running-time,rs-007356-g28q7,89836444-bc63-46c9-ae6d-3910bbe26890,4,7015.705534
2026/02/05/12:18:27,apply-time,rs-007357-gdj7h,ae220e99-d154-4a9c-af03-786b9ceb3c57,3,7015.705534
2026/02/05/12:18:27,running-time,rs-007357-gdj7h,ae220e99-d154-4a9c-af03-786b9ceb3c57,3,7015.705534
2026/02/05/12:18:32,running-time,rs-007306-wt24g,2a076e5b-0144-4ed9-8c8a-5e9b33504d25,4,7020.705534
2026/02/05/12:18:40,apply-time,rs-007358-6brmj,4ea57835-a19f-4a37-9867-2f958cc1c0f4,1,7028.705534
2026/02/05/12:18:40,running-time,rs-007358-6brmj,4ea57835-a19f-4a37-9867-2f958cc1c0f4,1,7028.705534
2026/02/05/12:18:40,apply-time,rs-007359-8w4gv,e60413df-cdf0-458a-8f11-a05a4f987f6f,1,7028.705534
2026/02/05/12:18:40,running-time,rs-007359-8w4gv,e60413df-cdf0-458a-8f11-a05a4f987f6f,1,7028.705534
2026/02/05/12:18:40,apply-time,rs-007359-8z55x,fa7f7764-36e1-48d0-bfb2-d5db022a7699,1,7028.705534
2026/02/05/12:18:40,running-time,rs-007359-8z55x,fa7f7764-36e1-48d0-bfb2-d5db022a7699,1,7028.705534
2026/02/05/12:18:47,apply-time,rs-007360-hp6x9,9374b044-103a-4ae0-90ff-b2196a54bce9,1,7035.705534
2026/02/05/12:18:47,running-time,rs-007360-hp6x9,9374b044-103a-4ae0-90ff-b2196a54bce9,1,7035.705534
2026/02/05/12:18:47,apply-time,rs-007361-cb5k2,4a079a44-9f80-4e6b-b510-fc50918df0d1,1,7035.705534
2026/02/05/12:18:47,running-time,rs-007361-cb5k2,4a079a44-9f80-4e6b-b510-fc50918df0d1,1,7035.705534
2026/02/05/12:18:47,apply-time,rs-007362-n5mxv,8cd1c5a9-d0e1-4b22-bd1c-c7768a66c171,3,7035.705534
2026/02/05/12:18:47,running-time,rs-007362-n5mxv,8cd1c5a9-d0e1-4b22-bd1c-c7768a66c171,3,7035.705534
2026/02/05/12:18:47,apply-time,rs-007362-th6cd,81306a4e-dcd1-45b2-adde-e8dabc21047a,3,7035.705534
2026/02/05/12:18:47,running-time,rs-007362-th6cd,81306a4e-dcd1-45b2-adde-e8dabc21047a,3,7035.705534
2026/02/05/12:18:47,apply-time,rs-007363-8jfzw,51dd0e33-a9d9-4b18-ba6a-0bc87acedf6e,4,7035.705534
2026/02/05/12:18:47,running-time,rs-007363-8jfzw,51dd0e33-a9d9-4b18-ba6a-0bc87acedf6e,4,7035.705534
2026/02/05/12:18:47,apply-time,rs-007363-m6bkt,7a77a9f6-188a-40d0-b12e-8332f2f237ba,4,7035.705534
2026/02/05/12:18:47,running-time,rs-007363-m6bkt,7a77a9f6-188a-40d0-b12e-8332f2f237ba,4,7035.705534
2026/02/05/12:18:47,apply-time,rs-007363-whfzm,eb456102-2ffa-43fe-8f55-23a0a14d92e8,4,7035.705534
2026/02/05/12:18:47,running-time,rs-007363-whfzm,eb456102-2ffa-43fe-8f55-23a0a14d92e8,4,7035.705534
2026/02/05/12:18:47,apply-time,rs-007364-w2nxz,24432b6e-ad6c-4440-b9d9-9bab1d2d5d18,1,7035.705534
2026/02/05/12:18:47,running-time,rs-007364-w2nxz,24432b6e-ad6c-4440-b9d9-9bab1d2d5d18,1,7035.705534
2026/02/05/12:18:47,apply-time,rs-007364-x7gsl,085e3916-a203-4fe8-ad56-7cd0fdad3a6f,1,7035.705534
2026/02/05/12:18:47,running-time,rs-007364-x7gsl,085e3916-a203-4fe8-ad56-7cd0fdad3a6f,1,7035.705534
2026/02/05/12:18:47,apply-time,rs-007365-7fj5p,78053aaf-3b99-4139-a6fd-22fa0a94d24b,1,7036.705534
2026/02/05/12:18:47,running-time,rs-007365-7fj5p,78053aaf-3b99-4139-a6fd-22fa0a94d24b,1,7036.705534
2026/02/05/12:18:48,apply-time,rs-007365-fsmsf,0a250f4f-428a-445e-b009-113d44483f53,1,7036.705534
2026/02/05/12:18:48,running-time,rs-007365-fsmsf,0a250f4f-428a-445e-b009-113d44483f53,1,7036.705534
2026/02/05/12:18:48,apply-time,rs-007365-gdjkh,8d968358-551d-4add-b692-00c1b8a5767a,1,7036.705534
2026/02/05/12:18:48,running-time,rs-007365-gdjkh,8d968358-551d-4add-b692-00c1b8a5767a,1,7036.705534
2026/02/05/12:18:49,apply-time,rs-007366-7cskq,3a407107-80b7-4da8-85dd-dff84b2dee06,3,7037.705534
2026/02/05/12:18:49,running-time,rs-007366-7cskq,3a407107-80b7-4da8-85dd-dff84b2dee06,3,7037.705534
2026/02/05/12:18:49,apply-time,rs-007366-9gmx8,145d83f8-dbeb-4f2d-a768-19da635fa370,3,7037.705534
2026/02/05/12:18:49,running-time,rs-007366-9gmx8,145d83f8-dbeb-4f2d-a768-19da635fa370,3,7037.705534
2026/02/05/12:18:49,apply-time,rs-007367-4mnmk,aed4b0a5-ed99-47bd-886a-1f8b8337f385,2,7038.705534
2026/02/05/12:18:49,apply-time,rs-007367-g2fmh,885c8a27-5ca9-45a9-b63e-f21fc9c27d1b,2,7038.705534
2026/02/05/12:18:49,apply-time,rs-007367-l7dkn,9fe98811-a513-4c63-9c70-877fa9df57ac,2,7038.705534
2026/02/05/12:18:49,apply-time,rs-007368-mlh4s,ae7a58a9-1cc8-4432-8a03-430e5427037c,3,7038.705534
2026/02/05/12:18:50,running-time,rs-007368-mlh4s,ae7a58a9-1cc8-4432-8a03-430e5427037c,3,7038.705534
2026/02/05/12:18:50,apply-time,rs-007369-fg4fl,6801cb6f-1bbc-4e3e-9888-e7b51fa1cc34,1,7038.705534
2026/02/05/12:18:50,apply-time,rs-007369-pm95d,4103424d-ddab-4d24-b3e9-1ad1e396829b,1,7038.705534
2026/02/05/12:18:50,apply-time,rs-007370-fc78n,66cdb0fa-bd37-418a-a161-42ce010afcee,2,7038.705534
2026/02/05/12:18:50,running-time,rs-007370-fc78n,66cdb0fa-bd37-418a-a161-42ce010afcee,2,7038.705534
2026/02/05/12:18:50,apply-time,rs-007371-ltgg9,ea248c97-9391-4a4b-877b-71b45d70fa73,1,7038.705534
2026/02/05/12:18:50,running-time,rs-007371-ltgg9,ea248c97-9391-4a4b-877b-71b45d70fa73,1,7038.705534
2026/02/05/12:18:50,apply-time,rs-007372-64ls2,589fd32b-09bc-45fc-91ce-0bd0f34ed911,1,7038.705534
2026/02/05/12:18:50,apply-time,rs-007372-m9flg,fcbeb5b3-a8e0-457d-acb0-3d40e05e3e88,1,7038.705534
2026/02/05/12:18:51,running-time,rs-007367-4mnmk,aed4b0a5-ed99-47bd-886a-1f8b8337f385,2,7039.705534
2026/02/05/12:18:51,running-time,rs-007367-l7dkn,9fe98811-a513-4c63-9c70-877fa9df57ac,2,7039.705534
2026/02/05/12:18:54,apply-time,rs-007373-4l5db,ac32d785-59fa-48f5-9606-cf6751338e77,3,7042.705534
2026/02/05/12:18:54,running-time,rs-007373-4l5db,ac32d785-59fa-48f5-9606-cf6751338e77,3,7043.705534
2026/02/05/12:18:54,apply-time,rs-007374-4nqp2,31eba994-b696-4876-b301-bee130edfd7d,3,7043.705534
2026/02/05/12:18:54,running-time,rs-007374-4nqp2,31eba994-b696-4876-b301-bee130edfd7d,3,7043.705534
2026/02/05/12:18:54,apply-time,rs-007374-gzl2k,9c68eb96-f97b-4831-80e7-817f2b42f56a,3,7042.705534
2026/02/05/12:18:54,running-time,rs-007374-gzl2k,9c68eb96-f97b-4831-80e7-817f2b42f56a,3,7043.705534
2026/02/05/12:18:54,apply-time,rs-007374-vmg4m,758a6d05-82a1-4b3d-b247-afb336b18887,3,7043.705534
2026/02/05/12:18:54,running-time,rs-007374-vmg4m,758a6d05-82a1-4b3d-b247-afb336b18887,3,7043.705534
2026/02/05/12:18:54,apply-time,rs-007375-8xflc,efaa672a-d616-47be-b3b4-35851477d65a,4,7042.705534
2026/02/05/12:18:54,running-time,rs-007375-8xflc,efaa672a-d616-47be-b3b4-35851477d65a,4,7043.705534
2026/02/05/12:18:54,apply-time,rs-007375-jk5q7,78452fb0-2f74-43fa-b6fd-5d47f3ba4123,4,7043.705534
2026/02/05/12:18:54,apply-time,rs-007376-c2dfl,87ece124-d08e-4a8c-85fb-1b44d7e308b8,1,7042.705534
2026/02/05/12:18:54,running-time,rs-007376-c2dfl,87ece124-d08e-4a8c-85fb-1b44d7e308b8,1,7042.705534
2026/02/05/12:18:54,apply-time,rs-007376-pvkb6,6ef185e1-3b8a-4ff0-8d13-b9c3575fa266,1,7042.705534
2026/02/05/12:18:54,running-time,rs-007376-pvkb6,6ef185e1-3b8a-4ff0-8d13-b9c3575fa266,1,7043.705534
2026/02/05/12:18:56,running-time,rs-007375-jk5q7,78452fb0-2f74-43fa-b6fd-5d47f3ba4123,4,7044.705534
2026/02/05/12:19:09,apply-time,rs-007377-2jppz,34c12b64-bd8b-47e1-9bb4-1c717731c619,4,7057.705534
2026/02/05/12:19:09,running-time,rs-007377-2jppz,34c12b64-bd8b-47e1-9bb4-1c717731c619,4,7057.705534
2026/02/05/12:19:09,apply-time,rs-007377-fxlvj,9a8120db-5121-439f-a612-a412ec7c4f18,4,7057.705534
2026/02/05/12:19:09,running-time,rs-007377-fxlvj,9a8120db-5121-439f-a612-a412ec7c4f18,4,7057.705534
2026/02/05/12:19:09,apply-time,rs-007377-rx5f8,5d71462c-487c-4fa7-9dad-a205f0d89d0f,4,7057.705534
2026/02/05/12:19:09,running-time,rs-007377-rx5f8,5d71462c-487c-4fa7-9dad-a205f0d89d0f,4,7057.705534
2026/02/05/12:19:09,apply-time,rs-007378-svbd5,2cf45aa3-f883-4651-a9f7-a74e0f107381,2,7057.705534
2026/02/05/12:19:09,running-time,rs-007378-svbd5,2cf45aa3-f883-4651-a9f7-a74e0f107381,2,7057.705534
2026/02/05/12:19:09,apply-time,rs-007379-nml6x,1b13c448-ddef-49d3-9688-b19f64d2c131,3,7057.705534
2026/02/05/12:19:09,running-time,rs-007379-nml6x,1b13c448-ddef-49d3-9688-b19f64d2c131,3,7057.705534
2026/02/05/12:19:09,apply-time,rs-007380-5l6nf,7eec2de8-28bb-4593-be93-c296e5eee629,3,7057.705534
2026/02/05/12:19:09,running-time,rs-007380-5l6nf,7eec2de8-28bb-4593-be93-c296e5eee629,3,7057.705534
2026/02/05/12:19:11,apply-time,rs-007381-c6m77,1a79ba20-2098-4844-beb2-85b23a27b4ae,4,7059.705534
2026/02/05/12:19:11,running-time,rs-007381-c6m77,1a79ba20-2098-4844-beb2-85b23a27b4ae,4,7059.705534
2026/02/05/12:19:12,apply-time,rs-007382-8l5mk,1615793f-b9a8-4828-a4e6-5e746f4ab260,1,7060.705534
2026/02/05/12:19:12,running-time,rs-007382-8l5mk,1615793f-b9a8-4828-a4e6-5e746f4ab260,1,7060.705534
2026/02/05/12:19:12,apply-time,rs-007382-gg8fs,5f4d0b1d-440a-47ee-95d0-5a1b91ae3f7d,1,7060.705534
2026/02/05/12:19:12,running-time,rs-007382-gg8fs,5f4d0b1d-440a-47ee-95d0-5a1b91ae3f7d,1,7060.705534
2026/02/05/12:19:14,apply-time,rs-007383-2drk5,0b569c78-5850-4bd7-b064-4d42def5e16f,1,7062.705534
2026/02/05/12:19:14,running-time,rs-007383-2drk5,0b569c78-5850-4bd7-b064-4d42def5e16f,1,7062.705534
2026/02/05/12:19:14,apply-time,rs-007383-ds56q,5a52884a-25ee-4107-bf69-c42349837686,1,7062.705534
2026/02/05/12:19:14,running-time,rs-007383-ds56q,5a52884a-25ee-4107-bf69-c42349837686,1,7062.705534
2026/02/05/12:19:14,apply-time,rs-007384-ppg89,d722dc9d-2fd8-40ae-85a6-e28abf054990,2,7062.705534
2026/02/05/12:19:14,running-time,rs-007384-ppg89,d722dc9d-2fd8-40ae-85a6-e28abf054990,2,7062.705534
2026/02/05/12:19:14,apply-time,rs-007385-94mrj,a8b82d04-dc3c-4855-870a-0db48ccb8e5d,3,7062.705534
2026/02/05/12:19:14,apply-time,rs-007385-pz8jt,f597f31d-193e-4237-95a5-ad4cfb382249,3,7062.705534
2026/02/05/12:19:14,apply-time,rs-007386-sgxt8,fb362887-2ed9-497c-b4a0-79282a9485fa,1,7062.705534
2026/02/05/12:19:14,running-time,rs-007386-sgxt8,fb362887-2ed9-497c-b4a0-79282a9485fa,1,7062.705534
2026/02/05/12:19:14,apply-time,rs-007386-wp9lh,15f69c3f-0f8a-4319-9554-b10b5f8b66dc,1,7062.705534
2026/02/05/12:19:14,running-time,rs-007386-wp9lh,15f69c3f-0f8a-4319-9554-b10b5f8b66dc,1,7062.705534
2026/02/05/12:19:14,apply-time,rs-007387-4tlxm,947981fc-8542-41de-bfa3-c638ad350316,3,7062.705534
2026/02/05/12:19:14,running-time,rs-007387-4tlxm,947981fc-8542-41de-bfa3-c638ad350316,3,7062.705534
2026/02/05/12:19:14,apply-time,rs-007388-fm5jz,ef320e4c-ca3f-499a-9f47-8977891fb8af,1,7062.705534
2026/02/05/12:19:14,running-time,rs-007388-fm5jz,ef320e4c-ca3f-499a-9f47-8977891fb8af,1,7062.705534
2026/02/05/12:19:14,apply-time,rs-007388-vl8rd,d939650d-7b3b-4ec3-9644-acea040e6179,1,7062.705534
2026/02/05/12:19:14,running-time,rs-007388-vl8rd,d939650d-7b3b-4ec3-9644-acea040e6179,1,7062.705534
2026/02/05/12:19:14,apply-time,rs-007389-xw6nc,7ecc462f-3678-480b-b40a-d3d1eb6ae295,1,7062.705534
2026/02/05/12:19:14,running-time,rs-007389-xw6nc,7ecc462f-3678-480b-b40a-d3d1eb6ae295,1,7062.705534
2026/02/05/12:19:15,apply-time,rs-007390-4dvsm,097d7eca-913e-4e4b-a8dc-f090311407a2,3,7063.705534
2026/02/05/12:19:15,running-time,rs-007390-4dvsm,097d7eca-913e-4e4b-a8dc-f090311407a2,3,7063.705534
2026/02/05/12:19:15,apply-time,rs-007391-27rgp,5c16bbf4-13cc-4ef9-92c5-f35e270c2c2d,2,7063.705534
2026/02/05/12:19:15,running-time,rs-007391-27rgp,5c16bbf4-13cc-4ef9-92c5-f35e270c2c2d,2,7063.705534
2026/02/05/12:19:15,apply-time,rs-007391-zch4t,fa4859a4-e61c-4064-bc30-8626b849183b,2,7063.705534
2026/02/05/12:19:15,running-time,rs-007391-zch4t,fa4859a4-e61c-4064-bc30-8626b849183b,2,7063.705534
2026/02/05/12:19:16,apply-time,rs-007392-tx7kr,2b1d4436-98b6-4559-ba44-fa191352b7e7,1,7064.705534
2026/02/05/12:19:16,running-time,rs-007392-tx7kr,2b1d4436-98b6-4559-ba44-fa191352b7e7,1,7064.705534
2026/02/05/12:19:17,apply-time,rs-007393-4bbn2,89860e63-a08d-45c9-9f1e-5b85e2608b52,4,7065.705534
2026/02/05/12:19:17,running-time,rs-007393-4bbn2,89860e63-a08d-45c9-9f1e-5b85e2608b52,4,7065.705534
2026/02/05/12:19:17,apply-time,rs-007393-8tr9k,391c36d6-46b6-4e53-b601-4ec069e02842,4,7065.705534
2026/02/05/12:19:17,running-time,rs-007393-8tr9k,391c36d6-46b6-4e53-b601-4ec069e02842,4,7065.705534
2026/02/05/12:19:17,apply-time,rs-007393-j4dqg,b60e099d-16b8-41de-9cbf-13ed0a9b2d68,4,7065.705534
2026/02/05/12:19:17,running-time,rs-007393-j4dqg,b60e099d-16b8-41de-9cbf-13ed0a9b2d68,4,7065.705534
2026/02/05/12:19:17,apply-time,rs-007394-kdcdp,5bc4d206-bf90-4cf4-a366-57ba8e765a79,2,7065.705534
2026/02/05/12:19:17,running-time,rs-007394-kdcdp,5bc4d206-bf90-4cf4-a366-57ba8e765a79,2,7065.705534
2026/02/05/12:19:17,apply-time,rs-007394-tbp7l,f864252d-f6b2-4c87-a4ed-60ec6b30d7ac,2,7065.705534
2026/02/05/12:19:17,running-time,rs-007394-tbp7l,f864252d-f6b2-4c87-a4ed-60ec6b30d7ac,2,7065.705534
2026/02/05/12:19:22,apply-time,rs-007395-49zsw,c8648485-2a32-457b-96e9-b0df5bbd1130,2,7070.705534
2026/02/05/12:19:22,running-time,rs-007395-49zsw,c8648485-2a32-457b-96e9-b0df5bbd1130,2,7070.705534
2026/02/05/12:19:22,apply-time,rs-007395-7pvm2,c6d2f753-3416-4227-b09f-36dae480ebb7,2,7070.705534
2026/02/05/12:19:22,running-time,rs-007395-7pvm2,c6d2f753-3416-4227-b09f-36dae480ebb7,2,7070.705534
2026/02/05/12:19:22,apply-time,rs-007395-d6lhj,d0f20de2-5409-4bae-bf95-3fffd8964d7b,2,7070.705534
2026/02/05/12:19:22,running-time,rs-007395-d6lhj,d0f20de2-5409-4bae-bf95-3fffd8964d7b,2,7070.705534
2026/02/05/12:19:22,apply-time,rs-007396-7x8sb,254abc4a-e483-4d82-a4f9-776e03c0908d,1,7070.705534
2026/02/05/12:19:22,running-time,rs-007396-7x8sb,254abc4a-e483-4d82-a4f9-776e03c0908d,1,7070.705534
2026/02/05/12:19:22,apply-time,rs-007396-ffnqp,816bc37b-ab90-4013-82ef-7b5f35392e4c,1,7070.705534
2026/02/05/12:19:22,apply-time,rs-007397-x52gl,fad70c5b-2972-48bf-8f90-1c966eb0c90e,2,7070.705534
2026/02/05/12:19:22,running-time,rs-007397-x52gl,fad70c5b-2972-48bf-8f90-1c966eb0c90e,2,7070.705534
2026/02/05/12:19:22,apply-time,rs-007398-jjj9l,724c18a5-34b0-4073-8eda-ccbd87086369,2,7070.705534
2026/02/05/12:19:22,running-time,rs-007398-jjj9l,724c18a5-34b0-4073-8eda-ccbd87086369,2,7070.705534
2026/02/05/12:19:22,apply-time,rs-007399-66jht,84e919b0-4fe6-4af3-80db-0dde32d29668,2,7070.705534
2026/02/05/12:19:22,running-time,rs-007399-66jht,84e919b0-4fe6-4af3-80db-0dde32d29668,2,7070.705534
2026/02/05/12:19:22,apply-time,rs-007399-97wfv,d8c68bf6-4a9d-4ea4-a574-8f1284b920fc,2,7070.705534
2026/02/05/12:19:22,running-time,rs-007399-97wfv,d8c68bf6-4a9d-4ea4-a574-8f1284b920fc,2,7070.705534
2026/02/05/12:19:22,apply-time,rs-007400-44gx8,f8e718e4-3c78-424c-b971-92c9581f9480,1,7070.705534
2026/02/05/12:19:22,running-time,rs-007400-44gx8,f8e718e4-3c78-424c-b971-92c9581f9480,1,7070.705534
2026/02/05/12:19:22,apply-time,rs-007400-7lrb6,ebb96f67-fa6c-45bc-83ec-e6cab00f3b02,1,7070.705534
2026/02/05/12:19:22,running-time,rs-007400-7lrb6,ebb96f67-fa6c-45bc-83ec-e6cab00f3b02,1,7070.705534
2026/02/05/12:19:22,apply-time,rs-007400-rwwk9,36077674-c643-4a99-b777-ac45d1db6acb,1,7070.705534
2026/02/05/12:19:22,running-time,rs-007400-rwwk9,36077674-c643-4a99-b777-ac45d1db6acb,1,7070.705534
2026/02/05/12:19:22,apply-time,rs-007401-6bcxt,aa5193ea-994c-493b-8201-c5eb147a1e12,2,7070.705534
2026/02/05/12:19:34,apply-time,rs-007402-t6k7b,68c8d327-5fd9-4004-8fe7-504692d738ef,4,7082.705534
2026/02/05/12:19:34,apply-time,rs-007402-thbll,ce54d739-2235-4ae3-b712-ef83d955cec7,4,7082.705534
2026/02/05/12:19:34,apply-time,rs-007402-w598v,feccffb2-9e51-4bee-8e3c-6275a266ffce,4,7082.705534
2026/02/05/12:19:34,running-time,rs-007402-w598v,feccffb2-9e51-4bee-8e3c-6275a266ffce,4,7082.705534
2026/02/05/12:19:34,apply-time,rs-007403-jdhp9,37824d8a-2222-4cb5-886f-3cd71fc947cd,3,7082.705534
2026/02/05/12:19:34,running-time,rs-007403-jdhp9,37824d8a-2222-4cb5-886f-3cd71fc947cd,3,7082.705534
2026/02/05/12:19:34,apply-time,rs-007403-qb64j,96151b09-1a7e-4b29-8448-edccb39525e6,3,7082.705534
2026/02/05/12:19:34,running-time,rs-007403-qb64j,96151b09-1a7e-4b29-8448-edccb39525e6,3,7082.705534
2026/02/05/12:19:34,apply-time,rs-007403-wspqj,4f091e72-0c42-401a-9a0c-5488524c79b6,3,7082.705534
2026/02/05/12:19:34,running-time,rs-007403-wspqj,4f091e72-0c42-401a-9a0c-5488524c79b6,3,7082.705534
2026/02/05/12:19:34,apply-time,rs-007404-6x58d,fdb8c655-edc4-4937-bf01-d01b741f2a24,2,7082.705534
2026/02/05/12:19:34,apply-time,rs-007404-g6fdk,0656da3f-a6c8-43be-8bc0-f67154b26d39,2,7082.705534
2026/02/05/12:19:34,apply-time,rs-007404-htql8,f0b46647-874a-405d-b566-a4c8792f7682,2,7082.705534
2026/02/05/12:19:34,apply-time,rs-007405-c5qnt,a9e137c8-a671-4ee6-91cc-6d4adf0098d9,2,7083.705534
2026/02/05/12:19:34,running-time,rs-007405-c5qnt,a9e137c8-a671-4ee6-91cc-6d4adf0098d9,2,7083.705534
2026/02/05/12:19:34,apply-time,rs-007405-dzg6j,9f80b2cf-f83e-416e-9b3c-ef505942b71e,2,7083.705534
2026/02/05/12:19:34,running-time,rs-007405-dzg6j,9f80b2cf-f83e-416e-9b3c-ef505942b71e,2,7083.705534
2026/02/05/12:19:34,apply-time,rs-007405-frjgs,15ed9e75-cf3b-45a6-8dc0-8db8dcd97466,2,7083.705534
2026/02/05/12:19:34,running-time,rs-007405-frjgs,15ed9e75-cf3b-45a6-8dc0-8db8dcd97466,2,7083.705534
2026/02/05/12:19:34,apply-time,rs-007406-9gsj9,59f9175a-e891-4a16-814f-5a31d725d296,1,7083.705534
2026/02/05/12:19:34,apply-time,rs-007406-m6qj2,901b5064-b283-4bb9-9fcc-a4e55c5b6e6a,1,7083.705534
2026/02/05/12:19:34,apply-time,rs-007406-rh84j,9cf41966-6041-44a7-9546-8f42de4668fb,1,7083.705534
2026/02/05/12:19:34,apply-time,rs-007407-2fzm9,049acd4a-8ce7-4bd2-9590-e1d61d1ec9b9,2,7083.705534
2026/02/05/12:19:34,running-time,rs-007407-2fzm9,049acd4a-8ce7-4bd2-9590-e1d61d1ec9b9,2,7083.705534
2026/02/05/12:19:34,apply-time,rs-007407-tsrvh,2c718519-1998-4b49-ad13-0923d155bbf6,2,7082.705534
2026/02/05/12:19:34,running-time,rs-007407-tsrvh,2c718519-1998-4b49-ad13-0923d155bbf6,2,7083.705534
2026/02/05/12:19:35,apply-time,rs-007408-5jg2r,00c9add9-c8e9-4717-8422-661d6dfd25c9,4,7083.705534
2026/02/05/12:19:35,running-time,rs-007408-5jg2r,00c9add9-c8e9-4717-8422-661d6dfd25c9,4,7083.705534
2026/02/05/12:19:35,apply-time,rs-007409-s8zd7,83f9d249-f81e-40b7-bd68-fc28353f93e2,1,7083.705534
2026/02/05/12:19:35,running-time,rs-007409-s8zd7,83f9d249-f81e-40b7-bd68-fc28353f93e2,1,7083.705534
2026/02/05/12:19:35,apply-time,rs-007410-4snbl,bf5a3014-d484-4c38-9080-0cd8e533d93f,4,7083.705534
2026/02/05/12:19:35,running-time,rs-007410-4snbl,bf5a3014-d484-4c38-9080-0cd8e533d93f,4,7083.705534
2026/02/05/12:19:35,apply-time,rs-007410-c2vwb,57826ad8-88ee-4c70-89ef-7a82a3cc2889,4,7083.705534
2026/02/05/12:19:35,running-time,rs-007410-c2vwb,57826ad8-88ee-4c70-89ef-7a82a3cc2889,4,7083.705534
2026/02/05/12:19:35,apply-time,rs-007410-jh8db,9b518648-e01d-4633-b0dd-ed6a880df522,4,7083.705534
2026/02/05/12:19:35,running-time,rs-007410-jh8db,9b518648-e01d-4633-b0dd-ed6a880df522,4,7083.705534
2026/02/05/12:19:35,apply-time,rs-007411-8pv52,06a9413e-f92f-4f95-9080-a7ee0e41cbe7,2,7083.705534
2026/02/05/12:19:35,apply-time,rs-007411-qc2bj,6164c07b-c4d4-41c0-a863-7c0485ded37f,2,7083.705534
2026/02/05/12:19:36,running-time,rs-007404-g6fdk,0656da3f-a6c8-43be-8bc0-f67154b26d39,2,7084.705534
2026/02/05/12:19:37,running-time,rs-007404-6x58d,fdb8c655-edc4-4937-bf01-d01b741f2a24,2,7085.705534
2026/02/05/12:19:37,running-time,rs-007404-htql8,f0b46647-874a-405d-b566-a4c8792f7682,2,7085.705534
2026/02/05/12:19:37,running-time,rs-007406-9gsj9,59f9175a-e891-4a16-814f-5a31d725d296,1,7085.705534
2026/02/05/12:19:39,apply-time,rs-007412-8vwht,9ac41153-e2df-41ee-902b-323fca5e174b,3,7088.705534
2026/02/05/12:19:39,running-time,rs-007412-8vwht,9ac41153-e2df-41ee-902b-323fca5e174b,3,7088.705534
2026/02/05/12:19:39,apply-time,rs-007412-vhh4g,62d55ee6-3efb-482b-9949-e77dc319e4a9,3,7088.705534
2026/02/05/12:19:39,running-time,rs-007412-vhh4g,62d55ee6-3efb-482b-9949-e77dc319e4a9,3,7088.705534
2026/02/05/12:19:39,apply-time,rs-007413-922jh,c2b91459-3592-4851-9165-fcaee9242a1b,1,7088.705534
2026/02/05/12:19:39,apply-time,rs-007413-sqbk8,079d30d5-b168-474f-9f66-c39a0f50c39d,1,7088.705534
2026/02/05/12:19:39,running-time,rs-007413-sqbk8,079d30d5-b168-474f-9f66-c39a0f50c39d,1,7088.705534
2026/02/05/12:19:40,running-time,rs-007413-922jh,c2b91459-3592-4851-9165-fcaee9242a1b,1,7088.705534
2026/02/05/12:19:41,apply-time,rs-007414-7vgp6,d120cde1-1bad-4274-9470-cb9bc329a66d,1,7089.705534
2026/02/05/12:19:41,apply-time,rs-007414-b67vr,8c3778bf-13d7-4542-b847-efaab4c78809,1,7089.705534
2026/02/05/12:19:41,running-time,rs-007414-b67vr,8c3778bf-13d7-4542-b847-efaab4c78809,1,7089.705534
2026/02/05/12:19:41,apply-time,rs-007414-tsvth,7c637f8b-7a56-4039-8570-cea2b3dddd0e,1,7089.705534
2026/02/05/12:19:41,running-time,rs-007414-tsvth,7c637f8b-7a56-4039-8570-cea2b3dddd0e,1,7089.705534
2026/02/05/12:19:41,apply-time,rs-007415-875bz,4addd6c8-997f-49a3-bef3-2438d295d843,4,7089.705534
2026/02/05/12:19:41,running-time,rs-007415-875bz,4addd6c8-997f-49a3-bef3-2438d295d843,4,7089.705534
2026/02/05/12:19:41,apply-time,rs-007415-jpjmn,6c38319f-1e56-44dd-a07d-16a180237b52,4,7089.705534
2026/02/05/12:19:41,running-time,rs-007415-jpjmn,6c38319f-1e56-44dd-a07d-16a180237b52,4,7089.705534
2026/02/05/12:19:41,apply-time,rs-007416-l2rvm,067b38e8-3d41-48c3-971c-dc6eaccc4d34,4,7089.705534
2026/02/05/12:19:41,running-time,rs-007416-l2rvm,067b38e8-3d41-48c3-971c-dc6eaccc4d34,4,7089.705534
2026/02/05/12:19:41,apply-time,rs-007416-sjrp8,3271f1f2-90d3-44e6-9134-d23a9b58afce,4,7089.705534
2026/02/05/12:19:41,running-time,rs-007416-sjrp8,3271f1f2-90d3-44e6-9134-d23a9b58afce,4,7089.705534
2026/02/05/12:19:41,apply-time,rs-007417-297r2,ae147b02-c203-4233-9d9f-a533741766f8,4,7089.705534
2026/02/05/12:19:41,running-time,rs-007417-297r2,ae147b02-c203-4233-9d9f-a533741766f8,4,7089.705534
2026/02/05/12:19:41,apply-time,rs-007417-b5dxq,c6d2c2f3-f0b6-40f7-8ade-9653b5908783,4,7089.705534
2026/02/05/12:19:41,running-time,rs-007417-b5dxq,c6d2c2f3-f0b6-40f7-8ade-9653b5908783,4,7089.705534
2026/02/05/12:19:41,apply-time,rs-007418-58tpn,eea2aa0e-66fb-4f1a-92ba-78cf9bc84867,3,7089.705534
2026/02/05/12:19:41,running-time,rs-007418-58tpn,eea2aa0e-66fb-4f1a-92ba-78cf9bc84867,3,7089.705534
2026/02/05/12:19:41,apply-time,rs-007419-pzpgv,4412f9d5-8d75-4dd1-b65c-7ac7ae40b375,1,7089.705534
2026/02/05/12:19:41,apply-time,rs-007420-zj5wk,b4565383-5988-462e-b03e-8d8b8ef22462,2,7089.705534
2026/02/05/12:19:41,apply-time,rs-007421-cg6l2,606625fb-ed10-4361-9ec1-a8671fa11c7c,4,7090.705534
2026/02/05/12:19:41,running-time,rs-007421-cg6l2,606625fb-ed10-4361-9ec1-a8671fa11c7c,4,7090.705534
2026/02/05/12:19:41,apply-time,rs-007422-rns8d,acd1fcd0-047d-404c-89e6-7df5ea2f68d0,1,7090.705534
2026/02/05/12:19:42,running-time,rs-007420-zj5wk,b4565383-5988-462e-b03e-8d8b8ef22462,2,7090.705534
2026/02/05/12:19:42,apply-time,rs-007421-k5fb7,0fdfa5e5-2740-419a-8018-b9eaeeffa1c8,4,7090.705534
2026/02/05/12:19:42,running-time,rs-007421-k5fb7,0fdfa5e5-2740-419a-8018-b9eaeeffa1c8,4,7090.705534
2026/02/05/12:19:42,apply-time,rs-007423-9vm9m,216eeef4-4a2b-45ac-8db3-fa4dc555e6fa,2,7090.705534
2026/02/05/12:19:42,apply-time,rs-007423-m97sv,b3199908-8a42-4b88-98ee-6e95417a4264,2,7090.705534
2026/02/05/12:19:42,apply-time,rs-007424-xv4nr,eb233942-2e09-4647-b143-02860ab165ec,2,7090.705534
2026/02/05/12:19:42,apply-time,rs-007425-g78sm,780d3164-d341-4380-a176-4df7561bd128,3,7090.705534
2026/02/05/12:19:42,running-time,rs-007425-g78sm,780d3164-d341-4380-a176-4df7561bd128,3,7090.705534
2026/02/05/12:19:42,apply-time,rs-007426-bc9hs,3f8a123f-96d5-4cc2-9da6-45ee22cb9c5c,1,7091.705534
2026/02/05/12:19:42,apply-time,rs-007426-xsqzw,481848d8-a9ff-4269-939e-c84387c4bddd,1,7090.705534
2026/02/05/12:19:42,apply-time,rs-007427-bx7v5,5a086feb-d2f4-4660-922d-68d988a1814f,2,7090.705534
2026/02/05/12:19:42,apply-time,rs-007428-s2gzz,bc0183da-582d-4013-8915-0e3601eaf9f5,3,7091.705534
2026/02/05/12:19:42,running-time,rs-007428-s2gzz,bc0183da-582d-4013-8915-0e3601eaf9f5,3,7091.705534
2026/02/05/12:19:43,running-time,rs-007419-pzpgv,4412f9d5-8d75-4dd1-b65c-7ac7ae40b375,1,7091.705534
2026/02/05/12:19:43,running-time,rs-007423-9vm9m,216eeef4-4a2b-45ac-8db3-fa4dc555e6fa,2,7091.705534
2026/02/05/12:19:43,running-time,rs-007423-m97sv,b3199908-8a42-4b88-98ee-6e95417a4264,2,7091.705534
2026/02/05/12:19:43,apply-time,rs-007427-8rc45,af15ed18-ac1a-49cc-963c-ddcd84ccbe05,2,7091.705534
2026/02/05/12:19:43,apply-time,rs-007427-vcnkz,dfbe372b-9b9b-4a65-b626-45979f2d99f5,2,7091.705534
2026/02/05/12:19:43,apply-time,rs-007428-jlnsb,2665aefc-6019-4c86-8547-9d03a14aad4a,3,7091.705534
2026/02/05/12:19:43,running-time,rs-007428-jlnsb,2665aefc-6019-4c86-8547-9d03a14aad4a,3,7091.705534
2026/02/05/12:19:43,apply-time,rs-007428-xtcwc,686bbd75-9b12-47e2-bc1e-7a233b18fb69,3,7091.705534
2026/02/05/12:19:43,running-time,rs-007428-xtcwc,686bbd75-9b12-47e2-bc1e-7a233b18fb69,3,7092.705534
2026/02/05/12:19:43,apply-time,rs-007429-588rr,20e03b93-27d8-4f57-a96d-847129bbdd6a,2,7091.705534
2026/02/05/12:19:43,apply-time,rs-007429-8qk72,82aeb779-0ce6-48cd-bc7e-be188385f2e5,2,7091.705534
2026/02/05/12:19:43,apply-time,rs-007429-qsrkq,80786721-758a-4d20-bfe6-25764abfe2c5,2,7091.705534
2026/02/05/12:19:43,apply-time,rs-007430-67q27,37f71702-78b4-4491-b6f8-10efe4c1a555,1,7092.705534
2026/02/05/12:19:43,apply-time,rs-007430-fzmvm,166b933b-5fab-4cab-82f4-9be3ec398efe,1,7091.705534
2026/02/05/12:19:43,apply-time,rs-007430-xjqm9,5f9d6218-35f4-4ac7-940a-43dc5fbed887,1,7092.705534
2026/02/05/12:19:44,running-time,rs-007424-xv4nr,eb233942-2e09-4647-b143-02860ab165ec,2,7092.705534
2026/02/05/12:19:44,running-time,rs-007429-588rr,20e03b93-27d8-4f57-a96d-847129bbdd6a,2,7092.705534
2026/02/05/12:19:44,running-time,rs-007429-qsrkq,80786721-758a-4d20-bfe6-25764abfe2c5,2,7092.705534
2026/02/05/12:19:45,apply-time,rs-007431-fsg9q,6e871a4b-26a5-4bad-866d-b6eff2fc23cd,1,7094.705534
2026/02/05/12:19:45,running-time,rs-007431-fsg9q,6e871a4b-26a5-4bad-866d-b6eff2fc23cd,1,7094.705534
2026/02/05/12:19:45,apply-time,rs-007431-lrc2w,670b60aa-6480-485f-826a-756e584830ce,1,7093.705534
2026/02/05/12:19:45,running-time,rs-007431-lrc2w,670b60aa-6480-485f-826a-756e584830ce,1,7093.705534
2026/02/05/12:19:45,apply-time,rs-007432-pd7wr,a470dcfb-4455-42d7-9c91-2a641a1e2498,2,7093.705534
2026/02/05/12:19:45,apply-time,rs-007433-wn5ks,49a1ab9a-c93a-4cc3-b962-c7436f3f96b7,2,7093.705534
2026/02/05/12:19:45,running-time,rs-007433-wn5ks,49a1ab9a-c93a-4cc3-b962-c7436f3f96b7,2,7093.705534
2026/02/05/12:19:45,apply-time,rs-007434-fsdwn,1bd51c75-7233-4888-ac1b-845a63838457,2,7094.705534
2026/02/05/12:19:45,apply-time,rs-007434-gvnzh,bb7881c5-f4e8-48e9-93c0-aeeae491a087,2,7093.705534
2026/02/05/12:19:46,apply-time,rs-007434-hr97l,26e24d44-c19d-4eb3-b15c-787873e1e774,2,7094.705534
2026/02/05/12:19:46,apply-time,rs-007435-xqlht,66313dd3-f548-490c-a8f1-5405785e5ace,1,7094.705534
2026/02/05/12:19:47,running-time,rs-007432-pd7wr,a470dcfb-4455-42d7-9c91-2a641a1e2498,2,7095.705534
2026/02/05/12:19:48,running-time,rs-007434-hr97l,26e24d44-c19d-4eb3-b15c-787873e1e774,2,7096.705534
2026/02/05/12:19:49,running-time,rs-007434-gvnzh,bb7881c5-f4e8-48e9-93c0-aeeae491a087,2,7097.705534
2026/02/05/12:19:52,running-time,rs-007429-8qk72,82aeb779-0ce6-48cd-bc7e-be188385f2e5,2,7100.705534
2026/02/05/12:19:52,running-time,rs-007434-fsdwn,1bd51c75-7233-4888-ac1b-845a63838457,2,7101.705534
2026/02/05/12:19:54,apply-time,rs-007436-7w9f2,727a4a3f-04b9-4a73-8992-b4e82083707c,1,7102.705534
2026/02/05/12:19:54,running-time,rs-007436-7w9f2,727a4a3f-04b9-4a73-8992-b4e82083707c,1,7102.705534
2026/02/05/12:19:54,apply-time,rs-007436-9pcs6,e7476096-e8a0-41ad-b0e5-23930dec9e62,1,7102.705534
2026/02/05/12:19:54,running-time,rs-007436-9pcs6,e7476096-e8a0-41ad-b0e5-23930dec9e62,1,7102.705534
2026/02/05/12:19:54,apply-time,rs-007436-fhtp7,41cb39c1-b3a7-408d-bae5-4f142e60c60a,1,7102.705534
2026/02/05/12:19:54,running-time,rs-007436-fhtp7,41cb39c1-b3a7-408d-bae5-4f142e60c60a,1,7102.705534
2026/02/05/12:19:54,apply-time,rs-007437-7t7rn,5b6bb17c-7367-467c-a9ea-db35cc3efdd3,2,7102.705534
2026/02/05/12:19:54,running-time,rs-007437-7t7rn,5b6bb17c-7367-467c-a9ea-db35cc3efdd3,2,7103.705534
2026/02/05/12:19:54,apply-time,rs-007438-hx5c7,cfbc1769-1d7f-4e98-8e67-83ed6acc2a31,4,7103.705534
2026/02/05/12:19:54,running-time,rs-007438-hx5c7,cfbc1769-1d7f-4e98-8e67-83ed6acc2a31,4,7103.705534
2026/02/05/12:20:01,apply-time,rs-007439-7kzfd,afd51692-deb1-4e5d-96c5-7e394b3d3abc,2,7109.705534
2026/02/05/12:20:01,running-time,rs-007439-7kzfd,afd51692-deb1-4e5d-96c5-7e394b3d3abc,2,7109.705534
2026/02/05/12:20:01,apply-time,rs-007439-v5965,ffb71b92-f071-47f5-a5a5-5f0e7250963d,2,7109.705534
2026/02/05/12:20:01,apply-time,rs-007440-cm9kx,7e7384d6-8bf2-4b4d-b48e-1fe02285c29a,1,7109.705534
2026/02/05/12:20:01,running-time,rs-007440-cm9kx,7e7384d6-8bf2-4b4d-b48e-1fe02285c29a,1,7109.705534
2026/02/05/12:20:02,apply-time,rs-007441-ggwl9,d2c8ee96-132d-458e-890b-221ae418c488,1,7110.705534
2026/02/05/12:20:02,running-time,rs-007441-ggwl9,d2c8ee96-132d-458e-890b-221ae418c488,1,7110.705534
2026/02/05/12:20:02,apply-time,rs-007441-slvq9,73be0c2e-06fd-4d49-81eb-a596e4f85610,1,7110.705534
2026/02/05/12:20:02,running-time,rs-007441-slvq9,73be0c2e-06fd-4d49-81eb-a596e4f85610,1,7110.705534
2026/02/05/12:20:05,apply-time,rs-007442-bmh2f,d71de797-bb60-4885-82f2-9cd873cee139,1,7113.705534
2026/02/05/12:20:05,apply-time,rs-007442-svlcg,5dc7508a-221c-41a2-b583-0e278d605023,1,7113.705534
2026/02/05/12:20:05,apply-time,rs-007443-29w69,4f9839cc-582c-480d-b1e0-0fba75aabac0,3,7113.705534
2026/02/05/12:20:05,running-time,rs-007443-29w69,4f9839cc-582c-480d-b1e0-0fba75aabac0,3,7113.705534
2026/02/05/12:20:05,apply-time,rs-007444-l4d5d,e3cc4eca-4f0b-4e63-9f9f-d2324b64ee5b,4,7113.705534
2026/02/05/12:20:05,running-time,rs-007444-l4d5d,e3cc4eca-4f0b-4e63-9f9f-d2324b64ee5b,4,7113.705534
2026/02/05/12:20:06,apply-time,rs-007445-dkt6x,3a038492-d435-4a92-87ba-841733771c3d,3,7114.705534
2026/02/05/12:20:06,running-time,rs-007445-dkt6x,3a038492-d435-4a92-87ba-841733771c3d,3,7114.705534
2026/02/05/12:20:06,apply-time,rs-007445-m8zfx,c33d4616-c1f6-4b6e-a131-a0f9c4e1b4d5,3,7114.705534
2026/02/05/12:20:06,running-time,rs-007445-m8zfx,c33d4616-c1f6-4b6e-a131-a0f9c4e1b4d5,3,7114.705534
2026/02/05/12:20:06,apply-time,rs-007445-rgn7j,166babf5-e41d-4442-99f1-7af4e0699f69,3,7114.705534
2026/02/05/12:20:06,running-time,rs-007445-rgn7j,166babf5-e41d-4442-99f1-7af4e0699f69,3,7114.705534
2026/02/05/12:20:06,apply-time,rs-007446-cntb9,84cc29f1-196f-4aa7-b19c-7a728b2e5c3d,2,7114.705534
2026/02/05/12:20:06,apply-time,rs-007447-hfqjz,6b1a98d0-fe4f-4176-824f-7cae6111774c,4,7114.705534
2026/02/05/12:20:06,apply-time,rs-007447-jp7vj,a87cfc0a-b12f-4251-b9c2-893df9c61a0f,4,7114.705534
2026/02/05/12:20:06,apply-time,rs-007448-fn2m7,d11f85c5-1db6-415d-a4e3-5ac210db1c0a,3,7114.705534
2026/02/05/12:20:06,running-time,rs-007448-fn2m7,d11f85c5-1db6-415d-a4e3-5ac210db1c0a,3,7114.705534
2026/02/05/12:20:06,apply-time,rs-007449-kxsh5,b2cfafa1-1cf9-4ce9-9f47-d6ebf927ef5b,1,7114.705534
2026/02/05/12:20:06,running-time,rs-007449-kxsh5,b2cfafa1-1cf9-4ce9-9f47-d6ebf927ef5b,1,7114.705534
2026/02/05/12:20:06,apply-time,rs-007450-b4fnj,8d4a7198-bd32-465b-89c1-1fb239d80ea1,2,7114.705534
2026/02/05/12:20:06,apply-time,rs-007451-8xkqh,1f359a86-72f8-438d-b9e4-0d75d8c805d9,4,7114.705534
2026/02/05/12:20:06,running-time,rs-007451-8xkqh,1f359a86-72f8-438d-b9e4-0d75d8c805d9,4,7114.705534
2026/02/05/12:20:06,apply-time,rs-007452-wl5vk,0a2a545d-4edd-494c-8373-3f5145443014,2,7114.705534
2026/02/05/12:20:06,running-time,rs-007452-wl5vk,0a2a545d-4edd-494c-8373-3f5145443014,2,7114.705534
2026/02/05/12:20:06,apply-time,rs-007453-8tfkk,3c41d8c4-5c4c-4f10-9c9d-5b21ebe05b96,3,7115.705534
2026/02/05/12:20:07,apply-time,rs-007452-nfbpw,2fc3f7d5-ca26-4a48-89e2-6176efa379a4,2,7115.705534
2026/02/05/12:20:07,apply-time,rs-007452-nmz8d,984984ce-20bf-4ce9-baef-1b7678b994e2,2,7115.705534
2026/02/05/12:20:07,running-time,rs-007452-nmz8d,984984ce-20bf-4ce9-baef-1b7678b994e2,2,7115.705534
2026/02/05/12:20:07,running-time,rs-007453-8tfkk,3c41d8c4-5c4c-4f10-9c9d-5b21ebe05b96,3,7115.705534
2026/02/05/12:20:12,apply-time,rs-007454-9x4kj,3a736d09-ba46-4dd9-a1c7-d7fd3e241cd3,3,7120.705534
2026/02/05/12:20:12,running-time,rs-007454-9x4kj,3a736d09-ba46-4dd9-a1c7-d7fd3e241cd3,3,7120.705534
2026/02/05/12:20:12,apply-time,rs-007454-v99pf,74740662-f49d-4779-a41d-0e61b0aac119,3,7120.705534
2026/02/05/12:20:12,running-time,rs-007454-v99pf,74740662-f49d-4779-a41d-0e61b0aac119,3,7120.705534
2026/02/05/12:20:12,apply-time,rs-007455-h62gq,b8f49809-7414-4460-852f-f9de93c2ea03,1,7120.705534
2026/02/05/12:20:12,apply-time,rs-007456-jvt5t,3ec1c0a4-320d-4bcd-ac1e-0492951f57c9,3,7120.705534
2026/02/05/12:20:12,apply-time,rs-007457-h7ddq,3c54b468-ed9c-4e9f-bf8d-e3742f66996a,1,7120.705534
2026/02/05/12:20:12,running-time,rs-007457-h7ddq,3c54b468-ed9c-4e9f-bf8d-e3742f66996a,1,7120.705534
2026/02/05/12:20:12,apply-time,rs-007458-z9kvc,c4b96ddf-5cbb-4f9f-b302-ea714beb27b5,3,7120.705534
2026/02/05/12:20:12,running-time,rs-007458-z9kvc,c4b96ddf-5cbb-4f9f-b302-ea714beb27b5,3,7120.705534
2026/02/05/12:20:12,apply-time,rs-007459-r6gql,134bd1a2-42be-450a-94b0-051583726348,2,7121.705534
2026/02/05/12:20:12,running-time,rs-007459-r6gql,134bd1a2-42be-450a-94b0-051583726348,2,7121.705534
2026/02/05/12:20:12,apply-time,rs-007460-pvcq7,17dd25fe-fa47-4fb7-b9ed-5337bc3dca36,3,7121.705534
2026/02/05/12:20:12,running-time,rs-007460-pvcq7,17dd25fe-fa47-4fb7-b9ed-5337bc3dca36,3,7121.705534
2026/02/05/12:20:13,apply-time,rs-007459-89djk,1d4890b0-a70d-4e75-8025-ba6dd007f1f4,2,7121.705534
2026/02/05/12:20:13,running-time,rs-007459-89djk,1d4890b0-a70d-4e75-8025-ba6dd007f1f4,2,7121.705534
2026/02/05/12:20:21,apply-time,rs-007461-6cqpn,1b2caa54-521f-4723-bd7a-1edbcf7ec20e,4,7129.705534
2026/02/05/12:20:21,running-time,rs-007461-6cqpn,1b2caa54-521f-4723-bd7a-1edbcf7ec20e,4,7129.705534
2026/02/05/12:20:21,apply-time,rs-007461-r6qvr,386a1da3-ea2c-463d-be52-a5f41907eebf,4,7129.705534
2026/02/05/12:20:21,apply-time,rs-007461-t4lh2,61240af7-47fd-4a53-bc9a-fc67fc6e5f0f,4,7129.705534
2026/02/05/12:20:21,apply-time,rs-007462-7j2kt,85be9def-941a-401c-8a59-8097490d1ef5,3,7129.705534
2026/02/05/12:20:21,running-time,rs-007462-7j2kt,85be9def-941a-401c-8a59-8097490d1ef5,3,7129.705534
2026/02/05/12:20:21,apply-time,rs-007462-f4skg,c2dd9a2e-49ac-4357-8fb2-7a77b4dc3b7a,3,7129.705534
2026/02/05/12:20:21,running-time,rs-007462-f4skg,c2dd9a2e-49ac-4357-8fb2-7a77b4dc3b7a,3,7129.705534
2026/02/05/12:20:21,apply-time,rs-007463-7m8zh,4e9878dc-2746-40d2-9082-45e811a6910e,1,7129.705534
2026/02/05/12:20:21,running-time,rs-007463-7m8zh,4e9878dc-2746-40d2-9082-45e811a6910e,1,7129.705534
2026/02/05/12:20:21,apply-time,rs-007463-cbm22,2077bae2-0595-42dd-9ad5-9d8a0980a884,1,7129.705534
2026/02/05/12:20:21,running-time,rs-007463-cbm22,2077bae2-0595-42dd-9ad5-9d8a0980a884,1,7129.705534
2026/02/05/12:20:21,apply-time,rs-007463-tchz5,40c09051-cf4c-46df-a739-9fe8e9289b3f,1,7129.705534
2026/02/05/12:20:21,running-time,rs-007463-tchz5,40c09051-cf4c-46df-a739-9fe8e9289b3f,1,7129.705534
2026/02/05/12:20:21,apply-time,rs-007464-8hhlh,154a6093-b90d-4244-a3d4-2af0b9ee000b,1,7129.705534
2026/02/05/12:20:21,running-time,rs-007464-8hhlh,154a6093-b90d-4244-a3d4-2af0b9ee000b,1,7129.705534
2026/02/05/12:20:21,apply-time,rs-007464-p2llt,1a512ec2-0959-467f-add3-b5380dbe89a4,1,7129.705534
2026/02/05/12:20:21,running-time,rs-007464-p2llt,1a512ec2-0959-467f-add3-b5380dbe89a4,1,7129.705534
2026/02/05/12:20:21,apply-time,rs-007465-5s22k,48e86bd1-f374-46d9-9ada-0eb292294dcd,2,7129.705534
2026/02/05/12:20:21,running-time,rs-007465-5s22k,48e86bd1-f374-46d9-9ada-0eb292294dcd,2,7129.705534
2026/02/05/12:20:21,apply-time,rs-007465-kjzjz,b00b6345-b033-4268-b907-47250242e181,2,7129.705534
2026/02/05/12:20:21,running-time,rs-007465-kjzjz,b00b6345-b033-4268-b907-47250242e181,2,7129.705534
2026/02/05/12:20:21,apply-time,rs-007465-xmn65,f8639199-e734-46eb-90b3-132c0b064060,2,7129.705534
2026/02/05/12:20:21,running-time,rs-007465-xmn65,f8639199-e734-46eb-90b3-132c0b064060,2,7129.705534
2026/02/05/12:20:21,apply-time,rs-007466-j55g6,99d44512-4ee1-4bdf-8802-f34cc411bf0f,4,7130.705534
2026/02/05/12:20:21,running-time,rs-007466-j55g6,99d44512-4ee1-4bdf-8802-f34cc411bf0f,4,7130.705534
2026/02/05/12:20:21,apply-time,rs-007466-qk56k,140283a6-f6ce-42e1-ba63-9a66b3d039ca,4,7129.705534
2026/02/05/12:20:21,running-time,rs-007466-qk56k,140283a6-f6ce-42e1-ba63-9a66b3d039ca,4,7129.705534
2026/02/05/12:20:21,apply-time,rs-007467-24jcv,5b83748c-31ad-49b2-9c4f-6a5f5525631b,2,7130.705534
2026/02/05/12:20:21,running-time,rs-007467-24jcv,5b83748c-31ad-49b2-9c4f-6a5f5525631b,2,7130.705534
2026/02/05/12:20:21,apply-time,rs-007468-69n42,1a24db61-f470-4ff0-bdee-ba13f9ab0653,2,7129.705534
2026/02/05/12:20:21,running-time,rs-007468-69n42,1a24db61-f470-4ff0-bdee-ba13f9ab0653,2,7130.705534
2026/02/05/12:20:21,apply-time,rs-007468-szzjb,15ff5202-4b8e-4725-aafa-c2a485ddfe50,2,7130.705534
2026/02/05/12:20:21,apply-time,rs-007469-ddplv,2d57a46f-b555-4e38-976e-29d5ce4ecff8,2,7130.705534
2026/02/05/12:20:21,running-time,rs-007469-ddplv,2d57a46f-b555-4e38-976e-29d5ce4ecff8,2,7130.705534
2026/02/05/12:20:22,apply-time,rs-007468-7k7zh,da53e3e3-34fb-4ecb-a0e1-95a3d7cf5b32,2,7130.705534
2026/02/05/12:20:22,running-time,rs-007468-7k7zh,da53e3e3-34fb-4ecb-a0e1-95a3d7cf5b32,2,7130.705534
2026/02/05/12:20:22,running-time,rs-007468-szzjb,15ff5202-4b8e-4725-aafa-c2a485ddfe50,2,7130.705534
2026/02/05/12:20:22,apply-time,rs-007469-dhkxh,178f6f44-d70c-4cf5-ab56-5cc26515ac77,2,7130.705534
2026/02/05/12:20:22,apply-time,rs-007469-g86qj,9438e990-e59f-42b9-9cc9-ce6edfd11074,2,7130.705534
2026/02/05/12:20:22,running-time,rs-007469-g86qj,9438e990-e59f-42b9-9cc9-ce6edfd11074,2,7131.705534
2026/02/05/12:20:22,apply-time,rs-007470-5hllv,33b9bbb3-62e7-48cc-a35e-a89baf2b47c2,3,7130.705534
2026/02/05/12:20:22,running-time,rs-007470-5hllv,33b9bbb3-62e7-48cc-a35e-a89baf2b47c2,3,7130.705534
2026/02/05/12:20:22,apply-time,rs-007471-td4qd,a83a86a4-58ac-479d-9a0b-990ceba9da1e,3,7130.705534
2026/02/05/12:20:22,running-time,rs-007471-td4qd,a83a86a4-58ac-479d-9a0b-990ceba9da1e,3,7131.705534
2026/02/05/12:20:22,apply-time,rs-007471-w7c8w,c5626b38-5916-4c1a-8eaa-aa5db699f757,3,7131.705534
2026/02/05/12:20:22,apply-time,rs-007472-fnpnt,6126433b-0b66-4121-8a08-3af0b0eb711d,3,7130.705534
2026/02/05/12:20:22,apply-time,rs-007472-z82kf,a9e3df94-891f-4a24-9007-d34e54104279,3,7131.705534
2026/02/05/12:20:22,apply-time,rs-007473-v6bcj,5a07af8f-edf0-41a0-a642-07389bff8298,3,7130.705534
2026/02/05/12:20:22,apply-time,rs-007474-msz4c,951c113a-93e4-459b-b6b0-2d61f32c65da,2,7131.705534
2026/02/05/12:20:23,running-time,rs-007469-dhkxh,178f6f44-d70c-4cf5-ab56-5cc26515ac77,2,7131.705534
2026/02/05/12:20:23,running-time,rs-007471-w7c8w,c5626b38-5916-4c1a-8eaa-aa5db699f757,3,7131.705534
2026/02/05/12:20:23,apply-time,rs-007472-2btfl,92418cfe-c0cf-4403-abca-42e8f227e0ce,3,7131.705534
2026/02/05/12:20:23,apply-time,rs-007473-fpwfn,40a6d0f5-6eed-4c31-b19e-084d7d4a2bb2,3,7131.705534
2026/02/05/12:20:23,apply-time,rs-007473-fxtg4,41052399-7b4c-4bd2-be88-19fae7f614e3,3,7131.705534
2026/02/05/12:20:23,running-time,rs-007473-v6bcj,5a07af8f-edf0-41a0-a642-07389bff8298,3,7132.705534
2026/02/05/12:20:23,apply-time,rs-007474-2pk8t,76f4bf02-c009-49c3-8819-94b2d5c1e024,2,7131.705534
2026/02/05/12:20:23,apply-time,rs-007474-9vfqb,75f317fc-03ef-468a-b01a-86add895e54e,2,7131.705534
2026/02/05/12:20:23,apply-time,rs-007476-5px2x,d4c65fed-1954-4b30-a7ce-bf096b16d5d4,3,7131.705534
2026/02/05/12:20:23,running-time,rs-007476-5px2x,d4c65fed-1954-4b30-a7ce-bf096b16d5d4,3,7132.705534
2026/02/05/12:20:23,apply-time,rs-007477-kqxbl,44ba2596-93c2-4e0e-b401-2b5deaad2e95,4,7132.705534
2026/02/05/12:20:24,apply-time,rs-007477-xj2nb,815e240f-f03f-4571-9f3e-0f09782d9e07,4,7132.705534
2026/02/05/12:20:24,running-time,rs-007477-xj2nb,815e240f-f03f-4571-9f3e-0f09782d9e07,4,7133.705534
2026/02/05/12:20:24,apply-time,rs-007477-zdfg9,328c454f-2e24-4662-9ed0-0032bf0016a0,4,7132.705534
2026/02/05/12:20:26,running-time,rs-007474-2pk8t,76f4bf02-c009-49c3-8819-94b2d5c1e024,2,7134.705534
2026/02/05/12:20:26,running-time,rs-007474-9vfqb,75f317fc-03ef-468a-b01a-86add895e54e,2,7134.705534
2026/02/05/12:20:26,running-time,rs-007477-kqxbl,44ba2596-93c2-4e0e-b401-2b5deaad2e95,4,7134.705534
2026/02/05/12:20:27,apply-time,rs-007478-4nsgp,ae12cd54-27ca-49ac-85c8-a1a2b1ce1d25,1,7135.705534
2026/02/05/12:20:27,running-time,rs-007478-4nsgp,ae12cd54-27ca-49ac-85c8-a1a2b1ce1d25,1,7135.705534
2026/02/05/12:20:27,apply-time,rs-007478-bzz9g,a3ac6c0e-21b5-4659-ae64-9e2981a7345d,1,7135.705534
2026/02/05/12:20:27,running-time,rs-007478-bzz9g,a3ac6c0e-21b5-4659-ae64-9e2981a7345d,1,7135.705534
2026/02/05/12:20:27,apply-time,rs-007478-h9hkw,2f3fa291-24e5-4e92-bdc7-6c2ec826c3a5,1,7135.705534
2026/02/05/12:20:27,running-time,rs-007478-h9hkw,2f3fa291-24e5-4e92-bdc7-6c2ec826c3a5,1,7135.705534
2026/02/05/12:20:27,apply-time,rs-007479-46csk,a6d722ef-e869-4d2c-8c81-ab2f3efdaedb,1,7135.705534
2026/02/05/12:20:27,running-time,rs-007479-46csk,a6d722ef-e869-4d2c-8c81-ab2f3efdaedb,1,7135.705534
2026/02/05/12:20:27,apply-time,rs-007480-s72ps,331dcca2-63a7-48fa-936f-bcc64b83a5c3,4,7135.705534
2026/02/05/12:20:27,apply-time,rs-007481-fk6lp,c3560277-8c54-4524-8f0e-9fffc71b0fb3,1,7135.705534
2026/02/05/12:20:27,apply-time,rs-007481-hb4wm,b30813d1-10a7-4294-9d88-37d5cd34bc3c,1,7135.705534
2026/02/05/12:20:27,apply-time,rs-007481-kpqlh,b5f247ad-90e2-4abf-b987-a852cc8d32a1,1,7135.705534
2026/02/05/12:20:27,apply-time,rs-007482-bkzkj,c32b4f7e-5872-411d-941b-ed4b09104d55,2,7135.705534
2026/02/05/12:20:27,running-time,rs-007482-bkzkj,c32b4f7e-5872-411d-941b-ed4b09104d55,2,7135.705534
2026/02/05/12:20:27,apply-time,rs-007482-lwvxk,ee534659-c527-4ed9-b347-7f0aaebd0ed5,2,7135.705534
2026/02/05/12:20:27,running-time,rs-007482-lwvxk,ee534659-c527-4ed9-b347-7f0aaebd0ed5,2,7135.705534
2026/02/05/12:20:27,apply-time,rs-007483-6rmqx,094b1998-545b-4000-930a-a35007a90e70,4,7136.705534
2026/02/05/12:20:27,apply-time,rs-007483-dwlks,658be081-c1b9-4d75-aa92-52e598647df3,4,7135.705534
2026/02/05/12:20:27,running-time,rs-007483-dwlks,658be081-c1b9-4d75-aa92-52e598647df3,4,7135.705534
2026/02/05/12:20:27,apply-time,rs-007484-58mdx,3fc7478c-e408-4528-9736-87f842474352,4,7136.705534
2026/02/05/12:20:27,apply-time,rs-007484-w4hcq,b4bb2d1b-673e-48b9-8f02-c2a8486812e5,4,7135.705534
2026/02/05/12:20:27,running-time,rs-007484-w4hcq,b4bb2d1b-673e-48b9-8f02-c2a8486812e5,4,7135.705534
2026/02/05/12:20:28,apply-time,rs-007484-bnqqv,35772278-be75-4d78-b114-bcec8e6a136c,4,7136.705534
2026/02/05/12:20:28,apply-time,rs-007485-zjk4b,d54d03cc-7398-40e6-97fa-39fa608aaaf8,3,7137.705534
2026/02/05/12:20:28,apply-time,rs-007487-96q5v,32c2b9ac-eb49-4d15-9574-0daa3b2d8deb,1,7137.705534
2026/02/05/12:20:28,apply-time,rs-007488-qg9z8,117eead3-ffa2-4393-aea1-d2e62ee036f7,2,7137.705534
2026/02/05/12:20:28,apply-time,rs-007489-26q4l,9e38ac50-5019-4eb6-bf28-122474b9930a,1,7137.705534
2026/02/05/12:20:29,running-time,rs-007480-s72ps,331dcca2-63a7-48fa-936f-bcc64b83a5c3,4,7137.705534
2026/02/05/12:20:29,running-time,rs-007484-58mdx,3fc7478c-e408-4528-9736-87f842474352,4,7137.705534
2026/02/05/12:20:29,running-time,rs-007484-bnqqv,35772278-be75-4d78-b114-bcec8e6a136c,4,7137.705534
2026/02/05/12:20:29,running-time,rs-007485-zjk4b,d54d03cc-7398-40e6-97fa-39fa608aaaf8,3,7137.705534
2026/02/05/12:20:29,apply-time,rs-007486-gc5zl,8a33c717-0091-4f1d-9318-9ca2f7ba7ed6,4,7137.705534
2026/02/05/12:20:29,running-time,rs-007486-gc5zl,8a33c717-0091-4f1d-9318-9ca2f7ba7ed6,4,7137.705534
2026/02/05/12:20:29,apply-time,rs-007486-rv6xm,94a86d58-ad15-4350-bfea-8cb09ba41b74,4,7137.705534
2026/02/05/12:20:29,running-time,rs-007487-96q5v,32c2b9ac-eb49-4d15-9574-0daa3b2d8deb,1,7137.705534
2026/02/05/12:20:29,apply-time,rs-007487-pq8t6,32a7ee39-dc3d-4927-ae71-9726b9d4de6b,1,7137.705534
2026/02/05/12:20:29,running-time,rs-007487-pq8t6,32a7ee39-dc3d-4927-ae71-9726b9d4de6b,1,7137.705534
2026/02/05/12:20:29,apply-time,rs-007488-hjjjw,966bddfc-b6ac-443e-b978-7ca87d4a3d99,2,7137.705534
2026/02/05/12:20:29,apply-time,rs-007488-sn5zz,bfc033c4-2fbb-422f-923c-6ffe9f096966,2,7137.705534
2026/02/05/12:20:31,running-time,rs-007486-rv6xm,94a86d58-ad15-4350-bfea-8cb09ba41b74,4,7139.705534
2026/02/05/12:20:32,running-time,rs-007474-msz4c,951c113a-93e4-459b-b6b0-2d61f32c65da,2,7140.705534
2026/02/05/12:20:33,apply-time,rs-007490-22z56,8ca9c6de-007f-4cb8-bd47-4ec629df1e9b,1,7141.705534
2026/02/05/12:20:33,apply-time,rs-007490-8l8sv,abedc58a-1ff2-45ad-a05a-5b085598098d,1,7141.705534
2026/02/05/12:20:33,apply-time,rs-007491-clf42,13a3b97e-a906-4ca7-be2d-8cdceadc8651,3,7141.705534
2026/02/05/12:20:33,running-time,rs-007491-clf42,13a3b97e-a906-4ca7-be2d-8cdceadc8651,3,7141.705534
2026/02/05/12:20:33,apply-time,rs-007491-j9tmp,f27604fb-f5f4-4dae-b717-6a757889dcba,3,7141.705534
2026/02/05/12:20:33,running-time,rs-007491-j9tmp,f27604fb-f5f4-4dae-b717-6a757889dcba,3,7141.705534
2026/02/05/12:20:33,apply-time,rs-007491-n5hhw,981637bb-8cb3-4f8f-ad34-dca1ea1de213,3,7141.705534
2026/02/05/12:20:33,apply-time,rs-007492-qcn7w,0403ff85-5f14-4ddc-8dbe-a5004c564bee,2,7141.705534
2026/02/05/12:20:33,running-time,rs-007492-qcn7w,0403ff85-5f14-4ddc-8dbe-a5004c564bee,2,7141.705534
2026/02/05/12:20:33,apply-time,rs-007493-5cjvn,2d36721e-e3a6-4244-8b32-7f566c29d430,1,7141.705534
2026/02/05/12:20:33,running-time,rs-007493-5cjvn,2d36721e-e3a6-4244-8b32-7f566c29d430,1,7141.705534
2026/02/05/12:20:33,apply-time,rs-007493-xknht,aafa7190-a8f2-435c-9d10-404552a6bd3d,1,7141.705534
2026/02/05/12:20:33,running-time,rs-007493-xknht,aafa7190-a8f2-435c-9d10-404552a6bd3d,1,7141.705534
2026/02/05/12:20:33,apply-time,rs-007494-9rhlj,19ae68ec-684b-482c-95a0-94eef938e0fe,2,7141.705534
2026/02/05/12:20:33,apply-time,rs-007494-mvkbk,f0807aa9-db05-4320-91ba-8a98c6bd2ad1,2,7141.705534
2026/02/05/12:20:33,apply-time,rs-007494-p7pjh,7a0498a3-7263-4d9a-9b1e-852e681792f7,2,7141.705534
2026/02/05/12:20:33,apply-time,rs-007495-nwcln,4f83c365-8f17-4add-be76-cecbac731534,1,7142.705534
2026/02/05/12:20:34,running-time,rs-007494-9rhlj,19ae68ec-684b-482c-95a0-94eef938e0fe,2,7142.705534
2026/02/05/12:20:34,apply-time,rs-007495-dspdk,3e4f4651-5bc0-4025-b0b5-cd18b852edf8,1,7142.705534
2026/02/05/12:20:34,apply-time,rs-007495-g4gjb,f282cf26-37ee-477d-9da2-856e319b355f,1,7142.705534
2026/02/05/12:20:34,apply-time,rs-007496-6674b,0503c0e4-acc9-46bd-b360-0497c56c609f,3,7142.705534
2026/02/05/12:20:34,running-time,rs-007496-6674b,0503c0e4-acc9-46bd-b360-0497c56c609f,3,7142.705534
2026/02/05/12:20:34,apply-time,rs-007496-c6sck,43efe169-06f5-4192-b857-f5353924fb1f,3,7142.705534
2026/02/05/12:20:34,running-time,rs-007496-c6sck,43efe169-06f5-4192-b857-f5353924fb1f,3,7142.705534
2026/02/05/12:20:34,apply-time,rs-007497-29krm,0111a148-5fdf-435f-9f9a-e7fae494becc,4,7142.705534
2026/02/05/12:20:34,apply-time,rs-007497-7hn8r,184a70ac-1175-44e6-80cd-ec009c516989,4,7142.705534
2026/02/05/12:20:34,apply-time,rs-007497-hxzjn,36eba1ff-c71a-4c58-bd24-fb608a5339f2,4,7142.705534
2026/02/05/12:20:34,apply-time,rs-007498-pz6jk,e9bdcb47-17f0-4295-b07f-335821035a2a,1,7142.705534
2026/02/05/12:20:34,apply-time,rs-007498-tbw72,08c22020-31e0-49fa-9b05-d0cc61afa2bc,1,7142.705534
2026/02/05/12:20:34,apply-time,rs-007499-h6xbv,b8e5e320-f853-4fc5-9c79-4a6de8082e51,4,7142.705534
2026/02/05/12:20:34,running-time,rs-007499-h6xbv,b8e5e320-f853-4fc5-9c79-4a6de8082e51,4,7142.705534
2026/02/05/12:20:34,apply-time,rs-007500-4vs8d,9c9d2dbd-0989-4e36-b884-f88ec038c41f,2,7143.705534
2026/02/05/12:20:35,running-time,rs-007497-29krm,0111a148-5fdf-435f-9f9a-e7fae494becc,4,7143.705534
2026/02/05/12:20:35,apply-time,rs-007501-5gfk6,a06ccc39-5086-4cf6-a73c-c89b852de234,1,7143.705534
2026/02/05/12:20:35,apply-time,rs-007501-tg9lh,ddaf4691-40cc-427b-9b7b-898fe7ea5cb5,1,7143.705534
2026/02/05/12:20:35,apply-time,rs-007502-ckcfq,43aed618-888e-4368-af1e-8c14744a2689,1,7143.705534
2026/02/05/12:20:35,apply-time,rs-007502-cwdn7,bf734ce4-2398-4559-a4d7-aa6f1d062737,1,7143.705534
2026/02/05/12:20:35,running-time,rs-007502-cwdn7,bf734ce4-2398-4559-a4d7-aa6f1d062737,1,7143.705534
2026/02/05/12:20:35,apply-time,rs-007503-nbn9p,b342cae2-e96c-4e40-a3ee-7ac129cfadb0,1,7143.705534
2026/02/05/12:20:35,apply-time,rs-007503-qjnvx,258e160a-da59-4541-9ff7-63a87465f8f7,1,7143.705534
2026/02/05/12:20:35,apply-time,rs-007504-pm7kg,770ce139-f9de-4b05-9f5d-2da7dda41dc5,4,7143.705534
2026/02/05/12:20:35,apply-time,rs-007505-gzk8h,09c5e00a-4bc9-4987-adac-0bd69cad0733,1,7144.705534
2026/02/05/12:20:35,apply-time,rs-007505-qlt6c,938ef921-053d-4fa7-a784-c4def6584ff7,1,7143.705534
2026/02/05/12:20:35,apply-time,rs-007505-s9pv7,126f5497-abb8-48de-ab08-4d1995a0fc90,1,7144.705534
2026/02/05/12:20:36,running-time,rs-007503-nbn9p,b342cae2-e96c-4e40-a3ee-7ac129cfadb0,1,7144.705534
2026/02/05/12:20:36,running-time,rs-007503-qjnvx,258e160a-da59-4541-9ff7-63a87465f8f7,1,7144.705534
2026/02/05/12:20:36,apply-time,rs-007506-bsvmk,003a8edc-7384-4651-ae74-63384fb6d593,4,7144.705534
2026/02/05/12:20:36,running-time,rs-007506-bsvmk,003a8edc-7384-4651-ae74-63384fb6d593,4,7145.705534
2026/02/05/12:20:36,apply-time,rs-007506-dzdzv,4aa0dcb7-763a-43ce-8354-c7b957bc1405,4,7144.705534
2026/02/05/12:20:36,running-time,rs-007506-dzdzv,4aa0dcb7-763a-43ce-8354-c7b957bc1405,4,7145.705534
2026/02/05/12:20:36,apply-time,rs-007507-mzbbh,146a39ee-4eec-43ec-8645-6644dd840233,1,7144.705534
2026/02/05/12:20:36,apply-time,rs-007507-s7ztw,ac0913dc-bf7a-48ae-a28d-949505918a0e,1,7144.705534
2026/02/05/12:20:36,apply-time,rs-007507-sqr6d,9ff9b7ef-819b-4f34-8431-4cde230518ef,1,7144.705534
2026/02/05/12:20:37,running-time,rs-007507-mzbbh,146a39ee-4eec-43ec-8645-6644dd840233,1,7145.705534
2026/02/05/12:20:37,running-time,rs-007507-s7ztw,ac0913dc-bf7a-48ae-a28d-949505918a0e,1,7145.705534
2026/02/05/12:20:37,running-time,rs-007507-sqr6d,9ff9b7ef-819b-4f34-8431-4cde230518ef,1,7145.705534
2026/02/05/12:20:38,running-time,rs-007502-ckcfq,43aed618-888e-4368-af1e-8c14744a2689,1,7146.705534
2026/02/05/12:20:39,running-time,rs-007497-hxzjn,36eba1ff-c71a-4c58-bd24-fb608a5339f2,4,7148.705534
2026/02/05/12:20:39,running-time,rs-007500-4vs8d,9c9d2dbd-0989-4e36-b884-f88ec038c41f,2,7148.705534
2026/02/05/12:20:39,apply-time,rs-007508-fcrdw,fd2c8812-4659-44fe-b73b-7c85c6f041f6,4,7148.705534
2026/02/05/12:20:39,apply-time,rs-007508-kn2tj,1f5448c8-7a5b-48c5-b803-1fbd54f03594,4,7148.705534
2026/02/05/12:20:39,apply-time,rs-007508-rmtp9,a948e115-2a1e-431e-9650-ae850236a758,4,7148.705534
2026/02/05/12:20:41,running-time,rs-007491-n5hhw,981637bb-8cb3-4f8f-ad34-dca1ea1de213,3,7150.705534
2026/02/05/12:20:41,running-time,rs-007497-7hn8r,184a70ac-1175-44e6-80cd-ec009c516989,4,7150.705534
2026/02/05/12:20:41,apply-time,rs-007509-vg4mc,a4c435a7-4e33-4d0e-a7e8-c94c4fd4d367,1,7150.705534
2026/02/05/12:20:41,apply-time,rs-007510-lp56l,a8e45c30-23e2-4938-b2d8-8268febbc721,3,7150.705534
2026/02/05/12:20:41,running-time,rs-007510-lp56l,a8e45c30-23e2-4938-b2d8-8268febbc721,3,7150.705534
2026/02/05/12:20:41,apply-time,rs-007510-mfp9k,ba24c0d3-f3f7-493c-957b-776828955b54,3,7150.705534
2026/02/05/12:20:41,apply-time,rs-007511-j2g4t,ba71b557-4ef6-4482-889e-383e3e771d21,1,7150.705534
2026/02/05/12:20:41,apply-time,rs-007512-4fbwj,4ebf93b9-c119-494d-9b33-9a4e289828e8,3,7150.705534
2026/02/05/12:20:41,apply-time,rs-007513-7q4xs,85ecf608-fcd2-4859-92d7-8b1e94b95733,1,7150.705534
2026/02/05/12:20:42,apply-time,rs-007511-8t8bw,6f479c7f-f337-4dbc-b917-c31d3768d21d,1,7150.705534
2026/02/05/12:20:42,apply-time,rs-007511-pj77z,c4990c3f-5b06-4da3-a786-b7c08af2134c,1,7150.705534
2026/02/05/12:20:42,running-time,rs-007512-4fbwj,4ebf93b9-c119-494d-9b33-9a4e289828e8,3,7151.705534
2026/02/05/12:20:43,running-time,rs-007511-j2g4t,ba71b557-4ef6-4482-889e-383e3e771d21,1,7151.705534
2026/02/05/12:20:47,running-time,rs-007510-mfp9k,ba24c0d3-f3f7-493c-957b-776828955b54,3,7155.705534
2026/02/05/12:20:51,running-time,rs-007505-gzk8h,09c5e00a-4bc9-4987-adac-0bd69cad0733,1,7159.705534
2026/02/05/12:20:51,apply-time,rs-007514-kcvnf,7e3c4ffc-7b6f-4538-abd5-8ca6b140b505,2,7159.705534
2026/02/05/12:20:51,running-time,rs-007514-kcvnf,7e3c4ffc-7b6f-4538-abd5-8ca6b140b505,2,7159.705534
2026/02/05/12:20:51,apply-time,rs-007514-pc79c,ee8ccc20-5a5a-4686-ad80-388a9ad7da74,2,7159.705534
2026/02/05/12:20:51,running-time,rs-007514-pc79c,ee8ccc20-5a5a-4686-ad80-388a9ad7da74,2,7159.705534
2026/02/05/12:20:51,apply-time,rs-007515-58ft2,ae15e95f-a1a5-4980-a90e-f2ee39627f20,3,7159.705534
2026/02/05/12:20:51,running-time,rs-007515-58ft2,ae15e95f-a1a5-4980-a90e-f2ee39627f20,3,7159.705534
2026/02/05/12:20:51,apply-time,rs-007515-w2slw,61dfd48f-1f4d-436d-819b-838fa7924b57,3,7159.705534
2026/02/05/12:20:51,running-time,rs-007515-w2slw,61dfd48f-1f4d-436d-819b-838fa7924b57,3,7159.705534
2026/02/05/12:20:54,running-time,rs-007505-qlt6c,938ef921-053d-4fa7-a784-c4def6584ff7,1,7163.705534
2026/02/05/12:20:54,running-time,rs-007505-s9pv7,126f5497-abb8-48de-ab08-4d1995a0fc90,1,7163.705534
2026/02/05/12:21:06,apply-time,rs-007516-gw7d4,a66b75b6-a7a9-4adb-a381-db13c3e5c018,1,7174.705534
2026/02/05/12:21:06,running-time,rs-007516-gw7d4,a66b75b6-a7a9-4adb-a381-db13c3e5c018,1,7174.705534
2026/02/05/12:21:06,apply-time,rs-007517-2rmbg,4c559b49-b398-494a-94a6-5e62968970d5,2,7174.705534
2026/02/05/12:21:06,running-time,rs-007517-2rmbg,4c559b49-b398-494a-94a6-5e62968970d5,2,7174.705534
2026/02/05/12:21:06,apply-time,rs-007517-9wb7t,5573ea63-7726-473e-95e6-cef294290404,2,7174.705534
2026/02/05/12:21:06,running-time,rs-007517-9wb7t,5573ea63-7726-473e-95e6-cef294290404,2,7174.705534
2026/02/05/12:21:06,apply-time,rs-007517-fskm7,39060bd1-fc0e-499c-b430-77fdf0700745,2,7174.705534
2026/02/05/12:21:06,running-time,rs-007517-fskm7,39060bd1-fc0e-499c-b430-77fdf0700745,2,7174.705534
2026/02/05/12:21:10,apply-time,rs-007518-lt5r8,7f450729-6e1f-40a1-86c4-3726351231ff,2,7178.705534
2026/02/05/12:21:10,running-time,rs-007518-lt5r8,7f450729-6e1f-40a1-86c4-3726351231ff,2,7178.705534
2026/02/05/12:21:10,apply-time,rs-007518-zpbtw,7c7335d3-3d2a-448d-aaba-a481574cc93a,2,7178.705534
2026/02/05/12:21:10,running-time,rs-007518-zpbtw,7c7335d3-3d2a-448d-aaba-a481574cc93a,2,7178.705534
2026/02/05/12:21:11,apply-time,rs-007519-mxw7s,e7b715a3-034e-46f9-8691-2cd5032ec21a,3,7180.705534
2026/02/05/12:21:11,running-time,rs-007519-mxw7s,e7b715a3-034e-46f9-8691-2cd5032ec21a,3,7180.705534
2026/02/05/12:21:11,apply-time,rs-007519-pf5xh,975c7d45-881b-4754-9fcd-dc059e1f558f,3,7180.705534
2026/02/05/12:21:11,running-time,rs-007519-pf5xh,975c7d45-881b-4754-9fcd-dc059e1f558f,3,7180.705534
2026/02/05/12:21:11,apply-time,rs-007519-s7n9j,ea79f1d0-2f9f-4051-a5ef-546747779d12,3,7180.705534
2026/02/05/12:21:11,running-time,rs-007519-s7n9j,ea79f1d0-2f9f-4051-a5ef-546747779d12,3,7180.705534
2026/02/05/12:21:15,apply-time,rs-007520-n2hqb,e5b9f5a1-22c9-4dd3-83f0-6dabce2e088f,2,7183.705534
2026/02/05/12:21:15,running-time,rs-007520-n2hqb,e5b9f5a1-22c9-4dd3-83f0-6dabce2e088f,2,7183.705534
2026/02/05/12:21:15,apply-time,rs-007520-sj6nf,c9c77304-0109-4d7a-9e18-e9d42da91d51,2,7183.705534
2026/02/05/12:21:15,running-time,rs-007520-sj6nf,c9c77304-0109-4d7a-9e18-e9d42da91d51,2,7183.705534
2026/02/05/12:21:15,apply-time,rs-007521-ljbjr,b4bb893d-e9fb-4c1f-a3dd-2d76d055d5d5,1,7183.705534
2026/02/05/12:21:15,apply-time,rs-007522-99vbp,af875cee-a03c-4f11-bf7a-a6c6a09c8adc,1,7183.705534
2026/02/05/12:21:15,running-time,rs-007522-99vbp,af875cee-a03c-4f11-bf7a-a6c6a09c8adc,1,7183.705534
2026/02/05/12:21:15,apply-time,rs-007522-9s6sp,593310c0-1743-446c-873e-0e3d86d23088,1,7183.705534
2026/02/05/12:21:15,running-time,rs-007522-9s6sp,593310c0-1743-446c-873e-0e3d86d23088,1,7184.705534
2026/02/05/12:21:15,apply-time,rs-007523-dbgpv,83ee1737-f874-45ee-98fa-17d511c3e439,4,7184.705534
2026/02/05/12:21:15,running-time,rs-007523-dbgpv,83ee1737-f874-45ee-98fa-17d511c3e439,4,7184.705534
2026/02/05/12:21:16,apply-time,rs-007524-9pmwz,613a4dc9-d61d-41f4-bae7-05c89ec3a959,2,7184.705534
2026/02/05/12:21:16,apply-time,rs-007525-mbgwl,2616606a-6a73-4517-b0b8-2700e51bf817,2,7184.705534
2026/02/05/12:21:16,running-time,rs-007525-mbgwl,2616606a-6a73-4517-b0b8-2700e51bf817,2,7184.705534
2026/02/05/12:21:16,apply-time,rs-007525-n9kjb,60ac1fdb-2b5a-4ebc-af51-507d61fa07b7,2,7184.705534
2026/02/05/12:21:16,running-time,rs-007525-n9kjb,60ac1fdb-2b5a-4ebc-af51-507d61fa07b7,2,7184.705534
2026/02/05/12:21:16,apply-time,rs-007525-xhbwc,548ba23c-3cec-4d68-b4b5-56ccbdb622f7,2,7184.705534
2026/02/05/12:21:16,running-time,rs-007525-xhbwc,548ba23c-3cec-4d68-b4b5-56ccbdb622f7,2,7184.705534
2026/02/05/12:21:16,apply-time,rs-007526-gtzw5,9ebe7660-b11f-488d-8b78-4aaa2517bf7f,4,7184.705534
2026/02/05/12:21:16,running-time,rs-007526-gtzw5,9ebe7660-b11f-488d-8b78-4aaa2517bf7f,4,7184.705534
2026/02/05/12:21:16,apply-time,rs-007527-l66xs,7a002be4-9306-4ae8-93fa-035a7c94b6af,2,7184.705534
2026/02/05/12:21:16,apply-time,rs-007527-xkk9j,f52c0335-b92d-4168-aa5c-f5cbb7fe478e,2,7184.705534
2026/02/05/12:21:16,running-time,rs-007527-xkk9j,f52c0335-b92d-4168-aa5c-f5cbb7fe478e,2,7184.705534
2026/02/05/12:21:16,apply-time,rs-007528-l25kw,31a3fe2e-66bc-4cc9-93b6-97f562f5164e,1,7184.705534
2026/02/05/12:21:16,running-time,rs-007528-l25kw,31a3fe2e-66bc-4cc9-93b6-97f562f5164e,1,7184.705534
2026/02/05/12:21:16,apply-time,rs-007528-qkb27,4572fed8-ba0f-4a16-bd9f-f6f42e89b06e,1,7184.705534
2026/02/05/12:21:16,running-time,rs-007528-qkb27,4572fed8-ba0f-4a16-bd9f-f6f42e89b06e,1,7184.705534
2026/02/05/12:21:16,apply-time,rs-007528-rfxdz,ace870ba-b480-42e5-beab-15c9a5949eaa,1,7184.705534
2026/02/05/12:21:16,running-time,rs-007528-rfxdz,ace870ba-b480-42e5-beab-15c9a5949eaa,1,7184.705534
2026/02/05/12:21:16,apply-time,rs-007529-2tz5v,5510b1ed-1319-46ed-824d-dced906d4adc,4,7185.705534
2026/02/05/12:21:16,apply-time,rs-007529-ckk99,a7eb9a9f-9a8b-4536-afb4-bc78b76e904f,4,7184.705534
2026/02/05/12:21:17,running-time,rs-007529-2tz5v,5510b1ed-1319-46ed-824d-dced906d4adc,4,7185.705534
2026/02/05/12:21:18,running-time,rs-007524-9pmwz,613a4dc9-d61d-41f4-bae7-05c89ec3a959,2,7186.705534
2026/02/05/12:21:18,running-time,rs-007529-ckk99,a7eb9a9f-9a8b-4536-afb4-bc78b76e904f,4,7186.705534
2026/02/05/12:21:21,running-time,rs-007527-l66xs,7a002be4-9306-4ae8-93fa-035a7c94b6af,2,7189.705534
2026/02/05/12:21:23,apply-time,rs-007530-4687c,a65a333e-f955-4418-b28f-7cca77e0b9f5,4,7192.705534
2026/02/05/12:21:23,running-time,rs-007530-4687c,a65a333e-f955-4418-b28f-7cca77e0b9f5,4,7192.705534
2026/02/05/12:21:23,apply-time,rs-007530-8hf8l,befcfc9f-6d33-46b2-9917-31be794f9164,4,7192.705534
2026/02/05/12:21:23,running-time,rs-007530-8hf8l,befcfc9f-6d33-46b2-9917-31be794f9164,4,7192.705534
2026/02/05/12:21:23,apply-time,rs-007530-8pwhh,34a8809a-6365-4134-a92a-7fbfb37eb07a,4,7192.705534
2026/02/05/12:21:23,running-time,rs-007530-8pwhh,34a8809a-6365-4134-a92a-7fbfb37eb07a,4,7192.705534
2026/02/05/12:21:23,apply-time,rs-007531-6k8sd,c0dabe3a-d073-4d44-90a1-fb140764275d,2,7192.705534
2026/02/05/12:21:23,apply-time,rs-007531-zq29v,f38096c1-0f10-4b3f-ad7e-12f0191aa1f3,2,7192.705534
2026/02/05/12:21:23,running-time,rs-007531-zq29v,f38096c1-0f10-4b3f-ad7e-12f0191aa1f3,2,7192.705534
2026/02/05/12:21:23,apply-time,rs-007532-2n4lm,5769b87b-6d1d-4856-bd6a-94a0ec32dd32,4,7192.705534
2026/02/05/12:21:23,apply-time,rs-007532-5vnsf,0153eb62-1f43-4fc9-8959-7400ec23cf77,4,7192.705534
2026/02/05/12:21:23,apply-time,rs-007533-c8296,68d0f92b-8d60-48ea-8c61-b98beb76646a,4,7192.705534
2026/02/05/12:21:23,running-time,rs-007533-c8296,68d0f92b-8d60-48ea-8c61-b98beb76646a,4,7192.705534
2026/02/05/12:21:23,apply-time,rs-007533-qmz9h,df03f9db-12a2-42bc-abf7-4e40b6979d29,4,7192.705534
2026/02/05/12:21:24,running-time,rs-007531-6k8sd,c0dabe3a-d073-4d44-90a1-fb140764275d,2,7192.705534
2026/02/05/12:21:24,running-time,rs-007532-5vnsf,0153eb62-1f43-4fc9-8959-7400ec23cf77,4,7192.705534
2026/02/05/12:21:24,running-time,rs-007533-qmz9h,df03f9db-12a2-42bc-abf7-4e40b6979d29,4,7192.705534
2026/02/05/12:21:24,apply-time,rs-007534-cstph,4b8bba7e-dc2e-4ecc-bafa-481402759611,3,7193.705534
2026/02/05/12:21:24,apply-time,rs-007534-ptrd9,5d9a25e8-9fe6-4585-98ee-4afb33554a6a,3,7193.705534
2026/02/05/12:21:24,apply-time,rs-007534-x96r5,66b4e0d3-f20f-4a10-9acb-99b4e5c28e2b,3,7192.705534
2026/02/05/12:21:24,running-time,rs-007534-x96r5,66b4e0d3-f20f-4a10-9acb-99b4e5c28e2b,3,7192.705534
2026/02/05/12:21:27,running-time,rs-007532-2n4lm,5769b87b-6d1d-4856-bd6a-94a0ec32dd32,4,7195.705534
2026/02/05/12:21:29,apply-time,rs-007535-d7swd,d51ab9bd-ec30-4180-96b7-6b4ba2cd7a35,1,7197.705534
2026/02/05/12:21:29,running-time,rs-007535-d7swd,d51ab9bd-ec30-4180-96b7-6b4ba2cd7a35,1,7198.705534
2026/02/05/12:21:29,apply-time,rs-007536-8lcp5,51fc6e7b-df4a-4c46-a259-df305acc358d,1,7198.705534
2026/02/05/12:21:29,running-time,rs-007536-8lcp5,51fc6e7b-df4a-4c46-a259-df305acc358d,1,7198.705534
2026/02/05/12:21:29,apply-time,rs-007537-4r57g,f8d8f978-81d7-45a7-b903-fae323d25978,4,7198.705534
2026/02/05/12:21:29,running-time,rs-007537-4r57g,f8d8f978-81d7-45a7-b903-fae323d25978,4,7198.705534
2026/02/05/12:21:29,apply-time,rs-007537-kc884,6d632d04-45ba-4640-b9fd-3810a44a641f,4,7198.705534
2026/02/05/12:21:29,running-time,rs-007537-kc884,6d632d04-45ba-4640-b9fd-3810a44a641f,4,7198.705534
2026/02/05/12:21:29,apply-time,rs-007537-z7q9z,936044dc-cb8f-48e1-a71e-195b49b5344f,4,7198.705534
2026/02/05/12:21:29,running-time,rs-007537-z7q9z,936044dc-cb8f-48e1-a71e-195b49b5344f,4,7198.705534
