484806185843093489
4219457405427907235
5896358955358513046
1420052706459400740
6994672214887366847
3132326258768729143
3394979529978938239
6452900031824671063
8016731149625864370
1779281120235042110
3896010399170147587
4204471460018303910
1424665327171895173
3941336756034580715
1503191614089492773
8110663468741290990
420292943029515637
55411538136720492
7158228594698779781
2881060639005617760
2120090046821723763
3532658037249897651
5499991615272674611
7376625660721489042
6105563283321887062
1754007979673256872
7738711211195866853
7194306251949794638
8869018158643600458
5839509821751272860
4782248702426767105
4245042552790771277
4493970743770925510
4528391889290670831
7899493300157142034
697073105759480269
1284945672489363765
226216363256580172
6895378818991516291
4559964496990583395
2057909903460133994
7965293553015376524
5130844505531187853
1221345081614209477
7252074906178545503
3712956461027657442
2008907309570689453
6181536930444734779
3928363649402512180
1120181360350854083
4275183120444302794
6617179428660612426
7102506122751228813
3442520487102279065
2404411545535534280
7420528211910559118
8650194206863455706
1023525827562816677
868345193988332467
2254113481559975435
7335201056252104502
2202158810409137126
2506108877001422316
