7309940385334237743
7956536540478288960
7196266411674554368
6772603432636054556
3159643892569801110
3737635650877940855
1431348066566932968
546960236124654608
2776888858026346365
5820706265677719135
9147129661833587558
5221797255719614626
917224645308210940
5888965561877447036
4291706568640266163
5210833456475221841
6791828356968382696
2027745333831851761
5809399052914872227
8727485397340111755
657070463987715267
7753940112227685379
6189391917187610042
6636232377391960297
3937612914725950854
5435020287124189294
4855668352291734553
6990155264863631615
7024236687192545299
6469489248687525114
5192245877720377991
8033569224504949185
8619543593757090233
6013696950180590152
219602589878935038
5300881956419103460
1993971700290982859
