5896358955358513046
3394979529978938239
6452900031824671063
6772603432636054556
1424665327171895173
3159643892569801110
3737635650877940855
546960236124654608
3941336756034580715
2776888858026346365
420292943029515637
55411538136720492
7376625660721489042
1754007979673256872
7738711211195866853
4782248702426767105
6791828356968382696
4245042552790771277
4528391889290670831
2027745333831851761
226216363256580172
8727485397340111755
6189391917187610042
6636232377391960297
5435020287124189294
1120181360350854083
4275183120444302794
7420528211910559118
8650194206863455706
8033569224504949185
8619543593757090233
1023525827562816677
868345193988332467
2506108877001422316
445452966031145345
1541097410654331810
3987827014520816348
1086256223848041603
7268157541739304927
592614219853408301
8720578957111805835
2564338243049378455
1815117622121952975
6835107565896807559
8560547988793028776
9183157670805661135
7785083115903125942
2613684745722214861
2180054235356924103
916250058151629196
7286170649172610399
3984219324367216793
631372417048314822
