484806185843093489
4219457405427907235
7309940385334237743
3132326258768729143
3394979529978938239
7956536540478288960
6452900031824671063
1779281120235042110
7196266411674554368
3896010399170147587
6772603432636054556
4204471460018303910
3159643892569801110
3737635650877940855
546960236124654608
3941336756034580715
1503191614089492773
2776888858026346365
420292943029515637
9147129661833587558
917224645308210940
55411538136720492
7158228594698779781
2881060639005617760
5499991615272674611
6105563283321887062
1754007979673256872
7738711211195866853
5888965561877447036
4291706568640266163
8869018158643600458
5839509821751272860
4782248702426767105
4245042552790771277
697073105759480269
1284945672489363765
2027745333831851761
6895378818991516291
5809399052914872227
8727485397340111755
657070463987715267
4559964496990583395
6189391917187610042
1221345081614209477
6636232377391960297
2008907309570689453
3937612914725950854
5435020287124189294
6181536930444734779
3928363649402512180
1120181360350854083
7102506122751228813
2404411545535534280
6990155264863631615
8619543593757090233
6013696950180590152
1023525827562816677
219602589878935038
868345193988332467
1993971700290982859
2254113481559975435
7335201056252104502
2202158810409137126
5756508426186236398
5397005882441633319
445452966031145345
1541097410654331810
7730765085791097700
3987827014520816348
1086256223848041603
7268157541739304927
1098181851266756060
2537210642284439781
447894098700000972
8720578957111805835
