484806185843093489
4219457405427907235
1420052706459400740
6994672214887366847
3132326258768729143
7956536540478288960
6452900031824671063
8016731149625864370
1779281120235042110
7196266411674554368
3896010399170147587
1503191614089492773
2776888858026346365
8110663468741290990
9147129661833587558
5221797255719614626
7158228594698779781
2881060639005617760
3532658037249897651
5499991615272674611
7376625660721489042
5888965561877447036
8869018158643600458
5210833456475221841
4245042552790771277
697073105759480269
2027745333831851761
226216363256580172
4559964496990583395
2057909903460133994
7753940112227685379
7965293553015376524
5130844505531187853
1221345081614209477
3712956461027657442
4855668352291734553
4275183120444302794
3442520487102279065
2404411545535534280
6990155264863631615
8650194206863455706
8033569224504949185
8619543593757090233
219602589878935038
868345193988332467
5300881956419103460
2506108877001422316
6507800679503166357
5718196445725297835
9126551470516884404
2280823119808743756
5397005882441633319
1541097410654331810
5818100544690602936
1086328549291446253
3987827014520816348
1096718949685239825
1086256223848041603
7268157541739304927
1098181851266756060
592614219853408301
