7309940385334237743
5896358955358513046
3394979529978938239
6772603432636054556
1424665327171895173
546960236124654608
3941336756034580715
5820706265677719135
55411538136720492
4291706568640266163
7194306251949794638
5839509821751272860
6791828356968382696
4528391889290670831
7899493300157142034
1284945672489363765
8727485397340111755
657070463987715267
6189391917187610042
7252074906178545503
3937612914725950854
5435020287124189294
3928363649402512180
1120181360350854083
6617179428660612426
7102506122751228813
7024236687192545299
6469489248687525114
5192245877720377991
7420528211910559118
1023525827562816677
1993971700290982859
2254113481559975435
7335201056252104502
3568231548795854174
5756508426186236398
445452966031145345
7730765085791097700
8720578957111805835
