6452900031824671063
1779281120235042110
2881060639005617760
3532658037249897651
7376625660721489042
6105563283321887062
5888965561877447036
8869018158643600458
5839509821751272860
4528391889290670831
7899493300157142034
2027745333831851761
226216363256580172
8727485397340111755
7965293553015376524
6189391917187610042
5130844505531187853
1221345081614209477
3712956461027657442
4855668352291734553
3928363649402512180
1120181360350854083
4275183120444302794
6617179428660612426
7102506122751228813
2404411545535534280
7024236687192545299
7420528211910559118
8650194206863455706
8619543593757090233
868345193988332467
2254113481559975435
2202158810409137126
6507800679503166357
2280823119808743756
5818100544690602936
3987827014520816348
