4219457405427907235
7309940385334237743
1420052706459400740
6994672214887366847
3394979529978938239
7956536540478288960
8016731149625864370
1779281120235042110
6772603432636054556
3159643892569801110
8110663468741290990
5820706265677719135
917224645308210940
55411538136720492
2881060639005617760
7376625660721489042
1754007979673256872
4291706568640266163
7194306251949794638
5839509821751272860
4782248702426767105
6791828356968382696
4245042552790771277
4528391889290670831
7899493300157142034
2027745333831851761
5809399052914872227
8727485397340111755
657070463987715267
7753940112227685379
7965293553015376524
6189391917187610042
5130844505531187853
3712956461027657442
3937612914725950854
5435020287124189294
4855668352291734553
6181536930444734779
3928363649402512180
1120181360350854083
7102506122751228813
7024236687192545299
6469489248687525114
5192245877720377991
7420528211910559118
8650194206863455706
8033569224504949185
8619543593757090233
1023525827562816677
5300881956419103460
1993971700290982859
2254113481559975435
7335201056252104502
2202158810409137126
3568231548795854174
5718196445725297835
9126551470516884404
1541097410654331810
7730765085791097700
1086328549291446253
1096718949685239825
